----------Report of simulation of Path Integral Quantum Monte Carlo-----------
The number of considered Spin 25
The considered Annealing Duration 250
The considered Annealing Number 100
The considered T 1.0
The considered Gamma0 1.0
The considered Number Of Replica 10
The solution found [ 1  1  1 -1  1  1  1  1  1  1 -1  1  1 -1 -1  1  1  1 -1  1  1  1  1  1
  1]
The value found -15.800000000000864
The Success probability is 0.0
The average value is -11.846000000000236
The total execution time is 49.76781988143921
The average time for execution is 0.4976763987541199
The average time for system update is 0.0019668880367279054
The average time for replica update is 0.00019646070575714112
The average time for spin update is 7.62988712310791e-06
The list of values found 

-9.200000000000728
-12.200000000000955
-11.800000000001774
-9.79999999999825
-15.799999999997567
-9.800000000000296
-12.800000000000637
-12.20000000000016
-13.999999999998863
-14.799999999998022
-12.800000000001205
-11.200000000001864
-8.800000000000068
-14.800000000000864
-12.999999999999886
-11.7999999999995
-13.200000000001523
-15.800000000000864
-13.000000000000227
-11.0
-14.799999999999386
-12.19999999999959
-11.000000000000341
-11.000000000000455
-10.999999999997954
-9.00000000000125
-11.999999999999886
-11.799999999997908
-10.800000000002115
-9.2000000000005
-11.799999999999386
-12.799999999998931
-11.80000000000075
-12.99999999999909
-13.999999999998408
-12.800000000000523
-14.799999999999955
-10.800000000002001
-12.2000000000005
-12.20000000000141
-11.800000000001546
-11.800000000000978
-13.80000000000075
-11.799999999998136
-10.20000000000016
-9.999999999999545
-12.800000000001205
-13.799999999998704
-9.799999999999613
-10.800000000000637
-11.800000000000296
-13.199999999999818
-12.000000000002046
-11.000000000000455
-10.800000000000296
-10.000000000000455
-9.799999999999045
-10.2000000000005
-11.999999999998522
-10.799999999999613
-14.200000000000387
-13.999999999999773
-10.80000000000257
-13.79999999999859
-11.800000000000637
-10.800000000001205
-13.799999999999045
-8.800000000000068
-11.79999999999984
-11.200000000000273
-9.800000000001887
-11.199999999997544
-12.800000000000637
-12.200000000002888
-10.800000000001546
-14.799999999999955
-10.799999999998931
-10.80000000000166
-10.800000000001774
-11.999999999999545
-12.000000000000227
-11.200000000000841
-12.800000000002228
-11.80000000000075
-11.799999999999613
-9.999999999999545
-8.799999999999272
-12.800000000001205
-9.800000000000637
-11.19999999999959
-12.000000000000227
-11.000000000000568
-11.000000000001592
-12.999999999999318
-10.800000000000637
-15.000000000001705
-12.799999999998704
-12.000000000000227
-12.0
-10.800000000001887



The list of values first execution 

255.0799999999997
445.8399999999997
223.0199999999996
319.6399999999996
194.21999999999963
226.41999999999967
162.47999999999956
225.9999999999996
166.9999999999996
243.65999999999957
150.71999999999954
243.8599999999996
103.83999999999962
215.0199999999996
109.41999999999966
227.45999999999967
137.43999999999969
209.21999999999963
164.33999999999963
196.33999999999963
163.53999999999965
152.1999999999996
176.31999999999957
147.47999999999956
176.53999999999957
123.41999999999953
212.01999999999953
129.99999999999955
174.6199999999996
146.91999999999956
216.65999999999957
137.27999999999957
159.67999999999952
139.81999999999945
180.03999999999937
137.73999999999933
168.43999999999932
182.31999999999925
170.31999999999928
175.79999999999922
168.61999999999927
188.13999999999922
166.7799999999992
196.1799999999992
153.9399999999992
213.71999999999926
86.63999999999922
246.09999999999923
142.25999999999925
217.59999999999917
124.63999999999916
188.91999999999922
145.35999999999922
157.73999999999916
168.7399999999991
144.33999999999915
147.6799999999991
146.57999999999916
195.87999999999914
141.4599999999992
177.65999999999923
136.77999999999923
174.0599999999992
132.2199999999993
203.77999999999915
112.91999999999923
192.89999999999924
137.1199999999992
172.9399999999992
132.97999999999922
172.89999999999927
136.8199999999992
158.23999999999924
154.81999999999925
156.4199999999993
149.2999999999993
159.15999999999923
163.59999999999917
154.65999999999917
151.01999999999921
154.09999999999928
190.3199999999992
139.49999999999923
201.15999999999923
131.49999999999923
244.63999999999933
101.21999999999923
220.7999999999992
133.6199999999992
188.27999999999923
128.33999999999924
194.3199999999993
209.7799999999992
126.91999999999932
211.69999999999936
168.85999999999933
177.35999999999927
105.65999999999929
194.07999999999925
106.51999999999921
209.85999999999916
80.75999999999917
200.5799999999992
102.47999999999911
191.5799999999991
103.8599999999991
194.53999999999917
170.8999999999991
136.9199999999991
167.79999999999913
126.51999999999914
211.83999999999924
107.73999999999918
192.1399999999992
140.5799999999992
196.47999999999925
110.87999999999924
228.69999999999928
89.7999999999993
189.15999999999934
104.85999999999937
190.61999999999935
125.75999999999935
155.87999999999937
115.69999999999929
188.01999999999936
139.09999999999937
172.5599999999994
138.15999999999934
164.1999999999994
165.91999999999945
144.57999999999953
149.37999999999943
161.83999999999946
179.69999999999942
132.91999999999936
185.91999999999933
121.21999999999943
195.3399999999994
123.67999999999942
174.11999999999938
143.67999999999947
178.2399999999994
147.29999999999944
189.09999999999945
123.21999999999946
184.71999999999952
113.03999999999947
171.03999999999957
148.55999999999946
154.39999999999947
148.25999999999942
158.39999999999947
110.3199999999994
176.73999999999947
102.93999999999946
198.1199999999994
121.35999999999936
146.07999999999936
127.83999999999938
172.13999999999936
133.15999999999943
167.67999999999938
140.81999999999942
178.27999999999946
147.25999999999942
141.2399999999994
159.37999999999943
169.37999999999943
115.01999999999944
170.77999999999946
99.65999999999947
183.97999999999954
114.77999999999952
179.63999999999956
104.77999999999956
183.81999999999962
98.59999999999968
165.73999999999972
104.55999999999968
150.3999999999997
136.01999999999964
128.89999999999964
153.47999999999965
132.79999999999964
136.17999999999967
156.4999999999996
110.01999999999961
164.7799999999996
129.91999999999962
149.41999999999965
142.09999999999968
119.31999999999962
143.65999999999968
131.09999999999965
148.43999999999966
136.5199999999997
142.09999999999965
134.55999999999966
149.81999999999968
114.35999999999979
177.6599999999998
101.55999999999979
150.07999999999979
134.2199999999998
127.27999999999982
126.85999999999983
120.15999999999981
164.85999999999984
141.43999999999983
125.15999999999977
117.45999999999981
154.09999999999982
112.25999999999976
136.47999999999973
109.69999999999968
160.99999999999972
98.89999999999968
189.97999999999973
91.65999999999967
190.61999999999972
113.47999999999972
161.33999999999978
129.49999999999977
161.83999999999975
108.09999999999977
191.23999999999972
108.31999999999975
157.23999999999984
127.31999999999985
128.69999999999982
134.83999999999986
127.3999999999999
163.0999999999999
95.65999999999983
166.0399999999998
126.57999999999977
127.13999999999973
142.87999999999974
118.1799999999998
131.7799999999998
129.37999999999974
170.91999999999976
141.97999999999973
155.71999999999974
132.23999999999972
151.4199999999998
127.79999999999981
138.1399999999998
125.09999999999982



The list of best values first execution 

1.7999999999997272
101.99999999999977
39.799999999999386
157.7999999999994
100.0
30.199999999999818
29.199999999999477
101.99999999999989
7.199999999999818
45.79999999999927
26.199999999999477
79.19999999999959
-0.20000000000004547
101.99999999999909
47.79999999999961
49.80000000000007
7.200000000000273
19.99999999999909
-7.800000000001091
-0.19999999999936335
52.79999999999927
7.199999999999932
41.79999999999893
28.200000000000387
25.199999999999363
42.7999999999995
65.79999999999995
21.999999999998863
21.00000000000034
1.8000000000000682
80.19999999999891
-1.2000000000001592
40.799999999999955
39.79999999999848
49.799999999999955
11.199999999999932
35.79999999999973
-8.00000000000125
9.200000000000045
40.79999999999973
9.199999999999136
14.999999999999432
-0.20000000000118234
1.7999999999994998
-8.800000000001432
57.799999999999386
18.99999999999909
32.19999999999959
-8.000000000001819
-2.2000000000010687
13.199999999999363
7.200000000000159
4.2000000000000455
27.199999999999136
-5.800000000001319
51.799999999999045
38.19999999999925
20.000000000000114
31.199999999999136
-2.2000000000014097
7.199999999999363
38.79999999999973
42.79999999999893
28.2000000000005
32.19999999999948
5.199999999998795
-0.1999999999998181
25.199999999998568
22.99999999999818
7.199999999999818
-0.20000000000050022
6.19999999999925
18.99999999999943
30.199999999999704
60.79999999999927
16.999999999999318
9.999999999998636
-1.2000000000008413
25.199999999998
-3.200000000000273
2.7999999999999545
34.19999999999936
-2.200000000002092
11.200000000000045
-7.200000000000614
3.8000000000004093
-6.800000000000182
28.199999999999932
-3.2000000000007276
1.7999999999994998
-3.199999999999932
8.20000000000016
1.7999999999971124
-2.200000000002774
-7.800000000000296
0.7999999999994998
-2.200000000002774
-1.199999999999818
56.80000000000007
15.999999999997158
53.80000000000018
6.199999999999932
60.800000000000296
20.999999999998863
62.799999999999955
7.199999999999022
22.000000000000227
19.000000000000114
22.00000000000034
29.199999999999363
-7.999999999999773
1.799999999998704
-7.199999999999704
33.19999999999948
-4.200000000000955
14.000000000000455
-4.200000000000728
42.800000000000296
8.199999999999022
53.80000000000007
0.8000000000007503
10.999999999997499
9.200000000000614
35.2000000000005
15.19999999999925
-5.200000000002319
-0.2000000000007276
4.199999999998909
10.199999999998909
8.200000000000045
4.800000000000409
-2.199999999999477
-6.800000000000182
-3.200000000000955
18.000000000000114
-0.20000000000004547
17.99999999999727
1.7999999999976808
21.999999999999886
22.000000000000227
5.2000000000005
18.000000000000227
10.200000000000387
7.2000000000003865
-1.2000000000023192
-9.200000000000728
37.7999999999995
9.199999999997544
-3.1999999999995907
2.7999999999992724
-1.199999999999477
29.19999999999743
13.999999999998636
0.8000000000000682
47.79999999999961
-4.20000000000141
33.2000000000005
28.20000000000016
51.80000000000064
-3.2000000000007276
43.80000000000052
21.000000000000682
16.999999999999545
11.199999999997658
49.79999999999984
22.000000000000682
43.7999999999995
9.200000000000728
40.79999999999745
15.20000000000141
30.199999999999363
19.9999999999975
22.00000000000125
2.8000000000004093
11.999999999998295
18.9999999999975
80.19999999999834
26.00000000000091
77.19999999999743
12.199999999997658
-3.2000000000005002
38.80000000000064
26.19999999999959
13.999999999999773
14.99999999999693
-8.199999999998454
-5.200000000002319
-8.19999999999925
23.00000000000125
-1.2000000000011823
10.200000000001182
1.800000000000182
22.00000000000159
19.000000000000455
-6.800000000003024
-4.200000000000955
12.200000000000728
77.1999999999972
44.80000000000018
31.199999999997885
43.80000000000075
45.80000000000007
18.00000000000034
9.200000000001523
42.800000000002
19.000000000000682
32.19999999999891
8.200000000002092
14.199999999999818
-0.20000000000004547
35.20000000000027
48.79999999999984
22.000000000002046
28.200000000000273
21.999999999999773
24.000000000002046
61.79999999999984
23.000000000001933
57.800000000000296
6.199999999999022
86.20000000000175
17.000000000000682
-3.1999999999978854
-0.20000000000050022
-5.800000000002797
-4.799999999999386
28.199999999999136
31.199999999999136
35.19999999999925
16.99999999999727
5.799999999999727
41.79999999999927
12.200000000001069
28.199999999996294
-0.20000000000084128
-6.79999999999859
47.80000000000098
41.79999999999632
1.800000000000864
28.200000000001637
78.20000000000061
-5.19999999999834
14.999999999996135
33.20000000000084
32.199999999997544
21.000000000000682
29.200000000001523
65.79999999999632
30.200000000001296
33.200000000000614



The list of values average 

220.65719999999962
507.00479999999976
224.44319999999973
303.4557999999996
224.84799999999987
238.38819999999973
212.55139999999977
216.47959999999975
206.89079999999976
201.98819999999975
199.1015999999997
199.24519999999973
189.71059999999972
193.83079999999967
186.03519999999975
189.98659999999975
185.9577999999999
190.71219999999983
182.83699999999976
181.77599999999967
186.01499999999976
180.47739999999976
185.0787999999998
178.22559999999973
186.9271999999998
178.89479999999975
183.55279999999968
177.6941999999999
185.93699999999978
172.40459999999982
182.03539999999973
172.50999999999974
181.34499999999977
173.81479999999988
174.74059999999986
174.6663999999998
175.2963999999998
171.90719999999976
174.61919999999978
180.25359999999964
170.1597999999998
174.74959999999976
172.5651999999998
175.12019999999987
167.05119999999985
174.87719999999985
172.8885999999998
173.3253999999998
176.1335999999998
174.2861999999999
173.8635999999999
171.33239999999984
171.8693999999998
170.66399999999987
173.10399999999987
172.94699999999986
172.1209999999998
173.33299999999986
172.58619999999985
173.77199999999985
168.30779999999982
179.40379999999988
168.63939999999982
174.59699999999975
170.07619999999983
172.1225999999998
170.99559999999985
171.96219999999985
171.87999999999982
174.15399999999983
170.5669999999999
173.3703999999999
174.96499999999992
164.03759999999988
175.89719999999983
165.96839999999992
177.02759999999984
166.75919999999994
173.3515999999999
174.85899999999984
171.29959999999994
174.4009999999999
168.73159999999987
174.0319999999999
169.57759999999988
172.29519999999985
166.44899999999978
177.23899999999983
166.53659999999985
175.05539999999988
171.70339999999987
174.88399999999987
165.1771999999999
177.95419999999993
166.11859999999987
172.20179999999988
172.2513999999999
169.38679999999988
177.8537999999999
164.68719999999985
175.12419999999997
164.11499999999995
171.75399999999982
167.90579999999989
170.99499999999986
167.51659999999987
173.578
164.94119999999995
169.11799999999997
171.96239999999986
164.18219999999982
173.99619999999996
164.56059999999985
167.54739999999987
162.9037999999999
165.86679999999984
163.3215999999999
167.904
161.85159999999993
167.02759999999995
162.50639999999993
164.9117999999999
166.00099999999995
161.27199999999988
164.8271999999999
162.53759999999986
165.22359999999998
163.12099999999998
160.8525999999999
159.96779999999987
163.53639999999996
159.87359999999998
159.65679999999992
161.00979999999996
156.81679999999997
160.21959999999993
152.65279999999987
161.54919999999996
153.88380000000004
158.06099999999998
155.07220000000004
158.98399999999995
155.32819999999998
156.2863999999999
156.0168
156.75699999999998
151.9741999999999
155.269
150.28579999999997
153.93559999999997
151.25500000000002
152.79959999999988
151.05780000000001
154.71540000000002
149.951
149.91019999999992
152.48919999999987
148.44319999999993
151.02359999999996
150.38100000000006
147.44419999999997
150.1402
145.6873999999999
149.929
147.55239999999995
147.98219999999998
147.54580000000007
145.24019999999993
150.5086
144.1018
146.65980000000002
148.38239999999993
142.34939999999995
147.40619999999996
143.1234
143.80499999999998
143.64700000000005
144.63000000000005
142.46920000000003
143.34539999999996
140.35580000000007
147.80820000000003
139.16579999999996
143.3118
141.18640000000002
143.64680000000007
141.05859999999998
143.13940000000002
137.13280000000003
143.0646
137.8004
140.42500000000004
141.6428
139.55660000000003
141.61780000000002
140.02540000000002
140.33860000000007
137.93959999999998
140.4488
139.0822
136.18820000000005
138.91879999999992
134.99880000000005
138.24540000000002
138.29840000000002
136.46100000000004
137.55360000000002
134.391
138.6998
136.849
137.43279999999996
134.427
137.16179999999997
134.48139999999998
137.95860000000005
136.41320000000002
134.56920000000005
136.0928
136.269
136.53959999999995
134.63000000000002
139.23100000000002
136.17780000000002
138.7272
135.90180000000004
141.53240000000005
137.35880000000006
141.20000000000005
139.8488
137.63820000000004
143.64600000000013
137.1646
142.4524
139.355
140.97160000000002
144.57719999999995
139.6334000000001
144.02620000000013
142.91180000000003
145.43259999999998
143.65460000000002
146.57300000000006
148.5136000000001
144.75060000000008
148.325
148.8248
153.56260000000006
150.2726000000001
157.47420000000005
154.08520000000016



The list of best values average 

21.13999999999975
133.25999999999965
25.961999999999684
56.97599999999975
38.261999999999695
43.12799999999974
35.25999999999971
35.551999999999786
30.487999999999708
26.08399999999965
25.04799999999977
30.74799999999968
23.419999999999686
25.60199999999976
27.98799999999973
27.373999999999732
19.06999999999969
23.219999999999732
16.181999999999725
21.997999999999806
16.413999999999664
17.17599999999982
17.67399999999975
15.43799999999972
15.597999999999653
14.87399999999973
17.791999999999774
13.057999999999744
13.119999999999823
14.499999999999785
18.757999999999726
14.299999999999866
16.911999999999765
20.43799999999985
20.8839999999998
16.579999999999767
16.25399999999981
15.895999999999766
15.331999999999926
15.117999999999787
17.501999999999853
17.191999999999755
15.899999999999734
19.009999999999796
17.547999999999803
18.483999999999835
14.607999999999736
9.335999999999792
13.771999999999744
12.42199999999967
11.851999999999851
12.677999999999681
14.427999999999853
15.41199999999986
13.591999999999905
13.893999999999815
11.659999999999735
13.937999999999903
16.27799999999981
15.811999999999802
14.287999999999794
14.609999999999882
15.261999999999887
17.337999999999898
15.275999999999648
16.34799999999987
12.47399999999978
12.313999999999814
12.769999999999698
10.707999999999874
9.725999999999893
13.30999999999965
12.091999999999755
14.097999999999951
16.725999999999768
11.309999999999805
13.28999999999981
13.073999999999769
16.71799999999987
10.735999999999786
14.311999999999895
12.48799999999984
12.597999999999926
13.669999999999725
14.313999999999774
13.365999999999891
11.841999999999734
11.90399999999989
12.466000000000012
15.457999999999766
9.757999999999786
13.485999999999875
12.141999999999785
12.54800000000002
12.489999999999721
15.173999999999776
13.813999999999789
10.965999999999886
11.55599999999988
13.13999999999982
14.835999999999778
13.425999999999844
15.253999999999753
16.64599999999989
16.57200000000003
10.929999999999719
17.879999999999995
14.799999999999981
12.947999999999706
17.609999999999786
15.065999999999896
12.445999999999875
11.401999999999825
17.468000000000117
17.799999999999812
17.307999999999893
17.971999999999863
18.363999999999514
16.293999999999947
14.33199999999992
16.359999999999793
14.213999999999784
17.514000000000074
12.84599999999989
16.877999999999975
13.142000000000067
17.481999999999772
15.213999999999864
18.037999999999855
14.683999999999967
17.445999999999984
16.761999999999887
13.707999999999782
17.791999999999945
15.861999999999831
17.837999999999994
17.4499999999999
21.86799999999992
12.645999999999882
18.31200000000005
12.664000000000009
18.1859999999997
17.64199999999994
17.775999999999694
15.6079999999999
17.893999999999995
17.94999999999981
15.857999999999997
20.687999999999874
16.63599999999982
20.536000000000023
20.699999999999733
17.81999999999993
15.813999999999897
15.691999999999771
17.959999999999848
17.28199999999991
21.662000000000134
19.92199999999985
17.14799999999995
18.776000000000003
17.97799999999982
19.752000000000095
19.983999999999966
19.343999999999966
22.16599999999976
19.886000000000127
16.781999999999915
18.215999999999667
16.962000000000348
19.259999999999973
21.694000000000216
21.065999999999853
21.161999999999974
22.227999999999863
23.32799999999964
25.160000000000185
21.658000000000058
23.801999999999897
20.675999999999945
20.91799999999992
24.449999999999935
18.482000000000188
26.04999999999989
23.165999999999844
18.027999999999896
20.93399999999979
21.445999999999845
19.867999999999864
22.483999999999707
26.012000000000057
25.098000000000127
24.74599999999993
19.37400000000018
20.15199999999992
19.29799999999994
23.78600000000001
24.36799999999982
22.827999999999996
22.185999999999936
26.25199999999998
30.05599999999986
27.32799999999995
26.371999999999804
20.731999999999687
21.37400000000002
28.344000000000097
22.381999999999938
25.344000000000175
21.024000000000168
24.298000000000062
24.277999999999764
26.91799999999989
20.685999999999893
28.04999999999991
23.214000000000098
24.955999999999996
26.918000000000216
23.15399999999987
25.31799999999995
23.32799999999997
26.44000000000032
22.215999999999667
23.22800000000003
20.869999999999873
22.84799999999986
23.795999999999907
23.54600000000004
28.663999999999728
26.121999999999808
28.58200000000012
24.165999999999666
24.523999999999962
24.815999999999935
25.077999999999868
25.94599999999989
23.802000000000284
23.13999999999981
20.643999999999707
20.935999999999883
23.13199999999984
23.347999999999764
19.75799999999996
22.073999999999963
23.688000000000027
22.806000000000083
23.09800000000019
19.639999999999986
21.230000000000107
21.64199999999994
