----------Report of simulation of Quantum Parallel Tempering-----------
The number of considered Spin 27
The considered Annealing Duration 270
The considered Annealing Number 100
The considered T 1.0
The considered Gamma0 1.0
The considered Number Of Replica 2
The considered Number Of System 5
The solution found [-1  1  1  1  1 -1  1  1  1  1  1  1  1  1  1  1  1  1  1 -1 -1  1  1  1
  1  1  1]
The value found -9.799999999999272
The Success probability is 0.0
The average value is -7.0180000000006775
The total execution time is 72.91581869125366
The average time for execution is 0.7291565227508545
The average time for all systems update is 0.00260466292169359
The average time for system update is 0.0005107042365603976
The average time for replica update is 0.0002549831787745158
The average time for spin update is 9.192555235246572e-06
The list of values found 

-7.200000000015507
-5.799999999999272
-7.799999999999272
-6.200000000000955
-6.800000000001319
-7.199999999999818
-7.199999999999818
-6.200000000002547
-9.799999999999272
-6.200000000008913
-7.799999999998818
-7.199999999998909
-7.200000000003456
-7.200000000003001
-6.199999999999363
-8.799999999997453
-6.7999999999999545
-5.799999999999272
-7.800000000000637
-5.999999999997726
-7.000000000003865
-7.799999999998818
-5.799999999999272
-5.800000000003365
-6.7999999999981355
-7.799999999999727
-7.000000000006594
-7.199999999997544
-6.2000000000000455
-6.999999999997954
-7.199999999995725
-7.199999999999591
-7.799999999991542
-7.200000000001182
-5.200000000000273
-6.999999999999318
-6.199999999976853
-7.799999999999727
-8.79999999999768
-8.799999999997226
-7.799999999997453
-7.199999999998909
-7.199999999997999
-7.999999999995225
-7.199999999999136
-7.199999999999136
-7.199999999999136
-7.799999999999727
-6.199999999983902
-7.8000000000170076
-6.799999999999727
-6.200000000003229
-7.200000000000955
-7.199999999979809
-6.9999999999990905
-8.799999999999727
-7.200000000000728
-6.2000000000080036
-6.999999999992269
-7.799999999984266
-8.80000000003065
-7.200000000000273
-7.200000000001637
-5.200000000009368
-6.199999999999363
-6.800000000003365
-7.200000000012551
-8.800000000019281
-5.199999999999136
-7.2000000000243745
-7.200000000000273
-7.799999999999272
-8.800000000010868
-7.799999999999272
-6.199999999999591
-7.799999999999727
-5.2000000000000455
-5.199999999999363
-7.200000000005275
-7.199999999998909
-6.9999999999990905
-6.800000000000637
-6.200000000000728
-5.799999999996999
-7.200000000000955
-7.199999999995498
-7.200000000002547
-5.999999999999318
-7.199999999999591
-6.0
-5.2000000000134605
-7.999999999998408
-6.800000000000182
-7.9999999999972715
-4.200000000005502
-7.199999999998909
-7.199999999999591
-7.199999999998454
-7.200000000001637
-6.200000000001182



The list of values first execution 

167.62000000000052
535.7200000000005
499.74000000000035
327.4000000000005
595.8400000000005
411.06000000000057
328.4600000000006
600.0200000000006
409.50000000000057
329.7400000000006
602.5600000000006
407.88000000000056
329.2800000000006
600.1200000000006
406.5600000000006
327.74000000000063
606.6400000000006
406.5200000000006
328.92000000000064
596.3800000000007
409.98000000000064
333.10000000000076
600.2200000000008
408.28000000000077
328.6600000000008
597.7200000000008
410.58000000000084
326.56000000000074
602.0600000000007
405.98000000000076
327.34000000000077
604.8400000000008
407.7000000000008
327.7400000000008
598.0600000000007
409.1000000000008
330.8600000000009
601.0400000000009
406.7200000000008
326.5000000000009
604.080000000001
407.500000000001
328.220000000001
597.7200000000009
411.880000000001
328.760000000001
606.2000000000011
407.580000000001
330.3400000000011
598.780000000001
411.1600000000011
327.6400000000011
601.100000000001
410.0000000000012
325.3200000000012
598.8000000000012
407.30000000000115
332.1200000000012
599.2800000000012
409.8000000000012
325.32000000000124
603.3800000000012
409.24000000000126
327.3000000000012
602.1600000000012
406.6600000000012
328.0400000000013
599.7600000000014
407.5800000000014
334.28000000000145
598.7800000000013
408.52000000000146
333.9800000000015
600.3400000000015
612.6200000000015
125.18000000000157
601.3000000000015
612.9800000000016
130.88000000000162
605.9400000000015
604.9200000000017
138.98000000000164
664.1200000000016
674.3600000000017
346.3200000000017
609.0800000000016
412.18000000000177
331.06000000000176
597.3400000000019
414.5200000000019
369.080000000002
624.2400000000019
628.160000000002
368.48000000000206
641.120000000002
404.76000000000204
357.400000000002
631.2400000000019
639.620000000002
127.80000000000226
602.8800000000022
611.5400000000021
344.54000000000224
614.6600000000022
411.8200000000023
324.56000000000233
590.5600000000024
410.3400000000023
319.98000000000246
589.2200000000023
406.04000000000246
323.2400000000025
590.9400000000026
410.90000000000254
319.68000000000245
589.8600000000025
410.2200000000025
323.1400000000025
589.6200000000026
411.40000000000254
318.84000000000265
589.6200000000026
411.48000000000263
318.94000000000267
588.7400000000027
410.80000000000274
318.9000000000027
586.7200000000028
416.8400000000027
324.5600000000028
588.5200000000027
411.50000000000273
317.48000000000286
592.3400000000029
410.6200000000029
317.480000000003
592.5400000000029
411.3000000000029
321.30000000000297
589.0600000000029
411.8000000000029
324.1600000000029
593.7000000000029
411.48000000000303
320.560000000003
591.560000000003
411.680000000003
321.340000000003
590.4400000000031
411.14000000000306
321.0200000000031
590.440000000003
409.00000000000307
321.0400000000031
592.8400000000031
411.14000000000306
317.7600000000032
595.4200000000031
411.1400000000032
317.7600000000033
595.4200000000033
407.48000000000326
317.7600000000033
596.7800000000033
411.24000000000325
319.2200000000033
591.5600000000032
406.9800000000033
318.06000000000336
597.4400000000034
411.70000000000334
321.5400000000034
590.2400000000033
411.0800000000034
315.56000000000336
593.7000000000032
409.2600000000033
318.42000000000337
600.1200000000033
446.04000000000343
477.1400000000034
475.2600000000035
448.5200000000035
481.48000000000354
471.1600000000036
446.86000000000365
480.2600000000037
475.66000000000366
445.00000000000364
480.16000000000366
472.78000000000367
449.8000000000038
483.0400000000038
471.06000000000375
448.3200000000039
482.6400000000038
470.1600000000038
451.16000000000383
482.6400000000038
470.1600000000038
453.0200000000039
478.68000000000393
470.66000000000383
449.46000000000384
482.900000000004
472.7200000000039
445.06000000000404
483.200000000004
468.86000000000394
448.48000000000394
482.1200000000041
471.7000000000041
450.04000000000417
481.0000000000042
469.30000000000416
449.70000000000437
482.44000000000415
475.96000000000424
447.46000000000424
481.4800000000041
470.6800000000042
449.8000000000044
481.18000000000427
471.70000000000437
449.2600000000044
481.78000000000446
474.42000000000445
447.60000000000434
483.5000000000044
472.92000000000445
445.4000000000045
483.1800000000045
470.68000000000455
445.5400000000047
485.4800000000047
472.98000000000474
446.7000000000047
481.74000000000467
476.0400000000048
447.80000000000473
481.9200000000048
473.3800000000048
445.04000000000485
479.26000000000494
475.76000000000494
444.120000000005
484.06000000000495
472.92000000000496
445.64000000000505
484.06000000000495
472.92000000000496
445.64000000000505
484.36000000000496
472.9200000000051
445.34000000000503
483.0000000000051
474.32000000000505
447.7000000000051
480.7800000000052
475.86000000000513
447.5000000000053
485.9800000000052
467.8200000000053
449.90000000000526
481.0000000000053
472.9600000000054
449.1800000000054
482.5400000000054
472.1000000000055
446.38000000000557



The list of best values first execution 

-5.799999999999727
-3.199999999999818
44.80000000000064
3.8000000000004093
-0.19999999999959073
24.000000000000455
10.200000000001182
10.200000000000273
22.0
22.000000000001137
21.000000000001137
-0.1999999999989086
0.7999999999997272
10.199999999999818
2.8000000000010914
7.199999999999591
44.80000000000109
9.200000000000955
21.00000000000091
-0.20000000000027285
7.200000000001182
21.0
9.199999999999818
18.000000000001137
9.199999999999818
7.199999999999818
12.200000000001182
7.200000000000955
15.999999999999318
2.8000000000006366
8.199999999999363
44.79999999999927
11.200000000000728
10.200000000000728
3.7999999999992724
15.00000000000091
26.199999999999363
3.7999999999992724
10.200000000000728
2.8000000000006366
34.19999999999936
15.199999999999363
15.999999999999318
10.19999999999959
26.200000000000728
7.199999999999363
20.00000000000091
0.8000000000006366
24.999999999999545
3.7999999999994998
19.999999999999545
7.199999999999363
21.999999999999318
22.000000000000682
-0.19999999999936335
12.199999999999363
6.200000000000728
12.199999999999363
18.999999999999318
20.000000000000682
-3.2000000000007276
33.19999999999936
3.8000000000006366
3.7999999999988177
18.000000000000682
2.8000000000006366
10.200000000000728
-3.000000000000682
0.8000000000010914
44.79999999999927
-0.1999999999989086
8.199999999999363
45.79999999999927
4.800000000000637
10.200000000000955
-5.199999999999818
24.000000000000227
8.200000000000273
45.79999999999927
15.200000000001182
-3.1999999999989086
-5.799999999999727
13.200000000000273
-3.199999999998454
-2.0000000000004547
4.7999999999995
35.2000000000005
-2.1999999999995907
8.2000000000005
-2.2000000000007276
8.200000000000728
9.094947017729282e-13
1.8000000000024556
-2.0000000000004547
4.7999999999995
8.200000000000728
8.19999999999959
1.2000000000025466
-4.199999999997544
21.00000000000091
-0.1999999999989086
26.00000000000273
-5.799999999997453
-1.8000000000006366
29.200000000001637
29.200000000001637
13.200000000001637
2.800000000001546
10.200000000001637
1.8000000000015461
0.8000000000015461
20.000000000002046
18.000000000002046
20.00000000000159
10.200000000002092
7.2000000000018645
11.200000000001864
21.000000000001137
6.800000000001091
26.000000000002274
2.8000000000024556
18.0000000000025
9.200000000002547
3.8000000000010914
10.200000000002547
18.00000000000091
9.200000000001182
-0.19999999999754436
42.79999999999927
33.19999999999936
2.8000000000024556
19.0000000000025
10.19999999999959
18.999999999999545
10.200000000002774
10.199999999999818
18.999999999999773
19.00000000000273
32.19999999999982
8.200000000002547
20.000000000002274
34.20000000000209
18.000000000002274
24.000000000002274
-0.8000000000004093
10.200000000002092
10.200000000002092
23.000000000002046
9.20000000000232
1.7999999999997272
4.800000000002228
11.199999999999818
12.199999999999818
16.999999999999773
23.000000000002046
-1.1999999999979991
-1.2000000000002728
33.19999999999982
-1.1999999999979991
-1.2000000000002728
33.19999999999982
-1.1999999999979991
-1.2000000000002728
46.79999999998813
1.8000000000020009
-3.200000000000273
10.200000000001864
-3.199999999997999
1.7999999999994998
21.00000000000159
19.00000000000159
22.999999999999773
8.19999999999959
21.99999999999909
3.7999999999992724
22.00000000000091
3.800000000000864
-3.2000000000007276
46.799999999986994
3.799999999987449
-5.200000000012551
32.19999999998754
3.799999999987449
5.799999999986767
1.7999999999869942
2.799999999987449
0.7999999999869942
35.199999999987085
7.199999999986858
-0.20000000001346052
17.999999999987494
27.19999999998663
0.799999999987449
7.7999999999865395
-1.2000000000134605
-1.2000000000130058
-1.2000000000139153
27.199999999986176
-1.2000000000134605
-1.20000000001437
45.79999999998563
-5.200000000013688
0.7999999999860847
10.199999999986176
19.999999999985903
3.7999999999858574
2.7999999999858574
23.999999999985675
2.79999999998563
19.999999999985675
13.199999999985721
11.199999999985721
22.999999999985675
11.199999999985948
7.199999999985721
29.19999999998572
-2.20000000001437
1.7999999999851752
17.999999999984993
4.799999999985175
10.199999999985266
31.199999999985266
1.7999999999851752
7.199999999985266
9.199999999985266
19.99999999998522
2.7999999999851752
7.199999999985266
26.999999999984766
1.7999999999847205
8.199999999984584
7.199999999985039
11.199999999984811
0.7999999999847205
29.19999999998481
21.99999999998522
-3.800000000014734
-6.200000000015052
18.99999999998522
8.199999999984811
8.199999999985721
20.999999999985675
-7.200000000015507
-6.20000000001437
33.199999999984584
1.7999999999844931
13.999999999985448
4.799999999984266
4.799999999985403
13.999999999984993
4.799999999984038
4.799999999984948
16.99999999998454
4.799999999983584
-1.2000000000166438
19.99999999998431
4.799999999984266
8.199999999984357
-1.2000000000164164
35.19999999998436
7.199999999983675
33.199999999983675
-2.2000000000157343
32.199999999983675
11.199999999984357
6.199999999984357
20.999999999984084
0.799999999983811
12.19999999998413
12.199999999984357



The list of values average 

181.11840000000058
597.0360000000006
582.2416000000007
290.23540000000054
563.2548000000004
530.1298000000006
306.0862000000004
561.1024000000006
518.4416000000006
313.50060000000065
554.5444000000005
532.5444000000008
304.78820000000064
548.6098000000004
534.6458000000007
310.16020000000066
541.5810000000007
529.3706000000005
309.61100000000056
539.6850000000005
529.7636000000007
308.83540000000073
542.1800000000003
524.8688000000006
318.2036000000006
533.0990000000004
513.1232000000005
324.24780000000067
526.1178000000004
515.2004000000005
329.9182000000007
524.2984000000006
510.9580000000004
334.5688000000006
523.6734000000004
508.6800000000006
330.4330000000005
523.2798000000006
508.4600000000003
329.3110000000006
523.0872000000006
510.0592000000003
328.8164000000005
525.4506000000005
508.9808000000004
326.9692000000006
521.4906000000007
517.7624000000004
325.7408000000004
518.0312000000005
513.7578000000004
333.28860000000054
515.9356000000004
511.6604000000004
331.5812000000004
516.4682000000004
509.50720000000047
333.0948000000004
516.1090000000003
507.6898000000002
336.84440000000046
516.3170000000005
505.3058000000004
334.99260000000044
518.4868000000004
508.77780000000035
337.32660000000044
516.8748000000003
505.2986000000003
339.4256000000003
518.7980000000006
502.6940000000004
341.30060000000054
516.4534000000003
502.95740000000035
338.90580000000034
516.2548000000005
504.4974000000003
338.6672000000004
514.3226000000005
504.8908000000003
340.4964000000004
516.9380000000006
503.9858000000004
342.71580000000034
514.8406000000006
505.75080000000037
347.4854000000005
508.21440000000024
507.3510000000004
345.9690000000004
510.7826000000005
514.0326000000003
351.8596000000005
504.90720000000056
508.87560000000036
347.8068000000003
506.7768000000002
510.7810000000004
343.5066000000003
508.91840000000036
508.9960000000004
345.81660000000034
510.9464000000005
509.17500000000007
347.2792000000003
510.2706000000002
506.5018000000004
345.37280000000015
508.52520000000027
506.6074000000001
345.11660000000035
510.3316000000003
504.8594000000004
345.2044000000003
516.5256000000003
500.5314000000004
345.2586000000001
515.8836000000002
498.5226000000002
345.07140000000004
518.1426000000004
499.32880000000034
345.17760000000027
517.8484000000004
497.2310000000004
344.9704000000004
522.3288000000001
497.2656000000003
341.07200000000023
521.9864000000001
497.0474000000002
342.8494000000001
524.2596000000002
492.55120000000034
342.6430000000001
526.319
492.4388000000003
342.4830000000002
523.6138000000002
496.20760000000024
338.9026
524.1678
496.0230000000003
338.34079999999983
525.9022000000001
497.2662
340.7632000000001
525.1128
498.8682000000001
338.2004
523.0468000000003
496.03540000000015
338.27840000000026
522.9115999999999
496.27860000000004
339.94460000000015
523.1877999999999
496.2934
338.32479999999987
523.1662
498.2456000000001
336.5068000000001
522.8772000000001
500.1446
336.13980000000004
520.8633999999998
500.4733999999998
339.61159999999995
519.7701999999999
498.0252
343.7560000000001
514.8360000000001
500.47299999999996
341.7231999999999
515.0505999999998
499.97779999999983
343.30219999999997
515.3386
502.2635999999999
344.4261999999999
509.82859999999977
502.3511999999999
344.69340000000005
509.62059999999985
502.1687999999999
344.8842000000001
509.83819999999986
503.7693999999998
344.58639999999997
511.64399999999995
501.7697999999999
345.6563999999999
515.4693999999998
502.19099999999963
342.8669999999999
511.81359999999995
501.8266
342.78959999999995
511.7411999999999
504.0744000000001
340.4651999999999
511.696
506.0591999999998
338.8351999999998
513.7429999999998
505.7684000000001
337.4711999999999
514.1121999999997
506.4327999999998
336.2031999999998
516.2795999999996
504.6235999999998
338.4945999999998
514.7073999999998
504.8347999999997
340.3855999999997
514.1993999999996
502.73199999999946
342.38159999999976
512.6665999999996
502.9671999999998
341.8471999999999
512.8643999999997
503.4347999999998
343.8853999999998
513.0747999999996
502.9113999999997
342.22019999999986
515.0425999999998
501.2675999999997
341.8331999999997
518.9539999999995
501.02039999999965
338.0755999999996
519.0597999999998
501.0911999999997
337.82519999999965
518.6437999999997
501.11739999999963
339.9167999999997
520.3601999999997
498.6601999999997
337.6991999999996
520.5167999999994
498.58259999999945
338.2111999999995
521.7979999999998
500.66819999999944
337.38199999999955
519.7189999999995
501.3199999999994
337.1909999999997
521.8493999999994
500.7723999999994
336.93299999999965
521.9717999999993
499.03199999999947
339.25759999999934
519.8225999999994
499.13279999999946
338.57259999999957
521.5727999999991
497.0885999999996
342.5299999999995
518.1853999999995
497.21639999999957
342.7907999999993
521.7819999999996
496.9617999999993



The list of best values average 

-1.6899999999993396
3.7740000000006186
11.21800000000063
8.804000000000686
8.548000000000712
11.332000000000662
10.266000000000714
11.052000000000742
10.536000000000744
12.032000000000735
10.610000000000742
11.072000000000765
13.364000000000807
10.446000000000717
12.226000000000704
11.914000000000723
12.070000000000732
14.362000000000794
11.958000000000741
12.658000000000737
10.93600000000087
11.258000000000894
12.438000000000885
14.058000000000819
12.204000000000834
11.964000000000771
13.388000000000787
12.232000000000836
14.09800000000092
11.13800000000086
12.354000000000903
14.412000000000754
11.87400000000075
12.76800000000075
9.762000000000668
11.542000000000597
14.13200000000068
12.062000000000664
12.886000000000463
12.03800000000063
14.082000000000535
10.77800000000063
10.992000000000592
12.412000000000582
12.60000000000055
12.354000000000593
11.55400000000051
11.07000000000046
10.534000000000464
11.436000000000552
13.864000000000397
14.4840000000004
10.524000000000388
13.432000000000242
11.58800000000035
13.66600000000041
13.276000000000387
10.440000000000287
11.468000000000258
14.474000000000306
11.74000000000043
11.896000000000374
12.054000000000286
12.03400000000031
12.586000000000212
14.29400000000025
11.480000000000441
11.608000000000274
12.312000000000237
13.036000000000138
10.746000000000173
11.704000000000203
12.166000000000217
10.346000000000155
14.286000000000026
9.958000000000121
10.960000000000257
13.039999999999822
10.575999999999999
11.398000000000033
14.459999999999836
11.417999999999967
11.808000000000026
13.864000000000095
10.299999999999951
12.751999999999944
13.231999999999836
12.213999999999986
11.903999999999817
13.395999999999892
12.119999999999816
11.577999999999541
14.55999999999979
13.255999999999796
11.841999999999874
12.21199999999965
13.809999999999638
12.043999999999615
11.609999999999571
11.283999999999798
10.971999999999838
14.021999999999899
12.99799999999971
11.97999999999975
14.073999999999819
12.383999999999814
12.218000000000048
12.964000000000029
11.812000000000003
12.401999999999928
12.846000000000156
11.376000000000108
13.136000000000044
14.241999999999893
11.533999999999956
12.815999999999914
12.959999999999905
12.527999999999953
11.358000000000004
13.725999999999706
11.595999999999751
12.543999999999945
13.74399999999983
12.631999999999778
11.101999999999922
12.735999999999713
12.06599999999982
13.297999999999783
13.031999999999833
11.259999999999943
12.479999999999887
12.455999999999898
11.649999999999846
11.366000000000032
12.804000000000212
10.874000000000073
12.97200000000007
11.918000000000138
12.28200000000003
9.998000000000117
12.315999999999951
14.726000000000221
13.874000000000258
10.586000000000361
11.27799999999999
10.894000000000092
15.05000000000016
13.386000000000603
9.592000000000443
14.250000000000348
12.106000000000188
13.246000000000148
11.672000000000342
11.956000000000266
12.629999999999955
12.342000000000368
10.220000000000145
13.487999999999898
11.990000000000236
12.03600000000006
12.319999999999864
12.512000000000134
13.050000000000134
12.825999999999702
13.59799999999978
11.381999999999719
12.2879999999996
14.951999999999762
11.06199999999991
15.239999999999771
13.467999999999835
10.713999999999793
12.611999999999629
14.04199999999974
9.93999999999966
10.71999999999973
13.553999999999728
10.819999999999627
13.023999999999441
13.897999999999467
9.773999999999495
13.6999999999995
13.719999999999423
10.253999999999259
13.3239999999994
11.991999999999283
12.471999999999417
13.315999999999288
12.27199999999918
11.88599999999939
12.823999999999174
12.461999999999097
11.367999999999594
14.033999999999219
12.617999999999363
9.931999999999542
13.093999999999525
12.783999999999516
12.82399999999904
12.985999999999041
11.905999999999121
10.205999999999111
12.469999999999047
13.12599999999907
12.451999999999053
12.815999999998942
11.631999999999067
15.83999999999944
12.861999999998567
12.495999999998645
11.265999999998716
11.611999999998526
14.305999999998585
11.223999999998702
12.873999999998437
12.273999999998477
11.743999999998575
12.111999999998341
12.735999999998231
13.27199999999832
11.387999999998238
15.165999999998128
11.835999999998144
14.30199999999823
13.22799999999829
11.149999999998562
11.309999999998315
12.41999999999827
12.535999999998396
11.481999999998273
14.201999999998256
10.72799999999826
10.707999999998334
12.683999999998232
12.547999999998181
11.395999999998185
13.173999999998127
11.23799999999808
10.855999999998117
15.137999999998081
12.341999999998093
10.895999999998036
13.813999999998021
11.807999999998074
12.057999999997971
12.415999999997734
13.259999999998003
11.93399999999799
11.171999999997949
12.753999999998015
11.279999999997667
13.963999999997839
11.679999999997921
11.151999999997726
12.511999999998034
11.329999999998101
12.54999999999775
12.751999999997683
13.523999999997812
11.419999999997746
13.347999999997585
10.425999999997652
11.305999999997644
14.593999999997639
12.061999999998005
12.253999999997909
12.309999999997812
11.42199999999784
10.93999999999748
12.41999999999758
