----------Report of simulation of Quantum Parallel Tempering - Population Annealing v2-----------
The number of considered Spin25
The considered Annealing Duration 250
The considered Annealing Number 100
The considered T 1.0
The considered Gamma0 1.0
The considered Number Of Replica 2
The considered Number Of System Tempering 3
The considered Number Of System Population 2
The solution found [ 1.  1.  1. -1.  1.  1.  1.  1.  1.  1. -1.  1.  1. -1. -1.  1.  1.  1.
 -1.  1.  1.  1.  1.  1.  1.]
The value found -15.800000000001887
The Success probability is 0.0
The average value is -13.725999999999116
The total execution time is 58.14813208580017
The average time for execution is 0.5814790081977844
The average time for all systems update is 0.002298730754852295
The average time for system tempering update is 0.00044410901069641114
The average time for system population update is 21.005939722061157
The average time for replica update is 0.0002168883590698242
The average time for spin update is 8.424948501586913e-06
The list of values found 

-12.200000000002547
-12.799999999998022
-12.800000000003251
-12.999999999998863
-13.000000000000796
-13.799999999999613
-13.799999999999613
-12.799999999997112
-12.199999999996066
-15.800000000001432
-13.799999999998818
-14.800000000000068
-13.799999999994384
-13.80000000000166
-13.999999999996362
-14.799999999998022
-13.799999999996885
-13.800000000000182
-12.799999999999272
-11.799999999999159
-14.999999999996135
-13.799999999995748
-14.799999999995975
-12.199999999997544
-12.19999999999834
-14.199999999999363
-14.19999999999959
-13.200000000023806
-13.799999999998022
-14.79999999999768
-13.800000000000637
-13.799999999997567
-13.800000000000637
-14.199999999995498
-13.80000000000166
-15.800000000001887
-15.79999999999734
-11.799999999995748
-14.20000000000016
-15.799999999996885
-12.799999999998931
-11.799999999996999
-13.79999999999859
-15.000000000001819
-13.800000000001546
-13.199999999996407
-14.799999999998704
-13.999999999997726
-15.799999999998704
-12.199999999996862
-13.999999999997044
-13.199999999998909
-14.799999999992792
-14.199999999998681
-14.799999999998136
-13.999999999999773
-13.799999999998477
-15.800000000001091
-11.79999999999393
-12.19999999999959
-13.79999999999393
-13.199999999997658
-13.800000000001774
-15.800000000000523
-12.20000000000141
-11.200000000000728
-13.799999999999955
-13.799999999998022
-14.799999999998931
-14.19999999999709
-13.799999999999955
-12.199999999999818
-15.799999999999272
-13.800000000000068
-12.799999999998704
-13.199999999998113
-12.199999999997999
-13.800000000002342
-12.799999999998704
-12.799999999995407
-13.79999999999859
-15.80000000000041
-14.799999999998477
-12.999999999999318
-13.799999999998136
-13.000000000000227
-13.799999999999386
-13.800000000001319
-13.800000000000068
-12.799999999999272
-15.79999999999734
-13.79999999999734
-13.800000000001546
-12.800000000004275
-13.999999999998181
-14.200000000000045
-13.800000000000523
-13.199999999998226
-12.999999999999773
-13.800000000001546



The list of values first execution 

99.87999999999974
303.51999999999987
369.03999999999985
132.0599999999998
265.05999999999983
316.4999999999999
133.33999999999983
224.19999999999987
311.85999999999996
143.57999999999987
216.39999999999992
306.9799999999999
144.21999999999994
215.88000000000002
308.18
148.48000000000002
213.58000000000007
309.2000000000001
142.26000000000008
215.52000000000015
309.9000000000002
144.8200000000001
214.70000000000013
311.6600000000002
143.48000000000016
217.66000000000017
276.54000000000025
133.52000000000027
212.28000000000029
250.0800000000003
135.44000000000034
222.70000000000036
254.2600000000004
111.60000000000036
220.22000000000043
227.1600000000003
112.50000000000041
193.78000000000037
233.5600000000004
113.44000000000035
200.3600000000004
227.8200000000003
81.8600000000004
177.78000000000037
209.46000000000035
110.88000000000045
183.00000000000045
213.9600000000005
79.42000000000048
195.68000000000046
219.04000000000042
69.72000000000045
178.66000000000042
196.0200000000005
85.90000000000047
164.18000000000052
204.30000000000047
75.36000000000044
162.78000000000043
196.90000000000038
73.30000000000041
170.08000000000044
209.54000000000036
64.18000000000043
167.3000000000005
203.80000000000047
70.7000000000005
168.26000000000056
195.40000000000055
64.74000000000055
161.02000000000052
200.66000000000054
59.42000000000055
159.46000000000058
199.5000000000006
60.08000000000052
173.84000000000052
186.62000000000037
66.54000000000035
175.3400000000003
185.66000000000022
61.20000000000026
166.24000000000032
189.2400000000004
50.60000000000042
170.92000000000047
190.02000000000046
50.720000000000496
160.62000000000046
191.2000000000005
50.72000000000052
158.8000000000005
187.88000000000054
47.12000000000053
166.72000000000057
185.7400000000006
52.22000000000067
159.22000000000077
184.3400000000007
51.840000000000714
165.94000000000074
184.62000000000074
58.900000000000794
160.48000000000084
187.1000000000009
48.780000000000896
157.88000000000096
187.100000000001
49.440000000001035
161.48000000000104
184.7400000000011
48.84000000000107
160.36000000000118
181.6200000000012
51.64000000000122
162.44000000000128
184.50000000000136
48.96000000000138
156.16000000000145
184.02000000000143
46.70000000000148
151.84000000000145
187.6400000000016
51.440000000001575
160.36000000000166
185.8200000000017
46.140000000001734
157.7800000000018
182.08000000000186
51.20000000000184
154.92000000000195
179.9800000000019
55.100000000001955
152.28000000000196
183.76000000000198
50.900000000002045
158.28000000000216
178.34000000000216
50.98000000000225
158.16000000000236
183.70000000000238
43.44000000000237
153.0400000000024
185.88000000000244
52.720000000002436
155.02000000000248
181.62000000000256
46.42000000000255
149.60000000000258
183.12000000000256
49.9400000000026
150.44000000000264
185.4800000000027
45.50000000000266
156.06000000000276
180.4600000000027
47.000000000002785
155.32000000000284
178.14000000000289
46.4600000000029
154.44000000000295
178.140000000003
46.460000000003014
154.88000000000306
178.58000000000308
46.460000000003106
154.44000000000315
178.14000000000317
46.4600000000032
154.88000000000324
178.14000000000325
46.46000000000329
154.44000000000332
178.14000000000334
46.460000000003376
154.4400000000034
178.14000000000345
46.46000000000347
154.44000000000352
178.14000000000354
46.46000000000356
154.4400000000036
178.14000000000362
46.46000000000365
154.4400000000037
178.1400000000037
46.460000000003745
155.1800000000038
178.62000000000384
45.340000000003855
154.74000000000393
182.9800000000039
46.26000000000397
154.52000000000402
178.80000000000405
44.86000000000405
148.20000000000408
181.82000000000411
47.22000000000408
153.32000000000411
180.62000000000413
47.32000000000414
153.1800000000042
178.94000000000423
47.30000000000424
150.88000000000434
178.34000000000435
45.84000000000437
152.44000000000446
180.26000000000448
49.42000000000454
149.9400000000046
180.48000000000462
42.32000000000464
151.3800000000047
185.92000000000476
46.2600000000048
148.60000000000485
181.50000000000486
49.24000000000483
153.7200000000049
180.30000000000493
48.90000000000496
152.96000000000498
180.42000000000502
45.700000000005026
152.5600000000051
178.28000000000512
48.82000000000513
153.04000000000514
181.9600000000052
44.90000000000523
153.04000000000534
179.82000000000534
46.56000000000536
154.2800000000055
182.30000000000547
44.440000000005455
152.52000000000552
177.18000000000558
48.540000000005605
154.24000000000564
182.2200000000057
42.140000000005706
161.0600000000058
181.3000000000058
53.940000000005895
156.44000000000594
182.58000000000595
47.86000000000597



The list of best values first execution 

-8.200000000000273
-1.2000000000002728
-0.20000000000015916
8.799999999999727
-5.2000000000000455
26.199999999999818
-2.200000000000159
-2.200000000000614
26.199999999999477
-5.199999999999932
14.199999999999818
7.199999999999477
1.1999999999999318
14.199999999999818
9.999999999999773
14.200000000000045
3.199999999999932
22.200000000000045
-8.199999999999932
-1.1999999999999318
28.199999999999818
4.200000000000273
7.199999999999591
33.20000000000039
-3.2000000000003865
3.200000000000273
18.99999999999966
-7.200000000000273
-2.1999999999995907
5.2000000000003865
14.200000000000045
13.999999999999545
10.199999999999477
8.19999999999959
8.200000000000273
4.200000000000159
-7.2000000000005
4.2000000000000455
26.199999999999477
8.200000000000045
2.7999999999999545
11.999999999999659
14.200000000000045
-1.2000000000002728
6.199999999999818
0.7999999999999545
6.199999999999704
6.199999999999932
14.200000000000045
6.199999999999704
16.99999999999966
14.200000000000045
-9.199999999999704
29.199999999998795
-9.200000000000387
-2.2000000000000455
17.999999999999886
-2.2000000000005002
-2.200000000000273
17.999999999999318
-2.2000000000007276
-10.200000000000387
18.999999999999773
-10.200000000000841
-8.200000000000387
6.199999999999818
12.999999999999318
12.999999999999545
7.2000000000000455
12.999999999999318
12.999999999999545
14.999999999999659
-8.200000000000614
-9.00000000000125
14.999999999999659
-4.2000000000005
3.1999999999995907
-4.2000000000018645
-4.200000000001182
-7.200000000000728
-4.200000000002547
-7.2000000000005
-7.2000000000005
6.199999999997544
-7.200000000000273
-7.200000000000273
6.199999999997772
-7.2000000000000455
-7.2000000000000455
6.199999999997658
-7.199999999999818
-7.199999999999818
-2.200000000002319
-7.199999999999591
-7.199999999999591
6.199999999997431
-7.199999999999363
-7.199999999999363
-7.20000000000141
-7.199999999999136
-7.199999999999136
-6.200000000001523
-7.199999999998909
-7.199999999998909
5.199999999998454
-7.199999999998681
-7.199999999998681
11.199999999998454
-7.199999999998454
-7.199999999998454
1.1999999999972033
-7.1999999999982265
-7.1999999999982265
-11.200000000002774
-7.199999999997999
-7.199999999997999
3.1999999999975444
-7.199999999997772
-7.199999999997772
-4.200000000001182
-7.199999999997544
-12.200000000002547
-3.2000000000010687
-7.199999999997317
-7.199999999997317
0.7999999999991587
-10.800000000000864
-7.19999999999709
-10.800000000002342
-7.199999999996862
-7.199999999996862
-5.200000000002319
-7.199999999996635
-7.199999999996635
5.9999999999990905
-7.1999999999964075
-7.1999999999964075
-11.20000000000175
-7.19999999999618
-7.19999999999618
6.19999999999925
-8.000000000000796
-7.199999999995953
3.1999999999993634
-7.199999999995725
-7.199999999995725
-9.000000000001705
-7.199999999995498
-7.199999999995498
-3.2000000000008413
-7.199999999995271
-7.199999999995271
6.199999999999136
-7.199999999995043
-7.199999999995043
-4.200000000001751
-10.80000000000075
-7.199999999994816
-11.20000000000175
-11.200000000000728
-7.1999999999945885
-11.200000000001637
-11.200000000000728
-7.199999999994361
-11.200000000001637
-11.200000000000728
-7.199999999994134
-11.200000000001637
-11.200000000000728
-7.199999999993906
-11.200000000001637
-11.200000000000728
-7.199999999993679
-11.200000000001637
-11.200000000000728
-7.199999999993452
-11.200000000001637
-11.200000000000728
-7.199999999993224
-11.200000000001637
-11.200000000000728
-7.199999999992997
-11.200000000001637
-11.200000000000728
-7.1999999999927695
-11.200000000001637
-11.200000000000728
-7.199999999992542
-11.200000000001637
-11.200000000000728
-7.199999999992315
1.7999999999992724
-7.199999999992087
-7.199999999992087
-8.000000000001364
-7.19999999999186
-10.200000000000955
0.7999999999991587
-7.199999999991633
-7.199999999991633
-3.2000000000011823
-7.199999999991405
-7.199999999991405
-10.20000000000141
-7.200000000001296
-7.200000000000955
-11.200000000001296
-7.200000000000841
-7.1999999999909505
-10.000000000001364
-11.000000000000682
-7.199999999990723
-3.2000000000014097
-8.200000000000614
-7.199999999990496
0.7999999999992724
-8.200000000000614
-7.199999999990268
-3.200000000000955
-7.199999999990041
-7.199999999990041
-7.800000000000864
-7.199999999989814
-7.199999999989814
-6.200000000001069
-7.199999999989586
-7.199999999989586
-7.800000000000637
-7.800000000001091
-7.199999999989359
-0.20000000000095497
-7.1999999999891315
-7.1999999999891315
-4.2000000000005
-9.200000000001069
-7.199999999988904
2.1999999999997044
-10.800000000001205
-7.199999999988677
-10.800000000000182
-7.199999999988449
-7.199999999988449
3.7999999999988177
-11.200000000001182
-7.199999999988222
1.2000000000002728
-7.199999999987995
-7.199999999987995
-5.199999999999477
-7.199999999987767



The list of values average 

109.3001999999997
340.6205999999997
330.1145999999999
131.1625999999997
314.35019999999975
314.3493999999998
134.94739999999973
309.21999999999963
307.3985999999998
139.0331999999998
303.5201999999998
306.0879999999998
139.94879999999975
301.6877999999998
307.7763999999998
141.14959999999977
299.3465999999998
302.21179999999987
139.51459999999975
297.9643999999997
285.16179999999963
146.60479999999973
288.0379999999998
261.7879999999998
158.8631999999998
269.97859999999986
249.1905999999999
166.5551999999998
238.69899999999984
252.38579999999982
148.6493999999999
232.36399999999992
238.73879999999986
149.97279999999975
219.3739999999999
227.66439999999997
139.43639999999988
211.38339999999982
216.40799999999984
133.75759999999985
205.3601999999999
209.69819999999984
124.99919999999989
201.82779999999997
203.51039999999995
118.99439999999996
196.01179999999985
199.3949999999998
115.11239999999994
188.05619999999996
196.15179999999998
110.8198
186.29119999999992
191.20819999999995
106.40120000000005
183.8018000000001
187.1198
105.71280000000007
178.8108
183.21700000000007
103.79820000000004
176.15780000000007
182.53459999999993
100.97160000000001
174.38519999999997
181.21859999999998
99.89319999999996
172.35
179.29519999999997
95.70420000000001
170.82119999999998
176.62199999999996
95.24240000000003
169.22979999999998
175.15300000000005
93.47059999999996
168.44400000000007
175.12320000000008
92.46080000000003
166.51780000000008
173.92700000000008
92.09080000000006
166.14499999999995
172.4510000000001
90.35800000000003
164.71780000000004
172.21099999999998
89.67640000000009
162.90979999999996
170.83380000000005
89.14640000000011
163.48560000000006
169.64180000000013
87.25720000000007
162.61940000000016
169.8060000000002
87.03060000000013
161.70340000000013
169.44420000000022
87.05460000000015
160.71920000000017
169.08160000000018
86.15720000000017
160.40260000000018
168.2590000000002
86.11760000000021
160.43040000000025
166.99000000000026
85.53800000000024
159.1734000000002
167.07600000000033
84.13880000000033
159.58440000000036
166.45880000000037
84.52200000000033
159.30300000000042
165.61080000000035
83.81520000000042
159.1564000000004
165.9256000000004
83.18220000000046
157.58020000000045
165.92920000000058
82.98060000000052
158.1432000000006
164.96540000000059
82.87200000000057
157.66860000000062
164.84640000000064
82.8070000000006
156.94180000000065
164.7256000000007
82.12340000000061
156.88940000000065
164.24000000000066
81.86840000000072
157.21340000000072
163.31040000000075
81.76040000000073
156.9618000000008
164.34480000000076
81.20860000000084
156.3644000000009
163.66620000000086
80.66440000000087
156.7540000000009
163.37460000000087
81.14620000000093
156.16940000000093
163.14060000000094
80.83500000000095
155.922200000001
163.38340000000096
81.05820000000101
155.80180000000095
162.66780000000097
80.76700000000105
155.90180000000106
162.83600000000106
80.54340000000109
155.85420000000104
162.836400000001
80.14920000000109
155.17480000000103
162.94300000000115
80.28540000000113
154.8778000000011
162.59220000000116
80.37520000000113
155.07040000000114
162.0946000000011
80.54840000000115
155.04180000000116
162.70300000000114
80.51120000000115
154.82780000000128
162.1164000000012
80.13060000000121
154.85480000000123
162.66580000000124
80.15700000000119
154.7038000000012
162.28420000000122
80.48720000000122
154.73600000000124
161.93360000000123
80.22360000000128
154.5164000000012
161.95740000000126
79.99820000000133
154.5592000000013
161.85380000000129
80.03300000000131
154.31820000000138
161.8940000000013
80.12740000000133
154.80620000000135
162.1800000000014
80.01900000000137
154.44580000000133
161.5660000000013
79.78580000000136
154.82240000000138
161.82220000000143
80.08840000000141
154.49200000000135
161.54360000000133
80.29220000000136
154.7704000000014
161.53060000000147
80.06360000000137
154.63440000000145
161.86240000000134
80.02240000000143
154.71260000000146
162.03920000000141
80.16580000000147
154.50780000000142
162.06580000000145
80.27300000000146
154.9080000000015
162.01240000000155
80.37100000000149
154.89920000000146
161.97700000000148
80.29580000000145
155.12060000000156
161.95800000000156
80.68820000000152
155.1310000000015
162.17600000000158
80.49420000000148
155.35420000000158
162.71660000000162
80.84620000000153
155.57900000000154
162.16900000000157
81.27460000000158
155.9876000000016
162.78940000000168
81.29720000000165
155.91100000000168
163.41520000000165
82.16480000000168
156.59800000000175
164.4760000000017
83.02800000000173
158.46080000000174
165.36040000000176
85.66200000000177



The list of best values average 

-4.386000000000292
4.609999999999706
10.229999999999688
5.423999999999717
5.137999999999728
5.607999999999722
2.2699999999997513
4.437999999999779
6.589999999999708
2.8739999999997328
4.371999999999781
6.7479999999996565
3.4799999999997553
4.5559999999997975
5.68199999999967
3.3779999999997483
5.951999999999839
5.849999999999701
2.1279999999997594
5.6279999999998065
5.957999999999695
3.107999999999864
5.853999999999803
6.401999999999862
3.921999999999883
4.709999999999814
6.551999999999898
4.019999999999909
5.853999999999855
6.8099999999999214
4.253999999999872
5.123999999999871
7.4079999999998885
5.581999999999998
4.46800000000008
8.399999999999935
4.577999999999938
5.488000000000027
8.427999999999937
4.4599999999999715
5.513999999999931
8.228000000000005
5.3260000000000565
4.345999999999985
7.518000000000137
5.298000000000092
3.8300000000000565
8.351999999999988
4.732000000000034
4.442000000000082
8.322000000000045
4.524000000000034
3.9980000000001312
7.2260000000001945
3.9900000000001845
4.886000000000188
7.036000000000003
5.092000000000004
4.152000000000331
5.124000000000368
5.288000000000157
3.424000000000369
5.158000000000167
4.256000000000278
3.518000000000173
4.554000000000222
3.58800000000008
3.0420000000001877
3.9720000000003104
2.5380000000001806
3.3600000000002295
3.460000000000301
2.234000000000193
1.5020000000001221
3.1300000000001957
1.191999999999972
1.7120000000002085
1.5780000000000733
1.2780000000000058
-0.6179999999997469
1.5820000000002032
1.3999999999999089
-0.6279999999999096
1.6600000000002155
1.1359999999999566
-0.0019999999995252843
1.846000000000325
0.35600000000023774
-0.636000000000046
0.606000000000196
0.6699999999998864
-0.3799999999999215
1.0060000000005926
-0.3739999999998224
-1.12599999999974
1.2620000000003415
-1.098000000000189
-1.61599999999989
0.4380000000000975
-1.1180000000002634
-3.0220000000002245
0.2880000000002327
-1.635999999999915
-1.923999999999796
-0.3279999999998052
-1.4620000000000586
-2.0559999999999503
-0.20399999999992008
-2.4379999999994575
-1.2519999999995028
-0.05599999999990583
-2.3719999999999377
-1.3359999999997807
-0.9120000000000109
-2.0619999999998857
-1.3119999999993273
-2.1079999999996333
-3.253999999999482
-1.7059999999994784
-1.2039999999995177
-2.531999999999501
-3.2019999999996847
-0.43799999999961925
-2.7820000000002247
-2.711999999999158
-1.943999999999032
-2.999999999998764
-3.373999999999147
-2.8599999999996246
-3.4339999999995237
-3.7679999999992733
-1.7079999999991455
-4.353999999998862
-3.0779999999990735
-2.643999999999571
-3.865999999999203
-3.313999999998757
-2.9739999999990028
-3.823999999999095
-3.2619999999992157
-2.989999999999488
-4.817999999998894
-4.159999999998937
-2.7219999999986553
-5.513999999998985
-3.779999999998918
-3.2679999999992124
-4.907999999999133
-4.239999999998719
-4.063999999999117
-4.633999999998609
-4.025999999999388
-2.84999999999893
-4.663999999998891
-4.225999999999035
-3.7339999999983746
-4.503999999998756
-3.6919999999993403
-4.055999999999704
-4.589999999999079
-3.811999999998905
-3.2979999999990297
-5.011999999998575
-4.4599999999986535
-3.895999999999465
-5.103999999998835
-4.717999999998684
-3.765999999999384
-4.679999999998795
-4.673999999999052
-5.119999999999341
-5.029999999999282
-5.175999999998376
-3.8299999999987246
-4.887999999998812
-5.671999999998858
-4.987999999999122
-5.545999999999658
-5.273999999998595
-3.6499999999993493
-5.377999999999189
-5.057999999999235
-4.099999999999022
-5.013999999998662
-4.557999999999153
-4.647999999998686
-5.407999999999229
-4.813999999999129
-4.77399999999922
-4.949999999997932
-4.753999999998786
-4.701999999999459
-4.913999999998555
-5.265999999998772
-4.997999999999109
-5.26799999999828
-4.555999999998546
-4.609999999998615
-5.287999999998295
-5.3679999999989105
-4.469999999998897
-4.8739999999983326
-4.143999999997977
-4.179999999999183
-5.279999999998522
-5.139999999998997
-5.567999999999267
-5.447999999998912
-4.695999999998239
-5.147999999998603
-4.995999999998383
-4.603999999998479
-4.753999999999118
-4.995999999998163
-4.789999999998595
-4.059999999998338
-5.039999999998672
-5.4359999999987165
-4.031999999998894
-4.921999999998092
-5.425999999998933
-3.913999999999009
-4.917999999998095
-4.549999999998496
-3.9879999999985123
-4.367999999997521
-4.7239999999986795
-4.023999999998642
-4.763999999999163
-3.3859999999975785
-3.661999999998566
-4.153999999998682
-4.167999999997801
-3.6819999999984807
-5.0159999999979155
-4.093999999997379
-4.583999999998257
-3.8679999999982173
-3.5399999999985203
-3.8919999999984136
-4.299999999999264
-3.4819999999979205
-3.077999999998578
-3.227999999998493
-3.265999999998162
-1.4159999999987511
-1.9499999999980064
-1.109999999998189
-1.9819999999979523
-1.2959999999984428
