----------Report of simulation of Path Integral Quantum Monte Carlo-----------
The number of considered Spin 44
The considered Annealing Duration 440
The considered Annealing Number 100
The considered T 1.0
The considered Gamma0 1.0
The considered Number Of Replica 18
The solution found [ 1  1 -1  1 -1  1  1  1  1 -1  1 -1  1  1  1 -1  1  1  1  1  1  1 -1  1
 -1  1  1  1 -1 -1  1  1  1  1 -1 -1  1  1  1  1  1  1 -1  1]
The value found -38.200000000000614
The Success probability is 0.0
The average value is -38.03400000000037
The total execution time is 441.1614763736725
The average time for execution is 4.411612963676452
The average time for system update is 0.009998360579664058
The average time for replica update is 0.0005552564970772675
The average time for spin update is 1.2405125863843276e-05
The list of values found 

-38.20000000000052
-37.80000000000027
-38.20000000000036
-37.80000000000048
-38.000000000000334
-38.20000000000025
-38.20000000000038
-38.000000000000306
-38.20000000000028
-37.80000000000048
-37.800000000000466
-38.20000000000001
-38.000000000000284
-37.80000000000042
-38.2000000000003
-37.80000000000051
-38.200000000000244
-38.20000000000038
-37.80000000000045
-38.00000000000054
-37.8000000000005
-38.200000000000344
-37.800000000000416
-38.200000000000486
-38.20000000000038
-38.20000000000017
-38.20000000000025
-37.80000000000048
-38.20000000000028
-37.80000000000044
-37.80000000000058
-38.20000000000016
-38.20000000000033
-37.80000000000043
-38.20000000000052
-38.20000000000011
-38.200000000000415
-37.80000000000035
-37.80000000000049
-37.80000000000059
-37.800000000000495
-38.2000000000003
-38.200000000000244
-38.20000000000052
-37.800000000000374
-38.20000000000035
-38.200000000000315
-38.20000000000016
-37.80000000000043
-38.20000000000004
-37.80000000000048
-38.200000000000145
-38.2000000000002
-38.200000000000266
-38.2000000000005
-37.80000000000047
-38.20000000000018
-38.0000000000003
-38.00000000000026
-38.20000000000025
-38.2000000000004
-38.200000000000614
-37.800000000000274
-37.80000000000045
-37.80000000000036
-38.200000000000344
-38.20000000000025
-37.800000000000566
-38.20000000000055
-38.20000000000033
-38.200000000000344
-38.20000000000023
-38.20000000000001
-37.80000000000037
-37.80000000000051
-38.20000000000029
-37.80000000000055
-37.800000000000495
-38.20000000000041
-38.20000000000034
-37.800000000000566
-37.80000000000038
-38.20000000000059
-37.80000000000051
-38.20000000000015
-37.800000000000324
-37.800000000000495
-38.00000000000025
-38.20000000000053
-38.20000000000021
-37.80000000000047
-37.80000000000029
-38.200000000000095
-38.200000000000095
-38.20000000000047
-37.8000000000005
-38.20000000000023
-38.20000000000025
-37.80000000000047
-38.200000000000195



The list of values first execution 

3.638888888888632
9.833333333333078
-2.883333333333587
4.394444444444192
0.34444444444419375
2.511111111110861
-3.983333333333584
1.5722222222219693
-4.005555555555807
5.522222222221966
-7.327777777778028
3.772222222221965
-7.800000000000251
0.6333333333330816
-7.333333333333581
0.8611111111108638
-6.905555555555804
-4.677777777778031
-5.811111111111368
-5.105555555555814
-10.027777777778033
-3.2333333333335896
-10.294444444444695
-5.594444444444695
-11.155555555555809
-7.955555555555808
-2.6000000000002554
-3.1777777777780316
-2.127777777778032
-7.088888888889143
-4.6888888888891405
-6.427777777778033
-4.327777777778029
-8.233333333333587
-7.7333333333335865
-6.811111111111365
-5.73888888888914
-5.788888888889137
-6.038888888889139
-1.2666666666669173
-3.250000000000251
-4.805555555555803
-8.111111111111361
-7.644444444444698
-7.711111111111364
-4.500000000000251
-1.8277777777780315
-9.600000000000252
-2.2777777777780295
-8.727777777778023
-8.200000000000246
-2.3555555555558034
-10.911111111111357
-1.7666666666669129
-10.188888888889132
-8.033333333333578
-13.722222222222465
-8.494444444444689
-7.0833333333335755
-5.683333333333576
-10.388888888889129
-10.566666666666908
-12.27222222222246
-9.716666666666905
-11.422222222222462
-10.816666666666908
-15.122222222222462
-7.272222222222464
-11.60000000000024
-5.344444444444686
-12.855555555555792
-10.088888888889127
-13.833333333333574
-13.455555555555796
-10.550000000000242
-15.516666666666904
-12.31111111111135
-12.916666666666908
-8.716666666666907
-12.05000000000024
-9.705555555555797
-12.022222222222464
-13.988888888889134
-12.19444444444469
-12.533333333333577
-13.366666666666909
-9.327777777778023
-13.900000000000244
-8.027777777778022
-16.166666666666913
-13.316666666666908
-15.7555555555558
-16.200000000000248
-14.09444444444469
-15.32222222222247
-12.06111111111136
-16.844444444444694
-11.900000000000249
-13.288888888889137
-11.800000000000251
-14.644444444444694
-13.427777777778026
-9.938888888889139
-15.083333333333583
-8.644444444444694
-11.011111111111363
-15.344444444444697
-16.422222222222473
-14.677777777778024
-16.60000000000025
-15.188888888889133
-13.91111111111136
-20.311111111111362
-16.050000000000246
-11.144444444444693
-14.638888888889134
-13.027777777778024
-17.63333333333358
-14.411111111111353
-13.922222222222466
-15.2555555555558
-14.18333333333358
-18.216666666666903
-18.300000000000242
-19.022222222222457
-14.927777777778017
-11.866666666666909
-12.772222222222467
-13.122222222222465
-17.077777777778017
-15.955555555555797
-15.555555555555792
-15.394444444444682
-18.16111111111135
-16.500000000000238
-16.04444444444469
-17.805555555555795
-20.305555555555802
-19.18333333333358
-16.15000000000025
-17.855555555555807
-15.416666666666922
-15.238888888889143
-14.905555555555818
-16.816666666666922
-15.738888888889145
-11.450000000000257
-18.1444444444447
-16.844444444444697
-17.483333333333587
-15.827777777778032
-20.033333333333587
-18.011111111111365
-19.13333333333358
-17.22777777777803
-18.03333333333358
-19.1944444444447
-20.38888888888914
-17.611111111111356
-20.16666666666692
-16.311111111111366
-15.7944444444447
-16.861111111111367
-17.66666666666692
-17.78333333333359
-15.166666666666922
-16.85555555555581
-16.272222222222474
-18.588888888889144
-12.911111111111365
-17.677777777778033
-17.061111111111373
-15.616666666666926
-18.50555555555581
-17.472222222222477
-17.75555555555582
-18.538888888889147
-16.52777777777804
-14.838888888889146
-16.877777777778036
-19.76111111111137
-14.972222222222484
-21.561111111111373
-16.922222222222473
-18.005555555555812
-20.394444444444694
-16.755555555555805
-19.138888888889138
-16.150000000000254
-21.05000000000025
-20.233333333333587
-20.322222222222468
-16.905555555555807
-18.311111111111366
-16.738888888889136
-19.372222222222472
-14.538888888889138
-19.683333333333586
-20.772222222222467
-18.10000000000025
-19.238888888889136
-20.800000000000246
-20.622222222222476
-19.155555555555804
-21.26111111111136
-19.583333333333584
-19.86666666666692
-19.68888888888914
-21.083333333333584
-18.450000000000255
-21.383333333333585
-17.72222222222247
-18.794444444444693
-20.91111111111136
-21.48333333333359
-19.10000000000025
-21.605555555555807
-18.750000000000245
-23.244444444444696
-20.76111111111136
-22.477777777778027
-21.305555555555813
-19.677777777778026
-20.733333333333587
-19.388888888889134
-21.96666666666691
-22.216666666666914
-19.23888888888914
-19.78888888888914
-20.144444444444694
-20.90000000000025
-18.638888888889134
-17.31666666666692
-20.027777777778024
-16.05555555555581
-24.044444444444693
-20.21666666666691
-22.094444444444697
-21.794444444444697
-17.166666666666917
-21.716666666666914
-22.150000000000247
-18.12777777777803
-21.82222222222247
-19.888888888889138
-23.122222222222476
-23.26666666666691
-21.894444444444694
-21.455555555555804
-20.17777777777803
-21.98333333333358
-24.088888888889137
-20.372222222222476
-23.927777777778033
-17.07222222222247
-23.066666666666915
-19.65000000000025
-20.0444444444447
-22.050000000000257
-21.95000000000025
-22.144444444444694
-22.50555555555581
-23.355555555555814
-21.605555555555817
-20.96666666666692
-22.91111111111137
-22.577777777778042
-22.01111111111137
-17.16666666666693
-22.700000000000262
-20.166666666666927
-20.02222222222249
-19.188888888889153
-20.783333333333598
-19.72222222222248
-18.538888888889158
-20.53888888888915
-23.000000000000266
-23.85555555555582
-23.605555555555817
-25.866666666666926
-21.722222222222484
-21.75555555555582
-18.588888888889144
-20.916666666666927
-20.80555555555582
-21.177777777778044
-16.62777777777804
-21.33333333333359
-21.594444444444704
-23.70555555555582
-22.377777777778036
-20.3333333333336
-21.1833333333336
-19.733333333333597
-20.438888888889146
-23.48888888888915
-19.583333333333595
-20.250000000000266
-18.766666666666936
-23.33888888888915
-20.972222222222488
-22.85000000000026
-20.277777777778045
-21.488888888889157
-20.988888888889154
-23.77222222222249
-21.433333333333596
-20.26666666666693
-22.050000000000267
-24.21111111111138
-22.883333333333596
-25.333333333333602
-24.672222222222487
-23.311111111111373
-21.29444444444471
-19.127777777778043
-23.994444444444714
-21.305555555555827
-21.305555555555824
-20.766666666666936
-23.183333333333604
-20.82777777777805
-21.866666666666944
-22.861111111111384
-21.383333333333606
-22.166666666666938
-22.127777777778057
-23.033333333333605
-22.527777777778052
-21.772222222222503
-26.04444444444472
-19.405555555555836
-21.13888888888917
-19.7222222222225
-22.916666666666945
-21.122222222222508
-22.666666666666956
-19.833333333333623
-21.333333333333623
-22.83888888888917
-21.100000000000293
-23.98888888888917
-24.205555555555847
-21.466666666666956
-25.24444444444474
-23.383333333333624
-23.183333333333632
-21.766666666666964
-22.58333333333363
-20.27222222222252
-24.42222222222252
-20.76666666666697
-21.344444444444743
-19.82777777777808
-23.033333333333637
-21.961111111111418
-21.75555555555586
-20.67777777777808
-22.57777777777808
-21.4500000000003
-25.044444444444743
-22.111111111111406
-25.716666666666963
-23.950000000000298
-23.594444444444743
-21.066666666666965
-20.74444444444475
-19.71111111111141
-23.444444444444756
-24.60000000000031
-21.99444444444475
-25.150000000000308
-24.772222222222528
-22.57777777777808
-22.26111111111142
-19.444444444444756
-18.911111111111424
-22.855555555555867
-20.155555555555864
-24.388888888889205
-22.511111111111422
-21.444444444444756
-21.30555555555587
-21.933333333333653
-24.76111111111143
-20.79444444444476
-22.750000000000316
-24.98333333333365
-21.338888888889212
-25.122222222222543
-18.977777777778098
-21.561111111111437
-21.2777777777781
-22.93888888888921
-21.544444444444768
-22.650000000000333
-21.522222222222556
-22.533333333333665
-25.177777777778104
-24.411111111111442
-21.61111111111144
-18.300000000000328
-23.766666666666996
-24.85555555555589
-24.938888888889224
-23.133333333333667
-25.266666666667007
-22.594444444444783
-23.800000000000338
-25.366666666667
-22.766666666667007
-23.600000000000342
-17.916666666667005
-24.06111111111145
-22.266666666667007
-25.79444444444479
-21.56111111111145
-23.23888888888923
-21.483333333333672
-21.577777777778113
-23.972222222222562
-23.322222222222564
-22.538888888889236
-25.072222222222575
-23.53888888888924
-23.927777777778125
-20.3055555555559
-20.311111111111455
-25.01666666666702
-22.666666666667016
-23.933333333333685
-20.733333333333682
-21.733333333333682
-24.716666666667017
-22.91666666666702
-23.04444444444479
-23.100000000000346
-25.855555555555906
-20.98888888888924



The list of best values first execution 

-25.60000000000025
-15.000000000000263
-21.70000000000025
-18.000000000000227
-25.600000000000236
-19.90000000000027
-29.10000000000025
-20.70000000000026
-27.90000000000026
-21.200000000000244
-29.10000000000022
-23.300000000000246
-26.30000000000028
-28.800000000000274
-23.900000000000233
-19.80000000000021
-24.70000000000021
-25.90000000000022
-23.30000000000024
-33.60000000000024
-25.000000000000277
-25.00000000000025
-24.70000000000025
-24.400000000000254
-24.7000000000003
-23.100000000000286
-22.70000000000023
-18.300000000000217
-25.50000000000022
-26.40000000000029
-37.00000000000029
-20.70000000000026
-22.700000000000237
-19.30000000000024
-26.800000000000217
-22.600000000000236
-24.200000000000202
-24.30000000000021
-29.600000000000186
-24.2000000000003
-25.200000000000216
-19.100000000000264
-23.300000000000274
-17.200000000000266
-24.600000000000257
-16.900000000000254
-21.90000000000027
-22.700000000000294
-20.60000000000023
-25.200000000000216
-37.20000000000023
-23.200000000000216
-28.200000000000323
-15.600000000000264
-23.40000000000024
-18.500000000000185
-29.100000000000243
-21.30000000000024
-27.300000000000253
-29.60000000000025
-29.900000000000297
-29.700000000000095
-27.200000000000273
-21.30000000000031
-30.900000000000198
-22.900000000000155
-26.400000000000276
-28.800000000000217
-26.300000000000182
-25.200000000000145
-27.50000000000025
-25.200000000000237
-31.80000000000028
-30.30000000000026
-30.90000000000026
-31.700000000000223
-29.200000000000216
-27.700000000000237
-25.70000000000023
-30.000000000000263
-24.20000000000025
-26.800000000000225
-30.900000000000297
-32.00000000000026
-26.100000000000257
-32.50000000000028
-28.5000000000002
-35.400000000000276
-27.40000000000031
-37.00000000000026
-27.800000000000217
-28.10000000000027
-28.200000000000244
-27.300000000000296
-32.30000000000028
-29.500000000000263
-30.300000000000253
-27.80000000000026
-24.200000000000145
-30.400000000000276
-28.900000000000198
-31.600000000000264
-28.100000000000257
-32.90000000000024
-24.10000000000023
-29.200000000000273
-24.800000000000303
-32.30000000000026
-34.80000000000024
-28.300000000000303
-34.300000000000246
-28.500000000000234
-33.80000000000026
-30.900000000000276
-28.60000000000018
-30.400000000000276
-29.50000000000024
-27.40000000000019
-25.400000000000283
-28.600000000000215
-30.10000000000027
-27.400000000000297
-31.300000000000196
-28.000000000000234
-33.30000000000021
-26.800000000000196
-32.30000000000025
-27.40000000000024
-27.600000000000207
-33.50000000000026
-26.400000000000148
-25.800000000000146
-32.500000000000234
-34.80000000000027
-27.600000000000257
-30.900000000000205
-33.50000000000033
-29.900000000000283
-32.40000000000028
-27.600000000000215
-30.200000000000166
-31.200000000000223
-25.0000000000002
-31.700000000000237
-34.300000000000324
-31.500000000000192
-30.500000000000213
-29.900000000000325
-25.2000000000003
-28.900000000000254
-31.300000000000324
-31.2000000000003
-29.600000000000207
-32.600000000000335
-34.40000000000032
-26.300000000000246
-29.90000000000019
-29.700000000000216
-33.900000000000254
-31.600000000000186
-32.300000000000324
-31.30000000000019
-27.2000000000003
-34.300000000000196
-33.1000000000002
-35.200000000000266
-30.700000000000195
-29.60000000000037
-33.90000000000013
-31.30000000000029
-30.90000000000032
-32.6000000000002
-31.70000000000026
-29.600000000000293
-29.000000000000227
-32.500000000000256
-37.80000000000024
-31.400000000000254
-31.100000000000342
-29.300000000000303
-32.900000000000084
-29.000000000000178
-30.30000000000026
-32.10000000000028
-34.800000000000345
-34.60000000000028
-28.60000000000028
-28.90000000000029
-32.90000000000019
-32.60000000000031
-30.30000000000029
-35.20000000000024
-34.300000000000274
-35.20000000000033
-35.60000000000027
-34.80000000000034
-28.20000000000028
-31.10000000000035
-32.400000000000226
-34.300000000000296
-33.800000000000296
-37.80000000000018
-29.000000000000227
-32.900000000000276
-34.10000000000029
-28.90000000000031
-32.500000000000306
-34.20000000000019
-30.900000000000304
-33.90000000000023
-30.80000000000023
-35.20000000000023
-32.40000000000029
-30.300000000000296
-33.80000000000029
-33.100000000000186
-35.20000000000044
-31.500000000000213
-34.60000000000013
-37.80000000000029
-36.000000000000334
-35.60000000000031
-30.300000000000217
-35.00000000000028
-26.900000000000304
-36.000000000000135
-33.900000000000134
-34.200000000000266
-32.900000000000254
-32.500000000000256
-30.90000000000027
-31.099999999999994
-30.800000000000253
-33.30000000000025
-34.80000000000026
-34.60000000000037
-35.20000000000009
-30.000000000000462
-33.300000000000374
-27.700000000000294
-36.0000000000003
-36.600000000000236
-31.30000000000016
-33.5000000000004
-33.90000000000048
-36.00000000000025
-32.60000000000017
-32.10000000000007
-36.79999999999998
-32.200000000000074
-29.50000000000029
-34.30000000000027
-32.800000000000324
-35.60000000000023
-32.90000000000037
-30.300000000000303
-29.500000000000306
-30.70000000000033
-31.40000000000022
-37.400000000000276
-36.999999999999964
-33.89999999999996
-31.300000000000324
-32.90000000000022
-31.60000000000028
-30.700000000000408
-33.50000000000011
-30.7000000000003
-29.000000000000362
-33.50000000000023
-30.29999999999996
-32.700000000000266
-31.79999999999997
-30.900000000000304
-31.800000000000097
-33.50000000000021
-32.70000000000046
-32.9000000000004
-34.30000000000033
-34.20000000000022
-37.39999999999995
-34.79999999999995
-35.200000000000216
-29.900000000000283
-31.299999999999955
-33.500000000000405
-33.50000000000027
-29.59999999999996
-31.70000000000035
-33.900000000000205
-33.90000000000036
-37.40000000000036
-28.000000000000362
-32.900000000000304
-33.400000000000226
-33.900000000000496
-32.80000000000034
-33.90000000000029
-31.500000000000256
-30.10000000000033
-34.80000000000034
-34.80000000000026
-32.50000000000031
-30.80000000000038
-33.50000000000001
-29.000000000000313
-34.100000000000506
-30.000000000000277
-32.9000000000005
-30.400000000000254
-36.00000000000011
-34.400000000000226
-34.2000000000005
-36.60000000000021
-34.30000000000031
-36.40000000000022
-30.400000000000198
-32.90000000000011
-31.800000000000118
-31.700000000000195
-30.00000000000027
-33.50000000000022
-33.10000000000026
-37.00000000000027
-33.300000000000296
-34.300000000000026
-34.400000000000276
-31.900000000000354
-34.80000000000013
-32.90000000000027
-34.20000000000012
-33.90000000000018
-31.900000000000126
-32.900000000000254
-27.600000000000406
-34.200000000000244
-30.500000000000263
-37.00000000000037
-30.30000000000026
-34.00000000000026
-32.50000000000038
-30.40000000000026
-35.000000000000284
-34.000000000000234
-35.20000000000039
-37.4000000000003
-31.300000000000395
-32.50000000000042
-35.2000000000002
-33.10000000000034
-32.50000000000017
-34.800000000000274
-33.50000000000026
-30.800000000000274
-31.100000000000392
-33.50000000000033
-35.60000000000012
-30.700000000000415
-34.40000000000003
-37.400000000000134
-32.30000000000036
-34.00000000000029
-32.50000000000048
-36.20000000000042
-32.900000000000276
-36.80000000000051
-37.00000000000042
-33.90000000000031
-31.90000000000027
-31.5000000000003
-37.40000000000031
-36.400000000000404
-37.40000000000025
-34.60000000000028
-32.900000000000404
-37.40000000000052
-30.30000000000024
-31.300000000000303
-32.70000000000007
-37.00000000000009
-37.00000000000042
-34.400000000000425
-33.20000000000042
-34.20000000000042
-37.400000000000254
-36.6000000000001
-35.200000000000344
-31.400000000000382
-37.80000000000038
-36.40000000000008
-36.800000000000296
-30.40000000000046
-34.30000000000007
-37.00000000000047
-32.50000000000041
-38.20000000000052
-32.60000000000033
-29.90000000000048
-32.500000000000426
-34.80000000000029
-33.10000000000052
-32.10000000000015
-30.700000000000337
-34.60000000000046
-37.400000000000524
-35.60000000000014
-33.90000000000015
-33.90000000000037
-34.300000000000345
-35.40000000000035
-36.80000000000013
-33.5000000000003
-37.20000000000028
-30.000000000000362
-34.80000000000012
-34.30000000000028
-34.80000000000031
-32.900000000000304
-34.0000000000004
-37.20000000000033
-33.9000000000004
-37.000000000000135
-37.400000000000354
-32.100000000000136
-37.0000000000004
-37.800000000000296
-32.1000000000003
-33.50000000000038
-34.100000000000406
-32.900000000000304
-35.20000000000031
-32.500000000000156
-29.400000000000404
-36.00000000000044
-36.60000000000037
-32.50000000000013
-32.80000000000014
-36.20000000000046
-37.00000000000024
-32.90000000000015



The list of values average 

-0.6381666666669183
10.835277777777524
-2.053444444444696
5.909055555555303
-2.69927777777803
3.1608333333330805
-2.9526666666669166
0.8341111111108599
-2.8022777777780288
-0.4583888888891395
-3.1910555555558062
-1.593333333333583
-3.1444444444446926
-2.468833333333583
-3.3347222222224704
-2.868555555555805
-3.575944444444693
-3.6013333333335824
-4.01522222222247
-3.8992777777780265
-4.036611111111358
-3.954222222222469
-4.085833333333579
-4.627166666666914
-4.779666666666914
-4.60372222222247
-5.516555555555799
-4.9641666666669115
-5.471111111111357
-5.3373333333335795
-5.383944444444691
-5.877055555555801
-5.961055555555802
-6.048388888889134
-6.413055555555799
-6.356555555555801
-6.5262777777780245
-6.176111111111356
-6.545055555555798
-6.131833333333575
-6.7111666666669105
-6.900833333333576
-6.777500000000242
-7.425500000000243
-7.645888888889132
-7.721000000000243
-7.464722222222462
-7.853055555555798
-7.83688888888913
-8.049166666666908
-7.8721666666669075
-7.929555555555794
-8.3920555555558
-8.106777777778017
-8.711277777778013
-8.500333333333572
-8.925666666666906
-8.980555555555796
-8.977666666666908
-9.492166666666904
-9.551333333333579
-9.659111111111352
-9.50361111111135
-9.684500000000238
-9.763611111111349
-10.09166666666691
-10.078888888889129
-10.026111111111357
-10.283277777778016
-10.268666666666908
-10.888722222222459
-10.828111111111355
-10.900166666666902
-10.368833333333574
-10.687000000000237
-11.184277777778014
-10.975166666666906
-11.22811111111135
-11.23772222222246
-11.186444444444687
-11.44933333333357
-11.33238888888912
-11.585777777778016
-11.985833333333575
-11.605055555555793
-11.85900000000024
-11.949888888889129
-12.224000000000238
-12.264000000000243
-12.832277777778021
-12.43400000000024
-12.665944444444683
-12.491333333333568
-12.954111111111347
-12.860222222222463
-12.758055555555794
-12.56477777777801
-13.085944444444685
-13.25922222222246
-12.964777777778018
-13.589666666666908
-13.379888888889125
-13.72172222222246
-13.468833333333565
-14.010333333333564
-13.608388888889126
-13.847888888889129
-14.095222222222464
-13.968777777778014
-14.033333333333575
-14.16427777777802
-14.347777777778015
-14.326944444444683
-14.583888888889124
-14.366833333333577
-14.76127777777802
-14.667388888889128
-14.951611111111355
-14.976833333333573
-15.06655555555579
-15.189055555555793
-15.728388888889127
-14.898611111111354
-15.476166666666902
-15.079000000000239
-15.364666666666905
-15.163444444444693
-15.213222222222466
-15.128611111111347
-15.411722222222462
-15.562111111111347
-15.801277777778024
-15.7150555555558
-15.91627777777802
-15.750444444444689
-15.98833333333358
-16.05877777777802
-16.28172222222247
-15.929944444444688
-16.21961111111135
-15.922500000000241
-16.304722222222463
-16.39722222222247
-16.623944444444682
-16.314944444444684
-16.853500000000242
-16.416722222222464
-16.5440555555558
-16.86238888888913
-16.976277777778016
-16.748055555555798
-17.10444444444469
-17.154500000000244
-17.558111111111355
-17.081611111111357
-17.278277777778026
-17.188000000000244
-17.603166666666915
-16.95700000000025
-17.336722222222463
-17.48772222222246
-17.721555555555792
-17.383722222222474
-17.516111111111357
-17.217944444444694
-17.784166666666916
-17.370500000000256
-17.682277777778022
-17.740444444444698
-17.799888888889136
-17.67900000000025
-18.246944444444694
-17.648444444444703
-18.18600000000025
-17.981944444444697
-18.20122222222247
-18.40061111111136
-18.23072222222247
-18.331222222222483
-17.963944444444692
-18.293500000000243
-18.354944444444698
-18.41833333333358
-18.657666666666927
-18.476055555555803
-18.671166666666917
-18.524388888889145
-18.755166666666923
-18.543444444444695
-18.814444444444693
-18.911111111111374
-18.94844444444469
-19.065666666666914
-18.613000000000262
-18.81961111111137
-19.105555555555807
-18.99238888888916
-19.002555555555812
-19.35216666666692
-19.227666666666927
-18.96138888888915
-19.2739444444447
-19.369722222222475
-19.242888888889148
-19.252944444444704
-19.22422222222248
-19.433611111111365
-19.696388888889146
-19.444333333333603
-19.44450000000027
-19.698166666666932
-19.291333333333583
-19.453555555555813
-19.802611111111375
-19.62061111111137
-19.611666666666927
-19.90283333333361
-19.458055555555827
-19.6823333333336
-19.67916666666693
-19.97811111111137
-19.855388888889145
-20.014055555555814
-19.9682222222225
-19.981388888889153
-19.685444444444713
-20.06922222222249
-20.102277777778042
-20.01861111111138
-20.33338888888915
-20.278055555555813
-20.086555555555826
-20.179944444444708
-20.009944444444713
-20.1347222222225
-20.265611111111372
-20.38472222222249
-20.449500000000263
-20.19900000000027
-20.36322222222249
-19.907944444444706
-20.380888888889142
-20.37600000000028
-20.74461111111138
-20.142000000000273
-20.37666666666694
-20.528666666666936
-20.64127777777805
-20.607111111111386
-20.389777777778047
-20.695222222222487
-20.761388888889158
-20.65694444444472
-20.902777777778063
-20.578388888889165
-20.864055555555833
-20.560666666666936
-20.65833333333361
-20.8532222222225
-20.626444444444722
-20.825777777778057
-20.542666666666946
-21.196388888889164
-20.90894444444471
-20.610666666666944
-20.62216666666694
-20.951555555555842
-20.91344444444473
-20.860277777778066
-21.105333333333608
-21.098944444444715
-20.88283333333361
-21.04255555555584
-21.080777777778053
-21.219888888889177
-21.198444444444732
-21.08883333333361
-21.246500000000285
-21.039611111111395
-21.47477777777805
-21.182611111111385
-21.23966666666695
-21.102833333333606
-21.04238888888918
-21.03744444444473
-21.25916666666695
-20.964277777778058
-20.93605555555584
-21.053333333333626
-21.217111111111393
-21.292611111111402
-21.116722222222517
-21.156055555555835
-21.632888888889173
-21.732000000000287
-21.60188888888917
-21.686444444444728
-21.491944444444744
-21.901388888889183
-21.618277777778065
-21.58916666666695
-21.991833333333634
-21.69038888888917
-21.64927777777807
-21.55533333333362
-21.831055555555835
-21.66288888888918
-21.488444444444728
-21.313555555555855
-21.587444444444735
-21.428777777778066
-21.657888888889186
-21.516222222222517
-21.3265000000003
-21.190111111111413
-21.559555555555864
-21.663500000000294
-21.954500000000298
-21.806000000000292
-21.96194444444474
-21.656111111111404
-21.633222222222514
-21.840388888889198
-21.792666666666957
-22.05927777777807
-21.960833333333643
-22.192500000000297
-22.271277777778078
-22.090611111111425
-22.186777777778083
-21.88244444444475
-21.87916666666698
-21.777000000000296
-21.838500000000305
-21.74950000000031
-21.842166666666966
-22.02366666666697
-22.12350000000031
-22.220666666666975
-22.270166666666977
-22.232888888889192
-21.9490000000003
-21.997277777778088
-21.94205555555588
-22.013000000000304
-21.963611111111423
-22.19400000000032
-21.932111111111436
-22.045500000000306
-22.06038888888921
-22.058500000000308
-22.344277777778093
-22.013722222222537
-22.043388888889204
-22.07188888888921
-22.128333333333654
-22.457944444444763
-22.19688888888921
-22.443000000000307
-22.39500000000032
-22.190388888889213
-22.119833333333656
-22.205111111111435
-22.14550000000031
-22.61372222222254
-22.141888888889213
-22.662666666666976
-22.666111111111434
-22.505666666666993
-22.618222222222553
-22.610944444444765
-22.560222222222553
-22.37400000000033
-22.52761111111143
-22.650277777778104
-22.640000000000324
-22.333611111111427
-22.44822222222254
-22.166555555555885
-22.540888888889214
-22.39466666666699
-22.345277777778104
-22.521777777778105
-22.403611111111445
-22.104055555555878
-22.55972222222256
-22.132611111111434
-22.631888888889215
-22.539222222222545
-22.326944444444766
-22.22094444444476
-22.504111111111435
-22.792333333333662
-22.537888888889224
-22.685277777778108
-22.398833333333666
-22.72438888888922
-22.464722222222562
-22.72361111111144
-22.906166666667005
-22.838166666666996
-22.629944444444785
-22.569111111111454
-22.342055555555895
-22.475166666667008
-22.913666666667005
-22.48455555555589
-22.711000000000332
-22.8050555555559
-22.659833333333676
-22.634111111111444
-22.564055555555903
-22.92400000000034
-22.712444444444778
-22.618111111111457
-22.55211111111146
-22.654722222222546
-22.599444444444785
-22.864666666667013
-22.802277777778123
-22.526833333333688
-22.54872222222256
-22.724555555555902
-22.6280555555559
-22.943611111111462
-22.748000000000353
-22.855833333333678
-22.567333333333675
-22.694500000000353
-22.797722222222582
-22.49005555555591
-22.938000000000354
-22.490222222222574
-22.70772222222256
-22.894555555555904
-22.83044444444479
-23.16116666666701
-22.858777777778123
-23.153444444444798
-22.865722222222576



The list of best values average 

-22.11700000000025
-18.239000000000246
-23.426000000000233
-19.96800000000025
-23.82300000000024
-20.823000000000253
-23.387000000000246
-21.79400000000025
-24.057000000000244
-21.957000000000257
-23.44300000000025
-23.04200000000024
-22.93000000000023
-23.281000000000244
-23.701000000000246
-23.77100000000024
-24.04700000000025
-23.503000000000252
-23.880000000000248
-24.94200000000024
-24.057000000000247
-23.845000000000258
-23.914000000000254
-24.28100000000024
-24.00700000000026
-23.74500000000024
-24.835000000000235
-23.81700000000024
-24.83200000000024
-24.12900000000024
-24.92100000000023
-24.870000000000243
-25.063000000000265
-25.12400000000025
-25.412000000000234
-24.52800000000026
-25.49300000000024
-24.156000000000247
-25.558000000000252
-25.19000000000024
-25.048000000000236
-25.356000000000257
-25.29000000000026
-25.88400000000023
-25.790000000000237
-25.82700000000024
-26.218000000000245
-25.25300000000024
-25.484000000000258
-25.896000000000235
-26.248000000000246
-26.273000000000234
-26.550000000000235
-25.89800000000024
-26.281000000000244
-26.97500000000025
-26.423000000000226
-25.91600000000024
-26.337000000000252
-27.33500000000024
-26.85900000000024
-26.634000000000256
-26.746000000000258
-27.246000000000237
-26.671000000000237
-26.33700000000023
-27.245000000000232
-27.007000000000243
-26.99400000000024
-27.03500000000025
-27.75400000000022
-27.563000000000233
-27.750000000000234
-27.604000000000234
-27.776000000000234
-28.33400000000024
-27.413000000000242
-27.712000000000245
-28.439000000000238
-27.53100000000024
-27.697000000000227
-28.10200000000023
-28.19700000000022
-27.624000000000237
-28.11100000000024
-27.812000000000253
-27.935000000000247
-28.54000000000025
-28.67900000000024
-28.605000000000235
-28.26900000000023
-28.176000000000236
-28.30100000000024
-28.677000000000234
-28.895000000000252
-28.266000000000236
-28.138000000000254
-28.91700000000023
-28.48500000000025
-28.999000000000226
-29.290000000000223
-28.77300000000023
-28.650000000000254
-29.304000000000237
-29.30800000000023
-29.387000000000246
-29.24000000000022
-29.27400000000024
-29.03200000000023
-28.637000000000242
-29.73200000000026
-29.00500000000024
-29.54500000000024
-30.181000000000235
-29.470000000000255
-29.41500000000023
-29.88500000000021
-30.050000000000242
-30.203000000000234
-30.27600000000024
-30.058000000000238
-29.468000000000256
-30.45800000000022
-30.463000000000253
-30.48100000000023
-29.708000000000247
-29.839000000000233
-30.026000000000252
-29.729000000000234
-30.41600000000025
-29.741000000000245
-30.41800000000023
-30.01000000000026
-29.985000000000273
-29.99200000000025
-29.74100000000025
-30.168000000000248
-30.162000000000255
-30.35000000000023
-30.24300000000024
-30.610000000000234
-30.075000000000248
-30.686000000000256
-30.73000000000024
-30.276000000000234
-30.254000000000232
-30.65900000000024
-30.791000000000235
-30.50700000000024
-30.737000000000233
-30.309000000000243
-30.612000000000243
-30.851000000000248
-31.137000000000246
-30.777000000000243
-31.67700000000024
-31.11900000000023
-31.13600000000024
-30.255000000000233
-30.946000000000243
-31.082000000000242
-30.85500000000023
-30.686000000000252
-30.790000000000237
-31.085000000000257
-31.333000000000247
-30.61500000000027
-31.372000000000273
-31.211000000000233
-31.644000000000243
-31.09100000000025
-31.679000000000247
-31.07000000000025
-31.564000000000238
-31.386000000000262
-31.52900000000025
-31.684000000000243
-31.34200000000025
-31.707000000000253
-31.42300000000026
-31.61300000000024
-31.508000000000273
-31.018000000000264
-31.493000000000237
-31.72500000000026
-31.420000000000254
-31.568000000000243
-31.45000000000026
-31.275000000000265
-31.62000000000024
-31.912000000000234
-31.80300000000025
-31.970000000000276
-31.618000000000258
-32.11500000000026
-31.95800000000026
-31.605000000000256
-31.99100000000024
-31.780000000000232
-31.81600000000025
-31.788000000000235
-32.21700000000026
-31.95000000000024
-31.797000000000256
-32.06400000000022
-32.19300000000025
-32.33500000000025
-31.996000000000265
-32.19700000000028
-32.20200000000029
-32.24300000000025
-31.978000000000257
-32.04000000000027
-32.39500000000026
-31.748000000000285
-32.64000000000026
-32.33800000000027
-31.82200000000025
-32.36400000000028
-32.28400000000026
-32.549000000000255
-32.09400000000027
-32.70300000000027
-32.53700000000026
-32.399000000000264
-33.04900000000027
-32.57300000000026
-32.39400000000026
-32.15000000000028
-32.681000000000274
-32.968000000000266
-33.00800000000027
-32.17400000000028
-32.524000000000285
-32.19600000000028
-32.512000000000256
-32.693000000000254
-32.67100000000028
-32.23800000000028
-32.280000000000285
-32.391000000000304
-32.532000000000245
-32.28900000000026
-32.79800000000027
-32.10900000000027
-32.622000000000256
-32.459000000000266
-33.02100000000027
-32.739000000000246
-32.32300000000027
-32.494000000000284
-32.74200000000028
-33.17800000000027
-32.46300000000026
-32.72800000000026
-32.783000000000285
-33.165000000000276
-32.5730000000003
-32.85200000000028
-32.83600000000026
-33.22700000000028
-32.604000000000276
-33.044000000000295
-32.877000000000265
-32.40600000000029
-32.79900000000029
-32.940000000000275
-33.10800000000029
-32.7740000000003
-33.27700000000028
-33.34800000000029
-32.55700000000027
-33.16400000000026
-33.097000000000286
-33.43500000000028
-33.03800000000028
-32.76100000000029
-33.57800000000027
-33.284000000000276
-33.16300000000027
-33.248000000000275
-33.249000000000265
-32.889000000000294
-32.75100000000028
-33.23500000000027
-33.39100000000028
-32.97900000000029
-32.92900000000027
-33.11400000000029
-33.13400000000026
-32.777000000000285
-32.82000000000029
-33.116000000000305
-33.5830000000003
-33.0440000000003
-33.29700000000029
-33.54200000000031
-33.41200000000028
-33.373000000000296
-33.43000000000029
-33.30600000000028
-33.71900000000028
-33.698000000000306
-33.2440000000003
-33.22300000000031
-33.446000000000275
-33.60600000000029
-32.83600000000031
-32.7630000000003
-33.242000000000296
-33.118000000000315
-33.64000000000034
-33.5090000000003
-32.943000000000275
-33.147000000000304
-32.765000000000306
-33.2620000000003
-33.44500000000029
-33.347000000000314
-33.59500000000029
-33.40600000000032
-33.229000000000305
-33.15800000000033
-33.67900000000031
-33.4620000000003
-33.73700000000028
-33.474000000000295
-33.40300000000032
-33.7000000000003
-33.519000000000304
-33.30200000000028
-33.79800000000033
-33.3480000000003
-33.21100000000029
-33.54000000000032
-33.52700000000028
-33.20800000000029
-33.4900000000003
-33.740000000000315
-34.00600000000029
-33.96500000000033
-33.49400000000028
-33.2400000000003
-33.09600000000031
-33.3150000000003
-33.73300000000032
-33.59500000000032
-33.352000000000295
-33.28200000000032
-33.579000000000306
-33.30800000000032
-33.3750000000003
-33.58200000000031
-33.41900000000031
-33.490000000000315
-33.601000000000305
-33.660000000000316
-33.55400000000033
-33.36300000000029
-34.282000000000316
-33.72900000000031
-33.59100000000031
-33.91200000000032
-33.9670000000003
-33.77600000000031
-33.52100000000032
-33.85400000000033
-34.035000000000295
-33.932000000000315
-33.93700000000035
-33.94700000000032
-34.05500000000034
-33.257000000000296
-33.82900000000033
-33.98400000000032
-33.7860000000003
-33.84300000000032
-33.67700000000033
-33.6230000000003
-34.01500000000031
-34.05800000000033
-33.70400000000032
-34.04700000000031
-33.847000000000335
-33.450000000000344
-33.791000000000324
-33.416000000000324
-33.81700000000033
-33.84400000000032
-33.96900000000034
-33.822000000000344
-33.643000000000356
-34.3420000000003
-33.734000000000314
-33.94400000000033
-33.72400000000035
-33.67700000000034
-33.612000000000315
-34.03600000000032
-34.37600000000034
-33.68600000000032
-33.69500000000032
-33.53100000000032
-33.99600000000034
-33.94200000000034
-34.309000000000346
-33.817000000000306
-33.84700000000034
-33.971000000000345
-34.189000000000334
-33.91000000000035
-33.59900000000033
-34.23600000000036
-33.696000000000346
-33.70300000000033
-34.152000000000335
-34.412000000000326
-33.82600000000034
-34.34700000000033
-33.93200000000034
-33.771000000000335
-33.95900000000036
-34.18600000000035
-33.61200000000034
-33.943000000000346
-34.01300000000034
-34.01300000000036
-33.62700000000035
-34.01400000000036
-33.88000000000034
-34.11100000000038
-34.15500000000034
-33.886000000000365
-33.690000000000346
-33.95900000000037
-33.84200000000037
-34.34600000000036
-33.45800000000035
-34.28100000000036
-33.833000000000354
