----------Report of simulation of Quantum Parallel Tempering - Population Annealing v1-----------
The number of considered Spin36
The considered Annealing Duration 360
The considered Annealing Number 100
The considered T 1.0
The considered Gamma0 1.0
The considered Number Of Replica 3
The considered Number Of System Tempering 3
The considered Number Of System Population 3
The solution found [ 1. -1. -1.  1.  1. -1. -1.  1.  1. -1. -1.  1.  1. -1. -1.  1.  1. -1.
 -1.  1.  1. -1. -1.  1.  1. -1. -1.  1.  1. -1. -1.  1.  1. -1. -1.  1.]
The value found -28.8000000000001
The Success probability is 0.0
The average value is -28.800000000000068
The total execution time is 353.1220860481262
The average time for execution is 3.5312194538116457
The average time for all systems update is 0.009772036612033843
The average time for system tempering update is 0.0013039689969133448
The average time for system population update is 205.69924020767212
The average time for replica update is 0.0005343897640705109
The average time for spin update is 1.4549358841159543e-05
The list of values found 

-28.80000000000003
-28.800000000000065
-28.80000000000005
-28.800000000000093
-28.800000000000022
-28.800000000000036
-28.800000000000093
-28.800000000000065
-28.80000000000007
-28.800000000000022
-28.80000000000005
-28.80000000000005
-28.800000000000022
-28.800000000000022
-28.80000000000003
-28.800000000000043
-28.800000000000022
-28.800000000000036
-28.800000000000043
-28.800000000000058
-28.80000000000003
-28.800000000000036
-28.800000000000043
-28.800000000000022
-28.800000000000022
-28.800000000000043
-28.800000000000036
-28.80000000000003
-28.80000000000005
-28.80000000000003
-28.800000000000022
-28.800000000000036
-28.80000000000003
-28.800000000000022
-28.80000000000003
-28.800000000000093
-28.800000000000022
-28.800000000000022
-28.80000000000003
-28.800000000000022
-28.80000000000003
-28.80000000000003
-28.80000000000003
-28.800000000000022
-28.800000000000022
-28.80000000000003
-28.80000000000003
-28.800000000000065
-28.80000000000007
-28.80000000000003
-28.800000000000043
-28.80000000000003
-28.800000000000022
-28.80000000000008
-28.8000000000001
-28.80000000000003
-28.800000000000022
-28.800000000000036
-28.80000000000003
-28.800000000000036
-28.80000000000003
-28.800000000000036
-28.80000000000003
-28.800000000000022
-28.80000000000003
-28.800000000000043
-28.80000000000003
-28.800000000000022
-28.800000000000043
-28.800000000000086
-28.80000000000008
-28.800000000000043
-28.80000000000003
-28.800000000000043
-28.800000000000022
-28.800000000000058
-28.800000000000036
-28.80000000000007
-28.800000000000043
-28.800000000000022
-28.800000000000036
-28.80000000000003
-28.800000000000022
-28.80000000000003
-28.80000000000003
-28.800000000000022
-28.800000000000022
-28.800000000000036
-28.800000000000043
-28.800000000000043
-28.800000000000022
-28.80000000000003
-28.800000000000058
-28.80000000000003
-28.800000000000022
-28.800000000000065
-28.800000000000022
-28.800000000000022
-28.800000000000058
-28.80000000000005



The list of values first execution 

2.8499999999999877
6.577777777777765
2.1166666666666547
1.388888888888877
5.138888888888877
-3.500000000000012
4.005555555555543
0.49999999999998873
3.6111111111110983
0.9555555555555431
-3.5555555555555682
1.8333333333333224
-5.85000000000001
0.22222222222221186
-4.60000000000001
-0.47777777777778824
-1.3944444444444553
-2.1444444444444577
-0.2944444444444575
1.0111111111110977
-0.6833333333333456
2.261111111111098
0.827777777777765
-0.022222222222233492
-0.18888888888890076
-0.9888888888889018
-3.2444444444444596
0.1555555555555408
-1.3000000000000125
1.2388888888888756
-1.8166666666666795
4.188888888888878
-0.7666666666666782
-1.0666666666666782
1.8166666666666547
0.13888888888887627
5.272222222222209
-1.305555555555568
5.322222222222208
-2.2055555555555695
-1.2000000000000144
2.5277777777777644
-1.4888888888889036
0.7611111111110951
-2.3666666666666845
-3.366666666666684
-0.5222222222222399
-3.1222222222222396
0.5944444444444265
-2.555555555555573
-1.2000000000000182
1.7388888888888727
-4.922222222222241
2.111111111111093
-2.666666666666682
-0.8055555555555706
-1.9666666666666817
-0.8111111111111261
-0.2333333333333495
-1.722222222222239
1.5944444444444283
-0.01111111111112696
-2.000000000000016
-3.511111111111127
-3.705555555555574
0.5888888888888726
-4.672222222222241
-3.8611111111111307
-3.338888888888907
-4.394444444444463
-0.6277777777777956
-2.7666666666666826
-3.88333333333335
-3.205555555555569
-4.394444444444458
-3.0333333333333474
-2.372222222222235
-1.994444444444457
-3.5333333333333456
-2.3944444444444573
-2.1722222222222354
-2.844444444444455
-5.577777777777791
-5.583333333333346
-6.083333333333346
-2.022222222222236
-3.1166666666666805
-4.133333333333347
-3.4944444444444565
-4.772222222222233
-3.7888888888889007
-4.855555555555566
-5.950000000000008
-2.6166666666666725
-2.722222222222231
-4.383333333333342
-4.127777777777787
-5.6944444444444535
-2.3388888888888975
-5.388888888888896
-4.961111111111119
-5.916666666666672
-6.516666666666672
-3.255555555555561
-3.0055555555555613
-3.7500000000000053
-5.222222222222225
-4.588888888888893
-5.005555555555561
-6.672222222222225
-0.4555555555555585
-5.444444444444447
-3.1055555555555583
-3.755555555555558
-3.6222222222222262
-6.522222222222225
-7.2777777777777795
-5.6833333333333345
-2.2722222222222235
-1.672222222222222
-3.255555555555555
-5.488888888888889
-6.394444444444444
-5.283333333333335
-5.672222222222223
-9.105555555555558
-5.188888888888889
-7.700000000000001
-4.244444444444445
-7.733333333333334
-4.394444444444446
-4.2666666666666675
-6.755555555555557
-2.866666666666666
-4.455555555555556
-4.327777777777777
-7.116666666666666
-8.483333333333333
-5.561111111111112
-7.505555555555554
-3.083333333333333
-7.022222222222222
-5.483333333333332
-7.288888888888888
-6.183333333333332
-7.716666666666664
-7.777777777777775
-7.305555555555554
-6.299999999999997
-6.98333333333333
-8.972222222222218
-6.472222222222219
-7.716666666666664
-4.966666666666664
-4.405555555555554
-7.505555555555554
-4.8666666666666645
-9.349999999999996
-7.561111111111109
-7.477777777777774
-6.111111111111108
-5.227777777777773
-4.544444444444442
-7.988888888888886
-9.866666666666664
-6.972222222222218
-7.949999999999997
-6.6555555555555515
-8.877777777777773
-11.19444444444444
-8.683333333333328
-8.061111111111108
-5.899999999999996
-5.949999999999994
-6.422222222222217
-5.416666666666662
-9.69444444444444
-6.677777777777774
-8.58333333333333
-11.199999999999996
-6.74444444444444
-9.188888888888885
-1.4388888888888853
-7.116666666666662
-4.961111111111108
-6.883333333333329
-6.549999999999997
-7.949999999999997
-7.422222222222221
-6.388888888888886
-5.6166666666666645
-9.488888888888887
-8.522222222222219
-8.427777777777775
-7.455555555555553
-7.2388888888888845
-7.361111111111108
-9.45555555555555
-5.538888888888884
-8.727777777777774
-4.9777777777777725
-8.19444444444444
-5.322222222222217
-5.094444444444439
-4.972222222222215
-8.283333333333326
-1.7333333333333263
-6.311111111111106
-5.311111111111105
-7.811111111111103
-4.466666666666658
-6.966666666666659
-8.994444444444435
-8.805555555555546
-5.505555555555547
-6.377777777777769
-8.53888888888888
-7.494444444444436
-6.288888888888881
-5.744444444444436
-3.7555555555555467
-7.39999999999999
-6.877777777777769
-8.961111111111101
-8.633333333333324
-8.29999999999999
-6.09999999999999
-7.316666666666655
-7.0111111111110995
-6.994444444444433
-4.294444444444434
-8.033333333333323
-3.994444444444432
-9.79999999999999
-8.449999999999987
-8.42222222222221
-7.544444444444433
-6.611111111111098
-7.027777777777766
-7.961111111111098
-4.9555555555555415
-9.199999999999985
-5.5499999999999865
-7.949999999999987
-7.611111111111098
-6.377777777777764
-8.338888888888876
-7.272222222222207
-10.022222222222206
-7.672222222222207
-8.116666666666653
-11.14444444444443
-10.572222222222207
-9.272222222222208
-7.527777777777762
-9.54444444444443
-10.04444444444443
-9.977777777777764
-7.244444444444429
-8.916666666666652
-10.049999999999985
-13.04444444444443
-10.594444444444429
-7.8611111111110965
-10.022222222222208
-8.466666666666653
-9.088888888888874
-9.738888888888875
-12.027777777777764
-10.433333333333318
-10.227777777777764
-10.655555555555543
-8.866666666666653
-9.799999999999983
-6.966666666666652
-7.055555555555539
-7.549999999999985
-4.499999999999982
-7.027777777777762
-10.511111111111099
-10.677777777777765
-8.438888888888874
-4.522222222222207
-9.07222222222221
-5.7388888888888765
-4.816666666666653
-7.766666666666653
-7.488888888888872
-10.84444444444443
-10.53333333333332
-10.688888888888876
-10.327777777777763
-9.288888888888875
-10.472222222222207
-8.588888888888874
-9.244444444444431
-8.322222222222207
-8.288888888888874
-7.588888888888873
-11.694444444444429
-7.916666666666651
-9.411111111111095
-8.52777777777776
-9.427777777777761
-11.677777777777765
-7.844444444444428
-10.972222222222207
-10.405555555555539
-9.199999999999983
-8.844444444444427
-6.2222222222222054
-7.322222222222205
-8.238888888888873
-10.627777777777762
-11.194444444444427
-9.944444444444429
-11.972222222222205
-10.533333333333315
-10.577777777777762
-11.749999999999982
-10.311111111111094
-11.938888888888869
-7.855555555555538
-11.344444444444427
-11.627777777777759
-10.211111111111094
-12.999999999999982
-10.605555555555538
-11.249999999999982
-14.333333333333314
-10.844444444444425
-14.222222222222204
-9.105555555555538
-13.294444444444427
-11.994444444444426
-10.127777777777759
-12.594444444444427
-10.17777777777776
-9.105555555555535
-11.205555555555536
-8.355555555555537
-11.82777777777776
-8.172222222222203
-12.555555555555538
-11.322222222222202
-11.827777777777758
-11.727777777777757
-10.483333333333313
-13.205555555555534
-14.183333333333314
-13.099999999999977
-13.577777777777756
-9.377777777777757
-11.755555555555533
-11.138888888888866
-11.744444444444422
-13.211111111111089
-11.183333333333312
-12.016666666666644
-9.68333333333331



The list of best values first execution 

-9.200000000000014
-17.300000000000008
-14.700000000000014
-24.000000000000025
-21.400000000000023
-22.10000000000002
-22.40000000000001
-20.800000000000022
-22.40000000000001
-27.200000000000014
-24.000000000000018
-25.600000000000012
-27.200000000000014
-27.20000000000002
-24.00000000000001
-22.700000000000014
-22.700000000000014
-25.600000000000012
-27.200000000000014
-19.500000000000018
-20.800000000000015
-22.40000000000001
-25.600000000000026
-24.600000000000026
-20.200000000000014
-22.40000000000001
-18.90000000000001
-16.900000000000023
-20.800000000000022
-22.40000000000001
-22.10000000000002
-24.000000000000018
-22.100000000000012
-22.40000000000001
-21.80000000000003
-19.20000000000002
-27.200000000000028
-25.600000000000026
-20.800000000000015
-21.400000000000016
-22.10000000000002
-20.20000000000002
-22.400000000000023
-22.10000000000002
-18.90000000000001
-27.200000000000028
-24.000000000000018
-22.400000000000016
-25.600000000000026
-22.100000000000026
-24.000000000000025
-20.40000000000001
-21.100000000000012
-20.200000000000028
-18.900000000000023
-23.700000000000028
-25.600000000000012
-20.200000000000014
-20.800000000000022
-19.800000000000022
-19.200000000000014
-24.00000000000001
-25.600000000000026
-24.600000000000026
-27.200000000000028
-23.70000000000002
-27.200000000000028
-28.80000000000003
-28.80000000000003
-28.80000000000003
-23.700000000000028
-25.600000000000012
-23.000000000000025
-27.200000000000014
-27.200000000000014
-22.400000000000023
-23.99999999999999
-23.700000000000028
-25.600000000000026
-28.80000000000003
-28.80000000000003
-27.20000000000002
-28.800000000000022
-25.600000000000026
-28.800000000000022
-25.600000000000026
-23.70000000000002
-18.800000000000022
-20.800000000000008
-27.200000000000014
-22.100000000000012
-25.600000000000026
-21.40000000000001
-22.100000000000012
-18.600000000000026
-18.600000000000026
-24.000000000000025
-23.700000000000028
-21.100000000000026
-25.60000000000002
-27.200000000000028
-23.700000000000028
-24.000000000000025
-20.800000000000015
-18.90000000000001
-17.300000000000015
-25.600000000000012
-25.600000000000012
-27.20000000000002
-21.100000000000026
-24.000000000000018
-24.000000000000018
-25.600000000000026
-25.60000000000002
-24.000000000000025
-25.600000000000012
-24.00000000000001
-17.600000000000012
-18.200000000000014
-19.800000000000022
-25.600000000000026
-25.600000000000026
-25.60000000000002
-27.20000000000002
-25.600000000000012
-27.200000000000028
-24.600000000000012
-25.600000000000012
-27.200000000000014
-27.20000000000002
-25.60000000000002
-20.800000000000022
-20.800000000000022
-19.50000000000001
-24.00000000000001
-25.300000000000015
-24.00000000000001
-27.200000000000014
-25.600000000000026
-27.200000000000014
-25.600000000000012
-24.000000000000025
-23.00000000000001
-25.60000000000002
-24.00000000000001
-27.200000000000028
-27.200000000000014
-25.600000000000012
-27.200000000000014
-25.600000000000012
-27.200000000000028
-27.200000000000028
-23.000000000000025
-25.600000000000026
-23.000000000000018
-19.20000000000002
-24.00000000000001
-24.000000000000018
-21.400000000000016
-20.50000000000001
-15.699999999999935
-22.400000000000023
-21.40000000000001
-24.000000000000018
-28.800000000000022
-28.800000000000022
-27.200000000000014
-22.700000000000014
-27.200000000000014
-25.600000000000012
-27.200000000000014
-19.200000000000014
-17.300000000000022
-17.300000000000008
-21.100000000000012
-25.600000000000026
-25.60000000000002
-27.200000000000028
-25.600000000000026
-25.600000000000026
-25.600000000000026
-25.600000000000026
-22.00000000000001
-20.8
-25.600000000000012
-27.200000000000014
-25.600000000000026
-25.60000000000002
-25.300000000000015
-22.400000000000016
-19.800000000000015
-22.400000000000016
-22.40000000000001
-23.700000000000028
-25.600000000000026
-23.000000000000025
-22.100000000000012
-24.00000000000001
-27.200000000000028
-24.000000000000025
-24.000000000000018
-25.600000000000026
-22.100000000000026
-22.400000000000016
-24.00000000000001
-25.600000000000026
-22.400000000000023
-25.600000000000026
-27.20000000000002
-23.70000000000002
-20.20000000000002
-23.000000000000018
-27.20000000000002
-25.60000000000002
-22.100000000000012
-22.100000000000012
-24.00000000000001
-23.700000000000014
-23.000000000000018
-25.60000000000002
-25.60000000000002
-27.20000000000002
-25.60000000000002
-25.600000000000026
-25.600000000000026
-25.600000000000026
-27.200000000000014
-22.400000000000023
-22.09999999999994
-20.800000000000022
-25.600000000000026
-17.600000000000005
-22.09999999999994
-22.400000000000016
-25.599999999999948
-27.200000000000028
-27.200000000000028
-22.400000000000016
-27.200000000000028
-27.20000000000002
-25.300000000000008
-27.20000000000002
-22.70000000000002
-22.400000000000002
-20.500000000000025
-24.000000000000004
-22.400000000000023
-22.399999999999945
-23.999999999999947
-22.40000000000001
-23.700000000000006
-25.59999999999994
-27.19999999999995
-25.599999999999948
-22.40000000000001
-24.600000000000026
-25.599999999999948
-25.59999999999994
-22.400000000000016
-25.600000000000012
-24.000000000000018
-24.000000000000018
-25.599999999999948
-23.69999999999995
-25.600000000000005
-20.500000000000004
-24.00000000000001
-25.600000000000005
-25.600000000000012
-28.800000000000022
-23.99999999999994
-25.60000000000002
-24.000000000000004
-22.09999999999994
-22.100000000000012
-23.699999999999942
-19.19999999999994
-24.00000000000001
-25.60000000000002
-25.59999999999994
-27.199999999999942
-23.000000000000018
-27.200000000000028
-23.999999999999947
-20.500000000000018
-24.000000000000025
-24.000000000000018
-27.20000000000002
-24.00000000000001
-27.19999999999995
-24.00000000000001
-27.20000000000002
-27.200000000000014
-24.000000000000025
-27.20000000000002
-27.20000000000002
-24.000000000000018
-28.800000000000022
-22.400000000000016
-25.600000000000005
-21.400000000000002
-22.399999999999938
-22.400000000000016
-20.50000000000001
-23.700000000000028
-25.60000000000002
-27.200000000000028
-25.599999999999948
-24.00000000000001
-20.500000000000018
-24.000000000000025
-23.70000000000002
-20.799999999999937
-24.00000000000001
-22.399999999999945
-23.70000000000002
-25.60000000000002
-25.59999999999994
-27.20000000000002
-24.600000000000005
-23.99999999999994
-22.700000000000006
-22.100000000000005
-25.60000000000002
-25.60000000000002
-24.000000000000004
-27.200000000000006
-28.800000000000008
-25.599999999999948
-27.200000000000006
-25.600000000000005
-25.59999999999994
-24.000000000000004
-25.600000000000005
-25.600000000000005
-27.200000000000006
-27.200000000000006
-25.29999999999995
-25.599999999999948
-25.300000000000008
-24.000000000000018
-27.19999999999995
-25.29999999999995
-27.19999999999995
-27.200000000000006
-25.600000000000005
-27.200000000000006
-25.600000000000005
-25.600000000000005
-27.199999999999942
-27.200000000000028
-27.200000000000028
-25.30000000000003
-25.600000000000026
-27.200000000000028
-27.200000000000006
-27.200000000000028
-27.200000000000028
-28.79999999999995
-25.600000000000026



The list of values average 

2.453888888888876
6.561888888888874
2.079444444444432
2.609611111111099
2.4906666666666544
0.4476666666666542
2.4039444444444307
0.5782222222222094
0.9661111111110986
0.9773888888888762
0.03494444444443203
1.1579444444444322
-0.008222222222234463
0.683833333333321
0.04877777777776568
0.05538888888887714
0.17322222222221062
-0.05427777777778919
-0.157666666666678
-0.213277777777789
-0.3700555555555668
-0.32194444444445547
-0.16800000000001084
-0.26072222222223285
-0.2633333333333441
-0.6494444444444549
-0.223888888888899
-0.45400000000001023
-0.5166111111111213
-0.4980000000000103
-0.7682777777777878
-0.6155555555555655
-1.0234444444444546
-0.6821666666666764
-0.7733888888888989
-0.9327222222222319
-0.8246666666666761
-1.1275000000000093
-1.0167777777777873
-1.437333333333343
-1.5186111111111205
-1.500777777777787
-1.5596111111111208
-1.5100000000000084
-1.458166666666676
-1.716888888888898
-1.8714444444444531
-2.042333333333341
-1.6308888888888973
-1.6502222222222311
-2.140500000000008
-1.694888888888898
-1.9745000000000092
-1.7419444444444532
-2.025277777777786
-2.2425555555555627
-1.9661111111111198
-2.2136666666666756
-2.0008333333333415
-2.355222222222229
-2.152500000000008
-2.2302777777777854
-2.326888888888896
-2.5287777777777856
-2.380888888888896
-2.642277777777785
-2.747000000000008
-2.619888888888895
-2.8178333333333407
-2.6353333333333397
-2.988388888888896
-2.890944444444451
-2.898611111111118
-3.2027777777777846
-3.0662222222222297
-3.140500000000006
-2.8845555555555618
-2.907777777777783
-3.3765555555555613
-3.0025000000000057
-3.032388888888895
-3.4562777777777827
-3.0860555555555615
-3.212611111111117
-3.349277777777784
-3.206722222222229
-3.5950000000000064
-3.30994444444445
-3.906888888888895
-3.558888888888896
-3.798777777777783
-4.054000000000003
-4.074388888888895
-4.299166666666672
-3.82005555555556
-4.184777777777782
-3.689777777777782
-3.991777777777784
-3.981277777777784
-3.853000000000005
-3.9773888888888944
-4.178944444444449
-4.202277777777782
-4.061833333333337
-4.163444444444448
-4.2257222222222275
-4.345888888888892
-4.177833333333336
-4.310222222222225
-4.369222222222227
-4.167722222222225
-4.53638888888889
-4.3016111111111135
-4.878833333333339
-4.4585000000000035
-4.987888888888894
-4.5686666666666715
-5.0214444444444455
-4.907222222222225
-4.930611111111116
-4.8592222222222246
-5.046777777777782
-4.83094444444445
-5.146666666666668
-4.987611111111114
-5.1622777777777795
-4.8017777777777795
-5.035833333333336
-5.249277777777779
-4.778666666666669
-5.253777777777779
-5.3661666666666665
-5.509333333333336
-5.515111111111115
-5.468777777777779
-5.689722222222224
-5.194833333333337
-5.533333333333334
-5.592777777777778
-5.428833333333335
-5.673555555555556
-5.562555555555555
-5.938222222222226
-5.753500000000001
-5.977500000000001
-6.0151666666666666
-5.796666666666666
-5.88411111111111
-6.1588333333333365
-5.75238888888889
-6.040444444444444
-5.876055555555558
-6.332666666666668
-5.937
-6.162
-6.488222222222227
-6.0727777777777785
-6.408499999999999
-6.256833333333334
-6.524222222222222
-6.523888888888889
-6.258333333333333
-6.473388888888891
-6.51722222222222
-6.382722222222221
-6.738555555555553
-6.589000000000001
-6.476444444444443
-6.5840555555555556
-6.780111111111112
-6.793055555555554
-6.978944444444445
-6.931000000000001
-6.682444444444443
-6.967555555555555
-6.7540555555555555
-6.905055555555556
-7.071444444444446
-6.975444444444443
-6.758444444444442
-6.827222222222224
-6.884944444444443
-7.042888888888889
-6.89772222222222
-7.369111111111112
-7.105666666666663
-7.345888888888889
-7.337111111111108
-7.2928333333333315
-7.171333333333331
-7.318388888888887
-7.451555555555557
-7.818055555555554
-7.0811666666666655
-7.502555555555554
-7.609555555555554
-7.6440555555555525
-7.787833333333331
-7.752499999999997
-7.561277777777776
-7.528555555555556
-7.721666666666665
-7.804833333333332
-7.60222222222222
-7.866777777777775
-7.926555555555555
-7.611277777777775
-8.154111111111108
-7.997833333333329
-8.006055555555553
-7.957111111111109
-7.884222222222218
-8.051944444444441
-7.7193888888888855
-8.148944444444442
-8.11583333333333
-8.247222222222218
-8.523055555555555
-8.359055555555553
-8.38572222222222
-8.252499999999998
-8.514166666666664
-8.531944444444441
-8.370388888888888
-8.799777777777775
-8.444277777777776
-8.556833333333328
-8.66966666666666
-8.68333333333333
-8.644499999999997
-8.721722222222215
-9.064388888888894
-8.955222222222222
-8.664166666666665
-9.102666666666664
-9.074055555555553
-9.09294444444444
-8.987833333333326
-8.700111111111108
-8.734111111111112
-8.807555555555554
-8.842777777777773
-8.78805555555555
-8.81555555555555
-8.782944444444443
-9.018666666666661
-9.295166666666663
-9.378722222222217
-9.116166666666658
-9.251777777777775
-9.158944444444444
-9.410444444444442
-9.399611111111104
-9.177888888888885
-9.18238888888888
-9.337722222222212
-9.400999999999998
-9.352333333333329
-9.78805555555555
-9.938166666666664
-9.891333333333328
-9.906611111111106
-9.734444444444442
-9.612111111111107
-9.639499999999993
-9.80705555555555
-9.731611111111109
-9.990888888888882
-10.019111111111107
-9.96405555555555
-10.034499999999992
-10.06216666666666
-10.503444444444442
-10.262055555555552
-9.994666666666665
-10.03183333333333
-10.06783333333333
-10.025666666666659
-10.085166666666657
-9.996999999999991
-10.39844444444444
-10.285555555555545
-10.260111111111108
-10.255444444444443
-10.340833333333332
-10.367888888888887
-10.405999999999992
-10.073388888888884
-10.277833333333326
-10.281833333333328
-10.331666666666663
-10.119611111111107
-10.47822222222221
-10.37177777777777
-10.579722222222218
-10.443888888888882
-10.542444444444431
-10.464555555555549
-10.64527777777777
-10.55488888888888
-10.750499999999995
-10.634777777777773
-10.818833333333329
-10.647499999999992
-10.907611111111104
-10.818777777777767
-11.026888888888882
-10.906333333333324
-10.764888888888883
-10.97949999999999
-10.776944444444439
-10.775111111111102
-10.838722222222216
-10.570388888888884
-10.670055555555544
-10.734999999999994
-10.709666666666664
-10.783277777777768
-10.965111111111105
-11.277388888888884
-11.174111111111106
-11.11194444444444
-11.388277777777766
-11.085444444444434
-11.290166666666655
-11.116333333333323
-11.409555555555544
-11.156499999999987
-11.324333333333326
-11.354999999999993
-11.385666666666664
-11.727777777777773
-11.49316666666666
-11.443888888888882
-10.977666666666657
-11.170166666666658
-11.358999999999996
-11.384611111111106
-11.343166666666658
-11.481055555555548
-11.390722222222214
-11.365166666666651
-11.487833333333326
-11.404444444444433
-11.483666666666661
-11.586888888888877
-11.58799999999999
-11.403111111111102
-11.556777777777766
-11.571555555555541
-11.822611111111097
-11.759555555555544
-11.791999999999986
-11.868388888888878
-11.710777777777766
-11.975611111111098
-11.929333333333327
-11.823888888888884
-12.143999999999986
-11.934222222222216



The list of best values average 

-11.996000000000011-17.591000000000008-19.03200000000002-21.188000000000017-22.514000000000003-22.906000000000006-23.439000000000025-23.369-23.580000000000002-23.441000000000006-23.853000000000005-23.503-23.359000000000012-23.874000000000006-23.716999999999995-23.696-23.728000000000005-23.627-23.710000000000015-23.80900000000001-23.989000000000008-23.971000000000018-23.791000000000007-23.619000000000003-23.633000000000003-23.547-23.267000000000003-23.327000000000005-22.889000000000014-23.273000000000007-23.104000000000017-23.461000000000016-23.593000000000007-23.35500000000001-23.755000000000003-23.370000000000015-23.412000000000013-23.543000000000006-23.788000000000004-23.715000000000007-23.812-23.74399999999999-23.638000000000012-23.702000000000012-23.709000000000003-24.258999999999997-23.93700000000001-23.602000000000018-23.283-23.51300000000001-23.83000000000001-23.809000000000005-23.545000000000005-23.69700000000001-23.503000000000004-23.673000000000005-23.867-23.645000000000017-23.80000000000001-23.504000000000012-23.569-23.513000000000012-24.161000000000005-23.395999999999997-23.46200000000002-23.465-23.892-23.970000000000013-23.910000000000007-23.90300000000001-23.759999999999998-23.52199999999999-23.87100000000001-23.837000000000003-24.005000000000006-23.935000000000002-24.04-23.847-24.023000000000007-23.809000000000015-23.793-23.644000000000013-23.78400000000001-23.773999999999994-23.647000000000006-23.464000000000002-23.600999999999992-23.852999999999998-23.767000000000007-23.777999999999995-24.332000000000008-24.065000000000015-23.999-24.277999999999995-23.93300000000001-23.807999999999986-23.64200000000001-23.925000000000008-24.412999999999986-23.965-23.811999999999998-23.482-23.96000000000002-23.998000000000005-23.791000000000004-24.035000000000007-23.987999999999996-23.740000000000002-24.099000000000004-23.962000000000007-23.02200000000001-23.415000000000003-23.472000000000005-23.78500000000001-23.439000000000004-24.064-23.980000000000008-24.076-23.38200000000001-23.559000000000015-24.003-24.392000000000003-23.884000000000018-24.154000000000007-23.92400000000001-23.92000000000001-23.776-24.15600000000001-23.448000000000015-23.888999999999996-23.685000000000006-23.673000000000012-23.647000000000013-23.607000000000003-24.011-24.118000000000016-23.839000000000006-23.723000000000003-24.01500000000001-23.691000000000013-23.783-23.666999999999998-23.682000000000002-23.97500000000001-23.84500000000001-24.236999999999995-23.963000000000008-24.009999999999994-23.646999999999995-23.78700000000001-23.913000000000007-23.909000000000017-24.172999999999995-24.186000000000014-24.090000000000018-24.492-23.92400000000001-24.197000000000003-24.18000000000001-23.762-23.756-23.765000000000015-23.747999999999994-23.773-23.990000000000016-23.773000000000003-24.349-24.10900000000001-24.213000000000008-23.755999999999997-24.250999999999998-24.293000000000006-24.09200000000001-23.803000000000004-23.987000000000013-23.695-23.637999999999998-23.982999999999997-23.63199999999999-23.858999999999995-23.835000000000004-23.891000000000005-24.032999999999998-23.48500000000001-24.168999999999997-23.81000000000001-24.11600000000001-23.853-24.204999999999995-23.911-24.20500000000001-24.339000000000013-24.444000000000013-23.814000000000004-23.867000000000008-24.306000000000008-24.28900000000001-23.806-24.352000000000007-24.099000000000007-24.12100000000001-24.307000000000006-23.857999999999986-24.124000000000006-24.058999999999994-24.069-23.881-23.557000000000002-23.993000000000013-23.648000000000003-23.786-23.61800000000001-24.108000000000008-23.555000000000003-23.919000000000008-23.988000000000003-23.996000000000016-24.168000000000003-24.523999999999994-24.382999999999996-24.66600000000001-24.322999999999993-24.517000000000007-24.461000000000013-24.604000000000003-24.679-24.536000000000016-24.553000000000008-24.26300000000001-24.154000000000003-24.43500000000001-24.750000000000014-24.62100000000001-24.412000000000003-24.586000000000002-24.418000000000003-24.312-24.56400000000001-24.78400000000001-24.33-24.560000000000006-23.984000000000005-24.19000000000001-24.64100000000001-24.62700000000001-24.604000000000024-24.500000000000007-24.68700000000001-24.50400000000001-24.876000000000012-24.882000000000005-24.878000000000007-25.017-24.979000000000003-24.612999999999992-24.912000000000006-24.992000000000004-24.984999999999996-24.944000000000003-25.145-24.848000000000006-25.154999999999998-24.807999999999993-24.462999999999997-24.749999999999996-24.923000000000005-24.86000000000001-24.862000000000013-25.103000000000012-25.08300000000001-25.063000000000002-25.248000000000022-25.336999999999996-25.229000000000006-25.075000000000003-25.049999999999997-24.864000000000008-25.248000000000008-24.655000000000005-25.123-25.126000000000005-25.234000000000012-25.19900000000001-25.427999999999994-25.565000000000012-25.50700000000001-25.288000000000004-24.840000000000007-24.972000000000016-24.999-25.110999999999997-25.294000000000004-25.32100000000001-25.134000000000004-25.139000000000017-25.017000000000007-25.002000000000027-25.116000000000014-25.177000000000007-25.192000000000014-25.207-25.276000000000007-25.157-25.363000000000003-25.394999999999996-25.567999999999994-25.348-25.30700000000001-25.468999999999994-25.35000000000001-25.284000000000002-25.239999999999995-24.999-25.44900000000001-24.960000000000004-25.221000000000007-25.556000000000015-25.293000000000006-25.527000000000005-25.761999999999986-25.651000000000007-25.679999999999996-25.878000000000014-25.580000000000005-25.632000000000005-25.4-25.492-25.662000000000006-25.494000000000007-25.786-26.035000000000007-25.952000000000005-25.844000000000005-25.83700000000001-25.596000000000018-25.63000000000001-25.690000000000015-25.743000000000002-25.814-25.66099999999999-25.64900000000001-26.043999999999993-25.853000000000012-25.602-25.882000000000005-25.843000000000014-25.961000000000016-25.823000000000015-25.87300000000001-25.951-25.939000000000018-26.160000000000018-26.071000000000012-26.108000000000004-26.099000000000007-26.34600000000001-26.352000000000004-26.187000000000005-26.492999999999995-26.573000000000008