----------Report of simulation of Quantum Population Annealing-----------
The number of considered Spin 36
The considered Annealing Duration 360
The considered Annealing Number 100
The considered T 1.0
The considered Gamma0 1.0
The considered Number Of Replica 3
The considered Number Of System 6
The solution found [ 1. -1. -1.  1.  1. -1. -1.  1.  1. -1. -1.  1.  1. -1. -1.  1.  1. -1.
 -1.  1.  1. -1. -1.  1.  1. -1. -1.  1.  1. -1. -1.  1.  1. -1. -1.  1.]
The value found -28.800000000000107
The Success probability is 0.0
The average value is -28.800000000000058
The total execution time is 256.82177329063416
The average time for execution is 2.5682159566879275
The average time for all systems update is 0.007106108751561906
The average time for system update is 0.001174016547423822
The average time for replica update is 0.00039103050290802377
The average time for spin update is 1.0626450845325272e-05
The list of values found 

-28.800000000000015
-28.800000000000015
-28.800000000000022
-28.799999999999994
-28.800000000000008
-28.80000000000003
-28.800000000000022
-28.80000000000008
-28.800000000000093
-28.80000000000005
-28.800000000000043
-28.800000000000022
-28.80000000000007
-28.800000000000015
-28.799999999999994
-28.800000000000036
-28.80000000000008
-28.800000000000058
-28.800000000000008
-28.800000000000043
-28.800000000000008
-28.80000000000003
-28.800000000000058
-28.800000000000043
-28.80000000000007
-28.800000000000036
-28.800000000000008
-28.800000000000036
-28.800000000000043
-28.80000000000005
-28.80000000000005
-28.8000000000001
-28.80000000000005
-28.800000000000008
-28.800000000000036
-28.800000000000058
-28.800000000000036
-28.80000000000003
-28.80000000000005
-28.800000000000058
-28.800000000000093
-28.800000000000036
-28.800000000000086
-28.800000000000065
-28.800000000000022
-28.800000000000036
-28.800000000000043
-28.800000000000058
-28.799999999999986
-28.800000000000058
-28.80000000000003
-28.8
-28.799999999999986
-28.800000000000043
-28.80000000000007
-28.800000000000036
-28.800000000000058
-28.800000000000043
-28.80000000000005
-28.800000000000043
-28.80000000000005
-28.800000000000036
-28.799999999999994
-28.80000000000005
-28.800000000000058
-28.800000000000022
-28.800000000000058
-28.800000000000093
-28.80000000000005
-28.800000000000086
-28.800000000000043
-28.800000000000065
-28.800000000000022
-28.800000000000065
-28.800000000000036
-28.799999999999994
-28.80000000000003
-28.80000000000005
-28.80000000000007
-28.80000000000005
-28.800000000000036
-28.80000000000003
-28.80000000000005
-28.800000000000065
-28.80000000000007
-28.799999999999965
-28.800000000000058
-28.800000000000058
-28.8
-28.800000000000036
-28.800000000000022
-28.800000000000015
-28.800000000000008
-28.800000000000022
-28.800000000000036
-28.800000000000043
-28.800000000000022
-28.800000000000058
-28.800000000000036
-28.800000000000107



The list of values first execution 

2.0444444444444323
11.505555555555546
2.6277777777777676
3.2222222222222126
8.733333333333324
-3.5333333333333434
9.616666666666658
-1.8333333333333428
2.99999999999999
1.766666666666656
-2.7277777777777885
6.894444444444435
0.2722222222222111
4.683333333333321
6.0111111111111
1.6277777777777662
5.394444444444433
4.22222222222221
5.488888888888876
1.1388888888888768
2.3499999999999863
-0.17777777777779066
1.4499999999999866
-1.766666666666683
0.2277777777777592
2.083333333333316
-0.21666666666668494
0.8277777777777574
-0.9666666666666868
-1.2055555555555746
-3.0222222222222412
-1.8500000000000187
3.5722222222222055
4.611111111111097
3.7499999999999876
4.933333333333321
0.5333333333333221
-0.4388888888889024
-1.7388888888889045
-1.522222222222237
3.605555555555542
1.1555555555555428
4.888888888888876
1.4111111111110992
3.799999999999987
1.7333333333333214
4.655555555555541
-3.644444444444458
1.5055555555555395
0.19444444444442643
-3.1833333333333504
-0.5777777777777948
-0.6888888888889058
-1.650000000000014
0.7666666666666505
-0.055555555555570554
-3.4166666666666834
-3.1611111111111274
-2.1833333333333496
-3.8555555555555725
1.6277777777777631
-2.0388888888889025
0.8999999999999871
1.1944444444444318
0.4111111111110978
-2.1111111111111245
-5.038888888888902
-3.5111111111111235
-4.250000000000013
-5.988888888888905
-4.388888888888903
-3.516666666666683
-2.80555555555557
-1.877777777777791
-2.1722222222222385
-4.711111111111126
0.8333333333333159
-2.894444444444461
0.6722222222222056
-1.2444444444444605
-5.2888888888889065
-4.166666666666684
-1.8777777777777915
-6.50555555555557
-1.8166666666666822
-3.944444444444459
-5.822222222222236
-5.6388888888889035
-2.8388888888889015
-2.6888888888889007
-4.5111111111111235
-2.611111111111125
-3.9000000000000137
-4.866666666666678
-2.450000000000009
-4.366666666666676
-3.266666666666677
-4.777777777777787
-3.488888888888899
-5.805555555555564
-1.9500000000000108
-4.4722222222222365
-5.805555555555573
-6.477777777777794
-5.638888888888904
-4.211111111111133
-5.15000000000002
-5.905555555555573
-9.533333333333353
-2.5888888888889037
-6.2500000000000115
-6.411111111111127
-6.133333333333346
-5.15555555555557
-6.911111111111124
-4.2611111111111235
-5.300000000000012
-6.494444444444458
-6.816666666666681
-4.39444444444446
-6.933333333333349
-7.805555555555575
-6.222222222222242
-5.288888888888907
-7.533333333333352
-4.455555555555574
-7.8111111111111295
-6.122222222222244
-7.566666666666691
-5.4333333333333576
-9.161111111111133
-3.3388888888889108
-8.538888888888913
-7.488888888888912
-7.861111111111133
-5.922222222222245
-6.655555555555576
-7.583333333333355
-5.538888888888913
-11.200000000000024
-10.561111111111137
-6.955555555555581
-10.866666666666694
-8.06666666666669
-11.450000000000024
-5.188888888888913
-7.977777777777803
-5.394444444444469
-8.20555555555558
-8.50555555555558
-12.172222222222246
-11.838888888888913
-9.577777777777802
-10.200000000000026
-6.294444444444469
-8.34444444444447
-5.9000000000000234
-8.994444444444467
-8.944444444444464
-9.672222222222242
-8.200000000000019
-6.988888888888907
-8.138888888888907
-5.805555555555575
-6.438888888888908
-9.105555555555576
-8.194444444444464
-6.716666666666686
-7.922222222222242
-10.822222222222242
-11.127777777777801
-10.805555555555575
-8.32222222222224
-9.58333333333335
-10.377777777777794
-10.633333333333349
-7.844444444444461
-7.411111111111129
-8.71111111111113
-8.572222222222239
-8.361111111111128
-12.594444444444463
-9.983333333333354
-8.527777777777795
-10.738888888888907
-11.88333333333335
-12.088888888888906
-10.266666666666683
-11.588888888888903
-7.538888888888902
-9.277777777777793
-8.93333333333335
-11.65555555555557
-12.511111111111124
-12.25000000000001
-11.094444444444454
-11.361111111111125
-8.761111111111124
-8.92777777777779
-10.644444444444453
-10.305555555555566
-13.95555555555557
-16.911111111111126
-14.03333333333335
-15.561111111111124
-14.255555555555567
-14.611111111111121
-12.76111111111112
-13.850000000000009
-14.90555555555557
-13.205555555555565
-9.044444444444455
-10.566666666666675
-14.738888888888896
-16.42222222222223
-14.288888888888899
-15.777777777777784
-10.444444444444452
-10.900000000000007
-12.444444444444452
-14.305555555555562
-12.016666666666673
-10.416666666666675
-12.411111111111119
-13.000000000000009
-11.388888888888896
-13.094444444444456
-12.566666666666677
-14.633333333333338
-11.533333333333346
-13.966666666666676
-17.866666666666678
-13.622222222222232
-17.794444444444455
-14.538888888888899
-12.800000000000008
-16.294444444444455
-16.072222222222234
-15.361111111111121
-13.238888888888898
-14.93333333333334
-11.022222222222233
-11.10000000000001
-12.255555555555567
-13.472222222222236
-14.127777777777787
-13.933333333333346
-15.661111111111126
-14.100000000000012
-14.772222222222233
-19.316666666666677
-18.5388888888889
-16.10555555555557
-15.111111111111121
-16.766666666666676
-17.60000000000001
-17.616666666666678
-16.961111111111123
-16.394444444444453
-14.683333333333344
-16.91666666666668
-15.233333333333345
-16.222222222222232
-15.983333333333345
-16.738888888888905
-16.683333333333348
-18.50555555555557
-15.5388888888889
-16.488888888888898
-17.411111111111122
-20.038888888888906
-16.411111111111122
-14.62777777777779
-18.22777777777779
-17.26666666666668
-17.500000000000014
-17.200000000000014
-17.07777777777779
-17.144444444444456
-17.116666666666678
-17.466666666666676
-15.594444444444456
-17.21666666666668
-13.755555555555567
-17.377777777777787
-17.16111111111112
-16.44444444444446
-13.16111111111112
-18.438888888888904
-16.82777777777779
-18.505555555555564
-19.25000000000001
-20.31111111111112
-17.577777777777786
-16.65000000000001
-18.855555555555565
-18.27222222222223
-19.027777777777786
-17.82222222222223
-19.150000000000013
-19.161111111111122
-16.51111111111112
-19.050000000000008
-19.505555555555564
-20.283333333333342
-19.933333333333348
-18.955555555555566
-18.505555555555567
-16.27222222222223
-17.861111111111118
-16.894444444444453
-17.27222222222223
-18.755555555555564
-15.73333333333334
-17.705555555555563
-19.25555555555557
-21.311111111111117
-19.38333333333334
-17.97777777777779
-16.694444444444457
-19.43333333333334
-19.10000000000001
-18.98333333333334
-16.87222222222223
-16.783333333333342
-16.744444444444454
-17.36111111111112
-18.705555555555563
-17.566666666666677
-20.30000000000001
-20.883333333333344
-20.238888888888898
-21.82777777777778
-21.200000000000006
-16.30000000000001
-19.79444444444445
-18.150000000000013
-19.605555555555565
-17.6388888888889
-17.050000000000004
-20.066666666666674
-21.36666666666667
-20.50555555555556
-15.750000000000007
-17.822222222222234
-18.35000000000001
-15.82777777777779
-17.783333333333342
-20.783333333333342
-22.766666666666673
-18.766666666666673
-21.005555555555564
-18.67777777777779
-21.644444444444453
-19.84444444444445
-19.361111111111125
-18.77777777777779
-19.711111111111123
-18.533333333333342
-20.90000000000001



The list of best values first execution 

-12.800000000000015
-2.2000000000000117
-3.9000000000000092
-2.8000000000000185
1.2999999999999865
-12.100000000000005
-7.300000000000015
-7.7000000000000135
-7.100000000000012
-11.200000000000006
-13.099999999999998
-10.59999999999999
-11.500000000000025
-8.3
-9.90000000000003
-8.70000000000001
-3.800000000000008
-9.300000000000008
-4.100000000000012
-12.800000000000022
-13.50000000000001
-14.099999999999998
-4.800000000000029
-12.800000000000036
-9.00000000000001
-6.700000000000003
-11.100000000000005
-11.8
-12.100000000000048
-17.300000000000008
-15.7
-7.300000000000008
-10.199999999999992
-7.399999999999995
-5.799999999999994
-7.300000000000015
-8.300000000000015
-14.099999999999998
-10.799999999999994
-17.299999999999994
-12.500000000000039
-7.599999999999991
-14.10000000000002
-9.600000000000012
-9.299999999999994
-9.60000000000002
-4.800000000000036
-14.100000000000012
-12.500000000000032
-15.7
-15.700000000000035
-10.499999999999996
-12.400000000000016
-17.900000000000016
-13.500000000000004
-16.000000000000004
-14.7
-14.100000000000012
-16.900000000000002
-14.099999999999998
-9.900000000000023
-12.500000000000021
-13.800000000000022
-7.400000000000027
-10.3
-16.60000000000002
-19.2
-16.000000000000018
-14.60000000000002
-15.40000000000003
-14.10000000000002
-13.40000000000001
-16.300000000000008
-15.300000000000022
-13.100000000000023
-13.699999999999992
-13.099999999999998
-11.50000000000001
-8.000000000000025
-11.60000000000002
-20.800000000000015
-18.200000000000035
-10.499999999999993
-16.600000000000033
-11.799999999999994
-10.900000000000023
-16.30000000000003
-19.800000000000022
-14.700000000000028
-10.200000000000017
-21.40000000000003
-12.80000000000003
-17.90000000000003
-17.20000000000002
-11.199999999999978
-14.40000000000001
-13.800000000000022
-16.000000000000025
-16.29999999999998
-18.899999999999995
-17.29999999999998
-13.80000000000003
-17.59999999999999
-19.499999999999996
-13.100000000000026
-20.80000000000003
-14.7
-14.700000000000006
-18.900000000000023
-11.800000000000022
-17.600000000000005
-13.800000000000015
-13.800000000000008
-17.300000000000008
-19.800000000000008
-13.700000000000006
-17.00000000000001
-19.800000000000022
-14.7
-15.00000000000001
-18.900000000000023
-14.400000000000023
-16.900000000000016
-22.40000000000003
-16.000000000000032
-18.90000000000003
-15.000000000000004
-17.00000000000001
-20.500000000000025
-17.30000000000003
-15.700000000000014
-22.400000000000016
-16.30000000000003
-19.500000000000032
-18.600000000000033
-13.800000000000015
-17.30000000000003
-17.900000000000016
-23.70000000000002
-21.40000000000003
-17.300000000000015
-21.10000000000002
-24.000000000000018
-17.900000000000016
-22.100000000000033
-13.80000000000003
-16.300000000000015
-17.600000000000012
-20.800000000000015
-20.500000000000018
-21.10000000000004
-20.800000000000036
-19.200000000000035
-20.500000000000018
-13.700000000000035
-16.000000000000025
-18.200000000000014
-15.400000000000016
-16.000000000000032
-25.600000000000033
-15.000000000000032
-20.50000000000001
-20.500000000000025
-17.90000000000001
-16.30000000000003
-19.20000000000002
-18.800000000000022
-18.20000000000002
-20.500000000000032
-24.000000000000025
-20.500000000000025
-20.500000000000032
-13.800000000000022
-18.900000000000023
-22.400000000000016
-18.200000000000028
-13.70000000000002
-20.800000000000015
-18.90000000000003
-18.90000000000001
-18.60000000000002
-19.200000000000014
-19.80000000000003
-19.800000000000008
-22.400000000000016
-25.60000000000002
-24.000000000000018
-21.10000000000002
-21.400000000000016
-20.800000000000015
-20.800000000000008
-20.50000000000001
-22.400000000000016
-21.40000000000001
-27.20000000000002
-22.10000000000002
-20.200000000000014
-18.900000000000016
-22.40000000000001
-15.700000000000006
-20.800000000000008
-25.600000000000012
-24.00000000000001
-27.20000000000002
-25.60000000000002
-24.000000000000018
-22.40000000000001
-22.100000000000012
-22.100000000000026
-25.600000000000012
-25.600000000000005
-19.800000000000022
-16.300000000000015
-24.000000000000004
-27.200000000000014
-22.100000000000012
-22.400000000000016
-20.500000000000018
-22.40000000000001
-21.100000000000012
-22.400000000000002
-19.200000000000006
-17.900000000000016
-27.200000000000014
-24.00000000000001
-20.500000000000004
-18.900000000000016
-21.400000000000016
-25.600000000000012
-20.20000000000002
-20.800000000000015
-20.8
-19.50000000000001
-24.000000000000018
-24.000000000000004
-23.700000000000006
-22.100000000000012
-22.40000000000001
-28.800000000000015
-25.600000000000005
-23.70000000000002
-19.500000000000004
-22.400000000000002
-22.100000000000012
-22.100000000000005
-22.100000000000012
-23.00000000000001
-24.00000000000001
-24.00000000000001
-28.800000000000015
-28.800000000000015
-28.800000000000015
-24.000000000000025
-24.000000000000004
-24.000000000000025
-24.000000000000004
-27.200000000000006
-25.600000000000026
-25.600000000000005
-20.50000000000001
-25.600000000000005
-25.300000000000008
-24.00000000000001
-22.400000000000023
-23.700000000000014
-25.600000000000012
-25.600000000000026
-21.40000000000001
-28.800000000000015
-24.00000000000001
-25.600000000000005
-24.000000000000004
-21.40000000000001
-25.600000000000026
-25.600000000000005
-22.100000000000026
-24.000000000000025
-24.00000000000001
-23.700000000000028
-25.600000000000005
-24.600000000000005
-25.600000000000026
-24.00000000000001
-18.90000000000001
-25.600000000000026
-25.600000000000012
-24.000000000000004
-20.500000000000004
-27.200000000000006
-25.600000000000005
-24.00000000000001
-24.000000000000018
-25.600000000000026
-27.200000000000006
-24.000000000000018
-24.000000000000025
-23.000000000000025
-24.000000000000004
-24.000000000000004
-25.600000000000026
-27.200000000000028
-22.400000000000002
-24.000000000000004
-27.200000000000006
-27.200000000000006
-25.600000000000005
-25.600000000000026
-24.600000000000026
-24.000000000000025
-25.600000000000005
-25.600000000000005
-23.700000000000006
-24.000000000000025
-24.000000000000025
-24.000000000000025
-27.200000000000006
-25.600000000000005
-25.600000000000005
-25.600000000000005
-24.000000000000004
-25.300000000000008
-25.600000000000005
-25.600000000000026
-25.600000000000005
-24.000000000000004
-25.600000000000005
-23.000000000000004
-27.200000000000006
-25.600000000000005
-25.600000000000005
-25.600000000000005
-25.600000000000005
-27.200000000000006
-27.200000000000006
-24.000000000000004
-24.000000000000025
-25.300000000000008
-25.600000000000005
-25.600000000000005
-25.600000000000005
-25.600000000000005
-25.600000000000026
-25.600000000000005
-25.600000000000005
-22.400000000000023
-23.000000000000004
-23.700000000000006
-27.200000000000006
-25.600000000000026
-27.200000000000028
-27.200000000000006
-27.200000000000028
-25.600000000000005
-25.600000000000026
-25.600000000000026
-24.000000000000004
-24.000000000000025
-25.600000000000026
-25.600000000000026
-25.600000000000005



The list of values average 

4.314388888888879
8.532555555555543
5.322222222222211
5.789722222222209
5.90583333333332
3.524666666666655
5.559388888888877
4.076111111111098
4.773277777777765
4.680777777777767
4.220388888888876
3.835888888888878
4.084999999999988
3.6646666666666543
3.4707777777777666
3.389444444444433
3.566388888888879
4.094833333333321
3.180611111111102
3.170277777777767
3.1399999999999886
2.7383333333333235
2.7796666666666563
2.616999999999989
2.531944444444433
2.676777777777765
2.0562777777777663
2.528722222222211
1.7531111111110993
2.2701666666666553
2.2135555555555437
1.5316666666666552
1.9112777777777676
1.745777777777767
0.9715555555555448
1.632666666666656
0.6943333333333235
1.1113333333333226
0.9223888888888787
0.9483333333333228
0.6004444444444339
0.10622222222221195
0.4854444444444342
0.12383333333332319
0.4112777777777678
0.16844444444443463
-0.13338888888889855
-0.15655555555556494
-0.23822222222223136
-0.363555555555565
-0.4771666666666761
-0.08238888888889834
-0.5162222222222319
-1.0215555555555658
-1.0584444444444545
-0.7600555555555651
-0.8303333333333436
-0.9459444444444545
-1.1387777777777874
-1.4455000000000098
-0.7893888888888985
-1.3126111111111205
-1.395222222222232
-1.7268333333333437
-1.9463888888888976
-1.8573333333333435
-1.884388888888898
-2.063722222222232
-2.353388888888899
-1.98650000000001
-2.3001666666666765
-2.2030000000000096
-2.160722222222233
-2.349555555555566
-2.2246666666666775
-2.6381666666666774
-2.807500000000012
-3.004222222222232
-3.0707777777777894
-3.205444444444455
-3.267666666666677
-3.568555555555567
-3.255333333333345
-3.161444444444456
-3.337333333333346
-3.923055555555567
-3.7883888888888997
-3.983777777777789
-3.655222222222235
-4.2277222222222335
-4.014444444444455
-3.979777777777788
-4.099666666666678
-4.315222222222233
-4.479277777777788
-4.325611111111121
-4.479055555555565
-4.589722222222231
-4.798333333333344
-4.570166666666676
-4.879055555555567
-4.955777777777786
-5.151555555555566
-5.177555555555566
-5.081500000000009
-5.462055555555568
-5.350666666666677
-5.40377777777779
-5.441555555555567
-5.754666666666676
-5.504000000000011
-5.573000000000008
-5.7060000000000075
-5.724555555555564
-6.191833333333346
-6.124166666666675
-6.064277777777786
-6.137555555555564
-6.217500000000006
-6.438055555555561
-6.48916666666668
-6.48900000000001
-6.747888888888897
-6.745555555555562
-6.596111111111117
-6.753555555555562
-6.940333333333337
-6.7560000000000064
-6.641722222222231
-7.037444444444455
-6.995166666666676
-7.2156111111111185
-7.713777777777783
-7.410277777777787
-7.505722222222232
-7.490444444444454
-7.654944444444453
-7.857222222222233
-7.794500000000008
-8.216055555555565
-7.619666666666679
-7.979166666666676
-8.163222222222231
-8.655777777777784
-8.08433333333334
-8.173000000000007
-7.970666666666672
-8.619166666666674
-8.445722222222228
-8.475888888888894
-8.422444444444452
-8.579055555555563
-8.81466666666667
-8.855500000000006
-9.022055555555564
-9.34144444444445
-9.196166666666674
-9.425055555555561
-9.127722222222232
-9.047333333333341
-9.148944444444457
-9.30566666666667
-9.609944444444457
-9.692111111111116
-9.57222222222223
-9.591055555555569
-9.93927777777779
-9.957111111111116
-10.22155555555556
-10.437777777777784
-10.413555555555563
-10.046888888888892
-10.201388888888896
-10.289555555555566
-10.495222222222226
-10.680500000000007
-10.47105555555556
-10.47177777777779
-10.472166666666679
-10.766777777777785
-10.8918888888889
-10.633777777777782
-10.645555555555559
-10.807055555555568
-10.874000000000013
-11.253055555555568
-11.064611111111121
-11.213444444444455
-11.171277777777789
-11.364833333333342
-11.49483333333335
-11.622500000000008
-11.371444444444446
-11.879666666666674
-11.989055555555563
-12.044111111111114
-12.090388888888894
-12.072555555555558
-11.993333333333341
-12.087666666666674
-12.330277777777784
-12.480333333333347
-12.719888888888898
-12.521777777777782
-12.739444444444452
-12.645055555555562
-12.84077777777778
-12.664722222222231
-12.921444444444447
-13.250666666666682
-13.283111111111117
-13.264388888888899
-13.046166666666675
-13.317388888888896
-13.550833333333337
-13.12250000000001
-13.235444444444457
-13.257777777777786
-13.148666666666674
-13.485111111111113
-14.062000000000008
-14.14955555555556
-14.13338888888889
-13.896500000000005
-13.950944444444447
-13.63811111111112
-13.870611111111115
-14.313722222222232
-14.388666666666671
-14.557722222222239
-14.37477777777779
-14.553166666666684
-14.236166666666675
-14.487166666666676
-14.599000000000007
-14.709555555555568
-14.579777777777782
-14.904222222222229
-14.792055555555569
-14.63044444444446
-14.81194444444445
-15.139944444444462
-14.958944444444453
-14.866055555555567
-15.03072222222223
-15.2733888888889
-15.037277777777783
-15.068666666666669
-15.25805555555557
-15.32200000000001
-15.465333333333337
-15.38822222222223
-15.571611111111116
-15.602500000000004
-15.878166666666669
-15.688111111111114
-15.856277777777784
-15.761000000000005
-15.893944444444447
-15.902944444444449
-15.790888888888901
-16.024111111111125
-15.92894444444445
-16.062333333333342
-16.000388888888896
-16.21761111111112
-16.41377777777779
-16.331166666666675
-16.31833333333335
-16.465833333333343
-16.50811111111112
-16.506500000000006
-16.84922222222223
-16.824944444444455
-16.967388888888905
-17.025444444444453
-16.895055555555565
-17.263888888888896
-17.255833333333335
-17.571388888888897
-17.416222222222235
-17.43311111111111
-17.27133333333334
-17.43983333333334
-17.581611111111116
-17.389000000000006
-17.28627777777779
-17.385500000000008
-17.782333333333348
-17.8453888888889
-17.656833333333346
-17.913277777777783
-18.2193888888889
-17.923944444444462
-17.95550000000001
-17.712500000000002
-17.82583333333335
-17.732166666666682
-17.728611111111118
-17.814000000000014
-17.92133333333334
-18.091166666666666
-18.0918888888889
-18.31227777777778
-18.294
-18.12227777777779
-18.37227777777779
-18.444000000000013
-18.648444444444447
-18.849333333333345
-18.9453888888889
-18.71566666666668
-18.49261111111112
-18.568611111111125
-18.81927777777778
-18.80322222222223
-18.882722222222228
-18.84244444444446
-19.007277777777794
-18.933611111111123
-19.012111111111118
-18.982444444444454
-19.3283888888889
-19.587111111111113
-19.746666666666677
-19.581388888888895
-19.70916666666668
-19.699166666666674
-19.33599999999999
-19.328833333333346
-19.40894444444445
-19.768555555555565
-19.903111111111116
-19.962999999999994
-19.85966666666668
-19.973833333333342
-19.751500000000004
-19.93766666666668
-19.825166666666682
-20.073833333333337
-20.03338888888889
-20.112888888888897
-20.309833333333344
-20.4853888888889
-20.362
-20.383611111111115
-20.24116666666667
-20.448833333333347
-20.865277777777795
-20.946444444444463
-20.742166666666673
-21.066666666666684
-21.063611111111115
-21.179555555555556
-21.089611111111118
-21.26094444444445
-21.704888888888895
-21.683666666666674
-21.60850000000001
-22.19927777777779



The list of best values average 

-8.521000000000011
-5.333000000000012
-6.652000000000012
-5.714000000000013
-6.420000000000012
-8.222000000000012
-7.283000000000012
-7.658000000000012
-7.670000000000009
-7.8480000000000105
-8.03300000000001
-8.491000000000012
-8.80300000000001
-9.11600000000001
-9.343000000000012
-9.13200000000001
-9.03900000000001
-8.565000000000012
-9.41100000000001
-9.248000000000008
-9.456000000000008
-9.734000000000012
-9.61600000000001
-10.198000000000013
-9.864000000000011
-10.120000000000012
-9.822000000000012
-10.318000000000008
-10.551000000000014
-9.75000000000001
-10.637000000000013
-10.957000000000015
-10.480000000000006
-10.932000000000013
-11.281000000000011
-10.902000000000012
-11.732000000000012
-11.197000000000012
-11.075000000000012
-11.459000000000009
-11.244000000000012
-11.84100000000001
-11.537000000000011
-11.860000000000012
-11.34200000000001
-12.332000000000011
-11.686000000000009
-11.93100000000001
-11.756000000000014
-12.68400000000001
-12.647000000000013
-12.010000000000012
-11.963000000000012
-13.325000000000012
-12.849000000000016
-12.913000000000011
-13.187000000000012
-12.66600000000001
-12.710000000000012
-13.168000000000012
-12.657000000000012
-13.415000000000017
-13.626000000000007
-13.305000000000009
-13.620000000000013
-13.197000000000012
-13.203000000000012
-13.292000000000014
-13.92000000000001
-13.429000000000011
-14.218000000000005
-13.808000000000009
-13.59200000000001
-14.015000000000015
-13.921000000000012
-13.353000000000012
-14.027000000000008
-13.743000000000013
-14.183000000000007
-14.716000000000014
-14.919000000000008
-14.477000000000015
-13.996000000000006
-14.592000000000008
-14.661000000000016
-15.014000000000008
-15.173000000000009
-14.905000000000014
-14.92600000000001
-15.353000000000014
-15.164000000000009
-15.355000000000011
-15.137000000000013
-15.31800000000001
-15.663000000000014
-15.32300000000001
-15.596000000000009
-15.400000000000015
-15.254000000000012
-15.473000000000008
-15.775000000000011
-15.739000000000013
-16.433000000000014
-15.871000000000004
-16.01500000000001
-16.448000000000015
-15.775000000000011
-16.083000000000013
-16.760000000000012
-16.840000000000014
-16.410000000000018
-16.081000000000017
-16.30700000000002
-16.537000000000013
-16.580000000000013
-16.510000000000012
-16.809000000000008
-16.356000000000016
-16.914000000000016
-16.59800000000001
-17.422000000000008
-16.846000000000014
-17.61400000000001
-17.434000000000005
-17.594
-16.922000000000008
-17.17700000000001
-17.201000000000008
-17.296000000000014
-17.574000000000012
-17.448000000000015
-17.721000000000004
-17.894000000000005
-18.268000000000008
-17.465000000000014
-18.41200000000001
-17.76800000000002
-18.074000000000005
-18.303000000000015
-18.529000000000003
-18.251000000000012
-17.926000000000013
-18.94100000000002
-18.825000000000014
-18.277000000000008
-18.62400000000001
-17.848000000000013
-19.069000000000013
-18.609000000000016
-18.681000000000008
-18.621000000000016
-18.71000000000002
-18.94100000000001
-18.763000000000012
-18.763000000000012
-19.03700000000001
-19.35000000000002
-19.223000000000006
-19.156000000000006
-19.12700000000001
-19.248000000000008
-19.34100000000001
-19.544000000000015
-19.30200000000002
-19.58800000000001
-19.28000000000001
-19.452000000000016
-19.892000000000017
-20.125000000000004
-20.000000000000014
-19.79000000000001
-20.020000000000003
-20.06300000000001
-19.619000000000007
-20.31800000000001
-19.77800000000001
-19.75600000000001
-19.714000000000016
-20.11900000000001
-20.66200000000001
-20.518000000000015
-20.051000000000002
-20.401000000000014
-20.01400000000001
-20.295000000000016
-20.58400000000001
-20.682000000000023
-20.538000000000004
-20.33300000000001
-21.243000000000016
-21.224000000000007
-20.948000000000008
-20.902000000000008
-21.68300000000001
-21.252999999999997
-21.651000000000007
-21.272000000000006
-21.168000000000003
-20.821
-21.470000000000013
-21.559000000000008
-21.477000000000004
-21.801000000000005
-21.675000000000008
-21.68900000000001
-21.42700000000001
-21.45800000000001
-22.113999999999997
-21.873000000000005
-22.527000000000015
-22.09300000000001
-22.236000000000008
-22.221000000000007
-22.62600000000002
-22.571000000000005
-22.341000000000008
-22.095000000000006
-22.293000000000013
-22.05500000000002
-22.55300000000001
-22.758000000000003
-22.907000000000014
-22.69500000000001
-23.087
-22.758000000000006
-22.418000000000006
-22.724
-22.69000000000002
-22.805000000000014
-22.69000000000001
-23.058999999999997
-22.857
-23.038000000000007
-22.874
-23.221000000000004
-23.098000000000013
-22.942000000000014
-23.150000000000006
-22.996
-23.19500000000001
-23.335000000000008
-23.543000000000017
-23.458000000000013
-23.440000000000005
-23.362999999999996
-23.532000000000018
-23.30000000000002
-22.960000000000022
-23.619000000000007
-23.48000000000001
-23.578000000000014
-23.138000000000023
-23.601000000000013
-24.13500000000001
-24.28500000000002
-23.608000000000004
-23.694000000000024
-23.60400000000002
-23.925000000000015
-23.97400000000001
-24.176000000000013
-23.931000000000015
-24.16600000000001
-23.673000000000016
-23.892000000000017
-24.334999999999994
-24.384000000000007
-24.412000000000017
-24.42000000000002
-24.37000000000001
-24.258000000000024
-24.602000000000004
-24.544000000000015
-24.12300000000001
-24.74700000000002
-24.592000000000017
-24.661000000000016
-24.72000000000001
-24.95800000000001
-24.985000000000014
-25.289000000000005
-25.018000000000015
-24.925000000000015
-24.90300000000001
-25.123000000000015
-24.990000000000023
-25.139000000000003
-24.726000000000003
-25.246000000000016
-25.290000000000003
-24.972000000000012
-25.36200000000001
-25.49800000000002
-25.41400000000001
-25.37000000000002
-25.15200000000001
-25.219000000000012
-25.14200000000001
-25.298000000000016
-25.038000000000014
-25.217000000000034
-25.368000000000016
-25.29800000000002
-25.27700000000002
-25.38100000000002
-25.350000000000012
-25.296000000000003
-25.63200000000001
-25.51700000000001
-25.853000000000012
-25.65100000000001
-25.853000000000023
-25.72800000000001
-25.643000000000022
-25.77700000000003
-25.943000000000023
-25.38600000000002
-25.673000000000012
-25.940000000000023
-25.92000000000002
-25.738000000000014
-25.833000000000006
-26.10000000000002
-26.514000000000017
-26.313000000000017
-26.459000000000014
-26.298000000000027
-26.23100000000001
-25.84100000000001
-26.12100000000002
-25.849000000000014
-26.188000000000006
-26.227000000000025
-26.355000000000008
-26.330000000000002
-26.348000000000017
-25.962000000000014
-26.22200000000002
-26.17900000000001
-26.298000000000023
-26.453999999999994
-26.34200000000002
-26.520000000000035
-26.73800000000002
-26.414000000000023
-26.487000000000005
-26.42300000000001
-26.70700000000001
-26.819000000000006
-26.863000000000003
-26.710000000000004
-27.015000000000008
-26.74700000000002
-26.957000000000022
-26.950000000000014
-27.10400000000001
-27.308000000000014
-27.331000000000024
-27.35700000000002
-27.357000000000003
