----------Report of simulation of Quantum Parallel Tempering - Population Annealing v1-----------
The number of considered Spin48
The considered Annealing Duration 480
The considered Annealing Number 100
The considered T 1.0
The considered Gamma0 1.0
The considered Number Of Replica 3
The considered Number Of System Tempering 3
The considered Number Of System Population 3
The solution found [-1.  1. -1.  1. -1.  1. -1.  1. -1.  1. -1.  1. -1.  1. -1.  1. -1.  1.
  1. -1. -1.  1.  1. -1.  1.  1. -1. -1.  1.  1. -1. -1.  1.  1. -1. -1.
  1.  1. -1. -1.  1.  1. -1. -1.  1.  1. -1. -1.]
The value found -96.80000000000044
The Success probability is 0.0
The average value is -96.74000000000017
The total execution time is 786.1745767593384
The average time for execution is 7.861744160652161
The average time for all systems update is 0.016337117786208787
The average time for system tempering update is 0.002188433938556247
The average time for system population update is 461.6101589202881
The average time for replica update is 0.0008986140089454474
The average time for spin update is 1.8431936931095005e-05
The list of values found 

-96.60000000000026
-96.80000000000013
-96.80000000000025
-96.6000000000002
-96.80000000000001
-96.80000000000018
-96.79999999999978
-96.80000000000024
-96.80000000000015
-96.79999999999993
-96.8000000000001
-96.80000000000013
-96.6000000000002
-96.80000000000004
-96.60000000000028
-96.60000000000011
-96.80000000000005
-96.8000000000001
-96.80000000000007
-96.8000000000001
-96.8000000000001
-96.60000000000022
-96.60000000000036
-96.8000000000001
-96.8000000000001
-96.79999999999984
-96.80000000000008
-96.6000000000002
-96.80000000000007
-96.80000000000018
-96.60000000000045
-96.80000000000038
-96.80000000000015
-96.80000000000007
-96.60000000000025
-96.80000000000011
-96.80000000000001
-96.80000000000017
-96.80000000000021
-96.6000000000002
-96.80000000000013
-96.80000000000015
-96.6000000000002
-96.80000000000044
-96.80000000000015
-96.60000000000025
-96.60000000000014
-96.80000000000005
-96.80000000000013
-96.80000000000017
-96.80000000000011
-96.60000000000028
-96.6000000000003
-96.60000000000014
-96.60000000000034
-96.80000000000007
-96.60000000000022
-96.79999999999995
-96.80000000000018
-96.6000000000003
-96.80000000000013
-96.80000000000024
-96.80000000000008
-96.80000000000004
-96.60000000000026
-96.80000000000005
-96.80000000000007
-96.60000000000022
-96.60000000000025
-96.80000000000027
-96.80000000000007
-96.80000000000007
-96.80000000000003
-96.80000000000013
-96.60000000000011
-96.80000000000015
-96.60000000000014
-96.60000000000011
-96.60000000000053
-96.79999999999998
-96.80000000000041
-96.80000000000008
-96.80000000000027
-96.80000000000013
-96.8000000000002
-96.8000000000001
-96.80000000000011
-96.8000000000001
-96.80000000000001
-96.80000000000007
-96.60000000000026
-96.60000000000022
-96.80000000000032
-96.79999999999995
-96.80000000000032
-96.60000000000018
-96.80000000000013
-96.80000000000028
-96.80000000000013
-96.80000000000005



The list of values first execution 

-60.27777777777791
-51.744444444444575
-63.51666666666678
-56.26111111111123
-61.95555555555567
-59.35000000000012
-59.42777777777789
-60.888888888889
-58.32777777777788
-57.72777777777789
-61.50555555555567
-61.12222222222233
-63.73888888888899
-62.088888888888974
-59.15000000000009
-59.53888888888899
-63.08888888888899
-60.32777777777787
-62.111111111111214
-59.88333333333344
-59.13888888888899
-61.48333333333343
-58.716666666666775
-64.91666666666677
-59.57222222222232
-63.53333333333343
-60.58333333333342
-62.91666666666676
-62.461111111111194
-59.43333333333343
-63.405555555555644
-61.994444444444554
-63.333333333333435
-64.65555555555565
-63.03333333333343
-62.91111111111119
-62.011111111111205
-62.905555555555644
-60.63333333333344
-58.62222222222231
-63.62777777777788
-65.54444444444454
-66.45555555555565
-62.41666666666677
-64.67777777777786
-63.14444444444454
-63.24444444444454
-64.63888888888899
-64.06666666666676
-63.12777777777785
-64.03888888888898
-65.16666666666677
-68.10555555555565
-66.83888888888899
-62.42777777777787
-62.24444444444454
-65.77777777777789
-60.900000000000105
-61.16666666666677
-61.67222222222232
-61.83888888888899
-61.905555555555665
-64.8777777777779
-72.03333333333342
-64.488888888889
-66.56666666666678
-61.62222222222234
-64.39444444444456
-66.08888888888899
-63.61111111111123
-68.71666666666677
-65.46111111111124
-65.51111111111123
-63.35555555555566
-63.933333333333444
-64.35000000000011
-64.68888888888897
-63.22222222222232
-66.49444444444455
-66.47222222222233
-69.32777777777788
-69.79444444444454
-68.088888888889
-70.96666666666677
-68.0777777777779
-67.18888888888901
-68.29444444444455
-66.33333333333344
-68.28333333333346
-65.74444444444457
-64.96111111111124
-66.49444444444455
-66.3777777777779
-68.99444444444455
-63.65000000000012
-69.47222222222233
-67.59444444444458
-68.66111111111123
-66.20555555555566
-67.87222222222233
-67.60000000000012
-70.78333333333346
-65.51111111111122
-69.12777777777791
-65.96666666666678
-67.29444444444455
-68.01666666666678
-68.3777777777779
-69.58333333333344
-67.71111111111124
-68.12222222222233
-67.13333333333345
-65.51111111111123
-67.68333333333345
-67.89444444444456
-72.038888888889
-68.61666666666679
-72.76111111111123
-69.32222222222235
-71.47777777777787
-67.07222222222234
-68.51666666666677
-69.48333333333345
-67.35000000000011
-68.738888888889
-66.9500000000001
-70.55555555555567
-69.66666666666677
-72.36111111111123
-68.68888888888898
-70.65555555555567
-68.938888888889
-67.45555555555568
-65.19444444444454
-66.28888888888899
-63.42777777777789
-69.37222222222232
-66.038888888889
-69.25000000000011
-70.05555555555566
-72.95000000000012
-69.96111111111122
-69.52222222222234
-70.85555555555567
-71.1277777777779
-71.24444444444454
-72.97222222222234
-71.05555555555567
-72.54444444444457
-72.32777777777788
-72.28333333333343
-68.35555555555567
-69.92222222222232
-68.7500000000001
-68.4222222222223
-70.88888888888899
-69.588888888889
-70.13888888888899
-68.188888888889
-67.36111111111121
-70.86111111111121
-71.25555555555565
-71.70555555555565
-72.06666666666678
-71.21666666666677
-69.3500000000001
-71.11111111111123
-69.46666666666675
-69.73333333333345
-70.1000000000001
-69.98888888888898
-68.65555555555567
-70.6777777777779
-69.07222222222234
-71.6666666666668
-72.4000000000001
-72.65555555555565
-72.31111111111122
-77.01666666666678
-71.97222222222234
-71.77777777777789
-73.83888888888902
-71.90000000000012
-70.67777777777789
-69.19444444444456
-72.2666666666668
-72.71666666666678
-71.09444444444455
-69.68333333333345
-69.91111111111121
-74.22222222222234
-72.3000000000001
-71.30555555555566
-77.34444444444453
-74.06666666666676
-74.65000000000009
-71.66666666666676
-69.39444444444455
-70.8000000000001
-71.30555555555566
-70.68333333333344
-74.06666666666678
-73.03888888888899
-72.23333333333343
-70.78333333333343
-71.4500000000001
-69.8777777777779
-67.05000000000011
-69.55555555555566
-73.08333333333341
-70.2000000000001
-71.08333333333343
-71.10555555555564
-68.67777777777786
-71.02222222222233
-71.21111111111122
-70.1611111111112
-71.70555555555565
-74.41111111111121
-76.00555555555565
-70.90000000000009
-72.69444444444454
-68.86666666666675
-73.48333333333343
-74.89444444444455
-75.35555555555565
-72.0611111111112
-75.05555555555564
-71.92777777777788
-72.16666666666677
-71.18888888888898
-72.86111111111119
-72.32777777777788
-70.47777777777789
-73.44444444444454
-72.82777777777785
-77.51111111111119
-73.35000000000008
-70.73333333333342
-72.51111111111119
-70.2611111111112
-73.76666666666675
-72.68888888888898
-73.988888888889
-72.72777777777787
-67.83888888888899
-74.89444444444455
-73.38333333333343
-73.47777777777787
-72.31111111111119
-72.50000000000007
-74.3111111111112
-75.01666666666675
-70.93333333333342
-74.61111111111119
-77.17777777777786
-74.45555555555565
-72.62222222222232
-71.4111111111112
-73.89444444444455
-73.50000000000009
-76.0500000000001
-71.11666666666677
-75.59444444444456
-71.25555555555565
-75.3111111111112
-72.91666666666677
-77.23333333333343
-74.2611111111112
-74.45555555555565
-75.16111111111121
-74.27777777777789
-75.338888888889
-78.88888888888899
-76.62222222222232
-74.89444444444455
-74.15555555555567
-76.21666666666677
-77.45555555555566
-75.43888888888898
-76.2611111111112
-76.87222222222232
-77.23333333333343
-76.1000000000001
-75.78333333333345
-74.6500000000001
-75.40555555555565
-71.99444444444457
-73.24444444444457
-74.9777777777779
-74.00555555555567
-76.63888888888901
-76.7666666666668
-77.30555555555566
-72.14444444444456
-75.68333333333345
-71.64444444444456
-75.1666666666668
-74.07222222222234
-76.83333333333346
-75.80555555555569
-76.388888888889
-73.7777777777779
-77.30000000000011
-74.41111111111124
-73.31666666666678
-73.67222222222235
-73.12222222222236
-73.70000000000013
-73.51666666666678
-74.82222222222234
-72.70555555555569
-75.10555555555568
-74.2166666666668
-78.38888888888901
-74.61111111111123
-75.58333333333344
-75.2277777777779
-75.20000000000012
-76.9277777777779
-74.26666666666678
-76.62222222222236
-73.53888888888902
-73.68333333333347
-76.41666666666679
-75.67777777777789
-74.72222222222234
-75.83333333333344
-73.7277777777779
-74.58888888888902
-76.91111111111123
-74.36666666666679
-78.32222222222234
-75.84444444444456
-75.2777777777779
-75.35555555555568
-75.10000000000014
-71.83888888888902
-76.33333333333346
-73.97777777777789
-75.45000000000014
-72.78333333333346
-72.638888888889
-77.11111111111124
-75.65000000000015
-73.93888888888901
-73.71666666666678
-72.32222222222235
-70.40555555555567
-72.09444444444458
-74.78333333333346
-73.47777777777792
-74.69444444444457
-74.43333333333345
-73.85000000000011
-77.40555555555568
-75.6166666666668
-78.79444444444457
-77.60000000000011
-78.75000000000013
-73.74444444444458
-77.97222222222236
-73.37222222222235
-72.46666666666681
-70.2166666666668
-75.13888888888901
-71.87777777777791
-74.71111111111122
-75.88888888888901
-77.63333333333347
-78.24444444444458
-78.07222222222235
-76.58333333333347
-78.1055555555557
-75.50000000000013
-79.5277777777779
-77.07222222222236
-76.80555555555567
-75.538888888889
-78.33888888888902
-77.97777777777789
-75.95000000000012
-74.47777777777792
-77.12222222222233
-76.58333333333346
-77.55555555555569
-75.95555555555568
-75.62222222222235
-76.37222222222235
-74.87777777777791
-72.93333333333345
-77.98333333333345
-76.60555555555568
-79.12777777777792
-75.67777777777792
-79.29444444444458
-73.2777777777779
-74.73888888888901
-75.2555555555557
-76.12222222222235
-74.79444444444457
-75.4666666666668
-75.83333333333346
-75.77222222222235
-74.83333333333347
-75.6555555555557
-77.10000000000012
-74.62777777777791
-76.22222222222234
-76.38333333333348
-77.52777777777794
-74.8555555555557
-74.51111111111125
-73.82222222222236
-75.94444444444457
-77.62222222222233
-78.12777777777791
-79.10000000000012
-80.47222222222236
-79.59444444444458
-77.60000000000014
-77.24444444444458
-75.36111111111126
-76.30555555555569
-75.6555555555557
-79.84444444444458
-75.11111111111126
-78.78888888888905
-76.49444444444458
-79.65000000000015
-79.00555555555569
-79.02222222222237
-78.11666666666682
-78.10555555555568
-77.31666666666679
-78.26666666666681
-77.24444444444458
-76.91111111111124
-74.11111111111126
-77.14444444444459
-76.65000000000013
-74.58888888888902
-76.1777777777779
-75.05000000000014
-76.82222222222236
-78.61111111111126
-76.08333333333347
-76.13333333333347
-75.82222222222236
-79.44444444444457
-77.17777777777789
-75.07777777777791
-78.87777777777791
-79.02222222222234
-79.12777777777791
-76.77777777777789
-78.97222222222234
-79.12222222222235
-80.11666666666679
-78.43333333333347
-78.63333333333344
-76.70555555555568
-77.93888888888901
-78.73333333333345
-81.15000000000012
-78.9055555555557
-79.23333333333345
-76.91111111111124
-78.48333333333346
-78.79444444444454
-82.05555555555564
-79.538888888889
-80.8277777777779
-77.8111111111112
-78.43888888888898
-76.74444444444457
-80.42222222222232
-76.80000000000011
-78.90555555555568
-78.838888888889



The list of best values first execution 

-84.20000000000012
-89.40000000000012
-88.50000000000011
-91.10000000000011
-95.40000000000012
-96.20000000000012
-95.40000000000012
-92.00000000000009
-88.20000000000013
-91.90000000000009
-90.1000000000001
-91.90000000000009
-94.60000000000008
-94.60000000000012
-91.90000000000006
-95.40000000000013
-96.2000000000001
-95.60000000000011
-95.40000000000006
-96.20000000000014
-96.40000000000006
-96.60000000000015
-95.40000000000009
-95.40000000000009
-89.30000000000008
-91.30000000000007
-92.20000000000007
-83.40000000000008
-96.40000000000012
-92.30000000000013
-96.2000000000001
-95.40000000000012
-96.20000000000012
-96.40000000000003
-95.60000000000005
-96.60000000000014
-95.40000000000012
-93.10000000000014
-95.60000000000005
-89.50000000000004
-83.30000000000004
-89.40000000000003
-91.90000000000003
-90.20000000000012
-91.90000000000006
-91.10000000000005
-88.20000000000005
-93.20000000000013
-93.60000000000005
-92.00000000000004
-95.60000000000014
-93.80000000000005
-90.30000000000013
-89.30000000000005
-93.00000000000013
-92.70000000000006
-95.80000000000013
-89.90000000000006
-92.80000000000005
-87.10000000000007
-86.70000000000013
-89.30000000000005
-92.80000000000005
-95.40000000000006
-92.90000000000006
-92.30000000000007
-90.30000000000013
-88.70000000000006
-88.60000000000008
-95.40000000000006
-95.60000000000008
-96.60000000000008
-93.60000000000008
-91.20000000000007
-93.10000000000008
-96.40000000000018
-96.20000000000007
-92.90000000000006
-91.90000000000006
-96.20000000000016
-96.40000000000018
-96.20000000000007
-96.20000000000007
-95.60000000000008
-96.60000000000008
-95.40000000000006
-95.60000000000008
-96.40000000000008
-94.60000000000007
-96.40000000000006
-95.60000000000008
-96.20000000000009
-96.20000000000022
-96.40000000000022
-96.40000000000006
-92.80000000000021
-96.20000000000007
-95.40000000000012
-92.90000000000006
-94.80000000000024
-92.90000000000023
-95.60000000000025
-95.40000000000006
-93.60000000000008
-92.90000000000023
-90.60000000000022
-89.30000000000007
-91.90000000000005
-94.60000000000025
-96.40000000000006
-95.60000000000005
-92.10000000000025
-92.80000000000013
-89.30000000000013
-92.10000000000011
-92.80000000000024
-96.20000000000012
-94.60000000000004
-96.40000000000023
-95.60000000000025
-89.30000000000008
-92.10000000000024
-95.60000000000022
-92.10000000000014
-95.60000000000022
-92.10000000000022
-94.60000000000007
-93.2000000000001
-96.60000000000011
-95.40000000000012
-91.90000000000012
-95.60000000000012
-88.8000000000002
-92.10000000000011
-88.60000000000012
-91.60000000000008
-95.60000000000008
-96.20000000000007
-92.7000000000001
-94.20000000000022
-96.20000000000022
-96.40000000000023
-96.20000000000022
-94.20000000000007
-96.20000000000007
-96.20000000000009
-95.60000000000008
-94.60000000000007
-95.60000000000008
-94.60000000000005
-94.40000000000005
-92.10000000000022
-93.10000000000004
-92.90000000000023
-90.30000000000022
-92.10000000000022
-95.40000000000003
-93.80000000000021
-94.80000000000004
-92.30000000000003
-92.80000000000004
-91.20000000000005
-92.0000000000002
-91.90000000000003
-93.20000000000022
-95.40000000000005
-95.40000000000005
-92.70000000000022
-90.10000000000008
-95.60000000000022
-95.40000000000023
-92.10000000000022
-95.40000000000006
-96.20000000000023
-94.60000000000022
-94.60000000000005
-94.80000000000004
-95.40000000000005
-95.60000000000005
-94.60000000000022
-94.80000000000007
-92.90000000000006
-90.70000000000007
-90.40000000000025
-93.60000000000005
-93.80000000000005
-92.90000000000006
-94.80000000000007
-95.80000000000007
-92.10000000000007
-95.80000000000007
-93.20000000000007
-92.90000000000008
-95.60000000000022
-96.40000000000023
-95.40000000000006
-96.40000000000006
-92.30000000000007
-95.40000000000023
-90.70000000000007
-96.40000000000025
-96.20000000000007
-93.00000000000026
-92.10000000000007
-95.60000000000005
-92.90000000000005
-95.40000000000003
-93.60000000000005
-91.90000000000023
-92.80000000000024
-95.40000000000003
-95.60000000000005
-96.40000000000003
-90.50000000000026
-91.30000000000027
-90.90000000000026
-96.20000000000002
-95.60000000000005
-92.80000000000004
-92.10000000000005
-96.40000000000026
-95.40000000000003
-93.80000000000004
-92.50000000000026
-96.20000000000005
-96.40000000000005
-95.40000000000026
-92.80000000000025
-95.40000000000026
-91.90000000000006
-90.90000000000006
-92.90000000000025
-92.10000000000007
-92.10000000000007
-95.60000000000007
-95.40000000000006
-92.70000000000006
-92.80000000000001
-93.10000000000008
-94.40000000000008
-96.40000000000006
-95.60000000000025
-95.60000000000008
-96.20000000000023
-95.60000000000024
-95.40000000000005
-96.40000000000023
-96.20000000000024
-94.20000000000005
-96.60000000000005
-93.10000000000005
-92.70000000000006
-93.60000000000022
-92.10000000000002
-92.10000000000015
-94.60000000000008
-92.20000000000005
-95.40000000000003
-92.10000000000014
-95.60000000000002
-95.40000000000023
-91.90000000000018
-93.10000000000005
-92.70000000000024
-93.80000000000025
-92.70000000000027
-96.40000000000005
-96.40000000000005
-90.3000000000001
-91.30000000000008
-93.10000000000007
-96.20000000000007
-92.30000000000007
-93.60000000000008
-92.50000000000009
-95.40000000000009
-95.60000000000008
-92.10000000000008
-93.60000000000005
-92.10000000000008
-90.70000000000013
-96.40000000000012
-93.10000000000026
-96.60000000000026
-96.40000000000026
-95.40000000000006
-94.60000000000011
-89.50000000000007
-94.00000000000009
-93.60000000000016
-93.20000000000027
-96.20000000000016
-92.70000000000027
-92.90000000000029
-95.40000000000029
-92.80000000000008
-95.40000000000015
-96.20000000000029
-92.90000000000015
-95.40000000000015
-95.60000000000014
-95.40000000000006
-95.60000000000008
-95.60000000000028
-95.40000000000006
-96.40000000000006
-94.60000000000012
-95.40000000000006
-89.40000000000008
-95.40000000000008
-96.20000000000024
-96.40000000000026
-93.10000000000025
-92.90000000000026
-96.20000000000024
-96.20000000000024
-95.60000000000025
-92.70000000000017
-93.10000000000016
-96.20000000000016
-93.00000000000011
-94.60000000000025
-96.60000000000026
-96.20000000000027
-96.40000000000009
-96.40000000000026
-95.60000000000025
-95.40000000000018
-95.40000000000023
-95.60000000000024
-92.90000000000018
-92.10000000000012
-92.90000000000018
-92.8000000000002
-92.1000000000002
-95.80000000000021
-95.60000000000011
-94.20000000000012
-95.4000000000001
-92.80000000000005
-94.60000000000011
-96.2000000000001
-96.2000000000001
-95.40000000000026
-96.20000000000024
-95.60000000000011
-94.60000000000011
-95.80000000000005
-91.40000000000006
-95.60000000000011
-96.20000000000005
-89.30000000000027
-96.60000000000011
-96.2000000000001
-95.40000000000009
-96.20000000000026
-95.60000000000016
-93.60000000000014
-96.40000000000006
-96.40000000000006
-96.60000000000016
-96.20000000000017
-89.40000000000015
-93.80000000000024
-93.10000000000021
-92.00000000000023
-93.40000000000006
-92.80000000000024
-96.20000000000024
-95.40000000000023
-93.80000000000013
-93.60000000000005
-95.60000000000011
-95.60000000000011
-95.60000000000005
-96.40000000000016
-95.4000000000002
-95.8000000000001
-95.60000000000022
-96.40000000000006
-96.60000000000021
-92.90000000000006
-95.60000000000007
-96.4000000000002
-96.20000000000006
-95.40000000000022
-96.40000000000012
-93.10000000000011
-92.90000000000018
-95.40000000000008
-93.10000000000008
-92.90000000000018
-96.40000000000008
-93.10000000000008
-92.80000000000005
-96.60000000000007
-94.80000000000021
-94.20000000000006
-96.40000000000006
-94.6000000000002
-92.80000000000015
-96.40000000000006
-94.80000000000015
-96.40000000000006
-95.40000000000006
-92.9000000000002
-95.80000000000022
-90.60000000000016
-92.70000000000023
-92.90000000000023
-92.90000000000022
-92.70000000000022
-92.70000000000024
-92.30000000000008
-96.40000000000022
-96.20000000000024
-96.40000000000022
-96.40000000000023
-96.4000000000002
-96.4000000000002
-96.20000000000003
-95.40000000000006
-96.40000000000008
-96.40000000000003
-96.20000000000024
-95.60000000000022
-96.40000000000019
-95.40000000000023
-95.60000000000004
-96.40000000000019
-93.0000000000002
-96.20000000000005
-94.60000000000018
-95.6000000000002
-95.60000000000022
-95.60000000000022
-96.20000000000022
-95.60000000000018
-93.8000000000001
-96.40000000000018
-96.40000000000009
-94.60000000000016
-96.40000000000028
-95.4
-95.6
-96.40000000000009
-96.19999999999999
-96.40000000000009
-96.40000000000009
-96.60000000000008
-92.90000000000009
-96.39999999999999
-96.20000000000007
-95.80000000000021
-96.40000000000015
-94.20000000000007
-94.80000000000008
-96.40000000000019
-96.40000000000022
-96.40000000000025
-96.40000000000018
-96.19999999999999
-95.6000000000002
-95.4000000000001
-96.60000000000022
-96.40000000000022
-95.60000000000011
-96.20000000000027
-96.4000000000002
-96.4000000000002
-96.60000000000008
-96.6000000000002
-95.6000000000001
-95.40000000000006
-96.60000000000008
-95.60000000000025
-95.60000000000021
-96.4000000000002
-96.60000000000008
-96.40000000000019



The list of values average 

-56.490166666666795
-54.60050000000011
-58.978722222222345
-59.25272222222235
-59.68833333333347
-60.91394444444459
-60.54172222222236
-61.11600000000015
-60.81505555555566
-61.38138888888902
-61.446777777777896
-61.75205555555567
-61.416833333333486
-61.34666666666679
-61.18783333333347
-62.06938888888903
-61.46494444444458
-61.591555555555686
-61.96488888888897
-62.14538888888901
-62.06350000000012
-62.26088888888901
-62.272944444444576
-62.372666666666795
-62.20261111111122
-61.89855555555568
-62.07483333333346
-62.05838888888901
-62.27972222222235
-62.51144444444457
-62.26616666666679
-62.825555555555695
-62.97733333333346
-62.96694444444457
-63.1436666666668
-63.267500000000105
-62.35227777777789
-63.05116666666677
-63.16961111111125
-63.1915000000001
-63.24972222222236
-63.10388888888902
-63.5265555555557
-63.054888888888996
-64.07255555555567
-63.71244444444457
-63.77066666666678
-64.07344444444456
-63.99183333333341
-64.10277777777789
-63.83461111111122
-64.15722222222234
-63.691444444444585
-64.02388888888899
-64.19694444444453
-64.09138888888901
-64.28600000000014
-64.28538888888902
-64.392888888889
-64.23133333333347
-64.6147777777779
-64.62911111111121
-64.64572222222233
-64.6607222222223
-64.664888888889
-64.9597777777779
-64.6635000000001
-65.06044444444456
-64.72755555555565
-65.2131666666668
-64.66322222222233
-64.93722222222233
-64.94716666666676
-65.17644444444457
-64.886888888889
-65.52850000000008
-65.15794444444457
-65.51977777777786
-65.44383333333343
-65.5942777777779
-65.7172777777779
-65.51977777777786
-65.72200000000011
-66.013888888889
-65.92111111111123
-66.1557222222223
-66.19594444444456
-65.60644444444455
-65.71372222222234
-66.17627777777787
-65.82022222222231
-66.27050000000008
-66.26777777777787
-66.2811111111112
-66.1221111111112
-66.27744444444453
-66.59116666666677
-66.91883333333342
-66.64077777777786
-66.85238888888897
-66.91827777777787
-66.95816666666677
-66.60638888888896
-67.2363333333334
-66.6094444444445
-67.14511111111122
-67.28105555555567
-67.31844444444452
-67.3783333333334
-67.51216666666677
-67.27427777777787
-67.18972222222231
-67.40566666666675
-67.26838888888895
-67.30794444444454
-67.35877777777787
-66.93888888888897
-67.4156111111112
-67.11450000000009
-67.60094444444455
-67.57055555555564
-67.50094444444453
-67.67566666666676
-67.56250000000009
-67.69450000000009
-67.6042222222223
-67.90772222222232
-67.95777777777788
-68.08022222222233
-67.83500000000005
-68.13983333333343
-67.75455555555564
-68.05561111111119
-68.16400000000012
-68.06588888888896
-67.82861111111117
-68.28911111111118
-68.20716666666675
-68.52794444444449
-68.11294444444451
-68.61661111111121
-68.3056666666668
-68.72800000000008
-68.83650000000007
-68.78166666666677
-68.75555555555563
-68.71494444444453
-68.95327777777784
-68.66577777777785
-69.19866666666675
-69.3744444444445
-69.0882777777779
-69.25150000000005
-69.15561111111118
-69.27383333333343
-69.24205555555564
-69.13511111111119
-69.46266666666672
-69.22588888888895
-69.4836111111112
-69.01133333333344
-69.44244444444456
-69.38444444444453
-69.5005000000001
-69.50044444444454
-69.62716666666674
-69.61733333333343
-69.37755555555563
-69.43088888888896
-69.50311111111118
-69.68944444444453
-69.86427777777784
-69.58133333333342
-69.70427777777785
-70.19816666666675
-70.08888888888897
-70.39266666666673
-70.2738333333334
-70.46722222222233
-70.22716666666678
-70.26866666666673
-70.28844444444452
-70.39116666666673
-70.25105555555562
-70.30050000000008
-70.38577777777786
-70.55894444444452
-70.88000000000007
-70.76538888888898
-70.77894444444453
-70.85266666666675
-70.5698333333334
-70.76466666666676
-71.01761111111117
-70.96316666666672
-71.06583333333342
-70.84983333333341
-71.15583333333339
-70.79305555555565
-71.16222222222231
-71.06594444444453
-71.27205555555561
-71.28294444444447
-71.15822222222232
-70.85038888888897
-71.36561111111119
-71.2865000000001
-71.15016666666675
-71.08188888888897
-71.47411111111117
-71.48816666666674
-71.36022222222229
-71.45905555555562
-71.32616666666674
-71.81816666666673
-71.78588888888895
-71.77233333333342
-71.55094444444453
-71.46622222222229
-71.75350000000009
-71.78577777777787
-71.67272222222225
-71.83250000000007
-72.0576111111112
-72.02988888888893
-72.15616666666673
-71.8522222222223
-71.9343333333334
-72.03022222222228
-72.25250000000008
-72.16450000000005
-72.2878333333334
-72.07183333333339
-72.1845555555556
-72.10838888888897
-72.76405555555561
-72.43766666666676
-72.51111111111122
-72.15855555555564
-72.46477777777787
-72.39966666666672
-72.93133333333337
-72.9728333333334
-72.83538888888896
-73.17327777777783
-72.9379444444445
-72.8959444444445
-72.91700000000003
-72.52088888888896
-72.90855555555564
-72.91094444444452
-73.15455555555559
-73.23111111111115
-73.26583333333336
-73.30861111111119
-73.38133333333339
-73.14611111111117
-73.1724444444445
-73.09105555555561
-73.22572222222232
-73.27550000000008
-73.38177777777786
-73.44244444444452
-73.52322222222229
-73.66133333333339
-73.74238888888893
-73.88038888888894
-73.90100000000007
-74.08627777777785
-73.59733333333337
-73.61600000000008
-73.61311111111115
-73.46038888888894
-73.84250000000006
-73.4560000000001
-73.72416666666673
-73.82650000000002
-73.9987222222223
-74.16316666666675
-74.10933333333341
-74.01488888888892
-74.11105555555564
-74.03188888888896
-74.3256666666667
-74.21438888888892
-74.25000000000004
-74.51027777777784
-74.46600000000008
-74.48116666666672
-74.41055555555559
-74.56066666666676
-73.92627777777783
-74.52838888888894
-73.97294444444451
-74.53022222222226
-74.49122222222225
-74.63788888888894
-74.57366666666672
-74.36155555555564
-74.64611111111114
-74.45355555555558
-74.43577777777784
-74.67711111111115
-74.71055555555562
-74.98788888888897
-74.67677777777783
-74.80144444444451
-74.85205555555558
-74.99422222222226
-74.87566666666667
-75.20500000000007
-74.96750000000006
-75.41383333333339
-75.08100000000003
-75.24355555555559
-75.29488888888892
-75.53077777777784
-75.15311111111117
-75.30888888888897
-75.2721666666667
-75.53738888888896
-75.36577777777784
-75.41338888888893
-75.21200000000005
-75.4796111111112
-75.33066666666672
-75.39422222222225
-75.18122222222223
-75.69138888888895
-75.30261111111116
-75.86522222222223
-75.71261111111114
-75.84900000000009
-75.78166666666671
-76.12850000000005
-75.68583333333338
-76.02227777777782
-76.02872222222227
-75.82438888888895
-75.64433333333338
-75.87072222222227
-75.67938888888895
-76.06238888888896
-75.91600000000007
-76.28711111111116
-76.05466666666672
-76.08416666666672
-76.07927777777786
-75.8612222222223
-75.8221666666667
-76.06600000000005
-75.7329444444445
-76.2927222222223
-75.89133333333338
-76.22294444444448
-76.05155555555554
-76.01972222222223
-76.19261111111118
-76.45611111111116
-76.47688888888894
-76.23955555555558
-76.30150000000008
-76.3358888888889
-76.27450000000005
-76.39077777777783
-76.62755555555562
-76.24027777777783
-76.63416666666669
-76.53033333333337
-76.37911111111116
-76.34772222222227
-76.5293333333334
-76.54166666666669
-76.7364444444445
-76.57677777777782
-76.85411111111117
-76.46783333333335
-76.82838888888894
-76.70650000000006
-76.84400000000004
-76.65622222222228
-76.93616666666671
-76.63261111111115
-76.7275555555556
-76.73100000000002
-76.90533333333336
-76.72683333333336
-77.03972222222225
-76.73211111111114
-76.63288888888893
-76.89688888888892
-76.93277777777784
-77.01827777777781
-76.84744444444448
-76.7854444444445
-77.05722222222226
-76.75472222222228
-76.99894444444448
-76.9771666666667
-76.90738888888893
-76.97461111111114
-77.04672222222227
-77.12761111111112
-77.03522222222227
-77.22727777777783
-77.3174444444445
-77.52622222222224
-77.27916666666673
-77.25527777777779
-77.5083888888889
-77.24100000000004
-77.25927777777787
-77.42350000000005
-77.09261111111114
-77.53188888888891
-77.30427777777781
-77.7654444444445
-77.32494444444451
-77.72216666666671
-77.19066666666671
-77.60561111111114
-77.44677777777778
-77.53288888888895
-77.82044444444448
-77.71555555555557
-77.57677777777779
-77.51900000000006
-77.77005555555557
-77.48855555555556
-77.51011111111116
-77.82133333333336
-78.04650000000005
-77.74900000000004
-77.76100000000005
-77.74372222222225
-77.94561111111113
-77.90816666666669
-77.7351666666667
-77.90088888888893
-78.05383333333339
-77.93666666666668
-77.8403888888889
-77.8639444444444
-77.84600000000005
-77.67777777777779
-78.1452777777778
-77.87755555555556
-78.19911111111116
-78.13988888888889
-78.27483333333336
-78.26972222222227
-77.99511111111113
-78.01283333333336
-78.23138888888893
-78.1290555555556
-78.19661111111112
-78.01233333333334
-78.37161111111112
-78.45472222222227
-78.4843333333334
-78.22916666666674
-78.5786666666667
-78.34222222222225
-78.36594444444448
-78.18555555555558
-78.03038888888887
-78.08272222222224
-78.34750000000003
-78.01877777777783
-78.619
-78.52194444444444
-78.58538888888891
-78.80622222222223
-78.59927777777779
-78.84077777777779
-78.66105555555555
-78.6202777777778
-78.64005555555556
-78.84438888888889
-78.78883333333337



The list of best values average 

-77.06800000000011-84.14900000000013-89.50600000000013-91.77300000000011-92.64200000000012-92.8440000000002-93.34800000000013-93.38300000000015-93.3940000000001-93.57700000000013-93.08000000000017-93.62100000000014-92.96100000000014-93.28100000000018-93.3540000000002-93.52700000000011-93.58800000000014-94.01400000000014-93.77000000000017-93.72900000000018-93.69500000000016-93.72100000000012-93.80100000000014-93.77000000000018-93.63000000000015-93.60700000000013-93.62300000000016-93.11000000000016-93.53600000000016-93.34500000000017-93.50000000000016-93.93900000000012-94.04000000000013-93.72600000000016-93.90900000000012-93.56100000000013-93.51500000000014-93.79000000000016-93.84800000000016-93.23500000000013-93.39800000000011-93.44800000000012-93.54500000000017-93.64400000000015-94.13400000000007-93.84200000000016-93.76300000000013-94.14700000000013-93.69200000000018-93.70200000000014-93.29100000000012-93.97800000000018-93.74800000000016-94.01600000000015-94.12700000000012-94.01100000000018-93.76200000000013-93.32700000000011-93.47200000000015-93.46700000000017-93.9370000000002-93.75500000000014-93.92600000000013-94.22000000000014-93.44300000000014-93.63800000000013-93.91400000000012-93.79600000000019-94.22000000000013-94.06200000000014-93.90900000000019-93.84500000000013-93.58300000000011-93.9460000000002-93.83000000000014-93.58800000000014-93.61200000000012-93.64300000000009-94.11800000000015-93.67100000000008-93.95200000000013-93.54800000000014-93.91800000000012-93.49100000000017-93.78300000000011-93.73700000000014-93.62800000000016-93.94200000000015-93.7230000000001-93.6990000000001-93.8170000000001-93.80800000000009-93.92900000000014-94.02700000000014-93.80200000000016-93.57600000000009-93.51800000000016-93.74000000000015-93.52200000000012-93.53200000000012-93.78900000000016-94.34300000000012-93.84800000000014-93.92800000000011-93.61300000000014-93.66200000000012-93.72100000000013-93.6940000000001-94.14300000000011-93.5510000000001-93.44600000000014-93.43500000000014-93.49100000000014-93.8050000000001-93.9770000000001-94.13700000000011-94.04600000000012-93.76700000000014-93.4850000000001-93.33900000000013-93.41900000000011-94.0130000000001-93.64200000000007-93.69200000000015-93.89900000000009-93.65500000000011-93.73900000000013-93.95400000000006-93.76600000000009-93.84000000000009-93.86500000000011-93.86300000000014-93.89800000000005-93.59000000000015-93.81900000000012-93.64300000000007-93.80800000000016-93.89900000000013-93.52500000000009-93.67100000000016-93.52200000000012-93.65500000000014-93.44700000000007-93.40200000000009-93.29400000000012-93.43100000000007-93.50000000000011-93.59800000000013-93.6130000000001-93.61100000000008-93.82200000000013-93.59300000000007-93.39400000000012-93.32300000000012-93.5300000000001-93.48800000000008-93.83100000000012-93.4900000000001-93.87500000000009-93.8100000000001-93.5650000000001-93.53000000000011-93.7070000000001-93.98200000000008-94.10500000000015-94.08200000000015-94.12900000000015-93.80100000000012-93.48200000000016-93.64700000000006-93.92100000000013-93.93000000000009-93.69300000000008-93.61300000000017-93.7840000000001-93.75800000000008-94.20500000000013-94.06900000000007-94.08800000000014-94.02100000000007-93.87000000000012-93.89000000000014-93.73100000000008-93.39400000000012-93.37700000000008-93.66300000000014-94.04900000000013-94.01300000000015-93.79700000000012-93.84200000000008-94.04600000000013-93.36800000000014-93.79400000000012-93.74700000000014-93.62600000000015-94.2810000000001-93.71200000000016-93.88700000000013-93.9240000000001-93.8410000000001-93.92400000000009-93.53100000000008-94.02000000000011-93.7060000000001-94.0800000000001-93.76900000000012-93.9340000000001-94.14200000000008-93.73300000000008-93.5040000000001-93.84100000000008-93.6310000000001-93.74600000000014-93.51400000000011-93.9140000000001-94.0300000000001-93.9840000000001-94.30800000000013-93.62500000000014-93.97800000000007-93.89300000000007-93.59300000000016-93.53000000000011-93.79700000000011-93.97200000000011-93.5510000000001-94.20600000000009-94.08600000000013-93.9330000000001-93.70400000000012-93.5260000000001-93.86000000000008-93.64400000000012-93.45600000000015-93.84500000000008-94.09100000000007-93.88700000000009-93.67100000000015-93.80900000000013-94.26800000000013-93.7930000000001-94.06300000000012-93.80500000000012-94.0150000000001-94.2110000000001-93.85000000000005-93.98100000000008-93.82400000000013-93.82700000000011-94.19000000000011-93.75100000000009-93.67800000000011-93.90400000000008-93.83900000000013-94.07200000000007-94.0680000000001-94.14300000000009-94.21200000000012-93.62200000000004-94.05700000000004-93.92500000000011-94.02500000000012-94.1820000000001-94.03700000000002-94.16100000000012-94.08800000000008-94.43200000000004-94.30800000000006-94.19000000000007-94.0680000000001-93.98200000000006-93.84100000000008-94.30700000000012-94.19100000000003-94.05700000000012-93.8200000000001-94.29300000000008-94.29300000000009-93.9280000000001-93.85200000000009-94.08700000000015-93.92200000000007-94.03100000000003-94.0630000000001-93.95700000000008-93.94300000000008-94.32000000000008-94.05100000000014-94.19000000000005-94.12700000000008-94.01900000000009-93.96499999999999-93.9910000000001-93.8890000000001-93.98300000000006-94.27100000000009-94.05300000000005-94.19300000000008-94.17300000000004-94.14800000000007-94.39700000000012-94.23700000000007-94.20300000000007-94.49500000000008-94.40000000000008-94.82400000000007-94.24800000000009-94.1570000000001-94.52500000000003-94.42900000000009-94.14200000000007-94.07100000000007-94.50900000000006-94.15400000000012-94.46200000000015-94.77500000000006-94.47000000000008-94.45300000000012-94.43000000000005-94.25600000000004-94.59100000000008-94.6650000000001-94.50300000000013-94.23500000000013-94.33200000000012-94.60200000000006-94.07800000000005-94.40200000000006-94.51700000000007-94.47300000000006-94.29100000000005-94.74100000000006-94.7840000000001-94.79100000000005-94.64000000000006-94.53200000000004-94.53700000000008-94.5020000000001-94.52200000000005-94.5810000000001-94.52600000000007-94.46900000000008-94.43100000000005-94.55100000000004-94.71100000000011-94.83800000000002-94.69000000000003-94.64500000000005-94.4540000000001-94.37000000000006-94.58200000000006-94.32000000000008-94.83900000000011-94.71500000000013-94.6390000000001-94.56600000000006-94.47600000000011-94.7910000000001-94.75700000000008-94.72400000000007-94.65300000000006-94.61000000000006-94.58200000000006-94.66600000000005-94.57300000000009-94.8590000000001-94.64200000000008-94.93300000000006-94.65400000000008-94.82800000000007-94.82500000000007-94.91600000000005-94.90400000000002-94.53000000000004-94.86500000000008-95.09900000000007-94.75600000000006-94.92200000000014-95.31200000000007-95.08400000000007-95.05800000000012-94.9190000000001-94.98200000000007-94.81000000000002-95.22200000000007-94.82000000000009-94.68600000000012-94.45300000000005-94.68100000000005-94.85200000000006-94.92600000000002-94.92700000000006-94.96100000000011-95.03800000000005-94.90700000000005-94.89400000000005-94.83500000000006-94.94400000000005-95.18100000000003-94.78200000000005-94.83300000000003-94.93000000000005-95.11500000000005-95.08600000000007-95.40400000000007-95.29600000000003-95.34900000000005-95.14500000000002-95.24200000000013-95.09900000000012-95.11900000000007-95.08600000000006-95.12400000000001-94.88400000000003-95.33900000000008-95.36800000000007-95.42800000000003-95.56500000000005-95.34500000000006-95.08800000000008-95.42700000000002-95.28700000000006-95.09600000000003-95.34100000000008-95.34100000000004-95.18300000000004-95.06300000000007-95.40100000000004-95.42300000000006-95.37900000000008-95.26200000000001-95.41800000000006-95.37700000000007-95.34400000000007-95.40600000000003-95.4310000000001-95.46900000000005-95.24100000000003-95.41400000000002-95.56600000000009-95.34400000000005-95.3870000000001-95.53100000000005-95.50700000000006-95.42900000000004-95.64900000000009-95.22600000000008-95.66000000000008-95.69400000000003-95.4910000000001-95.328-95.35300000000007-95.53700000000005-95.39000000000006-95.42200000000004-95.5260000000001-95.584-95.77200000000006-95.67400000000006-95.71100000000006-95.44200000000004-95.57100000000005-95.64800000000005-95.71600000000007-95.49500000000006-95.42200000000003-95.58800000000005-95.66100000000003-95.53300000000002-95.66600000000007-95.64100000000002-95.6610000000001-95.90000000000005-95.83500000000004-95.74500000000002-95.8950000000001-95.88800000000006-95.66000000000004-96.02000000000005-95.83600000000011