----------Report of simulation of Quantum Parallel Tempering - Population Annealing v1-----------
The number of considered Spin30
The considered Annealing Duration 300
The considered Annealing Number 100
The considered T 1.0
The considered Gamma0 1.0
The considered Number Of Replica 3
The considered Number Of System Tempering 3
The considered Number Of System Population 3
The solution found [ 1.  1.  1.  1. -1.  1. -1.  1.  1.  1.  1.  1. -1.  1.  1.  1.  1. -1.
  1. -1.  1.  1.  1.  1.  1.  1.  1.  1.  1. -1.]
The value found 1.199999999999477
The Success probability is 0.04
The average value is 1.2239999999996827
The total execution time is 232.25108218193054
The average time for execution is 2.3225096440315247
The average time for all systems update is 0.0077029974301656085
The average time for system tempering update is 0.0009530192189746433
The average time for system population update is 140.92476177215576
The average time for replica update is 0.0004194232115039119
The average time for spin update is 1.3677749089252802e-05
The list of values found 

1.1999999999994913
1.1999999999997968
1.1999999999995197
1.1999999999997684
1.1999999999997044
1.199999999999676
1.1999999999997897
1.1999999999996191
1.1999999999995978
1.7999999999997698
1.1999999999996902
1.1999999999995836
1.1999999999996405
1.199999999999477
1.199999999999541
1.1999999999996405
1.199999999999683
1.1999999999997257
1.1999999999996973
1.1999999999996191
1.1999999999997826
1.1999999999996191
1.1999999999995836
1.1999999999995907
1.199999999999811
1.1999999999997684
1.199999999999676
1.1999999999995339
1.1999999999997328
1.1999999999998465
1.1999999999995552
1.1999999999996618
1.1999999999997328
1.199999999999676
1.7999999999995637
1.1999999999996618
1.1999999999997257
1.1999999999997257
1.1999999999997897
1.1999999999996263
1.1999999999997968
1.1999999999995552
1.1999999999996191
1.1999999999996405
1.1999999999997755
1.1999999999996405
1.199999999999747
1.1999999999995197
1.1999999999996902
1.1999999999997613
1.1999999999998252
1.199999999999612
1.1999999999996334
1.1999999999998252
1.199999999999747
1.1999999999996334
1.1999999999995765
1.1999999999996405
1.1999999999998252
1.1999999999996973
1.1999999999996191
1.1999999999995765
1.1999999999996334
1.1999999999996689
1.1999999999997897
1.1999999999996547
1.1999999999997044
1.1999999999997186
1.1999999999997542
1.1999999999997897
1.1999999999997542
1.199999999999548
1.1999999999995978
1.1999999999998394
1.199999999999605
1.199999999999747
1.7999999999996348
1.199999999999548
1.1999999999998323
1.1999999999997257
1.1999999999996263
1.1999999999996191
1.1999999999995978
1.1999999999997186
1.1999999999997257
1.199999999999747
1.19999999999974
1.1999999999995694
1.1999999999996405
1.199999999999818
1.1999999999995978
1.1999999999997968
1.1999999999996476
1.1999999999997328
1.1999999999997968
1.1999999999998323
1.19999999999974
1.19999999999974
1.7999999999996277
1.1999999999997755



The list of values first execution 

27.511111111110964
45.78888888888873
30.1055555555554
32.944444444444294
37.59999999999985
25.272222222222076
38.16111111111097
29.67777777777765
31.066666666666524
29.938888888888755
27.249999999999872
32.29444444444431
24.74444444444431
31.97777777777764
30.388888888888758
35.905555555555416
30.033333333333204
31.69444444444431
26.54999999999986
32.37222222222209
29.077777777777644
27.549999999999873
27.1833333333332
29.46666666666654
25.844444444444314
24.833333333333197
27.627777777777645
25.588888888888757
27.861111111110986
31.711111111110977
24.344444444444317
37.45555555555543
23.911111111110984
33.97777777777764
25.37777777777764
27.927777777777646
29.455555555555424
25.311111111110982
34.26111111111098
24.12777777777765
32.205555555555435
24.24444444444432
30.305555555555422
23.677777777777646
28.844444444444314
23.605555555555426
28.555555555555422
22.87777777777765
31.938888888888762
24.711111111110984
28.34999999999987
24.061111111110982
24.30555555555543
27.344444444444317
26.838888888888764
26.4722222222221
23.51111111111099
23.79999999999988
28.094444444444317
24.938888888888755
19.9722222222221
24.611111111110986
22.39444444444432
25.93333333333321
29.827777777777644
22.255555555555425
26.805555555555422
26.84444444444432
26.055555555555433
30.05555555555543
25.611111111110986
28.18888888888876
23.022222222222094
25.549999999999873
26.1722222222221
21.161111111110984
26.611111111110983
27.027777777777647
22.822222222222095
27.30555555555543
23.27777777777766
23.49999999999988
23.283333333333214
24.444444444444322
23.911111111110987
23.049999999999873
25.272222222222098
24.8222222222221
18.399999999999878
25.361111111110993
21.055555555555433
24.127777777777656
22.327777777777655
23.849999999999877
24.494444444444312
20.077777777777655
24.79999999999988
20.711111111110988
19.06666666666655
25.377777777777666
19.044444444444327
26.244444444444323
21.572222222222102
22.466666666666555
21.622222222222106
20.005555555555443
20.966666666666555
22.816666666666553
18.727777777777664
22.311111111110993
22.044444444444327
24.122222222222106
19.861111111111
27.861111111110993
25.09444444444433
21.072222222222102
23.377777777777663
16.93888888888877
22.894444444444318
24.53333333333321
25.84444444444432
19.68888888888876
17.849999999999874
22.033333333333204
22.677777777777646
23.41111111111098
18.69444444444431
22.072222222222088
21.816666666666528
24.4444444444443
21.6444444444443
22.73888888888874
22.99999999999985
23.14444444444429
27.577777777777627
25.122222222222067
22.694444444444287
23.449999999999843
22.62777777777762
22.516666666666513
22.21111111111096
23.372222222222067
25.594444444444285
22.566666666666514
22.616666666666514
22.794444444444295
23.527777777777626
18.377777777777624
21.69999999999984
20.533333333333175
20.62777777777762
24.894444444444286
19.933333333333174
24.88333333333317
21.394444444444282
24.688888888888727
21.28888888888873
21.66111111111095
24.099999999999838
22.07777777777762
21.261111111110946
23.577777777777612
22.41111111111095
22.177777777777614
21.816666666666503
18.911111111110944
21.0166666666665
24.694444444444272
20.361111111110944
19.044444444444277
20.51111111111094
20.872222222222053
19.98888888888872
19.444444444444276
20.522222222222045
17.994444444444266
18.633333333333148
21.438888888888705
20.14999999999981
22.549999999999805
17.705555555555364
22.272222222222023
18.661111111110912
19.899999999999803
22.47777777777758
21.46666666666647
20.544444444444245
21.73888888888869
19.616666666666465
20.499999999999794
18.933333333333128
17.511111111110907
22.227777777777575
16.716666666666466
21.772222222222013
20.905555555555345
18.661111111110902
19.8611111111109
20.53888888888868
21.88333333333312
22.016666666666456
20.144444444444233
27.288888888888675
16.305555555555337
25.344444444444225
21.194444444444233
19.57777777777757
23.311111111110897
22.06666666666645
20.155555555555345
23.527777777777576
18.944444444444244
25.561111111110908
20.322222222222017
22.16666666666647
23.21666666666646
16.805555555555355
23.166666666666465
19.994444444444245
17.91666666666647
27.399999999999807
14.788888888888701
26.422222222222032
21.22777777777758
20.638888888888694
24.494444444444248
20.066666666666467
25.83888888888869
20.466666666666463
23.166666666666465
25.7999999999998
19.92222222222202
27.35555555555536
22.111111111110915
28.288888888888685
20.444444444444244
23.9499999999998
25.311111111110908
20.883333333333137
19.822222222222017
22.588888888888675
16.683333333333124
24.138888888888683
22.072222222222013
21.294444444444235
23.055555555555344
21.69444444444424
21.866666666666458
22.35555555555534
25.655555555555345
22.072222222222013
19.1111111111109
22.572222222222006
18.20555555555534
23.961111111110895
19.455555555555335
22.422222222222008
23.24999999999978
19.122222222222003
23.522222222222005
20.84999999999978
20.74999999999978
24.744444444444227
19.244444444444227
20.999999999999787
19.844444444444225
23.34444444444423
19.694444444444233
20.583333333333126
23.438888888888666
18.36666666666645
24.33888888888867
19.649999999999782
24.04444444444422
22.388888888888662
19.149999999999782
25.92777777777755
25.44444444444422
18.733333333333107
25.483333333333107
20.81111111111089
26.888888888888665
18.899999999999764
21.00555555555532
23.583333333333094
22.09999999999976
23.727777777777543
23.305555555555316
18.52777777777754
28.299999999999763
18.155555555555313
26.533333333333093
19.78888888888865
23.888888888888644
21.65555555555531
22.422222222221976
24.061111111110865
23.32222222222198
18.80555555555531
22.899999999999746



The list of best values first execution 

9.19999999999986
9.49999999999985
1.799999999999848
2.799999999999862
6.999999999999865
3.1999999999998465
2.7999999999998693
4.799999999999848
3.1999999999998536
4.799999999999876
3.799999999999848
4.799999999999876
3.7999999999998337
9.99999999999985
12.099999999999888
7.299999999999841
3.7999999999998764
7.699999999999825
6.899999999999885
3.199999999999882
4.7999999999998835
3.3999999999998707
4.799999999999869
7.299999999999848
3.1999999999998465
8.99999999999988
4.199999999999896
6.699999999999783
4.799999999999876
9.899999999999778
11.799999999999855
6.6999999999998465
6.899999999999757
11.399999999999856
3.7999999999998266
6.699999999999825
8.299999999999827
6.699999999999818
3.799999999999855
8.29999999999984
10.199999999999804
4.799999999999812
7.699999999999811
9.49999999999985
5.399999999999885
5.699999999999854
7.699999999999797
5.399999999999835
7.299999999999798
7.299999999999876
6.699999999999946
3.199999999999875
4.799999999999763
2.799999999999798
4.199999999999768
3.1999999999997684
4.199999999999882
8.399999999999892
7.3999999999997925
5.799999999999791
3.1999999999997897
3.1999999999998963
3.1999999999997684
9.399999999999771
4.79999999999977
2.199999999999882
3.3999999999997996
8.399999999999949
2.1999999999997826
7.299999999999777
9.899999999999942
6.699999999999882
3.199999999999889
6.7999999999998835
7.499999999999972
4.9999999999997655
6.999999999999815
4.799999999999962
2.1999999999997613
10.299999999999741
9.29999999999989
4.399999999999906
8.999999999999972
3.1999999999997613
3.3999999999997286
7.29999999999972
6.299999999999976
4.399999999999729
2.1999999999997684
6.6999999999999105
3.7999999999998053
6.6999999999997115
2.799999999999919
6.999999999999808
7.6999999999997755
5.399999999999977
5.399999999999963
3.199999999999939
3.1999999999999815
5.799999999999997
2.1999999999997826
6.399999999999729
2.799999999999919
7.399999999999729
6.999999999999808
3.1999999999997755
6.999999999999744
9.299999999999912
3.79999999999977
2.199999999999953
5.99999999999978
6.699999999999974
4.999999999999929
3.799999999999791
4.399999999999977
2.799999999999798
4.399999999999778
4.199999999999903
5.399999999999984
2.1999999999999105
8.399999999999771
3.199999999999939
4.199999999999967
4.799999999999969
7.899999999999892
4.799999999999741
4.0
4.1999999999999105
5.199999999999747
3.19999999999974
2.7999999999998764
8.399999999999721
5.399999999999878
5.899999999999764
4.799999999999741
5.799999999999734
1.199999999999939
1.7999999999997698
8.899999999999942
2.799999999999713
4.399999999999828
1.7999999999998195
4.399999999999906
4.799999999999713
3.1999999999996973
7.899999999999885
4.399999999999707
2.7999999999996916
4.199999999999804
2.19999999999996
5.39999999999997
3.7999999999998835
6.69999999999979
3.7999999999996987
2.1999999999997897
8.299999999999962
2.799999999999784
7.299999999999777
4.799999999999791
4.799999999999869
3.1999999999999673
6.3999999999998
3.199999999999683
6.699999999999733
3.199999999999676
3.1999999999999673
4.799999999999862
2.1999999999997897
4.39999999999997
3.3999999999998636
3.799999999999791
1.7999999999997343
3.1999999999998607
3.19999999999996
4.199999999999648
3.199999999999939
4.799999999999777
6.79999999999994
5.399999999999729
8.899999999999942
1.7999999999997627
2.199999999999612
3.799999999999926
5.799999999999699
11.399999999999935
5.199999999999811
3.1999999999997257
5.799999999999962
6.899999999999686
6.699999999999655
3.1999999999996547
2.7999999999998266
3.999999999999659
4.1999999999997115
5.799999999999663
1.7999999999996774
3.399999999999615
3.199999999999825
4.7999999999998195
3.1999999999996973
4.799999999999827
3.7999999999999616
5.999999999999943
2.7999999999999474
8.299999999999642
3.399999999999899
4.799999999999798
2.799999999999642
3.400000000000013
2.199999999999932
4.799999999999649
4.199999999999804
3.799999999999649
4.199999999999662
4.799999999999656
4.199999999999662
2.799999999999578
2.1999999999996476
3.199999999999804
4.199999999999804
5.399999999999977
2.799999999999983
5.799999999999983
8.599999999999916
3.1999999999997684
6.699999999999662
2.1999999999995623
3.3999999999996504
3.199999999999953
6.499999999999552
3.1999999999996476
6.699999999999974
4.799999999999763
5.399999999999778
8.299999999999663
3.399999999999771
2.199999999999754
6.699999999999953
3.199999999999754
2.7999999999999545
3.199999999999754
2.199999999999939
2.1999999999996334
5.699999999999548
4.799999999999756
6.8999999999996575
3.1999999999996263
2.1999999999997684
6.699999999999626
3.199999999999733
6.899999999999643
6.699999999999633
3.799999999999791
2.1999999999997897
4.799999999999606
2.199999999999605
6.699999999999633
4.6999999999999105
2.199999999999605
3.1999999999998963
3.1999999999998963
5.799999999999606
4.399999999999622
2.1999999999998963
2.199999999999612
3.799999999999912
2.7999999999996277
2.1999999999996263
2.1999999999994984
4.7999999999997485
5.399999999999494
4.199999999999761
2.7999999999996135
7.899999999999771
2.399999999999899
2.1999999999997684
6.399999999999466
4.799999999999898
5.799999999999763
4.19999999999974
8.299999999999763
6.299999999999876
4.199999999999605
4.199999999999605
3.7999999999997414
4.7999999999996135
8.299999999999613
2.399999999999487
2.1999999999997257
9.799999999999727
5.7999999999996135
2.199999999999612
3.399999999999494
6.699999999999719
3.1999999999997044
3.1999999999995836
6.399999999999778
3.3999999999998494
1.1999999999994913
2.799999999999663



The list of values average 

26.812611111110968
42.743277777777614
32.19038888888875
33.50761111111096
37.213888888888725
27.56322222222208
36.993944444444296
30.274666666666505
32.572777777777624
34.02627777777763
29.00216666666651
34.13727777777761
30.01166666666651
31.9080555555554
31.19894444444429
30.088611111110954
31.779166666666516
29.833555555555392
31.14961111111096
30.657777777777632
28.88322222222206
30.88227777777762
28.832888888888743
29.977222222222064
29.816611111110962
28.520222222222074
30.157388888888725
28.540444444444297
29.13122222222207
29.535333333333174
28.14666666666651
29.725444444444285
27.923999999999847
28.922333333333192
28.267999999999844
28.61249999999984
28.356555555555396
27.822777777777617
28.3915555555554
27.873722222222064
27.933222222222057
28.207333333333175
27.57688888888871
27.981499999999848
27.24783333333317
27.523333333333184
27.543166666666504
26.7370555555554
27.306499999999843
27.469277777777616
26.209388888888718
27.611111111110958
25.954055555555396
27.44927777777762
26.528888888888723
26.540222222222052
26.437388888888723
26.430666666666497
25.870722222222057
26.247222222222067
25.719722222222064
26.65799999999983
26.001333333333164
26.503722222222052
25.422999999999835
26.32383333333317
25.477499999999832
25.94499999999984
25.665388888888724
26.005833333333165
25.40311111111095
25.534166666666486
25.459388888888725
25.19888888888873
25.46433333333315
25.110111111110946
25.01361111111094
25.844888888888715
24.91411111111094
24.952833333333164
25.221666666666486
24.897499999999834
24.96138888888871
24.83738888888872
24.47194444444426
24.70305555555537
24.542611111110936
24.936944444444272
24.637611111110928
24.467222222222038
24.82733333333316
24.241499999999824
24.462777777777593
23.876222222222047
23.98066666666649
24.360833333333154
23.768333333333157
24.228055555555382
23.93272222222205
23.56927777777761
24.05266666666648
23.591222222222044
23.599388888888704
23.623999999999818
23.400277777777603
23.87566666666649
23.471055555555374
23.61372222222203
23.3822777777776
23.815999999999818
23.603777777777594
23.46255555555537
23.599666666666486
23.68311111111093
22.916333333333153
23.61972222222204
23.275722222222033
23.18022222222203
23.43638888888869
23.15416666666647
23.619111111110914
23.279111111110936
23.341555555555367
23.313166666666465
22.521555555555373
23.55277777777758
22.98488888888869
22.96177777777759
23.489777777777604
22.800277777777595
23.290777777777585
22.67294444444425
23.021944444444237
23.187611111110918
22.701555555555373
23.251222222222026
22.750555555555366
22.44577777777758
22.894999999999804
22.730944444444237
22.98516666666647
22.532833333333134
22.97516666666646
22.75088888888871
22.358055555555357
22.970888888888695
22.20355555555537
22.969555555555363
22.633666666666482
22.24016666666646
22.816722222222026
22.48149999999979
22.534833333333136
22.466222222222022
21.978055555555354
22.694666666666464
21.680388888888697
22.69966666666646
22.26116666666647
22.191999999999798
22.327944444444245
21.82838888888869
22.353666666666467
22.44666666666646
21.66494444444424
22.588499999999794
21.755555555555354
22.522277777777578
22.046388888888675
21.965055555555363
22.134444444444224
21.792166666666446
22.00027777777757
21.882555555555356
21.61099999999978
21.972444444444236
21.86494444444423
21.98783333333312
21.69683333333312
21.827777777777555
21.75227777777756
21.964722222222015
21.947555555555333
22.021999999999792
21.76616666666646
21.927388888888668
21.65905555555534
21.95049999999979
21.252333333333112
21.814111111110893
21.23911111111089
21.637722222222003
21.60155555555534
22.04711111111089
21.538722222222013
21.93216666666645
21.4803333333331
21.945999999999778
21.607277777777554
21.70666666666645
21.47672222222201
21.980111111110887
21.700722222221984
21.795111111110877
21.32399999999978
21.829277777777545
21.673499999999773
21.746777777777552
21.415722222222
21.63138888888867
21.433555555555337
21.338944444444216
21.279611111110885
21.534666666666435
21.304722222222
21.60877777777755
21.346222222221993
21.507666666666438
21.441333333333095
21.158666666666427
21.622944444444208
21.182944444444203
21.262666666666426
21.680888888888646
21.302999999999766
21.615111111110874
21.388222222221987
21.524888888888658
21.199611111110883
21.039111111110877
21.149611111110868
21.422444444444213
21.297666666666444
21.297722222221992
20.99761111111087
21.254111111110888
20.831611111110874
21.56349999999977
21.04405555555531
21.06555555555531
21.446222222221984
21.163166666666427
21.189166666666434
21.11083333333309
21.074611111110865
21.223166666666415
20.95622222222198
21.088444444444196
20.874111111110867
21.488722222221977
20.85511111111085
21.093111111110872
20.91994444444421
20.66927777777753
21.160777777777533
20.906611111110873
20.77966666666642
21.00594444444419
20.48411111111088
21.202722222221972
20.981722222221975
21.034333333333088
21.18655555555531
20.63072222222197
21.532611111110842
20.3314444444442
21.201277777777523
21.04683333333308
20.776999999999745
21.341888888888633
20.848333333333084
20.9339444444442
20.80394444444419
20.440888888888626
21.258999999999737
20.726777777777524
21.070722222221967
20.570888888888636
20.982055555555306
21.08922222222196
21.098666666666414
20.879666666666417
20.887222222221975
20.562277777777517
20.869944444444176
20.74949999999974
21.099666666666405
20.89533333333306
20.822111111110846
20.895666666666408
20.573388888888633
20.867722222221964
20.863666666666397
20.6231666666664
20.933111111110847
20.531999999999734
21.132111111110838
20.844833333333078
20.908277777777524
20.877444444444187



The list of best values average 

6.0929999999998567.5559999999998496.7039999999998546.1909999999998497.074999999999855.9919999999998517.224999999999856.0719999999998496.64399999999984656.3159999999998475.810999999999856.9419999999998476.3249999999998486.7409999999998496.2229999999998416.5359999999998416.5119999999998436.1429999999998416.9639999999998426.1299999999998436.5619999999998366.43899999999984555.8439999999998376.2789999999998436.2999999999998366.0119999999998426.3869999999998396.3029999999998446.4309999999998346.0789999999998376.1689999999998356.1569999999998356.2679999999998416.5159999999998416.2299999999998355.76699999999983256.3099999999998246.023999999999836.1629999999998376.1239999999998286.4119999999998346.11399999999983656.11899999999982755.7909999999998315.6489999999998316.0329999999998366.0179999999998285.4919999999998275.9589999999998385.9769999999998275.46199999999982656.4149999999998275.2379999999998215.9009999999998326.2749999999998255.8779999999998175.6469999999998265.72599999999982945.73899999999982056.0539999999998226.24599999999982555.7399999999998265.8089999999998185.5959999999998235.75699999999982656.10599999999982855.4989999999998335.4159999999998245.6179999999998236.0209999999998135.7209999999998225.8149999999998235.7009999999998215.4319999999998225.77299999999981055.5519999999998225.5609999999998155.6069999999998155.9049999999998135.6669999999998185.7919999999998155.3309999999998115.8139999999998115.3639999999998125.3749999999998115.3169999999998125.8129999999998085.7909999999998115.86199999999981456.1969999999998115.411999999999825.7689999999998115.4899999999998155.7549999999998035.2219999999998025.4399999999998055.1609999999998045.4839999999998015.2699999999998095.4189999999998034.7939999999997995.5419999999998064.9109999999998125.2899999999998044.9249999999998045.3229999999997995.3129999999998035.3299999999998044.9969999999998055.4939999999998015.3109999999997875.1919999999998015.0229999999997915.22299999999979654.9569999999998044.8829999999997965.396999999999815.3949999999997834.9119999999998045.1559999999997975.25599999999979955.1639999999997935.0859999999997954.9189999999997925.1329999999997855.4109999999998015.1129999999997935.2889999999997895.1769999999997924.8909999999997955.0099999999997995.3989999999997885.29499999999978855.6089999999997924.8699999999997754.883999999999794.6789999999997784.9099999999997894.912999999999795.0489999999997725.0479999999997874.74299999999978454.8049999999997785.009999999999794.883999999999785.262999999999794.758999999999784.5139999999997815.1039999999997794.3469999999997644.8949999999997944.9269999999997644.7569999999997864.9039999999997694.7639999999997624.6739999999997734.237999999999774.950999999999784.7029999999997765.0879999999997734.7819999999997734.9539999999997694.5619999999997734.9129999999997554.763999999999784.45699999999976454.46899999999976054.5509999999997754.5469999999997844.6789999999997864.5439999999997754.4359999999997725.0759999999997694.6779999999997694.7079999999997734.7949999999997834.5569999999997824.5439999999997684.677999999999774.3499999999997534.6029999999997674.6399999999997664.5929999999997624.6759999999997654.62199999999976454.4369999999997724.9989999999997614.6539999999997754.6659999999997554.2979999999997544.4199999999997564.1949999999997514.5989999999997774.352999999999764.6179999999997484.464999999999754.2829999999997644.6149999999997544.4269999999997514.7289999999997424.58699999999976354.6209999999997434.517999999999744.4959999999997464.61099999999974754.7339999999997574.2869999999997444.5169999999997424.50499999999974854.5339999999997374.4959999999997444.5019999999997414.8029999999997314.2359999999997524.7729999999997394.391999999999754.1889999999997354.3799999999997374.1619999999997383.9919999999997384.6029999999997354.2589999999997624.4509999999997344.2619999999997484.60099999999973354.6549999999997364.3419999999997374.6349999999997374.1129999999997454.38799999999974064.1909999999997534.0999999999997384.4119999999997274.3029999999997074.3919999999997344.0629999999997324.4769999999997294.3559999999997424.3879999999997224.0149999999997344.48599999999972354.06899999999972554.2859999999997124.3479999999997284.4559999999997354.0889999999997294.2199999999997474.1119999999997154.3089999999997154.3239999999997144.1349999999997194.1909999999997184.2559999999997214.23799999999974553.93399999999972974.3789999999997194.0409999999997054.10999999999972854.0619999999997454.1879999999997263.89399999999973154.06799999999972254.2689999999997114.3489999999997244.1529999999997174.0889999999997184.28199999999971054.01999999999971454.116999999999714.0349999999997014.3609999999997173.98599999999970674.1749999999997073.77999999999972364.39099999999971854.2549999999997194.1559999999996914.0979999999997014.5429999999997053.9919999999997064.20299999999972054.1199999999997074.2259999999997184.0049999999997164.0479999999997054.4059999999996914.0929999999996934.358999999999714.2559999999997134.2959999999996924.1809999999996754.1539999999996914.0399999999997073.94899999999967034.1019999999997113.9589999999996924.1899999999996913.78699999999969044.16699999999974.131999999999688