----------Report of simulation of Quantum Parallel Tempering - Population Annealing v2-----------
The number of considered Spin38
The considered Annealing Duration 380
The considered Annealing Number 100
The considered T 1.0
The considered Gamma0 1.0
The considered Number Of Replica 3
The considered Number Of System Tempering 3
The considered Number Of System Population 3
The solution found [-1.  1.  1. -1. -1.  1.  1. -1. -1.  1.  1. -1. -1.  1.  1. -1. -1.  1.
  1. -1. -1.  1.  1. -1. -1.  1.  1. -1. -1.  1.  1. -1. -1.  1.  1. -1.
 -1.  1.]
The value found -30.400000000000084
The Success probability is 0.0
The average value is -30.400000000000073
The total execution time is 325.1806035041809
The average time for execution is 3.251804704666138
The average time for all systems update is 0.008527711529480784
The average time for system tempering update is 0.001430734441991438
The average time for system population update is 155.43834924697876
The average time for replica update is 0.0004653773795791537
The average time for spin update is 1.1993009426220265e-05
The list of values found 

-30.400000000000027
-30.40000000000004
-30.40000000000002
-30.400000000000063
-30.400000000000034
-30.40000000000002
-30.400000000000027
-30.400000000000027
-30.40000000000007
-30.40000000000002
-30.400000000000063
-30.400000000000055
-30.40000000000002
-30.40000000000007
-30.400000000000027
-30.40000000000004
-30.40000000000002
-30.400000000000055
-30.40000000000007
-30.40000000000002
-30.40000000000004
-30.40000000000004
-30.400000000000027
-30.400000000000063
-30.400000000000034
-30.40000000000002
-30.40000000000007
-30.400000000000027
-30.400000000000055
-30.400000000000084
-30.400000000000027
-30.400000000000027
-30.40000000000005
-30.40000000000002
-30.400000000000055
-30.400000000000027
-30.400000000000077
-30.40000000000002
-30.400000000000055
-30.400000000000027
-30.400000000000027
-30.400000000000027
-30.40000000000002
-30.400000000000027
-30.400000000000063
-30.40000000000004
-30.40000000000002
-30.400000000000034
-30.400000000000027
-30.40000000000002
-30.400000000000077
-30.400000000000055
-30.40000000000004
-30.40000000000007
-30.400000000000027
-30.400000000000034
-30.40000000000002
-30.400000000000027
-30.40000000000004
-30.400000000000034
-30.40000000000002
-30.400000000000027
-30.400000000000077
-30.40000000000002
-30.40000000000005
-30.40000000000007
-30.400000000000027
-30.40000000000002
-30.400000000000027
-30.400000000000027
-30.400000000000027
-30.400000000000027
-30.400000000000077
-30.40000000000005
-30.400000000000027
-30.400000000000055
-30.40000000000004
-30.40000000000005
-30.400000000000027
-30.40000000000005
-30.400000000000034
-30.40000000000002
-30.40000000000002
-30.400000000000034
-30.40000000000002
-30.400000000000063
-30.40000000000002
-30.40000000000005
-30.40000000000007
-30.400000000000027
-30.40000000000002
-30.400000000000034
-30.400000000000027
-30.400000000000027
-30.40000000000002
-30.400000000000027
-30.40000000000004
-30.400000000000034
-30.40000000000002
-30.400000000000077



The list of values first execution 

0.7555555555555444
5.027777777777764
1.6944444444444318
-2.6222222222222342
-0.19444444444445846
-1.288888888888903
0.794444444444431
0.5888888888888761
0.26666666666665245
1.355555555555542
-2.2333333333333463
-0.3222222222222348
-3.650000000000013
-0.6888888888889014
-2.3388888888889006
-1.3444444444444568
2.061111111111098
-1.5166666666666795
-3.3444444444444574
1.561111111111097
-3.31666666666668
0.033333333333319594
-1.577777777777791
-0.9722222222222359
1.6444444444444288
-0.19444444444446043
-0.44444444444445974
1.5666666666666513
0.577777777777763
-0.6555555555555714
0.7888888888888744
-0.10555555555556939
3.088888888888873
2.3999999999999844
-1.522222222222238
0.16111111111109563
-0.35000000000001474
1.5666666666666522
-1.3222222222222366
1.4444444444444322
-3.838888888888901
3.0555555555555434
-1.1333333333333444
2.927777777777767
-2.8388888888889023
-1.0500000000000145
1.511111111111096
-1.788888888888904
-1.8277777777777924
-1.8111111111111262
0.12777777777776056
-0.5944444444444623
-0.6833333333333509
2.666666666666649
-3.5888888888889046
-1.1000000000000176
-2.166666666666683
-1.183333333333349
-3.1055555555555703
-2.24444444444446
-2.7055555555555717
-0.4000000000000148
-2.7111111111111246
-3.29444444444446
0.44444444444443054
-4.777777777777791
-2.755555555555569
-2.950000000000013
-2.3722222222222342
-3.944444444444456
-2.972222222222233
-3.622222222222232
-1.5055555555555653
-3.7111111111111197
-3.0166666666666737
-4.650000000000009
-3.8500000000000076
-0.5000000000000068
-3.5944444444444503
-3.238888888888896
-5.183333333333342
-6.05000000000001
-4.338888888888898
-6.811111111111119
-3.47222222222223
-3.28333333333334
-7.866666666666671
-1.788888888888893
-5.805555555555561
-3.4055555555555608
-4.966666666666671
-3.3333333333333375
-4.544444444444449
-4.777777777777785
-6.544444444444451
-6.100000000000007
-5.900000000000007
-3.0000000000000044
-7.688888888888895
-6.322222222222228
-7.205555555555561
-10.222222222222229
-6.938888888888897
-9.577777777777786
-5.600000000000006
-4.788888888888895
-6.522222222222227
-5.1888888888888935
-4.961111111111113
-4.944444444444448
-3.394444444444447
-6.055555555555557
-4.066666666666668
-7.344444444444445
-2.9166666666666696
-6.027777777777779
-7.311111111111114
-5.933333333333334
-4.255555555555556
-6.166666666666667
-7.522222222222224
-9.177777777777779
-6.333333333333337
-5.344444444444447
-6.872222222222222
-7.216666666666669
-8.133333333333333
-3.8444444444444414
-5.416666666666667
-3.4277777777777754
-4.8777777777777755
-5.961111111111109
-3.161111111111105
-8.983333333333327
-6.938888888888884
-6.9444444444444375
-7.488888888888884
-2.5888888888888815
-1.4222222222222145
-4.822222222222213
-6.772222222222216
-6.699999999999993
-6.566666666666661
-6.961111111111107
-7.944444444444439
-7.816666666666663
-5.088888888888879
-5.511111111111105
-8.027777777777773
-7.072222222222216
-9.144444444444437
-6.377777777777771
-8.605555555555549
-7.972222222222216
-8.888888888888884
-7.444444444444439
-8.611111111111107
-6.199999999999995
-6.794444444444438
-4.54444444444444
-6.338888888888885
-6.855555555555552
-8.433333333333328
-8.077777777777774
-9.299999999999995
-7.133333333333329
-8.877777777777773
-8.022222222222215
-7.705555555555549
-6.477777777777772
-7.738888888888884
-9.549999999999995
-8.261111111111108
-8.01666666666666
-8.005555555555551
-7.705555555555552
-6.755555555555552
-7.6277777777777755
-9.905555555555551
-9.149999999999997
-8.638888888888886
-9.188888888888886
-6.8888888888888875
-4.038888888888886
-6.7722222222222195
-8.577777777777774
-6.172222222222215
-8.927777777777774
-9.238888888888884
-8.049999999999995
-8.799999999999997
-7.572222222222218
-6.788888888888885
-9.549999999999994
-8.733333333333327
-9.722222222222216
-8.833333333333327
-9.688888888888881
-10.294444444444439
-8.099999999999994
-9.611111111111107
-9.249999999999993
-9.30555555555555
-8.033333333333324
-8.272222222222213
-9.227777777777769
-6.27777777777777
-9.794444444444439
-10.138888888888879
-9.016666666666659
-8.488888888888882
-8.40555555555555
-6.63888888888888
-9.227777777777769
-6.261111111111103
-6.5777777777777695
-8.122222222222213
-5.905555555555548
-7.133333333333326
-9.31666666666666
-9.93888888888888
-10.633333333333326
-8.772222222222217
-6.372222222222214
-7.227777777777771
-9.933333333333328
-10.361111111111105
-10.522222222222215
-9.994444444444438
-9.083333333333327
-9.361111111111107
-9.622222222222216
-9.161111111111104
-9.822222222222216
-8.111111111111107
-11.377777777777771
-13.09999999999999
-12.394444444444437
-10.572222222222216
-11.738888888888876
-9.727777777777767
-9.522222222222215
-8.616666666666658
-8.911111111111103
-7.094444444444437
-9.566666666666656
-7.944444444444435
-10.705555555555543
-8.883333333333324
-9.816666666666656
-10.783333333333324
-8.649999999999988
-7.077777777777765
-9.705555555555542
-11.011111111111099
-11.838888888888878
-11.099999999999987
-10.838888888888876
-12.188888888888878
-12.583333333333321
-9.699999999999989
-14.194444444444434
-8.805555555555545
-8.572222222222212
-11.694444444444436
-11.822222222222212
-12.366666666666653
-10.405555555555544
-7.183333333333321
-9.355555555555545
-5.683333333333321
-13.505555555555544
-8.383333333333322
-8.655555555555544
-10.33333333333332
-9.105555555555542
-11.688888888888876
-9.911111111111099
-9.944444444444434
-11.961111111111101
-8.494444444444433
-13.249999999999988
-11.9111111111111
-8.816666666666654
-11.466666666666654
-8.88333333333332
-10.649999999999988
-10.188888888888876
-10.788888888888875
-12.249999999999986
-9.977777777777767
-12.977777777777764
-13.62222222222221
-12.983333333333318
-11.744444444444431
-13.249999999999986
-11.461111111111094
-9.311111111111096
-9.949999999999983
-12.488888888888871
-11.383333333333317
-11.049999999999981
-9.838888888888873
-11.066666666666647
-10.661111111111092
-8.527777777777757
-11.194444444444422
-12.316666666666645
-11.972222222222202
-14.155555555555534
-10.116666666666648
-11.277777777777757
-12.355555555555535
-13.027777777777757
-14.283333333333312
-12.144444444444424
-11.094444444444422
-12.805555555555534
-12.0222222222222
-11.69999999999998
-10.749999999999979
-15.727777777777757
-11.949999999999978
-13.238888888888864
-11.266666666666646
-12.627777777777757
-9.988888888888868
-10.577777777777756
-12.827777777777758
-14.372222222222199
-12.561111111111089
-14.81111111111109
-10.622222222222199
-10.855555555555533
-10.227777777777753
-12.166666666666645
-13.672222222222196
-13.444444444444422
-10.644444444444423
-12.01666666666664
-10.883333333333308
-13.238888888888864
-12.677777777777754
-12.988888888888868
-13.849999999999978
-14.549999999999976
-13.916666666666647
-12.0722222222222
-11.999999999999977
-9.777777777777754
-13.227777777777753
-9.866666666666644
-14.216666666666642
-12.077777777777754
-12.116666666666642
-13.877777777777755
-11.372222222222197
-12.311111111111085
-10.79444444444442
-12.166666666666645
-14.033333333333308
-10.54444444444442
-9.54444444444442
-13.205555555555536
-12.133333333333312
-10.672222222222198
-11.988888888888866
-15.711111111111087
-12.661111111111088
-13.049999999999976
-10.227777777777755
-11.177777777777752
-11.99444444444442
-12.355555555555533
-14.483333333333311
-12.761111111111088
-13.361111111111088
-14.822222222222202
-11.766666666666644
-13.927777777777756



The list of best values first execution 

-10.9
-14.100000000000025
-21.100000000000016
-25.600000000000023
-25.30000000000002
-27.200000000000017
-24.00000000000002
-27.200000000000017
-28.80000000000002
-25.600000000000016
-25.600000000000016
-27.80000000000002
-28.800000000000026
-30.40000000000002
-30.400000000000027
-30.40000000000002
-27.200000000000017
-30.40000000000002
-28.80000000000002
-30.40000000000002
-30.40000000000002
-28.80000000000002
-20.50000000000002
-27.200000000000017
-21.80000000000002
-25.600000000000016
-22.700000000000017
-22.400000000000013
-27.200000000000017
-27.200000000000017
-27.200000000000017
-27.200000000000017
-27.200000000000017
-30.40000000000002
-26.90000000000002
-25.600000000000023
-27.200000000000024
-30.40000000000002
-28.80000000000002
-26.200000000000017
-27.200000000000024
-27.200000000000024
-20.50000000000002
-14.400000000000007
-19.500000000000014
-21.40000000000002
-27.200000000000017
-28.80000000000002
-24.000000000000014
-27.200000000000017
-28.80000000000002
-28.80000000000002
-27.200000000000017
-28.80000000000002
-24.30000000000002
-27.200000000000017
-25.30000000000002
-27.200000000000017
-24.000000000000014
-25.600000000000023
-25.300000000000026
-23.700000000000017
-28.800000000000026
-19.200000000000024
-25.30000000000002
-23.700000000000017
-27.200000000000017
-27.200000000000017
-25.600000000000016
-27.200000000000024
-23.00000000000002
-28.800000000000026
-28.80000000000002
-27.200000000000017
-27.200000000000017
-26.90000000000002
-28.80000000000002
-22.100000000000016
-27.200000000000017
-28.80000000000002
-27.200000000000017
-27.200000000000017
-28.80000000000002
-24.000000000000014
-27.200000000000024
-27.200000000000017
-28.800000000000026
-18.500000000000014
-22.100000000000016
-23.700000000000017
-25.600000000000023
-23.700000000000024
-19.50000000000002
-24.000000000000014
-28.80000000000002
-27.200000000000017
-30.40000000000002
-27.200000000000017
-23.700000000000017
-23.00000000000002
-25.300000000000026
-27.200000000000024
-27.200000000000024
-25.600000000000016
-21.100000000000023
-21.400000000000013
-19.200000000000017
-20.500000000000014
-21.100000000000016
-28.800000000000026
-30.400000000000027
-25.600000000000023
-23.700000000000017
-26.200000000000024
-30.400000000000027
-27.200000000000017
-27.200000000000024
-23.00000000000002
-27.200000000000017
-26.90000000000002
-28.80000000000002
-23.000000000000014
-28.80000000000002
-28.80000000000002
-25.30000000000002
-24.000000000000014
-22.100000000000023
-23.00000000000002
-21.400000000000027
-27.200000000000017
-28.800000000000026
-24.000000000000014
-27.200000000000024
-25.600000000000016
-25.600000000000016
-23.700000000000024
-22.100000000000023
-19.200000000000017
-21.100000000000016
-22.100000000000023
-23.999999999999943
-17.600000000000016
-23.00000000000002
-27.200000000000024
-24.000000000000014
-26.900000000000027
-22.400000000000013
-22.400000000000013
-25.30000000000002
-24.30000000000002
-28.80000000000002
-25.600000000000016
-22.099999999999987
-22.400000000000013
-22.100000000000016
-19.500000000000014
-23.700000000000017
-21.100000000000023
-27.200000000000024
-25.600000000000016
-24.000000000000014
-24.000000000000014
-22.400000000000013
-22.100000000000023
-25.600000000000016
-25.600000000000023
-27.200000000000024
-25.300000000000026
-23.700000000000024
-25.30000000000002
-26.200000000000017
-25.30000000000002
-27.200000000000017
-20.80000000000001
-24.000000000000014
-25.600000000000016
-28.800000000000026
-22.100000000000016
-23.00000000000002
-27.200000000000024
-27.200000000000024
-26.90000000000002
-25.600000000000016
-24.000000000000014
-24.000000000000014
-25.600000000000016
-22.100000000000016
-22.100000000000023
-19.80000000000002
-23.00000000000002
-22.400000000000013
-25.600000000000016
-25.600000000000016
-21.80000000000002
-21.400000000000013
-25.600000000000016
-22.100000000000023
-22.999999999999993
-21.399999999999956
-27.200000000000024
-23.700000000000024
-24.00000000000002
-27.200000000000024
-24.000000000000014
-25.30000000000002
-25.600000000000016
-27.200000000000017
-27.200000000000017
-25.600000000000016
-24.000000000000014
-26.90000000000002
-27.200000000000017
-28.80000000000002
-28.80000000000002
-28.80000000000002
-18.60000000000001
-25.60000000000001
-22.100000000000023
-26.900000000000027
-28.800000000000026
-27.200000000000024
-27.200000000000024
-27.200000000000024
-25.600000000000023
-24.000000000000014
-28.800000000000026
-27.200000000000024
-25.600000000000016
-21.100000000000023
-27.200000000000017
-23.700000000000017
-23.700000000000024
-27.200000000000017
-25.600000000000016
-25.30000000000002
-28.80000000000002
-30.40000000000002
-25.600000000000016
-22.700000000000017
-25.600000000000016
-23.700000000000017
-25.599999999999966
-25.600000000000016
-27.199999999999996
-22.400000000000013
-27.200000000000024
-20.500000000000014
-21.40000000000002
-23.700000000000017
-25.600000000000023
-25.600000000000016
-25.30000000000002
-21.100000000000016
-25.600000000000016
-25.600000000000016
-27.200000000000017
-25.600000000000016
-24.600000000000016
-25.600000000000016
-27.200000000000024
-28.800000000000026
-30.40000000000002
-22.699999999999996
-21.100000000000016
-25.600000000000016
-25.600000000000016
-28.80000000000002
-27.200000000000017
-25.600000000000016
-28.80000000000002
-25.600000000000023
-28.800000000000026
-28.800000000000026
-25.600000000000023
-25.600000000000016
-28.800000000000026
-27.200000000000024
-27.200000000000024
-24.00000000000002
-25.599999999999994
-28.800000000000026
-28.800000000000026
-26.200000000000024
-25.599999999999966
-24.600000000000016
-28.800000000000026
-25.600000000000016
-26.9
-27.200000000000024
-25.600000000000023
-27.199999999999996
-25.600000000000023
-27.200000000000024
-27.200000000000017
-30.40000000000002
-27.200000000000024
-28.80000000000002
-23.999999999999964
-28.800000000000026
-25.600000000000016
-25.600000000000016
-23.700000000000024
-24.000000000000014
-24.600000000000023
-22.099999999999994
-22.100000000000023
-25.600000000000023
-27.200000000000017
-27.199999999999996
-25.599999999999994
-27.200000000000017
-22.100000000000023
-25.600000000000023
-28.799999999999997
-27.200000000000024
-27.200000000000024
-25.30000000000002
-25.600000000000016
-27.200000000000017
-28.80000000000002
-27.200000000000017
-28.799999999999997
-27.200000000000017
-28.80000000000002
-25.599999999999994
-27.200000000000024
-27.200000000000017
-25.600000000000016
-27.199999999999996
-25.600000000000023
-27.200000000000024
-27.200000000000017
-24.00000000000002
-24.00000000000002
-28.799999999999997
-25.599999999999994
-26.9
-27.199999999999996
-23.700000000000017
-25.600000000000023
-25.600000000000016
-24.00000000000002
-25.600000000000016
-25.599999999999994
-30.4
-28.799999999999997
-30.4
-25.599999999999994
-27.200000000000024
-28.80000000000002
-27.80000000000002
-26.90000000000002
-30.40000000000002
-27.200000000000017
-25.600000000000023
-28.80000000000002
-28.80000000000002
-27.200000000000017
-28.80000000000002
-26.89999999999997
-30.40000000000002
-30.40000000000002
-28.80000000000002
-28.80000000000002
-30.40000000000002
-25.599999999999966
-27.200000000000017
-28.799999999999997
-27.199999999999967
-27.200000000000024
-25.600000000000023
-24.00000000000002
-26.9
-27.200000000000024
-27.199999999999996
-25.600000000000023
-28.800000000000026
-28.79999999999997
-28.800000000000026
-30.39999999999997



The list of values average 

2.471499999999988
6.455444444444431
2.125499999999987
2.502055555555543
2.523444444444432
0.6409444444444314
1.7807222222222088
0.7031666666666538
1.2173333333333205
1.3497222222222085
0.2597777777777649
1.0957222222222092
0.42999999999998756
0.7210555555555437
0.37805555555554327
-0.23411111111112337
0.3884999999999881
0.10922222222221038
0.683111111111099
0.38055555555554377
-0.11044444444445597
0.3699444444444331
-0.0385000000000114
-0.05138888888890018
-0.010444444444455591
-0.21911111111112233
0.08977777777776652
-0.1038333333333445
-0.25177777777778876
-0.2362777777777888
-0.4188333333333443
-0.5589444444444556
-0.25138888888890015
-0.46455555555556655
-0.3717222222222333
-1.2312777777777892
-0.7153888888888996
-1.0002222222222328
-1.0012222222222331
-1.2615555555555666
-1.2775555555555664
-0.9651111111111209
-1.2504444444444542
-1.3862222222222322
-1.4572222222222326
-1.5175000000000103
-1.336888888888899
-1.4891111111111204
-1.4263888888888985
-1.7854444444444544
-1.7899444444444543
-1.858166666666676
-2.196222222222232
-1.9228888888888978
-2.059500000000009
-2.161888888888898
-2.2721111111111205
-2.1262222222222316
-2.335388888888898
-1.9656666666666762
-2.491000000000009
-2.046111111111119
-2.2047222222222307
-2.4153333333333418
-2.248555555555564
-2.5390555555555627
-2.3470555555555634
-2.826055555555565
-2.4432777777777863
-2.5531666666666744
-2.560500000000008
-2.7502222222222303
-2.4116666666666746
-2.9666111111111197
-2.876833333333341
-2.9055000000000084
-3.02883333333334
-2.890500000000008
-2.9171666666666756
-2.7702222222222295
-2.8253333333333397
-3.091055555555562
-2.93283333333334
-3.211000000000005
-3.0751666666666737
-3.320833333333341
-3.3276111111111173
-3.3056666666666716
-3.4919444444444507
-3.5374444444444513
-3.3469444444444494
-3.6417222222222305
-3.4245000000000054
-3.8240000000000065
-3.6342777777777826
-4.16183333333334
-4.013388888888896
-3.9771111111111153
-3.778833333333339
-4.067444444444451
-4.030722222222226
-4.3846111111111155
-3.6722777777777837
-4.322666666666669
-4.2800555555555615
-4.146333333333337
-4.786611111111117
-4.174333333333337
-4.629555555555559
-4.432555555555561
-4.363111111111115
-4.675888888888892
-4.420611111111113
-4.86383333333334
-4.490055555555559
-4.69316666666667
-4.720277777777782
-4.659500000000003
-4.789555555555561
-4.664666666666669
-4.742944444444449
-5.111888888888893
-4.697944444444447
-5.055277777777782
-4.821055555555557
-4.879000000000002
-4.805611111111113
-4.693500000000004
-5.153333333333337
-4.946666666666668
-4.947722222222228
-5.2070000000000025
-4.930222222222226
-5.200833333333335
-5.342555555555561
-5.675833333333336
-5.47616666666667
-5.321722222222226
-5.347888888888893
-5.246000000000002
-5.3756666666666675
-5.883444444444448
-5.471611111111114
-5.969888888888892
-5.799777777777779
-5.8625000000000025
-5.927611111111115
-5.779944444444446
-6.047333333333333
-6.007833333333335
-5.960388888888893
-6.226611111111112
-5.903833333333337
-6.392500000000002
-5.921555555555557
-6.124500000000001
-6.0818888888888925
-5.9231111111111145
-6.230888888888889
-5.930333333333335
-6.171777777777777
-6.490000000000002
-6.359000000000002
-6.639833333333333
-6.514555555555557
-6.464222222222223
-6.582777777777779
-6.504055555555554
-7.058666666666667
-6.474833333333333
-6.638444444444444
-6.951722222222222
-6.767777777777777
-7.063611111111112
-6.826055555555556
-7.062777777777779
-6.959222222222223
-6.553555555555558
-6.934277777777782
-6.828333333333333
-7.3631111111111105
-7.375055555555553
-7.086444444444443
-7.411055555555559
-7.077388888888893
-7.349222222222225
-7.395888888888886
-7.109388888888889
-7.578111111111113
-7.200722222222224
-7.570500000000001
-7.316388888888891
-7.2133888888888915
-7.709055555555554
-7.395888888888887
-7.6306111111111115
-7.674277777777782
-7.390277777777782
-7.880500000000004
-7.530666666666665
-7.934666666666665
-7.834388888888888
-7.735388888888886
-8.011333333333333
-8.084722222222219
-8.212444444444445
-8.0045
-8.154555555555557
-7.964499999999999
-7.981888888888889
-7.9381666666666675
-8.155611111111112
-8.18838888888889
-8.158777777777779
-8.181499999999998
-8.462333333333332
-8.317555555555554
-8.158666666666669
-8.427
-8.204722222222221
-8.532333333333336
-8.330277777777777
-8.397888888888886
-8.249277777777777
-8.349944444444446
-8.566722222222221
-8.433222222222224
-8.528888888888888
-8.588444444444441
-8.737111111111108
-8.856722222222228
-8.811666666666664
-8.705277777777775
-8.718444444444444
-8.634611111111111
-8.945111111111114
-8.863999999999995
-9.038222222222224
-9.15394444444444
-9.084000000000001
-9.24094444444444
-8.91222222222222
-9.192666666666664
-9.047222222222219
-8.960499999999996
-9.24194444444444
-9.011055555555554
-9.337666666666662
-9.683444444444444
-9.143999999999993
-9.650555555555549
-9.319944444444442
-9.78283333333333
-9.430777777777775
-9.460777777777773
-9.870555555555553
-9.481999999999996
-9.799833333333337
-9.657166666666658
-9.493499999999996
-9.589277777777772
-9.627555555555555
-9.586666666666666
-9.621944444444438
-9.652222222222214
-9.729388888888883
-9.651666666666666
-9.955555555555556
-9.861333333333338
-9.864722222222214
-9.507555555555548
-9.637777777777774
-10.054333333333332
-9.846166666666658
-10.08311111111111
-9.730166666666662
-9.882611111111107
-10.05027777777777
-9.916277777777776
-9.81066666666666
-9.724388888888885
-10.012444444444437
-10.167833333333332
-10.253222222222218
-10.145111111111108
-10.370166666666666
-10.683222222222215
-10.433888888888882
-10.370777777777775
-10.611777777777776
-10.302666666666665
-10.412611111111103
-10.828555555555553
-10.630944444444443
-10.570555555555549
-10.714666666666655
-10.832833333333319
-10.932388888888882
-10.572444444444441
-10.912388888888882
-10.69605555555555
-11.043833333333334
-10.762055555555552
-11.162499999999989
-11.161111111111104
-11.224888888888879
-10.943833333333327
-11.102333333333327
-11.023944444444439
-11.363055555555551
-10.991833333333329
-10.891833333333327
-11.096111111111107
-11.219222222222214
-11.15927777777777
-11.258499999999986
-11.14538888888888
-11.438499999999989
-11.07083333333333
-11.2176111111111
-11.093999999999989
-11.063444444444436
-11.164111111111104
-11.043722222222213
-11.152833333333325
-10.992388888888883
-11.362777777777772
-11.274222222222212
-11.041833333333328
-11.637499999999992
-11.256499999999996
-11.549499999999988
-11.431777777777768
-11.418222222222218
-11.525166666666651
-11.532333333333328
-11.910666666666655
-11.75849999999999
-11.748277777777766
-11.873055555555545
-11.334833333333323
-11.857111111111102
-12.070777777777767
-11.761333333333328
-11.798722222222215
-11.773166666666652
-11.974277777777772
-11.579666666666657
-11.741333333333323
-12.008222222222212
-11.69172222222222
-12.048611111111095
-11.998166666666659
-11.880555555555544
-11.852611111111104
-11.91533333333332
-12.05005555555555
-11.882055555555548
-11.741222222222204
-12.371277777777767
-12.160333333333321
-12.153055555555541
-12.190444444444436
-12.044055555555538
-12.283444444444434
-12.171333333333324
-12.269944444444434
-12.237277777777768
-12.200055555555544
-12.467944444444438
-12.264944444444438
-12.39855555555555
-12.552777777777768
-12.543111111111102
-12.615999999999982
-12.744555555555541
-12.643111111111104
-12.66766666666666
-12.332111111111098
-12.89527777777777



The list of best values average 

-12.777000000000013
-18.35500000000001
-20.34700000000002
-22.238000000000003
-23.298000000000002
-23.812000000000012
-24.046000000000006
-24.320000000000007
-24.376000000000005
-24.701000000000008
-24.666000000000025
-24.89700000000001
-24.09100000000001
-24.28600000000001
-24.393000000000008
-24.642999999999997
-24.77700000000001
-24.203000000000017
-24.637
-24.091
-24.50300000000002
-24.75800000000001
-24.92500000000002
-24.703000000000017
-24.567000000000007
-24.88100000000001
-24.68200000000001
-24.705000000000002
-24.988000000000017
-25.286000000000005
-24.693000000000012
-24.750000000000007
-25.031000000000002
-25.078000000000007
-24.53000000000001
-24.40100000000001
-24.459000000000007
-24.88800000000001
-24.88600000000001
-25.46200000000001
-25.055000000000007
-24.735000000000017
-24.656000000000006
-25.226000000000006
-24.970000000000024
-24.569000000000024
-24.578000000000024
-24.445999999999998
-24.331000000000014
-24.927000000000007
-24.81000000000001
-24.540000000000013
-24.91400000000001
-24.978000000000016
-25.33700000000002
-25.320000000000007
-25.22000000000002
-25.209000000000003
-24.819000000000017
-25.44700000000001
-24.867000000000004
-25.17900000000001
-25.418000000000006
-24.99300000000001
-24.81800000000003
-25.23600000000002
-25.181000000000015
-24.775000000000016
-24.682000000000006
-25.12400000000001
-25.25900000000001
-24.884000000000018
-25.003000000000014
-24.732000000000014
-25.359999999999996
-25.004000000000005
-24.699000000000012
-25.02900000000001
-24.68700000000002
-24.687000000000015
-24.36400000000001
-25.16400000000001
-25.007000000000005
-24.95200000000002
-24.442000000000004
-25.148000000000017
-25.14200000000002
-24.50500000000001
-24.67300000000001
-24.95000000000001
-24.890000000000015
-24.669000000000004
-24.449000000000005
-25.177999999999997
-25.19200000000003
-25.061000000000003
-24.406
-24.723000000000003
-25.065000000000005
-24.692000000000014
-24.422999999999995
-24.272000000000016
-24.536999999999995
-24.67000000000002
-24.993
-25.242000000000008
-25.47899999999999
-25.333999999999996
-25.123000000000005
-24.952999999999996
-25.159
-24.924999999999997
-24.97800000000001
-25.078000000000007
-24.895000000000014
-24.940000000000005
-24.943000000000012
-24.959
-25.274000000000004
-25.107000000000006
-25.327000000000005
-25.216000000000008
-24.973000000000013
-25.125000000000007
-24.688000000000013
-24.898000000000007
-24.45300000000001
-25.068000000000005
-25.08700000000001
-24.43300000000003
-25.260000000000005
-25.116999999999997
-25.184000000000005
-25.227000000000018
-25.347
-25.324000000000012
-25.186999999999998
-24.93200000000001
-24.910000000000004
-25.223999999999997
-25.404000000000003
-25.313000000000017
-25.348
-25.13900000000001
-25.308000000000014
-25.340000000000007
-25.245000000000005
-25.212000000000003
-24.985999999999997
-25.414000000000005
-25.102000000000007
-25.384000000000007
-25.35200000000001
-25.111000000000022
-24.86400000000002
-24.820000000000007
-25.055
-25.089000000000006
-24.751000000000012
-25.076000000000022
-24.93500000000001
-25.058000000000014
-24.714000000000013
-25.08200000000001
-25.40700000000001
-25.548000000000016
-25.003000000000007
-25.021000000000008
-25.494000000000014
-25.233000000000015
-25.167000000000016
-25.54800000000001
-25.208000000000013
-25.481
-25.384000000000007
-25.137999999999998
-25.43400000000001
-25.192000000000014
-24.99400000000001
-25.003000000000004
-25.723000000000013
-25.38800000000001
-25.157
-25.160000000000018
-25.361000000000004
-25.216000000000005
-25.345999999999997
-25.40400000000001
-24.92500000000001
-25.436
-25.061000000000007
-25.175000000000004
-25.06600000000002
-24.797000000000015
-24.806
-25.61400000000002
-25.342000000000006
-25.217000000000002
-25.226000000000006
-25.24500000000001
-25.361000000000008
-25.53000000000001
-25.348000000000006
-25.35300000000001
-25.44700000000002
-25.536000000000005
-25.441000000000003
-25.506000000000007
-25.314000000000007
-25.29700000000002
-25.548000000000005
-25.617000000000008
-25.334000000000017
-25.216
-25.429000000000016
-25.166
-25.652000000000008
-25.217000000000024
-25.110000000000014
-25.283
-25.473000000000013
-25.066000000000013
-25.306000000000015
-25.195000000000014
-25.483
-25.243000000000006
-25.626000000000005
-25.43000000000001
-25.818000000000012
-25.484000000000005
-25.519000000000013
-25.75200000000001
-25.813000000000013
-25.555000000000014
-25.625
-25.79900000000001
-25.549000000000024
-25.933000000000025
-25.820000000000018
-25.83400000000001
-25.996000000000013
-25.62800000000001
-26.003000000000007
-26.11800000000001
-25.940000000000012
-25.816000000000013
-25.624000000000017
-25.48500000000001
-25.64100000000001
-25.561999999999998
-25.75400000000001
-25.74699999999998
-25.803000000000015
-25.814000000000004
-25.913000000000007
-25.722000000000016
-25.84000000000001
-25.516000000000016
-25.57400000000001
-25.668
-25.64200000000001
-25.696000000000016
-25.83600000000002
-25.506000000000007
-25.584000000000014
-25.83300000000001
-26.200000000000003
-26.07400000000001
-26.20100000000002
-25.90300000000002
-26.00800000000002
-25.92900000000001
-25.789000000000012
-26.048000000000002
-25.996000000000002
-26.086999999999993
-25.999000000000013
-25.985999999999997
-25.697000000000006
-25.587000000000007
-25.73300000000002
-25.929000000000013
-26.116000000000017
-26.341
-26.040000000000006
-26.490000000000013
-26.625
-26.046
-26.19300000000002
-26.448000000000018
-26.216999999999995
-26.16399999999999
-26.12600000000001
-26.108999999999998
-26.52300000000001
-26.437000000000012
-26.507000000000005
-26.303000000000004
-26.34100000000002
-26.735999999999997
-26.735
-26.45600000000001
-26.35
-26.451000000000004
-26.594000000000012
-26.403000000000013
-26.675000000000008
-26.45100000000001
-26.430000000000003
-26.678000000000015
-26.66300000000001
-26.364000000000004
-26.537000000000003
-26.749999999999996
-26.442999999999994
-26.760999999999996
-26.799000000000003
-26.262
-26.39400000000002
-26.57800000000001
-26.583000000000013
-26.362000000000013
-26.579000000000004
-26.595999999999997
-26.562000000000015
-26.241000000000007
-26.730000000000004
-26.565000000000005
-26.379000000000005
-26.57600000000002
-26.662000000000024
-26.890000000000015
-26.531000000000006
-26.650000000000016
-27.125000000000007
-26.980999999999995
-26.855
-27.277000000000005
-27.025000000000006
-27.023000000000003
-26.881000000000025
-26.969000000000005
-27.068000000000012
-26.882
-27.12900000000001
-27.065000000000015
-26.90900000000002
-26.806000000000008
-26.994999999999997
-27.17400000000001
-26.706999999999997
-26.985
-27.289000000000005
-27.357000000000006
-26.849000000000018
-27.19100000000001
-27.221999999999994
-27.195999999999998
-27.226999999999993
-27.310000000000006
-27.450000000000024
-27.246000000000016
-27.183000000000003
-27.20600000000002
-27.174000000000014
-27.21500000000001
-27.45600000000001
-27.404999999999998
-27.533000000000005
-27.40800000000001
-27.30500000000001
-27.543
-27.728000000000012
-27.782000000000004
-27.549000000000007
-27.616000000000017
-27.55500000000001
-27.526
-27.52700000000002
-27.77500000000001
