----------Report of simulation of Quantum Population Annealing-----------
The number of considered Spin 120
The considered Annealing Duration 1200
The considered Annealing Number 100
The considered T 1.0
The considered Gamma0 1.0
The considered Number Of Replica 3
The considered Number Of System 6
The solution found [ 1.  1. -1.  1.  1.  1.  1.  1. -1.  1.  1.  1.  1. -1.  1.  1.  1.  1.
  1.  1.  1. -1.  1.  1.  1.  1.  1. -1.  1.  1.  1.  1.  1.  1.  1.  1.
  1.  1.  1. -1.  1.  1.  1.  1.  1.  1.  1.  1.  1.  1.  1.  1.  1.  1.
 -1.  1.  1.  1.  1.  1. -1.  1. -1.  1.  1.  1.  1.  1. -1.  1.  1.  1.
  1.  1.  1.  1.  1.  1.  1.  1.  1. -1.  1.  1.  1. -1.  1.  1.  1.  1.
  1.  1.  1.  1.  1.  1.  1. -1.  1.  1.  1. -1.  1.  1.  1. -1.  1.  1.
  1. -1.  1.  1.  1. -1.  1.  1.  1.  1.  1.  1.]
The value found 7.999999999994145
The Success probability is 0.0
The average value is 19.739999999988864
The total execution time is 8451.463498592377
The average time for execution is 84.51463322639465
The average time for all systems update is 0.07034830960035324
The average time for system update is 0.01171007664601008
The average time for replica update is 0.003903009107377794
The average time for spin update is 3.2313688287948385e-05
The list of values found 

20.399999999983436
18.599999999984618
19.29999999998114
15.699999999984868
19.299999999993076
20.499999999990564
24.099999999991155
19.899999999988324
19.299999999987733
21.09999999998996
16.499999999982606
22.09999999999252
22.39999999998139
20.59999999998564
23.29999999998205
18.999999999992667
18.999999999985732
18.899999999986164
20.999999999985278
23.19999999999453
24.099999999990132
16.799999999992792
19.199999999995327
19.99999999999136
22.49999999999062
22.59999999998888
17.49999999999443
17.39999999998787
20.59999999998439
20.499999999992326
13.699999999991064
16.59999999998496
21.199999999990098
20.59999999998695
18.39999999998531
21.899999999998954
19.799999999992053
22.499999999991132
17.999999999983572
21.999999999985675
21.79999999998853
15.999999999995282
19.999999999987267
20.39999999998821
25.699999999988563
16.399999999992133
24.499999999985675
20.899999999989063
17.999999999989882
19.599999999981662
19.999999999991132
21.399999999989177
17.89999999999668
24.399999999986335
22.199999999992713
19.89999999998679
20.699999999990666
20.799999999990632
17.999999999989484
24.099999999991383
21.899999999991962
21.19999999998987
18.899999999989745
12.999999999988859
19.99999999999278
19.099999999996612
18.09999999998081
18.89999999998264
7.999999999994145
22.799999999992338
20.099999999986437
22.59999999999428
18.69999999998646
16.999999999986983
14.799999999991655
20.599999999987574
23.29999999998887
17.299999999992565
20.999999999984652
15.699999999985891
19.899999999986505
19.79999999998654
21.59999999999178
22.09999999999002
11.799999999994611
22.99999999998579
14.399999999986903
17.599999999990246
15.799999999992849
22.199999999988165
22.399999999985994
16.89999999998554
22.89999999998963
19.599999999995873
22.19999999998828
15.9999999999863
20.39999999999054
21.599999999987972
15.199999999982708
22.799999999982617



The list of values first execution 

234.22777777776557
357.8444444444323
302.4499999999879
301.5333333333212
348.11111111109904
201.51666666665446
385.96111111109894
286.0944444444323
295.4333333333213
316.68333333332123
239.8388888888768
335.4944444444323
271.2055555555434
320.26111111109896
289.06666666665456
254.40555555554343
308.5055555555435
288.01666666665454
280.26666666665454
323.83333333332115
223.0499999999878
295.4666666666544
317.1499999999878
233.22222222220995
308.4999999999877
247.5055555555432
298.0777777777655
258.9888888888765
266.14444444443217
279.22222222221
229.82777777776548
268.9055555555434
265.63333333332116
257.52777777776555
281.61111111109886
240.2777777777655
268.0666666666543
280.98333333332107
244.38888888887655
279.5999999999877
269.9888888888766
214.07777777776548
306.9333333333211
249.48888888887663
280.99444444443225
267.5166666666544
233.6111111110989
255.73333333332099
249.96111111109875
226.1166666666544
247.73333333332099
227.78333333332097
243.06111111109874
264.7499999999875
200.7499999999874
272.89999999998753
226.47222222220964
222.70555555554296
258.4722222222096
213.6999999999874
242.2444444444319
231.62222222220964
198.9833333333207
242.21111111109843
236.29444444443183
194.87777777776515
257.92777777776513
204.29999999998734
233.74444444443185
253.28333333332077
218.7055555555429
247.79999999998725
244.97777777776506
206.07777777776502
215.23333333332053
237.47777777776497
196.40555555554266
234.29444444443163
212.0055555555428
218.78333333332048
208.40555555554263
212.27777777776498
207.49444444443165
225.58888888887608
210.3055555555427
223.63888888887607
212.927777777765
223.46111111109823
216.88333333332048
197.7277777777648
227.2722222222092
212.79444444443146
211.7777777777648
201.97222222220927
222.77777777776487
190.4055555555425
209.30555555554253
199.77222222220908
200.24444444443137
225.23333333332027
186.64999999998693
209.97222222220907
204.64444444443131
202.8333333333202
180.10555555554262
201.46111111109815
208.57222222220943
178.33888888887606
190.42222222220937
194.68888888887605
199.3444444444315
208.19999999998694
216.68333333332035
167.53333333332046
220.40555555554258
181.6555555555426
189.3555555555426
184.45555555554267
200.93333333332055
184.35555555554288
182.8111111110984
186.7666666666539
179.3222222222093
184.03888888887593
190.37222222220925
190.79999999998705
188.9777777777648
189.9722222222092
187.46666666665362
191.5777777777647
171.42777777776476
172.67777777776462
185.9055555555424
183.84444444443142
193.92777777776456
173.03888888887562
180.05555555554233
167.47222222220898
168.48333333331988
180.0999999999866
172.6888888888755
173.0277777777644
176.3666666666533
169.96666666665328
174.12777777776444
161.4111111110978
195.52222222220888
140.25555555554214
166.98333333332002
183.3111111110978
164.44999999998672
201.77777777776453
147.84999999998672
170.23888888887558
172.01666666665352
157.972222222209
183.32777777776462
152.97222222220907
181.1666666666536
172.2666666666536
169.0444444444314
160.76111111109802
172.98333333332013
167.922222222209
166.99999999998684
156.02777777776453
147.62777777776452
167.7833333333201
159.37222222220896
169.45555555554245
159.84999999998695
151.45555555554242
164.26666666665358
162.1777777777647
151.2777777777646
163.85555555554228
163.2166666666534
136.86666666665332
163.76111111109788
151.05555555554216
150.44444444443133
144.08333333332024
152.29999999998697
148.8444444444315
158.93333333332032
151.23333333332027
157.02777777776475
154.1833333333203
162.68888888887582
152.81666666665353
155.4333333333202
153.81111111109794
153.39444444443134
141.02222222220905
157.56666666665353
145.39444444443123
167.261111111098
144.97222222220896
166.87222222220902
143.8666666666535
153.49444444443125
140.6111111110979
149.33888888887554
149.23333333331993
141.28888888887536
154.67777777776416
134.5111111110975
166.0111111110976
158.33333333331987
123.94999999998653
171.36111111109756
144.95555555554202
139.36666666665315
141.16111111109763
145.0222222222088
132.58333333331979
140.4055555555421
156.54999999998668
122.82222222220882
156.03333333332006
130.09444444443105
146.97222222220887
139.3944444444311
165.9722222222089
123.33333333331994
145.11666666665337
139.84999999998666
162.75555555554234
118.83333333331994
155.92222222220886
141.02222222220897
145.23333333331996
136.71666666665342
130.58888888887554
141.96666666665334
126.23333333331996
158.89444444443112
136.0888888888755
139.62222222220885
150.32777777776448
129.83888888887557
142.61666666665343
127.62777777776452
146.76666666665338
127.57222222220899
136.87777777776458
141.9277777777646
130.11666666665351
150.98888888887583
120.79999999998697
133.66111111109802
117.82222222220925
146.09999999998695
140.30555555554258
131.77777777776484
135.138888888876
144.53333333332037
136.88333333332037
146.188888888876
129.69999999998694
129.80555555554253
124.89444444443136
128.60555555554254
115.51666666665375
121.91666666665381
123.48888888887593
143.538888888876
123.9611111110982
140.6055555555427
135.8055555555427
122.33333333332045
116.32222222220935
133.65555555554278
127.63333333332058
135.13888888887607
117.33333333332052
121.3166666666539
132.9666666666539
137.09444444443167
114.96111111109839
129.96666666665396
108.8444444444318
138.31111111109843
122.24444444443176
129.47222222220955
129.2333333333207
116.54999999998732
135.6499999999874
139.83888888887634
137.66111111109865
116.19999999998744
132.6111111110986
117.11111111109864
139.79444444443195
120.42777777776529
128.26111111109856
119.52777777776527
123.96111111109862
120.24444444443195
136.7833333333209
121.52222222220972
118.3111111110986
122.07222222220977
121.02222222220969
123.08333333332062
141.81111111109834
115.64999999998729
127.70555555554279
114.79444444443172
116.29444444443158
121.91111111109828
128.3333333333206
125.23333333332064
112.92777777776502
127.66111111109831
117.49999999998717
122.03888888887595
110.55555555554255
134.22777777776477
112.6777777777647
118.95555555554246
115.47777777776471
104.83333333332021
125.24444444443144
128.59999999998698
118.61666666665354
118.56666666665362
135.71111111109806
117.86111111109777
127.32222222220892
115.21666666665344
113.48888888887585
117.27777777776454
145.19999999998674
109.53888888887577
126.31111111109811
113.96111111109819
110.94444444443151
122.75555555554259
109.01666666665375
117.86666666665366
108.3611111110981
122.7444444444314
106.16666666665353
114.37222222220905
115.31111111109784
112.02222222220907
120.84444444443132
110.9166666666535
120.77777777776464
123.47222222220906
106.62222222220905
111.84999999998685
115.93333333332014
104.06111111109792
113.07777777776464
129.74444444443137
96.48333333332023
114.06666666665357
121.3555555555425
101.09999999998702
116.94444444443145
119.41666666665361
116.549999999987
97.84999999998698
126.51666666665363
105.73333333332026
113.50555555554254
102.27777777776471
106.87222222220923
106.90555555554252
109.82222222220912
104.28333333332024
109.8166666666536
113.81666666665365
107.66666666665371
114.91666666665371
107.36111111109805
115.51666666665359
106.45555555554249
123.82222222220906
91.3499999999868
109.8444444444313
119.94999999998673
109.19444444443141
103.21111111109836
121.31111111109837
106.28888888887607
105.56111111109814
110.99999999998694
115.20555555554253
95.7611111110981
102.78888888887593
94.20555555554253
105.44444444443148
107.5111111110981
105.11111111109808
111.349999999987
126.40555555554276
102.23333333332054
119.76111111109819
106.73333333332022
109.18333333332008
106.0999999999867
110.71111111109775
100.17777777776445
93.56111111109765
110.74999999998656
98.31666666665316
108.57777777776428
103.13888888887531
107.21111111109751
89.18888888887525
107.91111111109738
106.66111111109737
103.29999999998655
102.31111111109762
111.09999999998661
103.16666666665326
99.49444444443104
108.68333333331996
100.1666666666533
104.47777777776446
99.11666666665334
122.0888888888756
101.73333333331995
120.19999999998663
98.5277777777643
113.02222222220867
110.07777777776408
90.13333333331951
103.30555555554176
97.87777777776391
102.48888888887501
89.1444444444306
97.61666666665282
103.84444444443051
103.36666666665286
102.06111111109736
99.6388888888751
95.9944444444307
100.74999999998619
112.22777777776389
102.97222222220836
105.98333333331938
98.48333333331932
117.06111111109713
91.2166666666527
95.29444444443047
102.84444444443041
113.34999999998598
108.96111111109701
103.77222222220804
107.81666666665248
101.7777777777635
113.71111111109701
96.63333333331921
109.64999999998585
100.89444444443029
108.29444444443038
98.27777777776356
101.13333333331913
100.63333333331929
107.1388888888749
94.36111111109712
123.61666666665276
111.30555555554167
91.7777777777639
102.8166666666529
106.39444444443066
100.29444444443054
103.53333333331943
106.7611111110972
112.35555555554167
91.16666666665282
101.51111111109722
102.08333333331947
102.39999999998616
105.5833333333195
99.57777777776393
91.68333333331947
95.27222222220837
97.36111111109726
92.76666666665281
110.89444444443055
105.14444444443048
93.57777777776374
98.51666666665263
98.02777777776377
103.11666666665269
79.87777777776374
99.05555555554157
92.30555555554162
101.4777777777639
90.79444444443047
100.6111111110971
92.29444444443058
109.1666666666528
93.71666666665274
116.39999999998615
106.96111111109725
92.45555555554182
94.22777777776408
104.8833333333197
89.44999999998633
111.40555555554192
97.11666666665305
92.1722222222086
109.455555555542
100.6388888888753
95.79444444443085
105.34444444443085
87.42777777776415
98.43888888887523
86.59444444443082
99.39444444443082
87.98333333331965
99.68888888887524
100.98888888887528
92.61111111109778
106.56666666665345
97.21666666665342
85.2555555555423
99.03333333332004
103.30555555554227
79.66111111109782
106.92222222220894
92.51666666665342
93.76666666665352
102.01111111109796
101.2722222222092
97.87777777776478
106.3722222222092
96.88888888887577
119.59999999998702
94.11111111109825
112.30555555554274
108.24999999998721
91.19444444443167
100.81666666665382
93.79999999998715
86.28888888887607
105.49999999998708
88.38888888887601
91.94999999998704
90.01666666665373
83.81666666665375
80.46111111109825
100.67777777776486
91.82777777776492
87.76111111109829
92.94999999998714
101.02222222220941
88.47777777776501
91.76666666665395
96.0611111110984
82.31666666665392
81.06666666665377
88.57222222220915
93.32777777776475
87.53333333332027
91.20555555554243
91.04444444443132
89.73888888887576
91.19999999998691
96.70555555554229
88.19444444443118
96.86111111109776
89.03333333331994
91.61666666665333
103.78888888887563
85.09444444443128
84.0999999999868
91.03333333332016
88.03888888887583
83.49999999998688
88.96666666665354
97.48333333332016
77.64444444443127
96.63888888887563
89.28888888887573
87.84444444443128
99.39999999998705
85.07777777776477
88.86666666665367
102.88888888887608
90.88888888887615
83.5055555555429
84.73333333332079
78.84444444443187
92.26666666665412
96.65555555554309
90.08333333332091
72.41111111109863
95.52222222220972
78.20555555554304
89.57777777776522
84.10555555554315
84.1999999999876
87.52777777776542
84.0222222222099
95.41111111109882
94.53888888887661
82.08333333332115
101.28888888887678
87.47222222221018
100.2888888888769
85.65555555554351
91.68333333332131
87.07777777776575
95.2777777777658
87.5666666666547
92.31666666665473
91.70555555554337
89.87222222220997
91.67777777776557
87.97222222220995
100.44444444443224
91.8444444444322
90.88888888887674
78.61666666665457
101.98888888887684
83.3444444444324
91.41666666665463
91.0388888888769
91.71666666665466
86.83888888887701
88.19999999998805
82.90555555554349
94.37777777776549
85.82777777776549
82.44999999998771
86.38888888887658
88.98888888887657
92.14999999998787
93.5722222222102
79.29444444443213
79.98333333332116
105.15555555554343
89.26111111109897
85.52777777776585
88.53888888887673
97.23888888887626
90.30555555554291
79.605555555543
97.34444444443186
103.26111111109857
87.24999999998751
83.47222222220987
89.86666666665431
91.56666666665436
80.32777777776526
87.19999999998741
95.94999999998743
88.01666666665417
80.66111111109844
113.51666666665409
95.50555555554304
99.63333333332089
100.1333333333209
102.17222222220977
78.38333333332098
108.97777777776543
92.79444444443212
95.99999999998768
82.4888888888765
101.63888888887648
101.77222222220978
85.44444444443212
84.24999999998765
90.48888888887655
89.82222222220992
92.05555555554331
97.04999999998773
91.6722222222099
77.30555555554334
97.78888888887668
73.95555555554327
93.3277777777655
96.02222222220993
93.2055555555432
82.87222222220977
106.93333333332082
96.63333333332086
99.83888888887637
85.77777777776531
107.04999999998755
101.8277777777653
93.29444444443185
108.92777777776516
83.09444444443176
94.04999999998734
93.03333333332064
97.61111111109847
86.0666666666541
84.72222222220961
83.98333333332069
86.42777777776516
81.37222222220957
91.71666666665392
77.06111111109834
87.44999999998721
82.7777777777651
77.61666666665398
76.98888888887619
77.66666666665391
77.26666666665395
77.46111111109839
80.08888888887606
88.9333333333205
81.4111111110982
86.57777777776491
78.24444444443162
90.74999999998714
80.8444444444315
82.57777777776488
75.05555555554267
90.74999999998715
84.51111111109829
97.08888888887594
90.53333333332031
93.68888888887584
94.77222222220915
108.63888888887577
84.09444444443139
98.19999999998697
84.13333333332038
102.77222222220924
86.79999999998705
81.66666666665355
85.89999999998702
98.39444444443144
89.97777777776479
77.47777777776456
83.28333333332017
77.61666666665332
83.76111111109775
86.6611111110977
86.09444444443108
76.52777777776441
83.73888888887552
90.90555555554216
83.77777777776454
83.77222222220885
82.18888888887544
81.8777777777643
81.99444444443101
77.16666666665326
65.78333333331986
90.66666666665313
73.29999999998654
83.13888888887533
80.09444444443082
83.81666666665313
86.58333333331981
93.97777777776426
87.88888888887533
71.64444444443076
94.38888888887527
83.83333333331956
74.24999999998626
68.82222222220841
97.12222222220842
89.59999999998612
89.51666666665281
76.53333333331949
112.13333333331946
88.08888888887492
88.29999999998608
74.99444444443056
97.6388888888751
91.51111111109734
86.39999999998618
83.63888888887512
88.83888888887505
91.24999999998624
88.52777777776399
75.7444444444306
97.42222222220838
82.25555555554173
96.3888888888751
82.11666666665282
97.7388888888751
89.92222222220845
102.7111111110974
80.33888888887518
94.21666666665293
90.666666666653
97.57222222220851
77.53888888887506
94.52222222220826
83.34444444443047
96.22777777776372
85.56666666665264
92.17222222220815
78.4055555555415
85.85555555554157
78.72222222220823
84.27777777776399
60.98333333331956
76.93333333331947
78.27222222220834
83.99999999998609
82.14444444443059
72.5333333333195
95.8833333333195
77.77777777776393
98.27222222220843
78.65555555554172
101.12777777776394
85.69444444443059
90.14999999998611
81.64999999998606
92.93333333331937
81.86666666665282
78.99444444443056
109.60555555554173
89.77222222220865
95.8666666666531
80.43333333331981
104.93888888887534
78.9111111110975
99.48333333331976
88.62222222220868
96.53888888887543
74.74999999998666
86.11111111109777
80.23888888887558
82.82222222220886
71.17222222220896
80.57222222220904
72.08888888887577
70.23333333332023
77.8833333333202
72.08888888887572
80.31666666665343
77.26666666665338
73.98888888887569
90.8999999999868
80.48888888887562
76.39444444443122
87.91111111109788
84.57777777776447
78.11111111109784
88.77777777776448
85.88333333331991
74.7722222222089
92.41666666665363
85.68333333332025
76.98888888887592
86.57222222220929
93.61111111109823
85.67777777776486
95.57222222220932
82.48888888887613
103.2722222222093
75.3944444444314
92.56111111109799
78.62777777776463
88.20555555554246
87.06111111109821
104.27222222220945
85.66111111109834
89.16666666665388
83.41111111109858
96.25555555554308
70.48888888887642
88.13333333332082
79.58888888887644
80.44999999998764
80.92222222220991
79.07222222221006
74.24999999998779
78.81111111109897
77.60555555554336
77.61666666665451
90.24999999998785
89.97777777776565
76.53888888887664
84.27222222220992
82.84444444443223
83.76666666665449
70.21666666665446
78.64999999998784
82.90555555554344
79.82222222221007
92.38333333332123
79.8055555555433
89.22777777776544
81.36111111109885
89.59999999998792
91.41111111109899
69.97777777776595
81.93888888887695
84.88333333332135
77.55555555554358
75.84999999998801
82.99999999998808
86.14444444443247
75.04999999998803
79.30555555554353
84.00555555554354
90.95555555554353
67.85555555554373
86.01666666665486
94.41666666665479
89.92222222221032
76.25555555554362
74.09444444443251
97.87222222221028
73.33888888887695
78.82222222221031
89.3222222222104
96.36111111109932
72.82222222221033
90.24444444443253
76.22222222221019
102.97222222221016
85.20555555554328
103.74444444443212
69.60555555554308
101.29444444443212
78.82222222221009
88.9722222222101
74.81666666665454
93.5499999999879
96.5499999999878
77.74999999998778
80.10555555554342
100.25555555554337
102.55555555554346
83.85555555554353
100.45555555554364
86.19999999998822
104.34999999998824
89.427777777766
98.9388888888771
89.03888888887712
99.65555555554373
87.70555555554381
97.19999999998828
71.01111111109937
94.04444444443264
99.02222222221036
75.08333333332152
83.04444444443274
82.27777777776606
81.12777777776618
70.99444444443286
71.99999999998839
83.16111111109953
85.55555555554393
72.07222222221048
79.9333333333215
78.51666666665496
84.61666666665508
73.08888888887735
76.24444444443276
71.14999999998828
78.94999999998817
82.2555555555438
76.78888888887705
71.02777777776603
85.26111111109935
78.51111111109941
80.58888888887708
73.98888888887703
73.08333333332139
71.80555555554368
66.63888888887703
63.266666666654864
67.62777777776591
66.92777777776595
63.99444444443255
67.01666666665481
67.86666666665474
64.00555555554367
66.7444444444325
67.3944444444326
67.72777777776585
76.1388888888767
66.18333333332102
80.21111111109882
61.849999999987645
73.03888888887664
68.7666666666544
73.51666666665444
62.42777777776556
71.90555555554342
80.01666666665454
70.34444444443237
61.38888888887685
75.84444444443244
67.26111111109914
65.04999999998796
64.61666666665471
74.25555555554357
62.48333333332122
64.25555555554332
69.0499999999878
66.57777777776543
67.84444444443221
72.67222222221011
77.73333333332121
70.83888888887672
71.33333333332119
76.74444444443229
75.53888888887658
75.24444444443206
73.66111111109882
75.76111111109877
84.4611111110987
73.47777777776521
65.49999999998744
76.14999999998749
83.5499999999875
71.12777777776535
69.6611111110987
72.93888888887662
75.03888888887661
76.94444444443224
64.47777777776554
67.39999999998778
74.38333333332113
73.7333333333211
59.57222222220989
70.71666666665432
66.3555555555432
73.74444444443209
59.722222222209844
71.18333333332097
66.38333333332096
73.1666666666543
60.1555555555432
65.97222222220987
74.37222222220983
71.67777777776536
61.355555555543155
70.21666666665423
71.65555555554293
72.13333333332058
69.1833333333205
60.96666666665367
83.19444444443128
77.88888888887567
79.39999999998683
65.07222222220902
84.1999999999868
76.36666666665343
81.3999999999867
65.67222222220897
99.54444444443132
81.76666666665346
75.02777777776461
77.81111111109794
94.07222222220904
72.76666666665346
73.22777777776463
82.61111111109805
81.18888888887565
76.39444444443114
84.53888888887562
83.55555555554231
77.57222222220892
62.37777777776452
85.41666666665346
80.46111111109781
75.37222222220878
65.60555555554213
80.70555555554206
82.62777777776435
74.89444444443089
65.06666666665299
77.08333333331969
82.05555555554201
77.58333333331973
56.86111111109754
82.455555555542
75.73333333331982
66.1222222222089
57.14444444443107
74.74999999998664
79.76666666665336
73.71111111109774
67.01666666665326
75.2611111110977
71.38888888887547
70.1666666666532
69.08888888887543
92.14999999998652
75.3944444444309
70.64999999998652
81.46666666665325
87.53333333331994
84.45555555554208
66.94444444443099
79.43888888887545
90.2888888888754
83.67222222220863
71.45555555554212
82.34444444443078
86.8611111110975
82.84999999998638
81.28333333331963
66.69444444443086
87.29999999998644
85.07222222220848
76.92222222220857
76.68333333331954
83.11666666665276
80.6833333333194
75.39999999998605
72.8833333333194
81.95555555554165
74.21666666665288
75.3999999999862
71.01111111109739
83.4666666666529
76.79999999998618
77.0888888888751
73.96111111109721
80.02222222220814
87.23888888887471
79.76111111109692
70.77777777776357
83.60555555554139
77.12777777776367
72.85555555554143
74.42222222220812
72.31666666665261
70.74999999998597
69.69444444443047
68.70555555554175
83.37777777776415
62.65555555554196
67.86111111109751
72.20555555554203
85.98333333331985
66.2055555555421
74.19999999998663
62.49999999998661
79.6555555555421
66.18333333331974
65.55555555554194
70.12222222220856
73.06666666665296
67.48888888887501
58.26111111109723
80.32777777776384
89.14444444443023
68.23888888887454
62.59444444443001
79.9111111110966
77.41666666665215
70.88333333331883
62.16666666665208
81.4777777777632
68.62777777776314
74.59999999998536
63.14999999998528
72.71111111109654
66.34444444442981
78.47222222220742
62.87777777776286
70.63333333331838
67.43333333331839
74.98888888887394
61.072222222207266
76.2777777777629
80.68333333331852
72.44444444442965
64.33888888887405
71.72222222220746
86.67222222220741
82.02222222220728
77.50555555554072
65.42222222220737
83.25555555554068
68.81111111109618
78.93333333331837
70.35555555554055
87.6999999999851
71.86111111109625
83.64444444442967
69.79999999998523
95.76111111109658
67.2111111110966
80.31666666665215
81.86666666665207
93.55555555554089
68.88333333331866
91.45555555554091
66.23888888887423
85.4888888888743
78.105555555541
77.44999999998544
75.66111111109664
87.0055555555411
78.07222222220756
68.6388888888741



The list of best values first execution 

117.49999999998778
132.7999999999878
123.69999999998771
133.9999999999879
137.69999999998777
122.59999999998774
151.19999999998777
118.79999999998734
144.69999999998777
146.199999999988
162.89999999998764
195.59999999998786
151.0999999999877
178.8999999999878
169.7999999999878
174.0999999999878
148.19999999998737
161.49999999998784
180.09999999998757
198.1999999999879
128.19999999998805
171.49999999998755
200.29999999998802
93.69999999998765
216.39999999998707
160.2999999999879
189.19999999998709
138.19999999998805
157.19999999998743
155.89999999998798
110.79999999998705
192.19999999998848
177.9999999999872
177.19999999998754
169.49999999998846
111.99999999998727
168.29999999998842
148.49999999998823
162.1999999999877
169.8999999999872
149.89999999998815
103.19999999998726
208.09999999998752
168.29999999998824
181.99999999998698
144.09999999998814
115.59999999998792
150.29999999998688
184.79999999998802
150.49999999998744
139.09999999998723
146.29999999998773
131.49999999998693
142.3999999999878
133.69999999998748
150.29999999998773
132.79999999998716
133.59999999998763
136.09999999998746
127.1999999999872
119.39999999998741
148.1999999999876
135.5999999999873
137.69999999998726
160.49999999998766
118.8999999999877
201.49999999998687
131.99999999998784
146.6999999999872
182.89999999998713
134.49999999998766
126.599999999987
136.2999999999871
126.89999999998707
130.19999999998697
160.79999999998768
114.6999999999864
129.99999999998704
144.09999999998757
142.99999999998766
117.59999999998678
125.89999999998679
129.89999999998707
141.4999999999868
110.59999999998672
161.19999999998709
139.89999999998702
146.19999999998663
128.69999999998714
127.49999999998744
142.39999999998662
140.4999999999871
146.89999999998656
108.19999999998697
135.9999999999868
110.39999999998713
132.5999999999866
120.69999999998657
107.89999999998633
165.9999999999871
125.99999999998641
124.89999999998639
86.39999999998702
137.39999999998673
104.99999999998687
125.59999999998644
139.09999999998706
129.1999999999876
126.19999999998669
122.39999999998759
134.5999999999861
110.79999999998682
121.69999999998782
102.79999999998677
166.19999999998686
92.39999999998696
105.39999999998741
92.99999999998784
129.3999999999873
108.69999999998686
112.19999999998703
119.29999999998682
142.39999999998685
111.09999999998672
79.19999999998663
109.69999999998731
81.5999999999865
97.1999999999872
131.39999999998741
123.29999999998637
105.19999999998737
104.79999999998694
135.89999999998645
113.99999999998664
124.29999999998694
116.39999999998685
110.89999999998707
67.89999999998605
107.89999999998753
89.89999999998622
95.69999999998794
97.79999999998603
113.49999999998687
85.29999999998626
104.1999999999872
75.09999999998706
94.299999999987
69.99999999998562
77.39999999998673
145.8999999999872
99.99999999998676
99.49999999998738
77.7999999999858
98.79999999998654
83.29999999998739
103.49999999998744
139.49999999998704
87.69999999998566
119.19999999998771
112.59999999998718
84.69999999998618
117.69999999998754
147.09999999998547
118.6999999999876
99.79999999998688
110.69999999998709
112.49999999998664
125.8999999999865
82.39999999998736
109.1999999999868
117.49999999998727
92.19999999998754
94.49999999998693
96.19999999998828
86.89999999998554
108.19999999998748
94.39999999998588
75.99999999998693
118.29999999998654
92.0999999999861
109.39999999998776
65.99999999998619
101.89999999998781
94.89999999998702
65.09999999998786
94.89999999998645
98.999999999988
86.39999999998616
95.5999999999878
91.09999999998769
76.6999999999868
81.89999999998571
79.19999999998754
71.49999999998681
83.89999999998741
70.4999999999871
107.69999999998754
89.99999999998602
72.89999999998741
74.59999999998723
105.49999999998738
89.49999999998766
83.59999999998519
79.79999999998734
83.59999999998524
73.3999999999865
89.59999999998723
112.79999999998705
83.39999999998719
52.29999999998495
83.4999999999875
74.29999999998483
91.49999999998766
96.59999999998746
73.19999999998709
84.39999999998474
100.59999999998809
103.1999999999876
67.49999999998744
109.09999999998723
71.09999999998513
90.69999999998794
63.899999999987585
101.6999999999851
76.29999999998483
76.29999999998756
79.69999999998765
86.89999999998776
86.39999999998452
89.49999999998778
77.69999999998493
63.199999999988165
89.19999999998464
94.19999999998777
77.39999999998423
43.49999999998789
98.39999999998798
91.29999999998455
105.39999999998406
89.09999999998814
79.19999999998413
95.09999999998735
67.79999999998432
48.79999999998745
71.19999999998481
78.49999999998766
86.19999999998822
88.29999999998495
105.8999999999885
72.39999999998514
96.49999999998744
70.39999999998867
108.19999999998817
93.49999999998425
73.99999999998829
81.69999999998862
92.19999999998811
93.59999999998792
67.79999999998881
70.59999999998814
77.89999999998821
69.09999999998774
68.79999999998773
79.29999999998478
77.0999999999886
60.89999999998798
76.19999999998822
54.89999999998793
79.19999999998811
61.39999999998537
83.39999999998503
78.4999999999884
76.89999999998798
77.1999999999855
92.09999999998769
50.099999999985755
41.99999999998761
63.39999999998594
80.29999999998756
59.49999999998835
74.49999999998755
49.09999999998837
99.59999999998757
78.89999999998594
86.49999999998755
86.59999999998581
76.19999999998794
98.29999999998637
98.09999999998644
51.89999999998798
43.0999999999878
68.8999999999873
68.99999999998784
57.799999999987165
57.099999999986494
90.79999999998813
78.49999999998602
68.69999999998811
63.29999999998739
90.19999999998834
67.89999999998673
69.49999999998846
50.49999999998772
76.29999999998773
79.89999999998628
60.79999999998739
82.89999999998622
68.2999999999875
63.099999999986665
70.29999999998785
84.49999999998573
98.79999999998705
94.199999999986
71.3999999999881
72.79999999998705
62.19999999998686
62.19999999998697
64.39999999998736
92.49999999998732
71.39999999998713
80.4999999999871
70.9999999999871
66.3999999999869
74.3999999999873
61.09999999998615
79.099999999987
71.29999999998716
60.89999999998679
48.799999999986426
81.69999999998691
63.59999999998627
68.19999999998726
68.99999999998636
78.59999999998689
55.99999999998647
85.79999999998711
52.49999999998687
70.299999999987
60.29999999998688
50.19999999998669
42.69999999998703
68.99999999998681
99.69999999998663
56.399999999987244
88.59999999998661
65.1999999999868
70.8999999999865
80.79999999998711
80.49999999998676
89.99999999998681
78.09999999998695
75.79999999998728
78.19999999998697
84.59999999998718
62.89999999998662
63.49999999998704
81.39999999998713
43.599999999986494
38.599999999987006
71.69999999998657
48.599999999987006
78.89999999998696
70.89999999998679
53.99999999998647
54.99999999998755
58.899999999986676
39.79999999998637
78.49999999998687
72.39999999998656
64.09999999998712
56.59999999998627
70.4999999999871
76.29999999998728
68.89999999998764
71.19999999998714
49.09999999998638
68.79999999998711
47.89999999998656
63.39999999998713
64.4999999999875
86.59999999998638
66.89999999998622
59.9999999999871
70.29999999998796
69.09999999998695
56.8999999999881
59.099999999986835
53.19999999998652
46.19999999998646
65.49999999998795
59.99999999998647
61.59999999998621
76.69999999998674
54.59999999998632
32.99999999998795
56.79999999998637
44.99999999998636
67.69999999998828
46.79999999998603
69.79999999998722
88.19999999998879
58.79999999998677
49.09999999998587
60.29999999998836
66.79999999998819
37.7999999999858
50.29999999998603
65.79999999998546
65.19999999998817
52.999999999985675
60.69999999998578
61.89999999998554
56.899999999987756
72.69999999998794
64.19999999998555
66.89999999998525
66.69999999998566
71.19999999998595
59.39999999998861
54.79999999998563
53.59999999998553
49.59999999998536
58.59999999998564
66.49999999998857
64.59999999998576
70.79999999998557
72.09999999998553
58.2999999999862
72.59999999998547
77.39999999998531
54.49999999998528
60.3999999999881
52.2999999999854
56.69999999998504
43.799999999985005
56.59999999998513
76.4999999999855
82.09999999998519
69.0999999999849
70.29999999998756
64.19999999998498
65.699999999988
65.49999999998494
67.79999999998807
61.0999999999849
50.799999999987904
67.69999999998726
45.699999999984925
53.09999999998507
48.79999999998739
71.29999999998569
42.69999999998532
81.19999999998453
65.09999999998473
57.8999999999877
51.59999999998439
58.19999999998538
78.5999999999845
73.09999999998797
64.29999999998421
72.69999999998504
76.19999999998805
81.89999999998543
83.09999999998837
67.49999999998835
70.29999999998807
61.099999999985755
58.09999999998405
39.29999999998887
62.69999999998578
69.79999999998591
52.29999999998415
51.199999999988506
61.699999999988336
57.29999999998438
58.49999999998545
56.99999999998403
55.799999999988586
70.49999999998397
71.69999999998532
40.49999999998391
53.9999999999892
36.999999999984084
49.79999999998864
81.49999999998562
51.69999999998538
66.7999999999891
70.19999999998333
46.49999999998931
71.09999999998377
38.19999999998487
52.89999999998372
46.59999999998968
61.19999999998362
63.19999999998481
61.29999999998347
54.69999999998947
64.99999999998317
52.69999999999004
69.69999999998925
37.8999999999852
56.599999999983254
60.39999999998531
56.69999999998413
58.39999999999014
65.6999999999897
49.099999999983595
57.399999999989404
79.9999999999859
67.29999999998591
52.39999999999014
70.69999999998322
51.79999999998586
62.69999999998271
49.79999999998597
49.59999999998263
51.29999999999035
70.09999999998382
65.89999999998622
61.899999999984004
46.69999999999021
42.09999999998615
52.399999999986164
66.79999999999023
59.399999999986164
54.79999999999001
73.79999999998336
41.39999999998656
48.09999999998428
57.09999999998985
82.4999999999846
66.89999999998685
56.29999999998415
51.49999999999011
71.5999999999841
62.19999999999021
50.09999999998439
65.79999999998671
62.79999999998688
65.4999999999842
56.999999999984595
58.69999999999004
64.79999999998472
40.89999999999037
63.6999999999843
65.29999999999
33.59999999998462
44.099999999989905
58.49999999998437
48.599999999986494
38.299999999984664
54.99999999998988
61.09999999998678
55.899999999987074
49.09999999998473
59.99999999999011
64.29999999998705
60.399999999986505
62.39999999998463
45.69999999998964
47.89999999998656
46.49999999998727
53.59999999998655
48.79999999998364
52.299999999990064
68.69999999998367
55.59999999998632
67.2999999999862
43.0999999999832
32.89999999998986
68.09999999998644
44.599999999986835
48.29999999998353
61.3999999999898
70.29999999998694
51.599999999983595
38.69999999999027
59.89999999998679
51.299999999986085
52.99999999999051
61.39999999998366
64.19999999998396
56.799999999990234
50.69999999998356
53.59999999999053
65.29999999999052
49.799999999986824
59.79999999998739
44.19999999998447
46.99999999999096
55.799999999984436
52.3999999999869
43.599999999984675
44.49999999999079
68.29999999998722
47.19999999998703
49.1999999999843
65.19999999998674
62.4999999999913
65.19999999998697
53.299999999985175
58.4999999999913
52.8999999999848
50.199999999991576
62.79999999998472
56.09999999998752
70.29999999998512
62.599999999990985
60.49999999999085
58.499999999987836
60.89999999998787
40.99999999998789
56.199999999990894
66.09999999999042
46.49999999998823
44.29999999998489
60.79999999999052
67.99999999998448
56.199999999987995
55.09999999998473
48.19999999999055
76.99999999998522
44.39999999998821
56.39999999998497
69.5999999999882
75.59999999999098
56.89999999999111
54.299999999991144
51.99999999998471
56.299999999990746
43.79999999998779
53.699999999984755
65.0999999999903
62.29999999998438
60.499999999985164
51.69999999999095
44.89999999998423
38.0999999999903
54.599999999991326
49.29999999998813
56.69999999998822
62.89999999999128
50.599999999988086
48.199999999983845
56.199999999990666
58.29999999999069
70.09999999998837
56.999999999988404
35.89999999998366
44.89999999999037
59.89999999998838
42.999999999988745
49.899999999990484
71.29999999999018
56.19999999998822
49.49999999999039
80.99999999998369
42.599999999988086
45.39999999998395
54.59999999999047
60.699999999984016
53.39999999999071
61.199999999984016
46.69999999998828
43.89999999998372
51.49999999999028
50.59999999999036
50.79999999998836
51.59999999998848
44.09999999999047
63.5999999999903
46.99999999998869
34.69999999998413
49.29999999999052
49.299999999983925
50.19999999999084
52.59999999998416
47.89999999999037
60.69999999998396
61.59999999998996
60.39999999998406
57.69999999999004
70.6999999999901
53.499999999988916
42.1999999999839
54.29999999998978
61.899999999984175
32.79999999998893
51.69999999998936
54.19999999998316
42.39999999998906
58.299999999983356
55.29999999998972
67.79999999998313
52.69999999998902
52.69999999998328
53.89999999998901
59.49999999998289
58.499999999989654
51.49999999998306
39.79999999998307
57.39999999998969
57.99999999998914
51.399999999989575
50.19999999998316
31.4999999999892
57.79999999998955
48.19999999998265
41.49999999998931
63.99999999998255
45.09999999998939
43.49999999998272
44.39999999998963
55.899999999982356
46.39999999998946
42.19999999998231
39.59999999998968
37.89999999998281
38.9999999999892
55.09999999998945
43.39999999998929
35.59999999998274
39.89999999998906
71.19999999998271
43.899999999989404
43.59999999998257
48.699999999989416
71.89999999998264
54.29999999998921
46.09999999998274
50.59999999998843
69.19999999998271
67.19999999998959
56.3999999999827
64.89999999998287
51.19999999998265
61.299999999989154
43.599999999987915
58.19999999998788
47.59999999998928
45.699999999987995
52.29999999998779
53.19999999998976
59.599999999983424
44.99999999998903
57.799999999982674
43.89999999998889
44.09999999998911
41.39999999998838
56.09999999998229
58.19999999998936
49.99999999998198
27.09999999998786
50.89999999998207
51.0999999999882
62.19999999998805
58.19999999998163
51.799999999988245
50.29999999998165
54.799999999988756
29.999999999981696
34.899999999988324
58.79999999998819
30.89999999998855
35.19999999998174
30.399999999987756
77.09999999998212
32.99999999998863
41.29999999998233
57.09999999998769
74.59999999998251
55.09999999998854
54.09999999998212
56.39999999998804
67.79999999998779
57.59999999998854
46.099999999982344
48.39999999998753
56.89999999998241
34.99999999998852
50.69999999998174
47.799999999988586
50.8999999999815
49.99999999998795
49.799999999981765
42.499999999988916
67.19999999998794
59.39999999998781
52.79999999998125
35.9999999999888
40.49999999998124
45.09999999998786
48.29999999998108
38.19999999998822
51.599999999981264
34.99999999998869
36.69999999998106
42.99999999998835
56.69999999998106
41.19999999998919
40.59999999998098
50.19999999998845
39.999999999988916
41.799999999981026
34.69999999998811
46.4999999999813
34.09999999998894
39.599999999981264
38.999999999988916
42.799999999980855
58.19999999998839
61.79999999998097
56.09999999998814
62.099999999981094
47.79999999998108
26.399999999988097
43.399999999981105
25.69999999998919
39.19999999998163
39.199999999988336
68.39999999998173
45.099999999989166
42.499999999981355
54.299999999988074
67.19999999998936
46.59999999998922
40.89999999998162
43.39999999998878
45.9999999999892
49.59999999998848
57.59999999998229
46.79999999998972
51.99999999998221
56.1999999999822
55.39999999998838
53.89999999998872
53.59999999998945
54.29999999998256
64.79999999998807
53.299999999989154
58.79999999998887
53.79999999998165
49.599999999987574
54.19999999998237
42.59999999998911
50.89999999998162
53.5999999999874
60.799999999988984
53.89999999998906
46.19999999998299
27.79999999998921
69.09999999998894
60.39999999998912
58.19999999998299
30.999999999988916
74.79999999998302
33.899999999989745
33.49999999998232
39.199999999989075
53.099999999982685
47.99999999998988
78.99999999998295
29.899999999989063
48.2999999999829
46.89999999998997
54.39999999998304
47.89999999998889
56.49999999998306
46.49999999998926
32.999999999983515
51.09999999999002
60.999999999983686
53.39999999998918
56.6999999999893
49.09999999998399
51.79999999999035
46.69999999999004
56.699999999989416
42.2999999999891
56.699999999984016
46.8999999999902
48.59999999999019
38.599999999989336
59.699999999984016
57.49999999999068
45.299999999990575
55.29999999998927
41.199999999988734
36.29999999998364
35.19999999999004
53.59999999999047
46.0999999999886
53.19999999998424
47.79999999999052
64.09999999998956
58.79999999998955
51.29999999998364
44.19999999999061
59.199999999989814
40.099999999990075
44.19999999998373
48.399999999990655
61.89999999998338
43.59999999999013
51.299999999983754
63.49999999999085
45.59999999998985
40.19999999998345
29.199999999990723
75.79999999998364
26.299999999990177
34.49999999998346
41.29999999999069
66.39999999998355
31.099999999990246
20.399999999983436
31.899999999990314
58.89999999998287
39.09999999998996
39.09999999998303
40.29999999999046
53.49999999998249
36.09999999999019
25.19999999998288
41.999999999990564
52.299999999990405
38.39999999999009
40.3999999999827
50.49999999999068
49.099999999990644
74.69999999999015
55.3999999999906
50.89999999998321
51.99999999999079
53.299999999983356
55.59999999999087
59.69999999998345
59.69999999999072
69.89999999998332
59.19999999999072
43.59999999998331
30.79999999999086
33.79999999998995
62.99999999999113
52.799999999991144
49.99999999999039
47.8999999999906
51.29999999999137
41.69999999999163
46.99999999998346
49.499999999990564
58.299999999983584
51.19999999998305
41.79999999998341
56.299999999990575
58.79999999998364
51.0999999999907
59.99999999999005
35.099999999992235
55.499999999989996
55.89999999999105
50.29999999999103
44.99999999999034
58.599999999983424
61.89999999999054
70.49999999999022
55.19999999998339
51.399999999989916
62.79999999999029
52.299999999983356
48.099999999990416
53.89999999999009
52.29999999999109
45.599999999983254
43.99999999998312
39.79999999998978
48.499999999991076
48.99999999998306
49.7999999999912
49.7999999999833
52.99999999998283
37.899999999990484
49.79999999998262
29.899999999990598
32.39999999998264
42.99999999998977
56.599999999982685
42.99999999999079
42.199999999983106
52.59999999999076
43.59999999998314
42.09999999998985
56.099999999989905
42.09999999999059
45.59999999998303
47.19999999999004
60.59999999999013
47.19999999999095
49.199999999982936
55.49999999999068
51.49999999999068
48.99999999998914
55.59999999998979
48.099999999990814
40.8999999999906
48.09999999998314
51.099999999989734
45.49999999999045
50.99999999999022
44.299999999982674
39.59999999998945
49.69999999999084
36.99999999999051
34.699999999982424
37.19999999998913
59.99999999998238
42.99999999999068
45.79999999999063
44.499999999983004
40.899999999989745
50.89999999998315
40.299999999990746
41.19999999998947
45.09999999998962
41.19999999999078
45.399999999990484
34.09999999998274
34.09999999998968
40.79999999998279
29.899999999990484
34.09999999998274
33.09999999998968
34.49999999999051
34.09999999999036
29.99999999998289
45.89999999998963
36.99999999999028
45.299999999990234
40.099999999982515
42.39999999998906
47.49999999998994
42.799999999990234
47.599999999982174
53.499999999988916
55.99999999998971
49.799999999981935
49.19999999998879
63.19999999998208
37.69999999998856
49.79999999998182
39.2999999999887
81.79999999998876
39.59999999998985
31.8999999999819
35.39999999998872
79.6999999999885
46.1999999999897
46.999999999982265
46.099999999988654
59.09999999998155
51.89999999998213
51.29999999998864
54.29999999998989
50.79999999998154
44.999999999988574
52.799999999988586
44.699999999989586
38.39999999998139
29.999999999988347
51.899999999988154
38.59999999999002
41.79999999998137
36.89999999998793
48.699999999988336
45.99999999998829
43.8999999999815
40.799999999988415
48.69999999998828
40.799999999989154
39.799999999981594
41.39999999998156
46.19999999998839
47.699999999989984
42.29999999998125
41.89999999998838
54.49999999998812
41.89999999998997
40.29999999998148
40.8999999999881
72.09999999998985
39.69999999998987
52.99999999998158
45.999999999981696
48.89999999998798
48.29999999998978
49.19999999998174
48.59999999998831
62.59999999998843
41.99999999998954
50.799999999981594
35.39999999998753
69.29999999998762
49.599999999989336
49.1999999999818
46.09999999998803
66.29999999998824
50.199999999989586
54.99999999998175
54.99999999998704
65.99999999998761
54.899999999989404
54.999999999981526
52.89999999998719
66.89999999998702
52.89999999998935
46.09999999998183
41.8999999999873
73.79999999998176
49.09999999998956
61.99999999998181
63.1999999999872
64.79999999998716
66.7999999999891
56.89999999998918
47.79999999998091
65.49999999998704
51.09999999998928
45.69999999998157
48.3999999999869
56.99999999998698
48.39999999998963
37.49999999998175
24.999999999987153
63.39999999999003
27.1999999999897
24.999999999981867
30.199999999987426
70.99999999998727
37.499999999989825
39.1999999999818
41.5999999999874
68.79999999998182
45.699999999989984
45.699999999981685
44.79999999998711
47.69999999998993
42.199999999989814
33.19999999998123
31.899999999986846
53.499999999989654
34.699999999989586
38.899999999980764
46.29999999998648
49.39999999998929
46.299999999989154
46.39999999998639
57.099999999980355
47.79999999998944
49.39999999998031
49.29999999998921
45.09999999998024
43.399999999985994
64.99999999998022
56.399999999988836
51.19999999998009
47.59999999998621
58.19999999998015
51.399999999988665
44.79999999998631
60.89999999998622
38.499999999989086
42.59999999998041
48.89999999998662
57.899999999986676
53.2999999999887
52.89999999998042
48.09999999998632
65.29999999998063
45.89999999998844
46.29999999998057
45.29999999998614
72.39999999998065
45.2999999999883
41.69999999998066
36.59999999998678
66.09999999998081
35.399999999988665
38.199999999980776
44.699999999986744
56.59999999998064
52.09999999998843
52.09999999998047
45.29999999998677
64.19999999998072
45.29999999998847
44.09999999998081
42.09999999998706
68.39999999998707
51.399999999988665
58.19999999998038



The list of values average 

232.65444444443224
373.3592777777655
297.8603333333213
299.9437777777655
363.3099999999877
234.75661111109883
359.52816666665467
291.31883333332127
294.9797777777656
345.99955555554334
235.83183333332107
348.3318888888769
273.92905555554336
296.80199999998786
318.8623888888768
250.6249999999877
320.6876666666545
272.78533333332115
292.90972222221
295.2208888888768
264.46199999998765
301.4794999999875
268.9198888888765
286.33027777776545
277.30972222221
269.643833333321
280.85994444443213
266.05994444443223
272.67716666665433
269.0788888888767
267.6004999999878
267.80572222220997
263.90927777776557
265.11972222221
263.1741666666544
260.59322222221004
262.4173888888765
256.17322222221
263.3466666666543
252.2039444444322
262.8546111110988
251.97388888887662
253.36761111109885
255.03338888887657
248.44633333332106
251.34577777776553
245.34444444443218
248.82633333332112
244.68366666665432
245.39061111109865
242.7517222222099
242.03444444443218
240.3138888888766
241.5375555555432
237.97811111109874
241.98638888887658
235.80405555554327
238.79183333332105
236.11699999998783
235.73194444443203
233.48033333332097
233.85888888887652
232.3126111110988
231.4785555555432
229.23111111109876
229.2938888888765
229.4557777777654
227.4230555555433
227.0786666666542
225.75777777776548
221.47949999998767
225.96405555554333
222.69761111109875
220.5036111110987
223.21872222220986
219.48733333332086
220.22138888887662
219.8237777777654
216.52544444443214
217.8741666666542
216.2147777777653
212.2744999999876
214.59544444443205
213.8604999999876
213.48405555554314
211.30349999998768
210.38516666665416
210.3869999999876
208.3621111110986
209.54883333332089
205.75399999998754
206.6793333333209
207.3957777777653
205.26577777776527
203.74994444443203
207.68277777776538
201.50366666665423
203.5128888888764
201.5888333333209
201.80744444443198
201.01455555554304
199.80777777776524
199.24333333332098
197.1346666666541
199.9512222222097
195.17772222220978
198.30144444443192
192.3884444444319
195.78122222220964
193.19761111109864
193.85699999998755
193.62744444443194
192.95161111109863
190.14088888887642
192.9064444444318
187.77661111109856
189.0618333333208
190.72399999998754
184.70388888887638
189.37088888887632
186.50694444443195
186.8298888888762
186.70594444443188
184.21211111109855
184.56522222220966
184.2718888888764
183.2613888888763
183.3529444444318
180.69477777776527
183.70038888887632
181.21788888887627
178.81833333332068
181.48872222220973
180.43266666665403
178.5844999999875
178.7167222222096
178.5229999999875
176.2558888888763
178.92533333332062
174.90655555554292
176.2533888888764
176.26194444443186
174.63027777776523
173.51672222220967
174.03994444443185
173.08766666665414
172.82505555554303
173.53972222220963
170.5372222222097
171.96711111109855
170.7034999999874
170.78694444443187
170.01733333332086
168.75283333332075
167.88288888887635
170.53433333332077
166.25388888887633
169.28122222220972
166.26833333332067
167.66605555554293
167.46816666665407
165.13872222220954
165.93133333332062
163.68405555554298
163.06861111109848
165.7247777777651
162.1024444444318
165.9414999999874
162.25294444443182
163.32988888887624
161.80883333332065
160.7504999999874
160.21583333332075
161.59377777776515
159.5713333333207
159.87122222220955
160.16372222220966
157.77227777776517
158.40911111109855
157.47094444443186
157.15266666665403
156.55338888887627
156.9794999999874
156.1488333333207
156.6690555555429
155.54688888887623
155.93361111109843
153.09438888887627
157.48244444443182
151.7207777777652
153.96277777776513
154.52649999998744
151.78444444443184
153.00049999998745
154.1551666666541
150.2785555555429
152.06122222220966
151.8350555555429
151.04044444443187
149.48716666665405
151.46933333332078
149.09188888887627
150.34833333332068
148.4811111110985
149.0168888888763
149.82883333332072
149.8744444444318
146.91977777776515
147.4139444444319
147.04344444443183
146.59833333332074
144.9681666666541
147.91183333332077
144.17816666665402
146.30844444443187
145.72599999998738
145.27038888887628
144.53699999998742
144.3349444444319
143.81772222220965
142.7397222222096
142.70933333332073
143.36238888887638
141.29499999998748
141.9323888888763
142.66538888887627
141.78038888887636
141.6355555555429
140.25438888887626
141.20933333332067
139.74833333332072
140.84661111109847
138.2148333333208
140.32038888887627
139.8788888888764
138.41266666665405
139.39199999998735
139.07077777776522
138.74705555554291
138.34833333332074
137.7664999999874
137.22933333332062
136.8502777777652
137.49466666665404
136.21761111109848
135.81866666665405
134.98394444443176
135.50911111109843
136.30472222220956
133.84383333332076
135.4422222222096
136.18027777776518
132.62016666665403
135.76777777776516
133.54977777776514
134.4317777777652
133.47722222220966
134.3984999999874
131.97327777776522
135.19955555554293
130.56205555554297
132.9757777777653
131.19249999998743
131.62877777776524
130.473555555543
130.8851666666541
131.61961111109858
130.09288888887633
130.41483333332076
130.95327777776524
130.13799999998747
131.13733333332073
129.7737777777652
129.37916666665413
130.4097777777652
128.17488888887632
128.45849999998742
128.09749999998746
128.52522222220963
127.98327777776528
127.70394444443185
127.272055555543
125.91561111109854
127.03022222220966
124.44788888887626
126.5494444444319
126.55561111109856
125.51333333332076
127.0243333333208
124.00583333332078
125.07977777776512
124.91333333332074
124.45599999998747
122.64094444443182
123.72672222220973
124.46399999998742
121.9509999999874
124.06666666665407
123.46894444443184
122.93677777776519
122.77433333332077
123.21761111109853
122.67394444443188
123.80649999998742
122.69033333332075
121.2638333333208
123.03872222220969
120.61838888887638
122.4378888888764
120.99433333332082
121.94288888887634
120.95061111109855
121.17883333332084
121.38838888887636
119.16011111109856
121.64211111109859
120.27766666665417
119.93261111109862
118.9419999999875
120.28916666665411
118.27533333332082
119.26522222220974
119.50344444443198
119.29672222220977
119.18294444443195
117.94277777776524
118.78472222220971
117.28755555554307
117.38294444443193
117.38222222220973
116.07622222220972
116.27383333332084
118.10027777776523
116.50188888887635
116.09627777776535
117.88966666665416
115.49511111109865
116.62055555554305
117.30705555554309
114.08016666665412
115.95899999998753
114.58849999998749
115.9475555555431
115.45488888887638
116.23505555554308
114.386444444432
114.50244444443202
114.36083333332088
114.07144444443196
114.98355555554312
113.35883333332092
113.57616666665426
114.66394444443202
113.88127777776532
114.02711111109863
112.20588888887644
114.51105555554304
112.98472222220978
115.1662777777653
112.42816666665428
113.1534999999876
112.31977777776535
112.57872222220978
112.45594444443206
110.65027777776535
112.25938888887643
113.20577777776538
110.22494444443205
112.42072222220979
112.42944444443206
108.98005555554313
111.01149999998762
111.22394444443205
110.54494444443205
110.92455555554324
109.46416666665434
108.29566666665437
111.77911111109873
110.23094444443215
108.84566666665431
110.68455555554314
109.6408888888765
110.19455555554326
107.91061111109877
110.124833333321
108.19005555554325
110.03216666665438
107.86949999998768
108.72999999998773
108.17194444443214
108.24605555554331
108.91816666665443
108.60277777776552
108.14716666665443
107.71099999998776
108.64694444443225
107.9037777777656
107.21233333332115
108.05077777776557
108.8566111110989
107.23433333332109
107.08883333332108
106.09733333332116
106.81327777776553
105.34327777776558
106.61099999998781
106.13299999998782
107.2588888888767
105.34388888887672
105.86044444443226
105.1227777777656
106.05888888887668
104.51194444443227
105.98316666665448
104.92211111109894
106.11716666665448
104.22144444443221
105.12283333332117
104.05622222221004
104.0566666666545
104.79555555554336
104.73849999998781
104.49722222221011
104.90416666665453
105.04438888887677
104.97227777776564
104.21322222221008
103.9415555555434
103.27638888887674
104.92183333332116
102.41588888887675
104.80616666665452
104.1920555555434
104.2429444444323
103.11949999998782
102.55766666665451
103.48683333332116
102.7127222222101
102.24749999998785
103.45511111109901
100.58394444443236
102.62283333332125
102.08211111109898
103.36105555554347
100.70761111109903
104.39205555554346
101.3688888888768
102.21083333332126
100.7288888888768
102.42427777776571
101.31499999998795
102.92816666665459
102.21188888887683
101.87761111109909
100.50022222221016
102.34266666665464
100.50627777776572
101.6234444444324
102.22061111109906
101.23011111109909
101.52433333332128
101.56283333332128
100.57516666665461
99.17233333332128
102.29438888887682
99.63311111109904
100.60299999998793
100.07494444443238
100.3545555555435
100.36861111109903
101.47799999998793
99.4762222222102
100.11711111109904
100.23461111109911
100.47311111109907
100.25699999998797
98.99872222221016
99.29411111109908
100.02461111109899
98.50277777776566
98.20844444443243
100.37161111109907
99.6981111110991
99.59966666665461
98.98788888887687
99.12783333332135
98.33688888887686
99.97927777776577
97.86805555554353
99.35116666665472
97.04799999998802
100.12877777776575
96.85994444443243
98.25016666665464
97.29916666665466
97.7872777777658
97.60233333332135
97.69388888887693
97.89494444443251
97.93316666665473
97.16433333332137
98.87266666665474
97.03049999998801
98.44366666665465
97.2063888888769
98.68438888887682
96.84194444443243
98.66383333332136
96.62433333332136
97.20749999998804
96.6929444444325
97.36983333332134
95.91055555554362
96.64627777776585
97.88888888887693
95.64355555554364
97.16261111109914
97.46355555554359
96.91772222221027
96.7346111110991
98.19355555554365
96.8762222222103
97.07883333332147
96.64394444443252
96.19333333332145
95.78666666665481
97.04066666665472
96.25305555554363
96.67905555554368
96.16488888887703
96.23205555554368
95.69238888887699
95.90666666665476
95.15683333332142
94.10083333332146
95.14861111109917
94.93027777776582
96.28527777776587
93.95777777776586
95.15416666665477
94.9587777777659
95.23038888887703
92.82638888887703
95.39188888887708
94.27177777776589
92.25983333332147
95.32705555554368
93.15311111109928
94.63661111109926
94.2954444444326
93.61688888887703
93.20483333332147
94.35111111109926
94.44816666665479
94.14783333332143
93.56716666665481
94.94361111109924
94.70661111109932
94.34727777776594
94.50438888887703
93.72655555554373
94.11877777776597
94.41394444443266
92.77722222221034
93.53338888887708
94.33849999998822
92.89805555554375
92.3314999999882
93.99222222221042
93.33144444443265
93.27255555554376
93.47199999998828
93.55377777776606
92.34666666665485
92.42322222221044
93.56483333332153
93.31211111109936
92.58361111109932
91.35177777776605
92.40361111109934
91.92222222221044
92.37916666665487
91.67749999998821
93.29894444443265
92.17972222221046
93.03861111109933
91.7801111110994
91.30511111109935
91.09844444443273
91.95088888887715
91.09299999998818
92.34305555554387
91.35177777776599
93.00577777776601
91.64333333332155
91.67061111109939
91.36561111109935
90.92955555554381
91.58944444443271
92.09622222221053
90.04955555554388
92.7089444444328
92.53088888887716
92.92822222221047
91.77116666665496
91.85311111109947
92.42938888887723
91.90988888887719
91.94727777776613
90.97577777776617
91.93616666665498
91.35383333332165
91.20188888887722
91.85638888887718
92.37088888887719
92.40427777776611
91.44472222221056
90.78561111109941
91.94088888887725
91.11266666665502
90.87433333332169
89.9977222222106
90.22344444443277
90.05933333332166
91.83988888887721
90.12616666665501
90.19044444443281
90.16683333332168
91.48844444443284
88.28544444443277
90.92394444443278
89.7912222222106
89.8499999999884
89.62944444443286
92.05566666665504
88.91055555554391
89.7878888888772
90.88988888887727
90.46033333332169
90.2780555555439
88.77761111109947
89.98561111109949
89.02538888887726
88.46433333332172
88.20272222221055
89.1615555555439
89.27216666665504
88.35666666665495
88.27716666665505
89.43744444443283
89.38994444443281
88.25899999998836
88.43449999998836
88.77861111109947
89.17283333332163
89.15994444443282
88.51527777776614
87.49516666665508
89.84022222221057
90.45927777776618
90.67111111109948
87.85238888887727
89.7707777777661
90.47405555554396
88.95022222221061
88.4299444444328
89.54377777776611
89.5042777777661
88.52005555554389
87.59655555554392
89.68094444443278
89.30088888887722
88.57622222221056
88.93566666665502
89.51472222221057
90.74816666665504
88.5769999999884
89.16155555554398
90.2788333333217
90.8491111110995
90.1112777777661
89.36338888887727
90.03755555554395
90.26649999998843
87.66883333332171
87.91411111109949
88.7768888888773
88.24916666665504
86.47411111109946
87.98161111109947
88.45255555554395
88.30344444443281
87.84999999998834
86.42861111109946
87.67911111109946
89.39922222221062
86.94211111109945
88.51461111109947
88.19511111109951
88.51149999998839
86.91611111109945
88.10366666665502
87.62511111109944
87.54394444443282
87.41316666665504
88.85516666665507
86.60733333332172
89.44894444443287
86.58288888887736
89.12649999998841
86.49938888887735
89.08894444443288
87.1487222222107
87.67316666665508
86.76944444443285
86.21038888887735
86.53955555554397
86.84283333332172
87.78994444443283
86.58494444443289
88.50544444443284
88.9286666666551
88.02894444443287
87.07783333332173
88.11633333332178
87.5914444444329
88.04683333332183
86.63422222221064
88.28061111109953
87.14422222221071
86.41822222221063
87.05411111109956
85.47316666665508
86.32127777776621
86.94805555554396
87.39338888887727
85.2863888888773
87.43811111109953
86.07283333332171
86.24483333332174
84.80355555554397
87.46316666665506
85.86938888887732
86.49777777776619
86.05472222221064
88.01405555554396
85.60066666665506
85.8470555555439
85.90777777776611
86.88561111109942
86.34077777776609
85.8909444444328
86.83244444443277
86.76611111109946
86.6800555555439
86.81688888887723
87.4154444444328
86.29116666665504
86.78422222221062
86.37488888887728
86.56783333332173
85.90133333332173
86.1983888888773
86.2553333333217
86.13411111109949
86.02699999998839
86.50749999998838
85.28177777776615
86.45511111109943
86.64544444443278
85.5138888888772
86.85649999998834
85.57983333332166
86.07461111109944
83.74077777776613
85.58633333332162
85.08761111109936
86.17405555554386
85.10883333332168
85.18705555554388
85.73983333332167
85.33627777776616
84.87005555554391
86.71838888887726
85.34022222221066
85.91883333332167
85.20099999998833
86.06405555554394
85.31999999998834
85.27633333332167
83.78755555554393
84.91638888887726
85.29933333332168
85.08488888887724
84.16311111109947
83.47649999998838
83.84805555554394
84.65494444443283
84.42294444443289
83.91677777776624
82.95477777776622
84.68677777776618
84.1427777777662
85.54405555554399
84.59927777776622
85.48027777776622
84.59911111109952
84.43666666665511
84.8159999999884
85.11316666665512
84.73155555554399
85.38105555554398
85.1274444444329
84.49122222221065
85.46183333332178
84.925055555544
85.7178888888774
85.7046111110996
84.7687222222107
85.35938888887736
85.45338888887737
84.88188888887738
85.0162222222107
84.80155555554403
84.31761111109957
85.94183333332177
85.10422222221071
84.02494444443288
85.40788888887727
85.42122222221063
85.59666666665511
84.19205555554396
84.91433333332174
85.88938888887725
84.15499999998838
83.52738888887728
83.35855555554394
84.57861111109946
84.1743888888773
83.98833333332175
84.32599999998838
84.48016666665501
84.04988888887722
83.65988888887725
84.49538888887724
84.20338888887721
84.01588888887724
83.17783333332171
84.07399999998833
83.83044444443277
84.26572222221058
83.98655555554389
84.33833333332163
83.69583333332164
83.72711111109949
84.19922222221057
83.91283333332169
83.21755555554388
83.29011111109945
83.6603333333217
83.84377777776616
83.8449999999884
82.82588888887726
83.20483333332174
83.36583333332173
82.60661111109953
85.12894444443286
83.89266666665505
83.72566666665504
83.94911111109953
84.52277777776618
83.738055555544
83.91638888887728
83.83211111109945
84.39511111109952
82.87966666665511
84.25594444443284
84.8509999999884
84.35938888887736
83.40027777776618
83.74772222221064
83.49927777776612
84.58638888887727
82.77938888887722
82.53288888887727
83.18477777776616
84.34788888887725
83.52177777776613
83.46722222221055
84.15916666665505
83.77088888887725
83.89305555554394
83.24666666665509
83.33816666665507
84.43011111109958
83.54527777776619
82.57283333332171
83.44166666665508
83.48338888887736
82.21161111109953
81.84827777776619
83.92177777776622
83.4488333333218
81.7711666666551
82.27088888887732
83.61411111109953
84.00127777776622
81.71644444443287
82.4889444444329
84.48033333332174
83.4437777777662
83.43383333332179
82.7371666666551
84.13794444443288
84.47094444443289
83.16311111109957
82.77066666665516
82.65105555554405
84.1109444444329
84.04638888887736
83.21638888887735
82.39327777776622
84.75805555554403
82.88894444443288
82.07127777776621
82.0706666666551
83.78533333332174
82.2594999999884
81.55127777776622
82.64616666665506
83.633555555544
83.35261111109956
81.38872222221066
83.12172222221066
82.05538888887733
83.66438888887737
80.29727777776627
82.94938888887745
82.36544444443291
82.82349999998851
80.71661111109958
83.02399999998848
81.71266666665514
82.4574999999885
81.44877777776628
83.45844444443294
82.68611111109962
83.53899999998853
83.21966666665517
83.40366666665516
83.15611111109962
85.26927777776632
82.50399999998852
81.7739999999885
82.79983333332187
83.01988888887743
83.14816666665517
83.43833333332188
81.66438888887744
82.58433333332185
83.03305555554411
82.07911111109966
82.5221111110997
82.79077777776634
82.35527777776636
82.47227777776634
82.67005555554411
81.412333333322
82.72866666665522
81.64522222221079
81.67172222221079
82.16372222221081
83.28033333332198
81.01505555554415
82.57383333332197
82.36511111109976
82.97572222221085
81.25161111109972
82.81527777776643
82.89511111109978
82.10038888887753
81.32049999998863
83.82605555554414
82.6928888888775
83.0339999999886
81.55516666665528
83.46138888887752
82.60033333332198
82.47022222221086
81.64016666665528
83.15999999998863
81.73944444443303
83.06194444443304
82.19083333332189
81.34505555554415
81.66311111109965
82.73955555554414
80.73744444443297
81.7297222222108
81.60972222221079
81.60688888887745
80.3567777777663
81.43788888887742
81.38183333332186
80.93794444443297
80.64961111109965
81.13094444443297
81.30977777776629
80.63566666665517
81.05744444443292
81.0222777777663
80.69588888887739
81.75138888887739
80.11961111109953
81.93094444443292
80.92255555554402
80.01644444443286
79.70611111109956
80.65144444443294
79.6347777777663
79.95249999998858
80.27733333332182
80.09599999998852
79.53111111109963
80.32438888887741
80.78444444443292
80.11955555554407
80.09566666665519
80.85316666665518
80.04705555554409
80.9022777777663
79.8798888888774
79.74155555554405
79.37599999998858
81.25888888887742
80.18388888887742
79.50844444443294
79.2697222222107
80.26083333332187
80.52727777776632
80.11949999998852
80.0136666666552
80.81883333332185
80.42644444443297
80.73083333332185
80.87788888887742
80.14794444443291
80.98927777776629
81.30922222221076
79.33861111109962
81.57683333332183
81.03949999998852
80.31433333332187
79.01772222221075
81.697944444433
80.24061111109964
79.95527777776633
79.14227777776634
81.92794444443302
80.31388888887744
79.64338888887738
79.82516666665514
81.71938888887742
80.37494444443301
79.29261111109965
79.25383333332185
80.2118888888774
79.15899999998854
78.44111111109966
78.74233333332182
80.75999999998854
79.52977777776633
77.90894444443296
79.83499999998853
81.1767222222108
80.58049999998848
78.53549999998849
79.6812777777663
80.51855555554405
80.555944444433
78.99105555554411
80.32588888887742
80.06466666665524
79.69299999998853
79.18383333332184
77.80194444443295
79.3565555555441
79.34111111109966
78.353944444433
78.03472222221079
78.81727777776634
78.27111111109967
78.0074999999886
77.19916666665523
77.81922222221083
77.80044444443303
77.70611111109969
77.44155555554411
78.16544444443304
78.76855555554411
78.0143333333219
76.82849999998855
78.62855555554408
78.3863333333219
77.29733333332192
77.69633333332193
78.33555555554415
78.63922222221076
78.87927777776633
78.13516666665524
78.18538888887741
78.5715555555441
78.62461111109965
77.84672222221072
78.23333333332182
78.75255555554408
79.06199999998852
77.82261111109966
78.73583333332189
79.19944444443297
78.70188888887735
78.08716666665518
79.64888888887742
79.54905555554406
78.6057777777663
77.73761111109965
80.1705555555441
79.25027777776634
78.83177777776636
77.5378888888775
81.08327777776638
79.05144444443309
78.87716666665526
77.23572222221087
81.40988888887755
79.74011111109971
78.98794444443311
77.53711111109978
80.00883333332197
78.89549999998863
78.55766666665535
77.76383333332203
79.70777777776642
80.06988888887756
78.76627777776645
77.4669444444331
79.5431666666553
79.32461111109974
77.56149999998864
79.29894444443309
79.07161111109973
79.47422222221087
78.88661111109971
79.28422222221084
78.39294444443304
78.88449999998862
78.11388888887748
78.14788888887752
78.27722222221085
78.17566666665529
78.48083333332191
78.95427777776642
78.14138888887749
78.06972222221087
77.6171111110997
78.92694444443302
77.32733333332195
78.9152777777664
77.30788888887749
78.94577777776642
76.88477777776642
77.44055555554418
77.24522222221084
78.9954444444331
78.56705555554417
77.61799999998865
78.05111111109976
78.47583333332202
77.89838888887755
78.03983333332201
77.70833333332197
77.51805555554422
77.65694444443311
77.12977777776642
78.493333333322
76.44399999998866
77.50705555554421
77.80355555554422
77.00049999998865
76.24288888887752
77.41544444443308
76.66966666665529
77.19611111109974
77.0010555555442
77.3755555555442
76.96461111109979
77.11377777776642
77.41666666665533
77.42522222221089
76.21249999998865



The list of best values average 

131.40299999998768
180.4879999999878
160.57799999998775
161.42899999998772
187.3339999999877
154.04699999998766
198.8429999999878
164.55099999998774
166.8969999999878
192.51199999998764
152.51299999998767
209.34399999998766
158.63999999998768
167.22999999998777
182.94599999998772
156.7649999999876
200.58799999998774
168.61999999998767
182.15199999998768
179.87299999998774
161.50899999998762
191.88399999998762
166.3169999999878
181.57499999998763
174.27899999998772
166.76099999998766
179.39099999998763
166.03499999998772
170.51299999998764
169.20699999998766
168.19199999998773
169.90999999998772
167.35299999998762
167.01399999998756
167.37899999998768
161.03399999998769
163.0469999999877
162.72199999998762
160.35599999998757
155.87699999998765
163.07199999998772
154.1909999999876
159.19799999998764
159.42099999998774
157.3169999999878
158.8809999999877
152.1829999999877
155.62499999998764
154.20299999998775
151.68299999998771
150.77099999998757
149.5339999999876
151.94899999998754
151.69599999998755
145.16099999998758
145.75899999998765
146.27199999998766
148.13099999998764
146.63299999998762
147.21599999998764
145.5829999999876
145.5379999999876
143.9039999999877
142.57599999998766
139.08299999998763
143.1939999999876
143.5299999999874
141.10799999998773
141.49399999998744
140.1489999999876
138.50099999998758
137.16499999998766
137.7779999999877
134.78199999998742
137.23499999998762
134.00799999998767
137.47799999998753
138.73099999998755
133.29999999998768
135.88199999998764
133.5979999999877
129.33499999998767
133.0059999999875
131.19899999998768
131.10199999998764
131.75999999998754
132.40499999998767
127.21499999998744
126.90699999998752
129.8219999999876
124.64699999998749
125.65099999998769
128.40599999998724
124.94499999998767
125.92199999998743
130.53099999998742
121.25499999998758
123.92599999998741
121.19999999998754
121.10899999998739
121.9819999999876
122.39599999998774
121.29299999998739
119.86399999998743
124.16199999998759
120.70999999998745
125.00299999998757
119.61199999998748
117.01899999998744
118.65999999998742
117.40799999998751
117.50599999998764
118.02299999998758
116.89399999998741
117.70999999998733
114.81399999998744
113.20299999998747
116.95999999998753
111.27099999998731
111.37799999998737
114.53199999998749
116.97299999998722
117.03099999998743
113.15499999998745
108.83899999998746
111.71199999998747
112.41799999998747
114.71799999998747
110.65999999998748
108.97999999998743
110.63299999998742
110.48199999998737
108.66699999998752
107.58499999998735
109.82699999998752
108.73899999998729
108.06299999998743
107.09099999998736
106.9999999999873
107.92899999998737
108.36199999998738
107.4849999999873
105.31999999998747
103.22999999998736
104.75899999998727
102.71299999998737
101.7029999999873
104.24399999998735
100.94999999998771
102.98699999998736
102.26699999998738
104.6309999999872
101.84799999998737
101.91299999998742
99.66199999998732
105.74599999998738
102.55799999998732
104.67999999998744
101.59499999998741
101.67599999998735
101.0989999999873
99.24799999998736
100.75499999998735
97.90099999998755
99.40499999998728
102.89699999998734
97.4969999999874
100.51999999998736
96.77299999998748
98.36499999998736
98.48999999998729
97.67299999998728
96.11199999998742
94.67699999998752
97.15299999998737
95.96399999998744
97.2609999999875
94.53699999998724
97.07799999998741
93.88699999998715
95.43899999998737
92.20599999998751
96.00399999998737
94.4339999999874
92.57499999998734
92.64499999998723
94.54799999998751
92.70599999998734
94.25599999998731
89.83599999998751
93.53699999998716
91.5659999999872
90.21199999998737
92.93699999998718
92.6569999999873
86.84199999998722
89.13699999998735
92.02599999998714
89.21799999998724
90.97199999998723
90.09699999998746
88.19799999998742
91.20599999998736
86.82599999998727
88.34499999998748
89.77599999998732
88.97899999998741
84.22499999998735
90.37999999998735
89.30399999998714
86.87599999998744
86.11099999998744
88.86899999998742
84.47499999998742
86.48399999998735
87.87699999998755
85.27199999998746
87.78499999998753
86.95799999998698
85.76299999998744
86.08399999998737
86.59899999998733
87.58799999998755
86.5299999999872
84.58099999998768
84.76599999998713
86.62899999998774
84.87999999998726
83.84799999998728
84.14499999998706
83.33099999998731
81.59799999998756
81.4699999999877
82.88799999998774
82.8909999999873
78.60999999998737
83.14199999998736
80.81499999998721
82.2639999999871
80.97499999998733
80.42699999998723
82.39399999998712
82.34399999998735
81.96399999998712
78.96899999998759
80.63799999998717
78.88199999998734
81.45799999998744
80.81799999998748
80.3949999999873
82.45399999998736
81.69999999998751
79.54899999998725
81.03299999998762
77.33699999998734
80.53599999998755
79.49099999998727
81.89199999998768
77.7879999999875
79.59599999998728
78.93799999998748
78.10699999998718
77.18499999998775
76.58299999998715
77.37799999998727
76.86899999998765
75.6719999999873
79.07299999998766
75.56999999998725
75.5389999999873
76.99299999998736
77.83999999998737
76.87399999998759
76.60999999998752
76.71099999998756
73.58799999998715
74.94999999998755
73.31299999998755
74.9489999999872
75.4499999999874
73.27399999998754
74.87499999998744
74.80999999998737
71.88799999998741
72.52799999998699
72.93499999998767
74.6479999999874
74.88599999998723
76.08499999998737
75.53199999998722
73.33299999998727
75.30399999998724
75.42099999998737
73.01999999998725
72.4049999999875
72.09299999998747
72.10899999998743
70.98399999998739
72.60999999998744
73.62899999998761
73.3649999999875
74.61599999998748
71.77799999998763
72.44199999998735
70.88599999998758
71.8869999999873
74.36499999998767
70.37499999998758
73.13199999998737
72.81499999998711
71.86699999998753
72.92599999998754
72.5899999999875
71.65299999998722
71.90899999998739
73.4279999999873
73.29799999998721
72.59399999998737
70.28399999998696
70.9359999999876
69.2489999999874
70.69899999998744
70.34899999998747
69.5869999999872
68.35599999998755
69.07499999998736
70.2119999999874
69.30899999998773
67.66399999998748
70.58999999998754
69.13899999998755
68.87899999998758
69.18299999998779
68.36599999998742
68.64599999998715
71.41899999998752
67.52899999998745
67.58299999998756
68.63499999998737
67.05499999998788
68.42999999998727
67.66299999998743
68.36299999998752
68.84699999998787
69.90399999998752
67.05499999998736
66.22799999998766
67.1249999999875
67.4479999999875
65.35499999998736
66.82299999998766
66.13599999998783
70.97999999998737
67.45299999998772
67.92299999998717
65.98799999998768
67.17299999998774
66.5819999999876
66.17299999998734
67.04599999998726
66.81699999998749
65.88399999998751
67.23799999998747
65.39999999998757
64.90699999998787
67.79099999998745
68.01699999998758
65.53499999998793
65.88399999998788
65.57999999998736
63.53499999998782
65.91299999998775
65.83399999998744
65.13299999998749
63.59599999998771
62.32699999998775
64.46099999998756
65.3919999999873
64.96899999998759
64.45299999998777
65.00899999998786
65.76899999998771
64.35999999998782
65.48299999998767
66.1769999999875
64.11799999998763
63.84699999998761
63.98899999998757
64.13399999998752
64.21899999998784
63.54699999998793
62.909999999987846
63.508999999987545
63.346999999987524
63.15699999998767
61.81699999998757
62.27599999998776
62.33199999998744
65.18899999998781
64.81499999998792
64.39899999998775
62.40999999998777
60.84999999998786
63.58599999998804
60.67399999998771
62.49499999998782
60.9019999999876
61.61099999998787
62.89099999998771
60.86499999998762
62.46599999998761
62.011999999988035
62.262999999988004
63.83699999998781
61.176999999987736
60.71199999998812
61.0829999999875
62.645999999987964
60.66599999998766
61.70899999998788
62.56299999998797
60.6949999999879
64.36399999998757
63.82799999998757
61.80399999998811
61.80499999998726
63.57499999998819
61.14199999998774
60.14899999998817
59.465999999987396
60.67199999998782
61.16599999998753
60.6889999999879
63.69299999998784
60.292999999987785
60.49699999998786
60.805999999987804
60.696999999987995
59.60899999998774
59.521999999987614
58.47699999998747
58.7119999999882
56.037999999988216
58.306999999988086
58.61399999998748
59.981999999987906
59.83399999998767
59.60099999998788
60.37399999998759
61.351999999988145
60.49199999998754
61.9239999999881
61.05099999998774
60.82499999998752
57.73199999998826
59.73199999998815
58.928999999987916
60.50799999998826
61.47099999998782
58.144999999988165
58.54399999998732
60.1089999999879
59.397999999987725
59.32199999998802
60.722999999987756
58.715999999988085
59.022999999987725
60.747999999988075
60.17699999998835
60.282999999987375
58.391999999988
57.88199999998809
59.37399999998823
58.91799999998777
58.40099999998796
58.196999999987895
57.88399999998836
57.226999999987534
60.11199999998778
57.62899999998802
58.53399999998788
59.45799999998807
59.05799999998783
57.14299999998767
58.88199999998797
58.82499999998826
59.00899999998793
59.51999999998768
57.19399999998752
58.108999999987745
58.318999999987795
59.556999999988115
56.928999999988086
58.41699999998788
56.70699999998766
58.804999999988205
57.78699999998818
57.57699999998808
58.411999999987856
57.199999999987725
55.55799999998786
57.832999999988594
56.49799999998762
56.83699999998829
55.917999999988055
56.80099999998767
55.77599999998829
59.464999999987675
56.95499999998795
56.744999999988146
56.176999999987935
58.534999999988266
55.378999999987634
55.05799999998785
56.66899999998776
55.8039999999881
56.505999999988006
57.76199999998809
57.693999999987945
56.29699999998754
58.417999999988325
57.749999999988056
57.095999999987875
57.60799999998763
55.146999999988005
56.313999999988134
57.3759999999882
56.12599999998811
55.10699999998812
56.45199999998774
57.57499999998809
56.05599999998778
56.56199999998872
57.24699999998798
55.92599999998837
56.25599999998779
54.20499999998825
57.33399999998791
55.975999999988346
55.620999999988015
54.92899999998786
55.371999999988255
54.27099999998814
54.36099999998816
53.165999999987775
51.30799999998861
53.05499999998812
55.17299999998821
56.64899999998801
54.989999999988214
55.579999999987706
54.01599999998875
56.560999999987985
56.88699999998812
54.63699999998804
53.75399999998833
57.16199999998812
56.48999999998842
55.36499999998809
55.84599999998834
54.830999999987895
56.475999999988275
55.6529999999882
55.56299999998796
56.1009999999883
55.02499999998777
56.05799999998775
54.83599999998821
54.37999999998795
54.82999999998842
54.05299999998791
54.91099999998825
54.62199999998792
53.55999999998843
54.891999999988215
54.877999999988106
55.74599999998833
55.131999999988224
53.391999999988066
53.571999999988115
53.37299999998807
55.53999999998798
53.29999999998814
54.450999999988326
54.106999999988105
54.064999999988075
54.81999999998824
54.943999999988186
52.9109999999885
54.386999999988724
55.308999999988266
55.788999999988306
54.42699999998849
55.706999999988035
55.09699999998785
54.00299999998815
53.74199999998838
54.11399999998838
53.920999999987664
52.714999999988294
51.30499999998839
53.64599999998823
53.904999999988156
53.93699999998832
54.480999999988946
54.42399999998778
54.36799999998833
52.76699999998806
54.000999999988686
54.36699999998833
55.337999999988206
54.53299999998808
53.37099999998821
52.54899999998918
54.28699999998846
54.44099999998841
53.58299999998789
53.91499999998839
55.36999999998826
51.21799999998836
53.83199999998826
52.6849999999881
53.214999999988
52.436999999988515
55.420999999988155
52.8429999999886
52.68399999998884
53.82699999998827
54.4199999999882
52.32299999998861
52.75499999998801
52.17599999998801
49.73799999998788
51.390999999988836
53.57199999998841
52.59299999998842
52.5319999999882
53.62699999998822
52.02699999998868
54.26199999998818
51.926999999988496
52.733999999988356
52.17099999998844
52.297999999988036
50.83699999998832
51.33099999998855
51.765999999988395
53.167999999988155
51.209999999987986
53.8679999999881
53.95999999998828
52.67499999998819
54.03499999998822
53.081999999988554
54.66199999998787
54.09499999998844
53.600999999988545
52.430999999988245
54.70899999998798
54.48499999998872
54.59599999998833
52.33699999998807
52.18499999998826
53.70199999998873
54.38699999998821
52.980999999988306
52.616999999988195
52.08799999998898
51.05499999998812
50.9369999999883
51.42599999998814
52.83099999998842
51.78299999998836
51.96699999998816
50.86399999998836
52.0989999999887
50.88099999998846
51.9799999999881
53.55199999998845
52.98399999998822
52.707999999988004
50.553999999988555
52.10999999998846
52.641999999988634
49.66099999998814
50.27099999998855
50.88099999998817
52.05299999998881
50.56499999998828
52.107999999988614
51.29799999998825
52.76699999998858
50.66799999998805
51.464999999988166
50.759999999987954
53.57099999998826
49.7739999999881
53.95699999998856
51.08399999998857
52.51199999998884
49.823999999987976
51.59599999998835
52.593999999988334
51.47499999998869
51.28799999998824
51.55299999998808
50.59199999998857
51.66599999998816
50.21999999998819
51.71699999998857
49.71499999998859
52.10499999998826
51.823999999988736
52.66599999998798
51.77299999998854
49.542999999988446
51.41499999998847
50.167999999988275
52.234999999988254
50.11299999998858
52.78399999998834
52.42799999998836
52.637999999988246
51.38999999998843
51.468999999988434
53.05399999998814
50.95799999998869
51.205999999988364
52.15299999998893
51.47299999998774
50.92499999998825
50.47099999998815
50.08699999998861
52.030999999988076
50.65999999998816
51.30299999998853
50.03199999998875
52.323999999987834
50.92499999998832
52.30399999998846
50.44699999998889
50.320999999987954
50.912999999988315
51.24099999998837
51.20299999998835
52.499999999988454
53.249999999988226
51.82299999998842
52.248999999988406
52.80699999998813
52.80499999998799
51.20899999998811
52.96399999998852
51.41299999998859
52.0049999999882
52.47499999998827
49.24099999998829
50.060999999988425
49.97099999998848
51.410999999988654
51.46199999998781
52.15399999998867
51.10299999998823
50.252999999988965
51.16399999998826
50.40399999998832
51.3019999999885
50.302999999988444
51.65799999998771
51.67199999998841
50.376999999988016
50.63299999998844
50.510999999988286
51.899999999988495
49.31099999998819
51.34999999998789
50.75699999998829
50.721999999988235
51.07699999998789
51.21399999998786
51.386999999988774
50.22899999998836
50.596999999987894
52.7559999999883
50.367999999988655
50.37199999998834
50.68799999998843
50.796999999988344
49.22899999998836
51.08699999998868
49.91399999998768
49.6439999999881
50.64899999998823
50.06599999998835
49.503999999988224
49.796999999988635
49.51199999998846
48.96499999998843
50.96199999998797
51.68899999998826
49.46699999998835
50.3509999999885
50.049999999988664
49.65699999998833
50.272999999988635
49.99299999998839
49.20799999998859
49.70299999998847
49.72099999998862
49.73799999998816
49.35599999998801
50.571999999988456
50.17399999998791
50.812999999988634
51.647999999988144
51.62099999998812
50.43899999998833
50.89299999998817
50.767999999988625
49.98799999998778
50.482999999988536
50.79499999998851
51.50599999998893
50.80699999998837
51.61199999998812
51.1909999999883
51.19899999998843
50.40399999998815
51.32099999998821
49.68199999998846
50.95899999998844
50.08799999998851
50.21999999998873
51.28999999998793
50.28199999998829
48.581999999988696
51.748999999988264
50.56199999998838
50.38699999998797
51.09399999998875
51.135999999988506
51.06199999998806
50.20299999998814
49.075999999988454
50.300999999988
51.13499999998836
50.75299999998869
50.28899999998827
50.28399999998852
49.982999999988536
50.3479999999883
50.56199999998835
51.18199999998804
50.74199999998822
51.16399999998833
51.83499999998819
50.41999999998819
50.22399999998817
50.22699999998829
51.62199999998827
51.612999999988354
50.51999999998803
48.887999999988914
49.0269999999882
49.930999999988494
49.468999999988775
51.884999999988125
48.98799999998832
50.84199999998857
50.081999999988255
51.75899999998777
47.90499999998834
47.8429999999884
50.03399999998829
50.708999999987874
48.42399999998866
47.461999999988386
51.075999999987864
50.06499999998801
48.80799999998873
47.89199999998834
49.78199999998829
50.400999999988464
49.21199999998879
47.71799999998848
49.4799999999881
48.89399999998824
48.88299999998851
50.49899999998858
50.75399999998801
49.39999999998863
49.94199999998848
50.02899999998823
49.849999999988306
49.05799999998782
49.31999999998889
51.0499999999886
50.41199999998878
49.059999999988044
49.51499999998852
49.7479999999885
50.99199999998839
51.643999999988196
50.54399999998861
50.552999999988366
50.660999999988
50.50499999998908
48.95799999998856
47.88799999998819
49.994999999987954
49.72199999998914
48.232999999988394
49.783999999988474
50.92199999998847
49.994999999988785
49.85299999998874
48.729999999988415
48.95699999998853
49.83099999998829
49.031999999988514
46.957999999988694
48.90399999998867
50.17599999998893
48.78999999998825
46.9159999999885
48.59299999998848
49.357999999988465
49.246999999988624
48.72299999998828
48.42699999998858
50.48299999998904
51.531999999988464
48.496999999988304
48.55699999998828
49.87699999998879
50.105999999988505
48.01799999998832
49.538999999988555
50.2419999999884
51.210999999988466
49.15199999998811
50.679999999988674
48.036999999988495
49.729999999988415
48.742999999988534
49.158999999988836
50.43999999998875
49.79199999998792
49.381999999988615
49.50699999998869
49.25499999998899
50.05899999998849
48.72099999998901
47.573999999988196
49.661999999988765
49.07399999998858
49.05999999998832
50.6699999999882
48.82399999998853
49.632999999988684
50.72199999998857
48.15799999998861
48.40499999998822
49.62799999998868
49.07199999998919
49.552999999988636
50.44899999998856
48.47099999998842
50.13999999998845
48.92799999998872
49.50099999998861
50.232999999988685
52.67399999998841
48.85799999998865
50.93299999998843
50.1099999999889
50.75199999998839
48.70899999998823
50.54699999998851
49.73799999998895
48.13199999998802
44.65899999998877
49.07099999998832
48.665999999989054
49.44599999998788
47.4679999999887
49.069999999988326
50.109999999989135
48.17299999998796
48.64599999998916
49.195999999988445
48.90599999998895
49.070999999988125
47.975999999988815
48.24399999998875
48.281999999989175
50.96399999998816
50.71099999998842
49.96499999998851
50.35899999998915
49.48799999998817
49.07899999998836
49.21199999998899
49.674999999989176
49.37699999998785
49.76999999998807
49.807999999988844
48.35399999998893
48.744999999988316
48.39199999998864
49.897999999988706
48.5689999999884
48.751999999988655
47.67099999998843
49.088999999988594
49.01899999998851
47.805999999988444
47.81899999998822
49.840999999988234
48.91799999998839
49.19899999998857
49.88199999998875
49.88799999998848
49.32099999998839
50.609999999988226
49.51099999998863
50.1159999999883
49.123999999988364
51.354999999988344
48.91499999998861
51.179999999988425
49.42199999998862
50.169999999988136
48.315999999988186
50.884999999988985
50.786999999988986
49.58799999998794
49.183999999988934
49.05899999998818
49.71599999998891
49.82399999998817
48.57199999998885
50.75299999998847
49.95099999998902
50.10999999998833
50.2339999999885
49.69599999998838
50.316999999989115
49.41499999998836
48.633999999988546
49.61499999998847
49.08099999998857
47.721999999988626
47.089999999988464
48.611999999988065
47.934999999988904
47.68299999998867
47.09499999998831
50.14299999998809
48.261999999988944
47.30699999998873
47.70299999998815
50.61599999998845
47.47699999998843
48.58699999998836
46.596999999988526
48.283999999988595
48.42499999998835
48.68799999998892
46.994999999987805
48.98199999998866
47.94199999998847
47.72199999998892
47.321999999988144
47.96899999998831
48.20599999998865
46.37699999998897
47.20699999998794
47.80699999998844
46.5099999999884
47.94599999998862
47.064999999988274
46.62899999998816
47.22099999998866
46.4439999999886
46.29799999998814
49.69399999998832
47.65499999998879
46.67199999998858
46.566999999988944
49.15899999998874
47.060999999988496
46.35799999998846
46.30599999998893
48.13399999998886
46.54499999998809
46.3419999999889
45.96199999998841
47.09599999998908
48.14099999998887
46.67099999998895
45.65399999998814
46.91999999998845
46.76399999998825
46.024999999988914
46.9159999999884
48.127999999988766
48.34399999998795
47.01199999998839
47.34599999998852
48.59099999998869
47.94199999998811
47.55299999998842
46.891999999988556
47.57899999998888
48.49999999998874
47.87799999998815
46.99999999998842
48.22299999998835
48.14799999998874
47.66199999998808
46.10699999998833
49.48599999998899
47.157999999988945
45.91699999998795
44.79799999998856
48.83799999998856
47.12699999998853
46.65299999998803
45.49099999998903
49.4269999999886
47.72399999998865
46.75599999998833
46.6589999999888
49.01599999998866
48.34399999998903
48.6079999999886
48.89799999998864
50.272999999988464
49.30799999998896
46.771999999988246
49.09499999998843
48.60299999998869
49.16099999998898
46.77299999998843
47.46699999998834
49.152999999988765
49.2239999999886
46.03899999998827
47.07399999998835
48.06699999998845
48.275999999988635
45.00499999998851
46.99399999998856
46.54599999998866
48.61499999998877
46.61099999998843
46.84499999998857
46.6369999999885
48.54199999998867
47.149999999988836
45.82799999998867
47.66699999998834
48.34099999998881
47.35699999998801
48.535999999988256
46.442999999988324
49.125999999988345
47.034999999988486
49.14299999998894
47.06899999998897
48.11799999998869
46.869999999988266
48.0119999999888
46.54799999998847
47.93499999998839
46.28899999998889
46.69799999998858
46.516999999988414
47.36599999998867
46.198999999988786
46.19599999998835
46.188999999988845
47.236999999988605
46.40599999998882
44.91199999998864
45.86499999998867
47.5349999999887
44.59799999998861
44.55699999998874
45.73999999998891
47.397999999988656
43.688999999988695
45.108999999988484
45.93899999998896
47.52799999998831
43.73999999998889
44.60599999998872
45.395999999988554
47.12799999998868
