----------Report of simulation of Quantum Population Annealing-----------
The number of considered Spin 36
The considered Annealing Duration 360
The considered Annealing Number 100
The considered T 1.0
The considered Gamma0 1.0
The considered Number Of Replica 3
The considered Number Of System 6
The solution found [-1.  1.  1. -1.  1. -1.  1. -1.  1. -1.  1. -1. -1.  1.  1. -1. -1.  1.
  1. -1. -1.  1.  1. -1. -1.  1.  1. -1. -1.  1.  1. -1. -1.  1.  1. -1.]
The value found -61.80000000000022
The Success probability is 0.0
The average value is -61.80000000000008
The total execution time is 254.77952885627747
The average time for execution is 2.547793550491333
The average time for all systems update is 0.007048128187656402
The average time for system update is 0.0011642105954664725
The average time for replica update is 0.000387758865032667
The average time for spin update is 1.0537352172762606e-05
The list of values found 

-61.799999999999905
-61.80000000000009
-61.80000000000022
-61.799999999999976
-61.80000000000002
-61.80000000000014
-61.80000000000003
-61.799999999999926
-61.80000000000003
-61.800000000000004
-61.79999999999991
-61.800000000000026
-61.799999999999905
-61.799999999999955
-61.799999999999976
-61.800000000000004
-61.80000000000005
-61.79999999999992
-61.79999999999995
-61.79999999999994
-61.80000000000012
-61.80000000000008
-61.80000000000001
-61.79999999999999
-61.800000000000004
-61.799999999999905
-61.80000000000004
-61.80000000000005
-61.800000000000125
-61.800000000000004
-61.79999999999995
-61.80000000000003
-61.800000000000004
-61.800000000000075
-61.80000000000007
-61.799999999999976
-61.80000000000002
-61.800000000000146
-61.79999999999994
-61.79999999999989
-61.799999999999976
-61.80000000000003
-61.80000000000006
-61.80000000000003
-61.80000000000002
-61.79999999999993
-61.79999999999998
-61.79999999999992
-61.79999999999996
-61.800000000000026
-61.800000000000004
-61.79999999999995
-61.800000000000026
-61.80000000000003
-61.80000000000003
-61.800000000000026
-61.79999999999991
-61.8
-61.79999999999991
-61.80000000000007
-61.80000000000009
-61.79999999999989
-61.80000000000006
-61.800000000000104
-61.799999999999905
-61.79999999999995
-61.80000000000019
-61.80000000000002
-61.80000000000005
-61.79999999999996
-61.800000000000004
-61.79999999999995
-61.80000000000002
-61.79999999999998
-61.800000000000004
-61.79999999999991
-61.80000000000002
-61.79999999999987
-61.80000000000009
-61.80000000000003
-61.800000000000104
-61.800000000000054
-61.79999999999993
-61.80000000000005
-61.800000000000004
-61.799999999999976
-61.79999999999995
-61.79999999999999
-61.79999999999993
-61.800000000000054
-61.800000000000004
-61.80000000000004
-61.79999999999996
-61.8000000000001
-61.80000000000001
-61.799999999999876
-61.799999999999905
-61.800000000000075
-61.799999999999926
-61.79999999999996



The list of values first execution 

-30.099999999999984
-26.011111111111102
-31.694444444444425
-28.694444444444432
-28.094444444444427
-30.361111111111093
-30.172222222222203
-28.81666666666665
-26.09999999999998
-31.772222222222208
-31.44999999999999
-31.283333333333317
-35.93333333333331
-32.18333333333332
-33.61666666666666
-30.999999999999986
-40.58333333333333
-32.338888888888874
-36.116666666666646
-36.94999999999999
-33.46111111111111
-33.27222222222222
-34.82222222222222
-37.07777777777776
-32.366666666666646
-34.72222222222221
-35.144444444444424
-35.80555555555555
-36.844444444444434
-32.222222222222214
-34.09999999999998
-33.216666666666654
-35.961111111111094
-35.561111111111096
-33.20555555555555
-29.549999999999986
-34.30555555555555
-34.73333333333333
-36.844444444444434
-35.638888888888886
-35.93888888888888
-33.57777777777777
-34.33333333333333
-34.894444444444424
-30.144444444444428
-35.92222222222222
-35.05
-37.03333333333332
-32.2611111111111
-37.31666666666665
-35.97222222222221
-39.19444444444442
-38.177777777777756
-38.62777777777775
-42.08333333333331
-37.111111111111086
-37.04444444444443
-36.55555555555554
-34.18888888888887
-38.32777777777776
-35.78888888888886
-36.03888888888886
-34.555555555555536
-40.116666666666646
-37.44999999999997
-37.94444444444441
-33.92222222222219
-37.58888888888887
-39.005555555555524
-36.477777777777746
-41.883333333333304
-37.033333333333296
-37.966666666666626
-39.64999999999997
-38.99999999999997
-42.11666666666664
-38.966666666666626
-40.14999999999996
-40.999999999999964
-40.00555555555552
-40.21111111111108
-38.95555555555552
-41.88888888888886
-43.105555555555526
-37.66111111111109
-39.83888888888887
-44.383333333333304
-40.39999999999997
-41.48888888888886
-40.63333333333331
-40.58888888888886
-43.99444444444442
-39.80555555555553
-37.922222222222196
-40.388888888888864
-39.12777777777776
-38.66666666666664
-39.88333333333331
-41.00555555555553
-44.3722222222222
-38.488888888888866
-41.52222222222221
-39.30555555555554
-41.71666666666665
-40.66666666666666
-42.26666666666665
-44.03333333333332
-41.66111111111109
-44.6222222222222
-41.29999999999998
-39.99999999999999
-46.9611111111111
-45.844444444444434
-44.816666666666656
-41.86111111111109
-42.65555555555553
-40.22777777777777
-47.08888888888887
-43.79444444444444
-43.905555555555544
-41.78888888888886
-43.51666666666666
-42.59444444444444
-41.1111111111111
-43.7611111111111
-43.52222222222221
-43.69444444444443
-44.73333333333331
-45.18333333333331
-46.783333333333324
-44.77222222222221
-42.56111111111109
-43.999999999999964
-41.68333333333331
-45.94999999999997
-44.01666666666663
-45.06111111111108
-47.96666666666663
-47.15555555555554
-48.0222222222222
-45.855555555555526
-44.605555555555526
-45.65555555555553
-45.94999999999996
-46.36666666666664
-47.21111111111109
-46.22222222222219
-44.58888888888885
-49.93333333333331
-46.261111111111084
-45.927777777777735
-46.13888888888885
-48.19444444444439
-43.272222222222176
-48.444444444444414
-48.88888888888885
-47.33333333333329
-44.91111111111106
-47.59999999999996
-46.38888888888885
-49.905555555555516
-45.622222222222184
-47.733333333333285
-49.82222222222218
-48.75555555555552
-46.283333333333296
-46.32222222222218
-45.37777777777773
-46.705555555555506
-49.027777777777736
-50.3944444444444
-46.86111111111107
-49.62222222222218
-47.32777777777775
-49.1833333333333
-49.149999999999956
-51.07777777777774
-49.8833333333333
-51.5944444444444
-50.43333333333329
-46.69999999999995
-47.51666666666662
-46.18888888888885
-47.933333333333294
-49.8944444444444
-51.6833333333333
-49.34999999999996
-47.805555555555515
-47.27777777777773
-49.87222222222217
-49.23888888888884
-50.63333333333328
-47.36111111111106
-48.04999999999994
-48.51111111111106
-49.78333333333327
-50.92222222222216
-53.13888888888883
-48.9166666666666
-48.26111111111105
-50.255555555555496
-48.66111111111106
-48.43888888888884
-49.183333333333266
-46.77777777777773
-49.194444444444386
-49.99999999999996
-50.97222222222218
-52.138888888888836
-52.19444444444439
-52.82777777777772
-54.81666666666661
-54.28333333333329
-50.66111111111107
-51.83888888888884
-49.43888888888882
-51.472222222222165
-53.261111111111056
-51.49999999999995
-48.74999999999994
-50.172222222222175
-49.11111111111106
-51.24444444444438
-48.8666666666666
-51.74444444444438
-48.883333333333276
-53.22777777777772
-52.799999999999955
-51.29999999999993
-52.766666666666595
-52.22777777777771
-51.68333333333325
-52.399999999999935
-53.999999999999936
-51.7777777777777
-51.49999999999994
-49.927777777777706
-52.027777777777715
-53.28888888888883
-52.78333333333326
-54.066666666666606
-56.59999999999994
-54.088888888888825
-50.7166666666666
-50.744444444444376
-50.0555555555555
-51.71111111111104
-50.69999999999993
-52.94999999999992
-50.183333333333266
-50.805555555555486
-52.95555555555549
-53.68888888888882
-53.10555555555548
-54.649999999999935
-54.549999999999926
-52.38333333333327
-51.76666666666659
-50.71666666666658
-52.01666666666657
-53.52222222222215
-54.69999999999992
-53.255555555555475
-52.40555555555547
-53.227777777777696
-54.58333333333326
-53.983333333333256
-55.299999999999926
-54.62222222222215
-55.249999999999915
-53.68333333333325
-53.966666666666576
-54.761111111111035
-52.9888888888888
-55.21111111111102
-53.299999999999926
-54.79444444444436
-56.122222222222135
-55.91666666666657
-57.39444444444436
-57.69444444444436
-56.872222222222135
-57.16666666666659
-55.566666666666585
-54.65555555555548
-52.32222222222216
-57.01666666666659
-56.19999999999992
-56.58888888888882
-58.09444444444437
-57.43333333333325
-57.09999999999992
-56.261111111111035
-56.83333333333327
-55.899999999999935
-55.48888888888884
-54.00555555555549
-55.53333333333326
-55.89444444444438
-57.50555555555549
-57.16666666666658
-56.57222222222215
-56.33333333333325
-55.46111111111104
-56.12777777777771
-56.96111111111103
-57.00555555555549
-56.311111111111046
-54.67777777777771
-54.961111111111045
-55.47777777777771
-55.18888888888882
-56.68888888888882
-56.49444444444438
-55.20555555555549
-54.76666666666659
-53.927777777777706
-56.39444444444439
-57.22777777777771
-56.69999999999993
-58.09999999999992
-58.699999999999946
-55.97222222222215
-57.1666666666666
-57.95555555555549
-57.09444444444437
-57.47222222222214
-55.94999999999993
-57.549999999999926
-59.227777777777696
-60.022222222222155
-57.43333333333325
-56.40555555555548
-60.07222222222216
-59.49999999999992
-57.433333333333266
-58.04444444444438
-57.283333333333275
-58.23333333333327
-57.97222222222216
-58.00555555555549
-57.55555555555548
-56.13333333333326
-56.31111111111102
-57.18333333333323
-56.46666666666658
-56.57777777777769
-56.82222222222212
-57.1499999999999
-56.91666666666658
-56.4499999999999
-56.8888888888888
-55.68888888888879
-56.999999999999915
-55.97222222222213
-56.711111111111016
-56.616666666666575
-56.89444444444434
-59.322222222222116
-57.477777777777696



The list of best values first execution 

-48.699999999999974
-50.99999999999999
-45.19999999999998
-46.499999999999986
-37.19999999999999
-36.499999999999986
-37.79999999999998
-44.79999999999998
-44.299999999999955
-40.499999999999986
-44.29999999999997
-47.29999999999998
-50.99999999999999
-50.29999999999998
-42.399999999999956
-48.09999999999998
-51.20000000000002
-48.59999999999999
-53.59999999999999
-46.79999999999997
-44.19999999999999
-39.99999999999997
-47.699999999999996
-46.79999999999999
-48.099999999999966
-49.099999999999994
-49.69999999999999
-51.999999999999986
-45.7
-47.69999999999998
-48.299999999999976
-43.899999999999984
-44.79999999999998
-47.39999999999999
-39.39999999999999
-37.999999999999986
-45.59999999999999
-48.199999999999974
-49.099999999999994
-47.60000000000001
-51.59999999999997
-45.599999999999966
-43.900000000000006
-48.49999999999998
-47.39999999999998
-48.499999999999986
-50.1
-46.099999999999994
-42.79999999999998
-49.800000000000004
-47.59999999999999
-50.99999999999998
-51.09999999999998
-50.999999999999986
-50.89999999999997
-53.19999999999999
-52.399999999999984
-47.39999999999996
-47.39999999999998
-50.59999999999997
-50.799999999999976
-45.99999999999998
-45.59999999999995
-49.59999999999997
-51.89999999999998
-50.89999999999998
-49.89999999999995
-50.299999999999976
-50.89999999999998
-47.299999999999955
-48.599999999999994
-45.699999999999974
-44.69999999999999
-48.99999999999994
-50.89999999999997
-50.79999999999997
-57.09999999999996
-50.89999999999996
-53.59999999999998
-47.39999999999996
-52.59999999999999
-48.19999999999997
-52.199999999999974
-50.99999999999997
-45.799999999999955
-50.49999999999998
-51.09999999999998
-50.89999999999997
-47.39999999999998
-52.899999999999984
-57.69999999999997
-54.29999999999999
-50.999999999999986
-51.699999999999974
-51.09999999999997
-50.900000000000006
-50.99999999999997
-51.19999999999999
-50.900000000000006
-53.0
-51.09999999999998
-52.0
-51.99999999999997
-53.7
-52.49999999999996
-49.399999999999984
-52.69999999999995
-55.099999999999945
-57.09999999999995
-53.19999999999998
-47.50000000000003
-56.80000000000002
-55.40000000000002
-53.000000000000014
-54.299999999999976
-53.59999999999998
-54.59999999999997
-54.59999999999997
-60.80000000000002
-56.10000000000001
-51.19999999999996
-51.89999999999996
-61.39999999999997
-51.69999999999998
-55.99999999999997
-55.30000000000002
-53.79999999999998
-54.29999999999997
-54.599999999999966
-56.89999999999997
-57.79999999999999
-57.999999999999986
-57.799999999999976
-51.29999999999996
-53.29999999999998
-55.29999999999995
-55.09999999999994
-58.09999999999998
-58.59999999999997
-57.89999999999999
-54.39999999999995
-60.59999999999994
-56.899999999999984
-54.29999999999997
-54.39999999999999
-55.699999999999974
-57.79999999999999
-51.89999999999998
-60.39999999999998
-58.09999999999998
-55.59999999999998
-54.49999999999998
-56.69999999999992
-56.299999999999976
-54.39999999999993
-56.99999999999993
-54.19999999999998
-55.29999999999991
-55.49999999999997
-57.699999999999974
-61.199999999999974
-55.69999999999998
-57.79999999999997
-61.39999999999999
-58.09999999999997
-60.799999999999976
-57.89999999999997
-56.89999999999991
-53.69999999999995
-60.39999999999995
-57.89999999999996
-54.59999999999997
-57.69999999999999
-54.39999999999995
-57.09999999999995
-57.799999999999976
-58.59999999999995
-57.89999999999994
-57.699999999999974
-61.39999999999995
-54.499999999999936
-57.89999999999998
-61.399999999999984
-54.399999999999956
-61.19999999999996
-57.999999999999964
-57.999999999999964
-60.59999999999996
-54.59999999999997
-58.39999999999993
-56.29999999999992
-58.599999999999945
-53.59999999999991
-57.69999999999992
-54.499999999999915
-59.59999999999991
-61.39999999999998
-61.59999999999992
-57.6999999999999
-54.29999999999991
-57.09999999999993
-60.599999999999916
-57.89999999999996
-56.299999999999905
-60.399999999999984
-60.59999999999999
-57.899999999999956
-57.899999999999956
-61.39999999999997
-60.79999999999996
-60.59999999999992
-61.599999999999966
-61.19999999999996
-59.79999999999996
-61.59999999999999
-57.99999999999991
-58.59999999999995
-61.19999999999996
-61.39999999999997
-57.09999999999999
-58.79999999999996
-56.299999999999955
-57.899999999999935
-55.499999999999986
-58.79999999999998
-58.09999999999989
-61.39999999999989
-61.199999999999896
-59.59999999999993
-59.59999999999998
-61.59999999999993
-61.19999999999999
-61.39999999999999
-61.199999999999875
-58.59999999999988
-58.800000000000004
-57.09999999999986
-61.199999999999896
-61.3999999999999
-61.3999999999999
-58.599999999999994
-61.59999999999989
-61.59999999999989
-56.999999999999915
-56.89999999999999
-58.59999999999991
-61.39999999999991
-60.799999999999976
-61.39999999999997
-61.59999999999997
-59.59999999999988
-58.799999999999905
-60.59999999999993
-59.39999999999991
-61.399999999999935
-60.399999999999906
-61.39999999999991
-61.19999999999991
-61.399999999999885
-60.79999999999989
-58.79999999999999
-61.39999999999989
-60.59999999999999
-61.399999999999885
-61.59999999999989
-59.59999999999998
-61.3999999999999
-59.59999999999997
-58.09999999999987
-61.19999999999987
-57.99999999999998
-61.39999999999998
-60.599999999999866
-60.599999999999994
-61.19999999999987
-61.4
-61.59999999999988
-61.599999999999866
-61.39999999999987
-61.59999999999986
-61.59999999999987
-61.59999999999987
-61.60000000000001
-61.59999999999987
-59.599999999999994
-58.6
-61.19999999999986
-61.2
-61.39999999999987
-61.79999999999989
-61.60000000000001
-61.6
-61.599999999999895
-61.39999999999999
-61.59999999999987
-61.399999999999885
-61.399999999999885
-61.599999999999895
-61.39999999999989
-61.600000000000044
-61.599999999999895
-60.599999999999994
-61.399999999999885
-61.599999999999895
-61.400000000000034
-61.60000000000001
-61.59999999999989
-61.6
-61.200000000000024
-61.60000000000003
-61.400000000000034
-61.60000000000003
-61.600000000000016
-61.19999999999988
-59.00000000000002
-60.40000000000001
-61.199999999999896
-61.399999999999906
-61.599999999999895
-61.600000000000016
-61.599999999999895
-61.59999999999989
-61.399999999999885
-61.39999999999989
-61.59999999999989
-61.40000000000002
-61.39999999999987
-61.600000000000016
-61.59999999999993
-61.60000000000001
-61.59999999999987
-61.400000000000034
-61.40000000000001
-61.600000000000016
-61.600000000000016
-61.600000000000016
-61.799999999999905
-61.39999999999991
-61.39999999999991
-61.39999999999992
-61.600000000000016
-61.39999999999991
-61.39999999999988
-61.59999999999987
-61.39999999999987
-61.59999999999987
-61.39999999999988
-61.59999999999987
-61.59999999999987
-61.599999999999994
-61.599999999999966
-61.599999999999966
-61.799999999999905
-61.39999999999996
-60.39999999999995
-61.399999999999956
-61.59999999999996
-61.59999999999987
-61.19999999999995
-61.599999999999866



The list of values average 

-30.143833333333312
-25.84916666666665
-29.920555555555538
-28.58166666666666
-30.369888888888884
-30.790222222222216
-30.81083333333332
-30.70527777777776
-31.491166666666647
-31.366666666666642
-31.988611111111112
-31.5981111111111
-32.50711111111111
-32.03272222222221
-32.440555555555555
-32.263111111111115
-32.67088888888887
-32.900888888888865
-32.95644444444442
-33.10766666666665
-32.766777777777754
-33.315055555555546
-33.39933333333333
-33.77127777777777
-33.80905555555554
-33.90283333333331
-33.87927777777775
-34.25877777777775
-34.37005555555554
-34.4276111111111
-34.982944444444456
-34.73133333333331
-34.92077777777776
-34.69444444444443
-35.422611111111095
-34.78577777777775
-35.56416666666666
-35.225444444444435
-35.82872222222221
-35.75038888888888
-35.82594444444443
-36.24616666666662
-36.13605555555554
-36.48199999999999
-36.28249999999999
-36.31266666666663
-36.608499999999964
-36.628888888888866
-36.5118333333333
-36.91405555555553
-36.833499999999994
-37.48361111111108
-37.309722222222206
-37.56372222222218
-37.43827777777777
-37.67811111111108
-37.635444444444424
-37.77238888888886
-37.7747222222222
-38.49622222222223
-38.247333333333316
-38.59977777777774
-38.558499999999974
-38.7383333333333
-39.078833333333314
-38.77566666666666
-38.93016666666663
-39.03555555555554
-38.80988888888887
-38.92838888888886
-39.244722222222194
-39.140333333333324
-39.155722222222195
-39.4081111111111
-39.34866666666664
-39.648111111111085
-39.64627777777776
-39.72611111111108
-39.726222222222184
-39.9058333333333
-40.05849999999999
-40.098
-40.25311111111108
-40.71483333333331
-40.6178333333333
-40.84622222222217
-40.520111111111106
-40.80599999999999
-40.811333333333295
-40.93333333333332
-41.06177777777776
-41.09422222222221
-41.10288888888887
-41.24222222222221
-41.30455555555553
-41.667388888888865
-41.64055555555556
-42.170111111111076
-42.13222222222219
-42.35605555555553
-42.325888888888855
-42.127111111111084
-42.18194444444441
-42.747555555555536
-42.70744444444442
-42.34227777777774
-42.90988888888886
-43.00216666666663
-42.854222222222205
-42.740722222222196
-42.96277777777775
-43.364999999999945
-43.20022222222219
-43.73666666666666
-43.39638888888885
-43.94794444444441
-43.76849999999996
-43.66416666666665
-43.58911111111108
-44.360666666666646
-44.05255555555552
-43.682999999999986
-43.807666666666634
-44.13744444444441
-43.78688888888885
-44.392222222222195
-44.53899999999996
-44.70294444444441
-44.82505555555553
-44.992277777777744
-45.06266666666662
-44.9691666666666
-45.28099999999996
-45.017166666666625
-45.31544444444441
-45.34938888888886
-45.539777777777736
-45.565666666666615
-45.45583333333331
-45.77327777777776
-45.78588888888886
-45.483499999999964
-45.95327777777774
-45.993777777777744
-46.299111111111074
-46.160722222222155
-46.22361111111107
-46.39227777777772
-46.50338888888884
-46.4844444444444
-46.48516666666659
-46.69288888888885
-46.70527777777774
-46.88005555555549
-46.52022222222217
-46.653555555555506
-47.034833333333296
-47.15977777777774
-47.44694444444438
-47.14916666666661
-47.233666666666636
-46.876111111111065
-47.3935555555555
-47.58099999999993
-47.46888888888885
-47.50899999999996
-47.48838888888885
-47.56949999999995
-47.9089444444444
-47.858055555555474
-47.95899999999996
-48.2779444444444
-48.25966666666659
-48.24138888888885
-48.424055555555526
-48.38327777777773
-48.278388888888834
-48.28333333333328
-48.174999999999955
-48.439999999999955
-48.85149999999995
-49.219388888888844
-48.997999999999955
-48.8992777777777
-49.02322222222217
-48.94616666666662
-49.28138888888885
-49.29427777777773
-49.604555555555514
-49.55477777777771
-49.595055555555504
-49.81494444444437
-49.676999999999936
-49.576055555555506
-49.96399999999993
-49.84577777777772
-49.94944444444441
-50.261388888888824
-49.975333333333275
-50.29194444444438
-50.317888888888845
-50.16233333333327
-50.108944444444376
-50.4672222222222
-50.2767777777777
-50.716499999999925
-50.698444444444405
-50.78699999999997
-50.91894444444439
-50.9016111111111
-50.73388888888884
-50.93799999999997
-51.09694444444439
-50.58055555555551
-50.894555555555506
-50.91205555555551
-51.33988888888885
-51.196499999999936
-51.494277777777725
-51.46311111111104
-51.450444444444415
-51.40049999999994
-52.036111111111055
-52.01249999999997
-51.856611111111086
-51.95177777777775
-51.689388888888836
-51.91127777777771
-52.027777777777736
-51.92827777777773
-52.10133333333328
-52.22644444444439
-52.233999999999945
-52.23849999999995
-52.34927777777773
-52.45449999999993
-52.489833333333294
-52.503611111111056
-52.78161111111107
-52.571277777777716
-52.67444444444437
-52.71049999999994
-52.61783333333327
-52.48366666666661
-52.60111111111106
-52.78416666666659
-52.79072222222218
-53.08222222222219
-52.993333333333275
-52.55866666666662
-52.78349999999994
-53.28133333333327
-52.83211111111104
-53.216499999999954
-52.941722222222154
-53.376444444444395
-53.46038888888883
-53.37149999999996
-53.28544444444438
-53.38316666666661
-53.50566666666659
-53.82722222222216
-53.75888888888882
-53.86216666666661
-53.730888888888835
-53.90166666666662
-54.00161111111104
-54.028666666666595
-54.02594444444439
-54.057166666666625
-54.18572222222217
-54.26138888888881
-54.10833333333325
-54.210333333333274
-54.27672222222216
-54.17294444444438
-54.50627777777774
-54.527944444444366
-54.54766666666661
-54.707166666666616
-54.82049999999995
-54.78188888888883
-54.786666666666605
-54.83977777777772
-54.78472222222215
-54.98455555555552
-54.914611111111036
-54.83861111111106
-54.967888888888815
-55.054777777777694
-55.193722222222135
-55.21127777777772
-55.38188888888883
-55.33883333333326
-55.420222222222165
-55.10988888888884
-55.31199999999991
-55.352611111111045
-55.29055555555546
-55.34627777777771
-55.38494444444437
-55.437888888888814
-55.606111111111055
-55.76161111111103
-55.53538888888882
-55.59538888888882
-55.5518888888888
-55.41761111111104
-55.671499999999924
-55.86661111111104
-55.58533333333323
-55.94533333333327
-55.82555555555547
-55.8451666666666
-56.01461111111106
-56.127611111111015
-56.12694444444439
-56.2240555555555
-56.116888888888816
-56.09338888888882
-56.35316666666662
-56.44261111111103
-56.45494444444438
-56.54011111111103
-56.52222222222216
-56.23783333333328
-56.324388888888826
-56.61183333333325
-56.6450555555555
-56.894277777777724
-56.791444444444366
-57.02138888888885
-57.050888888888785
-56.98033333333325
-56.898444444444394
-56.87061111111099
-56.85627777777772
-57.055555555555486
-56.91277777777773
-57.041388888888825
-57.13583333333327
-56.992166666666584
-57.00727777777771
-57.14899999999994
-57.13011111111103
-57.19961111111104
-57.26972222222214
-57.42744444444437
-57.46011111111105
-57.421777777777706
-57.37116666666659
-57.37366666666661
-57.61588888888884
-57.62422222222216
-57.70422222222217
-57.86066666666659
-57.72327777777768
-57.86849999999995
-57.831333333333276
-57.81033333333325



The list of best values average 

-44.284999999999975
-41.71099999999999
-42.04399999999998
-41.006
-43.146000000000015
-43.27799999999997
-42.913
-43.54899999999999
-44.549999999999976
-44.08799999999998
-44.65999999999999
-44.41999999999998
-44.635999999999974
-45.16799999999998
-44.76799999999998
-45.34999999999999
-45.63799999999996
-45.925999999999966
-45.60399999999996
-46.07599999999998
-46.326999999999984
-46.67699999999998
-46.34599999999999
-46.281
-45.75099999999998
-46.24999999999999
-46.366999999999976
-47.22999999999998
-47.020999999999994
-47.01299999999998
-47.07299999999997
-47.748999999999974
-46.95399999999999
-47.13699999999998
-47.279999999999994
-47.238
-47.61699999999999
-48.06699999999997
-49.01
-47.872999999999976
-48.332999999999984
-48.99599999999997
-48.41099999999997
-49.07099999999998
-49.092000000000006
-48.26399999999999
-49.10899999999998
-48.697999999999986
-48.84099999999998
-49.21699999999999
-48.833999999999975
-49.17499999999999
-49.368999999999986
-49.555999999999976
-49.494999999999955
-49.72699999999997
-49.87499999999998
-49.53399999999999
-50.573999999999984
-49.81199999999998
-50.533
-50.61999999999996
-50.40499999999996
-50.73399999999997
-50.54699999999999
-50.47399999999996
-50.46699999999998
-51.101999999999975
-50.83400000000001
-51.06199999999998
-50.98599999999997
-50.67499999999994
-51.13899999999995
-50.881999999999984
-51.073999999999984
-51.116
-51.04799999999999
-51.15699999999998
-51.31699999999997
-51.077999999999996
-51.45999999999999
-51.493999999999986
-51.58899999999995
-51.78099999999999
-52.41499999999996
-51.67299999999997
-51.91499999999997
-52.12499999999995
-51.98299999999998
-51.85599999999999
-52.91499999999998
-52.510999999999974
-52.13599999999997
-52.71699999999998
-52.85599999999998
-53.03699999999999
-53.21399999999998
-53.30899999999999
-52.89899999999997
-53.25399999999998
-53.165000000000006
-53.226999999999975
-53.01099999999998
-53.61399999999998
-53.19999999999997
-53.34799999999995
-53.79099999999997
-54.29199999999997
-53.93899999999995
-53.86199999999996
-53.762999999999984
-54.23799999999998
-54.29099999999996
-54.18399999999997
-54.44999999999995
-54.43800000000001
-54.68999999999997
-54.456999999999965
-54.455000000000005
-55.001999999999995
-55.231999999999964
-54.319999999999965
-54.32299999999997
-54.637999999999934
-54.26599999999996
-54.53499999999999
-54.95199999999995
-54.991999999999955
-55.33199999999997
-55.344999999999956
-55.70399999999996
-55.116999999999976
-55.57799999999992
-55.53199999999997
-55.01799999999996
-55.60199999999999
-55.47599999999997
-56.15399999999996
-55.48299999999993
-55.97199999999999
-56.00399999999996
-55.18399999999998
-55.99499999999998
-56.31999999999996
-56.119999999999955
-56.06799999999998
-56.51999999999999
-56.34899999999994
-56.588999999999984
-56.294999999999966
-56.326999999999984
-56.45299999999998
-56.57699999999997
-56.42099999999999
-56.59399999999996
-56.52999999999999
-56.80699999999997
-56.79599999999995
-56.92499999999995
-57.17999999999994
-56.590999999999944
-56.804999999999936
-57.17199999999996
-56.83699999999996
-56.98099999999996
-57.184999999999945
-56.83599999999994
-56.984999999999964
-57.510999999999925
-57.227999999999945
-57.35599999999993
-57.641999999999946
-57.56399999999995
-57.57999999999994
-57.76699999999995
-57.64699999999994
-57.95299999999994
-57.54399999999997
-57.691999999999986
-57.39099999999994
-58.09599999999997
-58.27799999999996
-58.03099999999998
-57.72699999999994
-58.14199999999995
-57.88499999999996
-58.46899999999996
-58.375999999999934
-58.52899999999995
-58.30799999999994
-58.30599999999995
-58.48599999999998
-58.27899999999992
-58.286999999999935
-58.63299999999997
-58.57199999999995
-58.51999999999995
-58.91799999999996
-58.692999999999934
-58.809999999999945
-58.92899999999997
-58.84199999999993
-58.32699999999994
-58.91099999999998
-58.81599999999995
-58.94099999999995
-59.23899999999994
-58.72399999999994
-59.18399999999993
-58.946999999999974
-59.21699999999995
-59.18899999999993
-59.28899999999995
-58.961999999999954
-59.39599999999992
-58.980999999999945
-59.42399999999994
-59.58399999999993
-59.65599999999996
-59.305999999999955
-59.43199999999991
-59.38799999999995
-59.97099999999994
-59.66499999999996
-59.68099999999991
-59.787999999999954
-59.30799999999995
-59.70499999999994
-59.920999999999935
-59.93499999999995
-59.886999999999944
-60.11899999999993
-59.82999999999993
-59.74399999999995
-59.60399999999995
-60.09699999999999
-59.99899999999994
-60.05199999999994
-60.45599999999994
-59.92999999999997
-59.984999999999964
-60.175999999999966
-60.000999999999955
-59.990999999999914
-60.055999999999926
-60.20999999999991
-60.109999999999935
-60.08499999999993
-60.294999999999916
-60.15699999999995
-60.29599999999994
-60.39599999999994
-60.00199999999993
-60.148999999999916
-60.22099999999992
-60.474999999999916
-60.60899999999994
-60.44699999999993
-60.41299999999995
-60.39599999999992
-60.55799999999995
-60.772999999999925
-60.50299999999996
-60.68899999999994
-60.545999999999914
-60.512999999999906
-60.64199999999996
-60.6859999999999
-60.578999999999944
-60.71399999999993
-60.684999999999945
-60.67799999999992
-60.71699999999994
-60.63399999999995
-60.714999999999925
-60.76599999999995
-60.853999999999935
-60.86699999999992
-61.04499999999993
-60.91399999999993
-60.71799999999993
-61.07299999999994
-61.03999999999992
-60.85899999999993
-60.78699999999994
-60.96199999999994
-60.90999999999991
-60.969999999999935
-61.01399999999995
-61.034999999999904
-61.175999999999924
-61.045999999999914
-61.20799999999993
-61.14799999999991
-61.14199999999997
-61.00999999999994
-61.16399999999993
-61.167999999999914
-61.12899999999996
-61.08499999999995
-60.99599999999993
-61.166999999999945
-61.21299999999993
-61.12299999999991
-61.173999999999914
-61.17399999999993
-61.10999999999991
-61.06299999999994
-61.145999999999944
-61.23799999999993
-61.01099999999993
-61.25199999999994
-61.17499999999994
-61.07599999999996
-61.33599999999997
-61.22799999999994
-61.22399999999993
-61.30099999999992
-61.31199999999997
-61.331999999999944
-61.31699999999994
-61.33399999999993
-61.309999999999945
-61.31499999999991
-61.23399999999992
-61.322999999999894
-61.24899999999995
-61.34199999999994
-61.341999999999956
-61.281999999999925
-61.33999999999994
-61.385999999999946
-61.42199999999993
-61.34999999999994
-61.39799999999996
-61.41999999999993
-61.35199999999995
-61.37899999999992
-61.35199999999996
-61.41599999999994
-61.41299999999995
-61.399999999999935
-61.401999999999916
-61.399999999999956
-61.43599999999994
-61.46799999999993
-61.50799999999993
-61.50399999999994
-61.49599999999994
-61.41999999999992
-61.48199999999994
-61.46799999999993
-61.484999999999935
-61.47199999999995
-61.47099999999995
-61.48799999999995
-61.53599999999993
-61.52799999999996
-61.51199999999996
-61.515999999999934
