----------Report of simulation of Quantum Parallel Tempering - Population Annealing v2-----------
The number of considered Spin36
The considered Annealing Duration 360
The considered Annealing Number 100
The considered T 1.0
The considered Gamma0 1.0
The considered Number Of Replica 3
The considered Number Of System Tempering 3
The considered Number Of System Population 3
The solution found [ 1.  1.  1.  1.  1. -1.  1. -1.  1.  1. -1.  1. -1.  1.  1.  1.  1. -1.
 -1.  1.  1.  1.  1. -1.  1.  1.  1.  1. -1.  1.  1.  1.  1. -1.  1.  1.]
The value found 3.899999999999757
The Success probability is 0.0
The average value is 3.9679999999998716
The total execution time is 280.8548729419708
The average time for execution is 2.8085473728179933
The average time for all systems update is 0.007771821492248111
The average time for system tempering update is 0.0013021029278084083
The average time for system population update is 133.95037460327148
The average time for replica update is 0.00042341597948545293
The average time for spin update is 1.1514001187391895e-05
The list of values found 

3.899999999999878
3.8999999999999204
4.299999999999805
3.8999999999998494
3.8999999999998423
3.8999999999997854
3.899999999999771
3.899999999999835
3.899999999999771
3.8999999999998636
3.8999999999998636
4.299999999999862
3.8999999999999204
3.9000000000000483
3.899999999999814
3.899999999999878
3.899999999999821
3.899999999999835
3.899999999999885
3.8999999999998494
3.8999999999997996
3.899999999999885
3.8999999999998707
4.299999999999841
3.8999999999999417
3.899999999999757
3.899999999999814
3.899999999999757
3.8999999999998494
3.8999999999998707
3.8999999999998707
3.8999999999998565
3.899999999999949
4.299999999999798
3.899999999999885
3.8999999999999417
3.8999999999997925
3.8999999999999133
3.899999999999906
4.299999999999834
4.299999999999848
3.8999999999999986
3.9000000000000057
3.8999999999999346
3.899999999999835
3.8999999999999275
3.899999999999899
3.9000000000000483
3.899999999999878
3.8999999999997854
3.8999999999997783
3.8999999999999915
3.8999999999998636
3.899999999999835
3.899999999999835
4.299999999999848
3.8999999999997996
3.899999999999949
3.899999999999835
4.299999999999805
3.899999999999892
3.900000000000027
3.899999999999828
3.8999999999998423
4.299999999999756
3.899999999999821
3.9000000000000483
3.899999999999821
3.8999999999998423
3.899999999999892
4.299999999999791
3.8999999999997925
3.900000000000013
3.899999999999899
4.299999999999706
3.899999999999885
3.8999999999998707
3.8999999999998067
3.9000000000002117
3.8999999999997925
3.899999999999906
3.899999999999899
3.899999999999885
3.899999999999906
4.299999999999827
3.900000000000084
3.8999999999998067
4.2999999999998195
3.8999999999998494
3.8999999999999417
4.299999999999777
3.8999999999998636
3.899999999999878
3.899999999999878
4.299999999999862
3.8999999999998707
3.900000000000041
4.299999999999841
4.299999999999855
3.8999999999998707



The list of values first execution 

29.155555555555427
47.444444444444315
34.611111111110986
36.4222222222221
35.67777777777766
28.405555555555438
38.061111111110996
29.027777777777658
35.13888888888877
34.28333333333322
32.111111111111
34.866666666666546
34.64444444444433
29.372222222222117
37.12777777777765
28.566666666666556
38.122222222222106
30.98888888888878
37.49444444444433
29.822222222222113
34.07777777777766
32.28888888888878
30.822222222222113
32.92777777777767
31.377777777777666
34.12222222222211
25.477777777777668
30.388888888888776
24.24999999999989
31.116666666666553
28.849999999999884
31.53333333333322
30.699999999999882
29.249999999999886
27.33888888888877
28.555555555555443
25.755555555555453
31.088888888888775
30.599999999999895
28.666666666666558
32.41666666666655
30.172222222222118
29.127777777777663
30.222222222222115
28.155555555555445
31.399999999999896
32.34444444444434
33.49999999999989
32.166666666666565
33.855555555555455
34.87222222222212
26.755555555555457
37.58888888888879
27.299999999999898
30.377777777777673
31.138888888888786
27.727777777777675
33.77222222222212
28.222222222222115
27.572222222222113
33.68888888888878
25.583333333333236
33.37777777777767
29.233333333333228
30.927777777777674
31.749999999999904
29.049999999999905
31.999999999999904
29.827777777777687
30.216666666666566
27.572222222222127
26.19444444444435
28.149999999999903
29.811111111111018
26.24999999999992
31.3888888888888
27.25555555555546
36.57222222222212
24.899999999999906
26.527777777777683
30.122222222222124
24.649999999999906
27.994444444444355
25.27777777777769
29.34999999999991
30.70555555555547
26.622222222222135
27.549999999999915
30.633333333333244
27.238888888888795
32.5388888888888
24.333333333333243
31.549999999999905
26.544444444444352
27.383333333333237
24.022222222222126
29.98333333333325
27.811111111111025
29.933333333333238
24.294444444444352
31.205555555555463
24.949999999999918
32.38333333333325
26.083333333333243
31.188888888888798
23.599999999999913
30.827777777777694
23.949999999999914
26.488888888888802
23.888888888888797
28.02222222222213
23.105555555555465
27.5388888888888
25.077777777777698
28.68333333333325
26.18333333333325
24.338888888888803
31.261111111111013
24.26666666666658
29.811111111111018
28.71111111111102
22.411111111111023
28.272222222222126
19.95555555555546
31.51666666666658
25.044444444444363
22.555555555555465
25.111111111111025
25.116666666666585
25.988888888888805
27.305555555555475
24.28333333333326
31.049999999999923
25.58333333333326
30.277777777777708
25.772222222222158
26.377777777777712
26.87777777777771
22.244444444444376
30.099999999999934
26.716666666666598
24.299999999999933
31.833333333333265
23.494444444444373
33.311111111111046
25.777777777777715
24.71111111111105
32.349999999999945
22.844444444444385
29.822222222222155
24.016666666666605
23.33888888888883
28.71111111111105
18.51111111111105
30.216666666666598
26.655555555555495
24.411111111111055
27.644444444444378
23.944444444444382
30.27777777777772
28.85555555555549
25.733333333333274
28.69999999999994
23.938888888888826
28.377777777777716
29.983333333333274
27.199999999999935
29.77777777777772
23.17777777777772
27.377777777777723
26.59999999999995
25.083333333333275
28.53333333333327
20.094444444444388
28.677777777777724
25.32222222222217
26.566666666666617
26.316666666666606
26.399999999999938
23.461111111111048
30.511111111111045
25.19999999999995
29.36111111111106
22.627777777777723
26.066666666666617
27.67777777777773
27.416666666666615
25.938888888888854
25.872222222222184
26.349999999999966
28.79999999999997
24.022222222222187
29.02222222222219
19.788888888888863
27.283333333333307
20.727777777777746
27.70555555555552
28.455555555555527
22.44999999999997
23.716666666666637
26.527777777777754
23.95555555555553
23.34444444444442
25.3722222222222
25.394444444444424
22.872222222222195
29.416666666666643
25.177777777777752
22.12777777777776
24.799999999999976
23.43888888888886
26.844444444444417
23.311111111111085
22.627777777777755
28.461111111111094
22.038888888888867
25.222222222222204
22.14999999999998
26.288888888888863
26.861111111111086
25.16111111111109
23.227777777777753
24.449999999999974
24.622222222222195
24.994444444444426
22.633333333333308
28.64444444444442
23.816666666666645
25.888888888888868
25.74999999999998
26.338888888888864
23.899999999999963
27.588888888888864
24.311111111111085
21.99444444444441
23.166666666666643
27.294444444444416
23.727777777777757
26.099999999999966
22.61111111111108
24.299999999999976
23.0222222222222
25.155555555555534
20.31666666666665
24.79999999999998
20.527777777777757
24.17777777777776
22.177777777777763
25.33888888888888
23.194444444444432
22.155555555555544
22.799999999999994
24.73333333333332
20.422222222222203
27.42777777777776
21.138888888888875
26.583333333333325
21.205555555555545
24.28333333333332
21.511111111111106
22.14444444444443
21.65555555555555
22.527777777777764
23.855555555555554
22.772222222222215
21.99444444444444
25.08333333333333
20.2
21.788888888888888
20.505555555555556
19.65
22.23888888888889
17.161111111111108
22.62222222222222
22.53888888888888
20.072222222222223
23.988888888888887
22.29444444444445
22.57777777777778
23.211111111111116
21.500000000000007
20.9388888888889
20.894444444444453
20.811111111111117
25.366666666666674
22.74444444444445
24.07777777777778
22.722222222222225
23.177777777777777
21.600000000000005
21.111111111111114
23.266666666666666
20.033333333333346
19.472222222222232
22.383333333333336
22.33333333333333
21.683333333333334
23.105555555555554
21.466666666666672
22.250000000000004
21.80555555555556
20.16111111111111
20.433333333333337
22.238888888888894
20.027777777777775
21.583333333333336
20.38333333333334
21.25
22.2
20.527777777777782
22.8888888888889
22.005555555555556
21.28333333333334
20.261111111111113
22.238888888888894
22.227777777777774
20.461111111111116
19.833333333333332
20.64444444444445
21.06666666666667
24.72222222222222
20.75
23.427777777777777
21.26111111111112
22.150000000000002
23.072222222222234
22.06666666666667
20.61111111111112
21.15000000000001
19.555555555555568
20.988888888888898
21.216666666666676
20.98333333333334
20.366666666666678
21.70000000000001
21.127777777777784
21.577777777777786
21.594444444444456
21.15000000000001
24.48333333333334
19.961111111111123
25.98888888888891
19.0888888888889
22.350000000000012
22.477777777777792
21.16111111111113
25.705555555555566
23.733333333333345
22.35000000000001
26.48333333333335
20.67777777777779
25.61111111111113
23.59444444444447
22.4888888888889
26.42777777777779
21.894444444444463
25.277777777777796
25.216666666666686
22.36111111111113
28.86111111111113



The list of best values first execution 

10.49999999999988
16.699999999999868
3.899999999999878
9.199999999999896
12.799999999999898
4.2999999999998835
6.699999999999882
4.699999999999882
11.399999999999885
4.299999999999912
9.19999999999991
8.099999999999902
7.799999999999912
9.599999999999895
4.6999999999999105
5.6999999999999105
9.199999999999903
7.799999999999898
6.499999999999908
6.899999999999899
8.199999999999903
9.199999999999903
5.299999999999898
6.899999999999913
9.299999999999905
10.999999999999908
4.699999999999896
8.699999999999903
9.599999999999895
8.799999999999898
6.699999999999896
8.999999999999915
13.39999999999992
5.699999999999918
7.299999999999898
5.699999999999918
5.699999999999918
9.199999999999903
15.49999999999988
7.899999999999913
12.59999999999993
7.299999999999912
14.099999999999916
8.79999999999994
6.0999999999999375
8.69999999999991
4.29999999999994
6.099999999999923
8.79999999999994
5.6999999999999105
8.299999999999933
6.899999999999913
14.399999999999913
10.199999999999932
4.699999999999925
5.6999999999999105
9.09999999999993
7.6999999999999105
10.599999999999923
10.699999999999932
10.199999999999932
5.09999999999993
7.299999999999947
5.09999999999993
5.299999999999905
5.699999999999903
7.899999999999906
8.799999999999905
9.199999999999896
10.199999999999896
9.79999999999994
9.199999999999882
5.699999999999896
10.399999999999928
8.299999999999947
12.699999999999896
11.499999999999979
7.799999999999905
6.6999999999999105
8.299999999999969
7.299999999999898
10.19999999999991
6.699999999999939
7.799999999999912
6.699999999999868
8.799999999999898
7.099999999999923
6.499999999999929
11.099999999999909
5.699999999999925
8.899999999999913
9.09999999999998
10.999999999999929
7.099999999999916
5.299999999999905
7.099999999999959
11.199999999999946
13.199999999999932
10.999999999999936
10.399999999999906
10.399999999999928
10.399999999999928
6.099999999999923
12.39999999999992
11.39999999999992
9.199999999999918
12.099999999999923
8.799999999999848
10.199999999999918
7.299999999999862
5.699999999999918
10.199999999999918
8.799999999999919
8.299999999999919
4.299999999999905
5.699999999999903
9.199999999999932
9.199999999999918
7.399999999999842
9.199999999999918
10.59999999999993
4.699999999999903
6.099999999999923
5.299999999999962
10.599999999999909
5.099999999999909
9.199999999999825
5.699999999999932
7.699999999999925
6.499999999999929
5.699999999999974
12.899999999999913
6.499999999999929
7.899999999999935
5.6999999999999105
6.299999999999926
6.899999999999913
4.299999999999926
6.699999999999925
11.800000000000011
6.29999999999994
10.400000000000013
6.099999999999902
8.199999999999903
11.199999999999903
11.799999999999919
9.199999999999918
7.799999999999905
6.899999999999828
8.299999999999947
8.299999999999827
8.599999999999902
4.699999999999903
5.699999999999804
8.699999999999925
12.699999999999896
7.299999999999805
11.79999999999989
8.099999999999909
9.599999999999909
8.599999999999888
10.200000000000024
5.299999999999969
8.599999999999888
7.5000000000000355
5.6999999999999105
7.3000000000000185
7.899999999999935
5.899999999999899
10.599999999999902
8.199999999999811
8.399999999999935
8.699999999999953
6.899999999999935
6.4999999999999005
13.90000000000002
4.69999999999979
10.399999999999963
6.099999999999959
7.69999999999996
6.899999999999935
5.299999999999898
9.799999999999969
6.099999999999923
7.799999999999962
5.300000000000047
4.699999999999818
5.29999999999994
10.199999999999932
9.199999999999882
10.800000000000047
9.000000000000007
5.6999999999998465
4.300000000000047
9.599999999999923
4.299999999999926
9.199999999999925
12.100000000000009
6.699999999999854
6.699999999999861
11.800000000000011
7.299999999999876
5.699999999999875
10.299999999999933
8.100000000000001
8.59999999999988
8.99999999999988
6.0999999999998735
5.699999999999939
8.199999999999996
6.100000000000044
8.599999999999987
4.699999999999932
5.500000000000057
5.099999999999888
6.9000000000000625
9.199999999999982
4.699999999999989
9.899999999999984
5.699999999999882
7.29999999999999
7.800000000000054
4.299999999999891
9.200000000000053
6.899999999999892
7.300000000000054
10.999999999999986
5.299999999999919
6.8999999999999915
7.800000000000047
10.199999999999896
8.699999999999903
7.299999999999905
5.699999999999918
4.699999999999932
9.700000000000067
4.699999999999932
6.900000000000048
9.09999999999998
5.699999999999925
5.300000000000054
8.199999999999939
13.09999999999998
5.700000000000003
7.300000000000004
8.299999999999912
5.300000000000004
11.399999999999991
4.700000000000081
4.299999999999905
6.499999999999908
6.899999999999906
6.1000000000000085
5.700000000000081
4.299999999999905
8.19999999999991
9.600000000000072
4.70000000000001
9.600000000000087
6.10000000000008
9.399999999999942
8.400000000000006
7.400000000000084
6.900000000000013
7.299999999999962
4.700000000000081
6.899999999999913
8.800000000000018
10.40000000000002
9.599999999999952
5.700000000000024
4.299999999999898
5.099999999999945
9.199999999999946
5.699999999999953
4.899999999999899
6.499999999999908
10.49999999999983
7.900000000000027
5.299999999999926
8.199999999999953
7.300000000000033
8.19999999999996
5.10000000000003
13.299999999999898
10.399999999999956
7.299999999999905
9.600000000000087
4.700000000000003
7.099999999999987
9.099999999999987
9.199999999999925
4.700000000000095
4.699999999999925
7.89999999999992
7.299999999999976
6.899999999999885
11.399999999999928
5.099999999999994
4.700000000000102
8.800000000000104
5.299999999999919
8.799999999999983
6.5
5.300000000000097
4.700000000000095
4.699999999999974
5.899999999999984
4.499999999999986
7.900000000000112
5.899999999999913
7.699999999999918
8.199999999999974
7.499999999999979
6.699999999999974
5.299999999999919
7.300000000000125
5.299999999999983
7.499999999999979
10.200000000000124
7.799999999999962
7.799999999999862
7.299999999999997
5.700000000000109
9.199999999999996
8.200000000000003
8.799999999999912
6.300000000000004
8.199999999999989
6.099999999999866
5.699999999999868
6.099999999999866
7.800000000000004
4.699999999999932
5.300000000000004
5.700000000000102
8.599999999999973
7.899999999999842
8.200000000000003
7.699999999999839
5.299999999999926
9.599999999999838
4.300000000000004
7.09999999999998
5.6999999999999815
4.700000000000003
10.800000000000004
8.399999999999977
5.100000000000115
4.699999999999818
8.29999999999982
6.099999999999966
5.700000000000138
5.300000000000139
5.099999999999966
9.199999999999967
8.200000000000138
8.599999999999937
5.699999999999939
5.8999999999999915



The list of values average 

31.452999999999875
43.680166666666544
35.14794444444432
35.98188888888877
37.48888888888878
32.68527777777765
36.971888888888756
34.17227777777765
35.01449999999989
35.75938888888877
32.89083333333321
35.611166666666556
33.79938888888878
34.48344444444432
34.74366666666654
32.94055555555544
34.266888888888786
33.91272222222211
33.407833333333194
34.08155555555544
32.93316666666656
33.32788888888878
33.36105555555543
32.392055555555444
33.59794444444433
32.433944444444336
32.79183333333323
32.45144444444433
32.10455555555544
32.462999999999894
32.10227777777766
31.732666666666542
32.46544444444432
31.554055555555436
32.47083333333321
31.189277777777683
31.215611111111006
31.767055555555444
31.089055555555454
31.745999999999885
30.63627777777767
31.04938888888879
31.057222222222116
30.7134999999999
30.976444444444333
30.16816666666657
30.73872222222212
30.450055555555444
30.456111111111003
30.729166666666558
30.260722222222125
29.81588888888878
30.478666666666566
29.747055555555452
30.555888888888788
29.69444444444435
29.96344444444435
29.731999999999896
29.704333333333242
29.876055555555457
29.509666666666572
29.696222222222133
29.24666666666657
29.133499999999902
29.39644444444435
28.704555555555466
29.29455555555545
28.857611111111012
29.16172222222214
29.2858888888888
29.01516666666656
29.143555555555466
29.02033333333324
28.742944444444333
28.66838888888881
28.96111111111102
28.715944444444357
28.568444444444346
28.267166666666576
28.51649999999992
28.68194444444434
28.027555555555466
28.67833333333325
27.60883333333323
28.515999999999906
28.125277777777693
27.870722222222142
28.168277777777693
27.526388888888803
27.77405555555547
27.73344444444436
27.676722222222136
27.56894444444436
27.684277777777698
27.756277777777687
27.709888888888813
27.54783333333326
27.28949999999991
27.185111111111024
27.222055555555475
27.403499999999912
27.434833333333252
27.385555555555484
27.651499999999924
26.73583333333326
27.44922222222214
27.1127777777777
26.651222222222135
27.32283333333326
26.692055555555466
27.03205555555547
26.504499999999933
26.440111111111033
27.216277777777687
26.282722222222137
27.05777777777772
26.68744444444437
26.60449999999993
26.672388888888825
26.610388888888817
26.50372222222215
26.485722222222147
26.149555555555473
26.652888888888807
26.0566666666666
26.25566666666659
26.219611111111035
26.324222222222158
26.394055555555497
26.139666666666592
26.320611111111038
26.10872222222216
25.949111111111044
26.394833333333253
25.819055555555483
26.32072222222217
26.123499999999936
26.15366666666659
26.55705555555549
25.944222222222155
26.230166666666605
25.985833333333268
26.10722222222216
25.82666666666661
25.763888888888832
26.05772222222216
25.891777777777722
25.815722222222156
26.173444444444392
25.57022222222216
26.365888888888822
25.690833333333263
25.920777777777708
26.00799999999994
25.787055555555494
26.021499999999943
25.583444444444392
25.65883333333328
25.688388888888834
25.74199999999993
25.69538888888883
25.562777777777715
25.470388888888824
25.276666666666596
25.4595555555555
25.51188888888883
25.21666666666661
25.06494444444438
25.182888888888833
24.915999999999933
25.614222222222164
24.975444444444395
25.26838888888883
25.06966666666662
25.02977777777773
25.12011111111107
25.431388888888833
24.937055555555503
25.350444444444392
24.913444444444398
25.291444444444384
24.998166666666616
25.143388888888847
24.774666666666615
24.96338888888883
24.72572222222216
24.88811111111106
24.510888888888836
24.766722222222157
24.65788888888882
24.54972222222217
24.74105555555551
24.355111111111047
24.824277777777723
24.32549999999995
24.343166666666622
24.34527777777773
24.349833333333272
24.457111111111058
24.372833333333283
24.166277777777722
24.521555555555484
23.912888888888848
24.404666666666614
24.0169444444444
24.313611111111072
24.634277777777733
24.18349999999996
24.58627777777773
24.392888888888834
24.43861111111106
24.032277777777736
24.41716666666661
24.352944444444397
24.69622222222217
23.778277777777742
24.54372222222217
23.952055555555514
24.502499999999955
23.919611111111067
24.262111111111057
23.939388888888846
24.166944444444397
24.1544444444444
24.23333333333328
23.656555555555517
24.172999999999952
23.867888888888842
24.444222222222177
23.717777777777737
24.530611111111064
23.914277777777734
23.672499999999964
24.18766666666664
23.86111111111106
23.753555555555522
24.197333333333294
23.626222222222186
24.003777777777742
23.740499999999958
23.72372222222218
23.75927777777775
23.479277777777735
23.87711111111107
23.84516666666662
23.717944444444406
24.01605555555551
23.64449999999997
24.124499999999955
23.495111111111072
23.6083333333333
23.83766666666662
23.35427777777773
23.696444444444413
23.882999999999967
23.623055555555524
23.888666666666634
23.708999999999968
23.89349999999996
23.62266666666662
23.819499999999962
23.603333333333296
23.682555555555528
23.692722222222187
23.92422222222219
23.403111111111087
23.729555555555528
23.572666666666645
23.36466666666664
23.52177777777774
23.20927777777774
23.14738888888886
23.502833333333303
23.0747222222222
23.068999999999985
23.265277777777744
22.975499999999965
23.523722222222197
23.246111111111087
23.291999999999966
23.114388888888865
22.820611111111084
23.28649999999996
22.842111111111084
23.105611111111088
23.09761111111108
22.95138888888886
23.131055555555534
23.23699999999997
22.942944444444418
23.168888888888862
22.86133333333331
23.5218333333333
22.978444444444406
22.773999999999983
23.30177777777775
23.054388888888866
23.296722222222176
23.021888888888867
22.912055555555536
22.89661111111108
23.05466666666663
22.94361111111109
22.632888888888857
22.85483333333331
22.908388888888858
22.974333333333302
23.012166666666637
23.102444444444423
22.82333333333331
23.070666666666632
23.32527777777775
23.008166666666643
23.086444444444417
23.156111111111084
22.961055555555532
22.998111111111104
22.9193333333333
23.052166666666643
22.70299999999997
22.937388888888858
22.73794444444442
22.754333333333314
22.90649999999998
23.036166666666656
22.7222222222222
22.98272222222219
23.108444444444423
23.14938888888886
23.08788888888887
23.017333333333312
22.943999999999978
22.931888888888864
22.85216666666664
23.19344444444443
22.737444444444428
23.13811111111109
22.691666666666645
22.740888888888872
22.842777777777766
22.82272222222221
23.146611111111095
22.610166666666647
22.650277777777763
22.856555555555538
22.836999999999982
22.63616666666664
22.434833333333312
22.45827777777776
22.646888888888864
22.55349999999997
22.20266666666665
22.684722222222216
22.463777777777764
22.697222222222205
22.638222222222204
22.3207222222222
22.792388888888876
22.495388888888886
22.722777777777758



The list of best values average 

12.16299999999988
12.034999999999878
10.933999999999878
9.432999999999875
9.613999999999876
9.257999999999875
9.29499999999988
9.06799999999988
9.591999999999878
8.936999999999886
9.466999999999878
9.024999999999881
9.411999999999878
8.961999999999879
9.181999999999876
8.754999999999878
8.98699999999988
9.38299999999988
8.84999999999988
9.162999999999888
9.00299999999988
8.93699999999988
9.46299999999988
8.89899999999988
9.538999999999882
9.249999999999883
9.28699999999988
9.023999999999877
9.577999999999875
9.743999999999879
9.249999999999883
8.622999999999886
8.839999999999879
9.545999999999877
9.40899999999988
9.084999999999877
9.68599999999988
9.146999999999876
8.834999999999884
9.58499999999988
8.67699999999988
9.361999999999885
9.333999999999879
8.858999999999883
8.87599999999989
8.956999999999882
9.080999999999882
9.471999999999879
9.203999999999885
9.538999999999882
9.150999999999884
9.392999999999889
9.267999999999885
8.638999999999886
9.024999999999881
8.733999999999888
9.385999999999882
8.59599999999988
8.731999999999884
8.931999999999883
9.131999999999879
9.204999999999888
9.301999999999884
9.338999999999883
9.001999999999883
8.674999999999876
8.636999999999885
8.274999999999883
8.696999999999884
8.532999999999888
8.976999999999888
9.18599999999988
8.89399999999988
8.531999999999885
9.069999999999881
9.052999999999884
8.809999999999892
8.704999999999888
8.938999999999893
8.625999999999888
9.380999999999899
9.55699999999989
8.66699999999988
8.95199999999989
9.176999999999884
8.986999999999886
9.080999999999896
8.856999999999886
8.529999999999891
8.522999999999884
8.864999999999883
8.750999999999898
8.626999999999887
8.67699999999989
8.880999999999892
8.425999999999892
8.71299999999989
9.0079999999999
8.458999999999904
8.850999999999894
8.157999999999898
8.950999999999896
8.715999999999893
8.0269999999999
8.581999999999898
8.836999999999893
8.54199999999989
8.61899999999989
8.788999999999895
8.944999999999888
8.554999999999891
8.476999999999903
8.498999999999898
8.037999999999894
8.419999999999893
8.682999999999888
8.64199999999989
8.5099999999999
8.254999999999898
8.507999999999907
8.339999999999893
8.537999999999899
8.471999999999893
8.277999999999894
8.560999999999895
8.271999999999895
8.0009999999999
7.9019999999999095
8.895999999999896
8.4239999999999
8.766999999999898
8.723999999999904
8.205999999999905
7.992999999999908
8.401999999999898
8.614999999999897
7.986999999999905
8.510999999999887
8.28399999999991
8.863999999999907
7.745999999999903
8.654999999999903
8.028999999999906
8.467999999999899
7.987999999999901
8.675999999999899
8.012999999999897
8.286999999999907
8.657999999999904
7.981999999999901
7.876999999999904
7.996999999999906
7.7719999999999
8.484999999999905
7.954999999999902
8.615999999999898
7.925999999999907
8.049999999999912
7.88099999999991
8.118999999999907
8.064999999999916
7.698999999999901
8.070999999999913
7.876999999999907
7.762999999999916
7.561999999999905
7.874999999999906
7.942999999999918
7.855999999999908
8.139999999999928
8.63799999999992
7.958999999999908
8.001999999999923
7.962999999999915
7.701999999999906
7.852999999999925
7.572999999999918
7.796999999999916
7.954999999999918
7.991999999999915
7.878999999999921
8.335999999999904
7.793999999999906
7.591999999999914
7.94599999999991
7.967999999999937
8.02099999999991
7.9839999999999245
7.628999999999911
7.852999999999933
7.824999999999935
8.082999999999927
7.46099999999992
7.9149999999999165
7.352999999999923
7.721999999999911
7.615999999999928
7.843999999999924
7.624999999999919
7.896999999999919
7.834999999999935
7.7249999999999375
7.838999999999923
7.541999999999918
7.310999999999918
7.595999999999908
7.279999999999917
7.638999999999902
7.524999999999918
8.332999999999933
7.117999999999936
7.393999999999922
7.587999999999929
7.966999999999908
7.161999999999913
7.32999999999991
7.536999999999941
7.625999999999923
7.564999999999924
7.219999999999916
8.021999999999917
7.398999999999922
7.582999999999929
7.3939999999999335
7.278999999999922
7.46299999999991
7.470999999999935
7.470999999999935
7.601999999999924
7.153999999999914
7.713999999999935
7.865999999999918
7.094999999999938
7.375999999999919
7.5079999999999085
7.3009999999999495
7.316999999999915
6.8679999999999275
7.229999999999933
7.45499999999993
6.942999999999922
7.077999999999915
7.39999999999993
7.354999999999927
7.337999999999927
7.50199999999993
7.401999999999934
6.975999999999935
6.976999999999931
7.114999999999936
7.085999999999934
7.561999999999928
6.992999999999921
6.963999999999937
7.289999999999928
7.4849999999999435
7.456999999999926
6.832999999999934
7.151999999999928
7.19999999999994
7.394999999999929
7.2249999999999375
7.053999999999935
7.083999999999947
7.262999999999915
7.284999999999939
6.99099999999994
7.190999999999928
6.876999999999925
7.086999999999927
6.775999999999931
6.788999999999918
7.4559999999999365
6.986999999999924
6.676999999999932
7.185999999999924
7.020999999999924
7.248999999999924
7.088999999999944
7.669999999999928
6.988999999999935
6.678999999999939
6.9129999999999345
7.142999999999932
7.031999999999937
6.874999999999941
6.851999999999939
7.223999999999937
7.112999999999938
7.112999999999946
6.761999999999934
7.178999999999944
7.243999999999933
6.7339999999999325
6.898999999999943
7.151999999999931
6.8549999999999205
7.013999999999945
6.786999999999929
6.7549999999999315
6.819999999999937
6.761999999999941
6.685999999999932
6.722999999999927
6.62199999999997
6.760999999999938
6.767999999999936
6.627999999999955
7.202999999999943
6.526999999999951
7.009999999999954
6.71699999999994
6.8319999999999315
6.677999999999953
7.116999999999935
6.733999999999948
6.891999999999942
6.709999999999927
6.94599999999994
6.501999999999934
6.537999999999955
6.864999999999946
6.651999999999941
6.654999999999947
6.799999999999936
6.599999999999931
6.3939999999999415
6.87499999999995
6.861999999999941
6.660999999999939
6.784999999999946
6.952999999999938
6.778999999999953
6.927999999999959
6.916999999999943
7.072999999999937
7.045999999999938
6.815999999999947
6.843999999999949
6.558999999999937
6.78799999999995
7.021999999999943
6.813999999999934
6.5569999999999355
6.459999999999959
6.639999999999926
6.489999999999937
6.340999999999943
6.541999999999971
6.963999999999953
6.716999999999941
6.417999999999961
6.625999999999964
6.450999999999945
6.308999999999945
6.782999999999954
6.362999999999953
6.781999999999942
6.68799999999995
6.607999999999951
