----------Report of simulation of Quantum Population Annealing-----------
The number of considered Spin 56
The considered Annealing Duration 560
The considered Annealing Number 100
The considered T 1.0
The considered Gamma0 1.0
The considered Number Of Replica 3
The considered Number Of System 6
The solution found [ 1.  1.  1. -1.  1. -1.  1. -1.  1. -1.  1.  1. -1.  1. -1. -1.  1.  1.
  1. -1.  1. -1.  1. -1.  1.  1.  1. -1.  1. -1.  1.  1.  1. -1. -1.  1.
  1.  1. -1.  1. -1.  1.  1.  1.  1.  1. -1.  1. -1.  1. -1.  1.  1.  1.
  1. -1.]
The value found -64.40000000000096
The Success probability is 0.0
The average value is -64.40000000000059
The total execution time is 910.6343312263489
The average time for execution is 9.106341710090637
The average time for all systems update is 0.016228330582380296
The average time for system update is 0.0026931289540869847
The average time for replica update is 0.0008973948241226256
The average time for spin update is 1.5797395681510436e-05
The list of values found 

-64.40000000000057
-64.40000000000073
-64.4000000000003
-64.40000000000046
-64.40000000000052
-64.40000000000053
-64.40000000000047
-64.4000000000007
-64.40000000000065
-64.40000000000066
-64.40000000000076
-64.40000000000049
-64.40000000000079
-64.40000000000033
-64.4000000000006
-64.40000000000033
-64.40000000000056
-64.40000000000047
-64.40000000000062
-64.40000000000062
-64.40000000000087
-64.40000000000046
-64.40000000000074
-64.40000000000049
-64.40000000000067
-64.40000000000055
-64.40000000000086
-64.40000000000052
-64.4000000000008
-64.40000000000029
-64.40000000000086
-64.40000000000082
-64.40000000000047
-64.40000000000056
-64.40000000000036
-64.40000000000096
-64.40000000000093
-64.40000000000086
-64.40000000000063
-64.40000000000049
-64.40000000000065
-64.4000000000004
-64.40000000000059
-64.40000000000009
-64.4000000000009
-64.4000000000004
-64.40000000000084
-64.40000000000083
-64.40000000000077
-64.40000000000057
-64.40000000000047
-64.40000000000015
-64.40000000000045
-64.40000000000047
-64.40000000000047
-64.40000000000059
-64.40000000000076
-64.40000000000063
-64.40000000000067
-64.4000000000005
-64.40000000000069
-64.40000000000049
-64.40000000000073
-64.40000000000094
-64.40000000000066
-64.40000000000066
-64.40000000000057
-64.40000000000035
-64.40000000000036
-64.40000000000015
-64.40000000000084
-64.40000000000062
-64.40000000000073
-64.40000000000046
-64.40000000000033
-64.40000000000066
-64.40000000000047
-64.40000000000052
-64.40000000000059
-64.4000000000007
-64.40000000000035
-64.40000000000032
-64.40000000000039
-64.40000000000053
-64.40000000000056
-64.40000000000038
-64.40000000000049
-64.40000000000062
-64.40000000000046
-64.4000000000008
-64.40000000000063
-64.40000000000046
-64.40000000000035
-64.40000000000057
-64.40000000000063
-64.40000000000063
-64.40000000000018
-64.40000000000057
-64.4000000000008
-64.4000000000006



The list of values first execution 

-9.60000000000042
1.1166666666662393
-8.3777777777782
-3.105555555555979
1.8388888888884714
3.094444444444026
-7.0055555555559685
5.977777777777364
-11.716666666667077
5.105555555555146
-1.1388888888892912
-12.900000000000404
0.4111111111106867
-12.86111111111153
-3.972222222222643
-16.8777777777782
-14.027777777778196
-6.255555555555977
-22.355555555555977
-0.46111111111154063
-17.905555555555978
-2.7222222222226486
-10.78333333333375
-23.51111111111152
-10.238888888889313
-22.53888888888932
-20.822222222222653
-15.738888888889313
-19.21666666666708
-5.516666666667088
-23.255555555555972
-13.738888888889305
-18.316666666667075
-15.766666666667085
-22.46666666666708
-12.29444444444486
-23.000000000000405
-11.716666666667074
-20.633333333333738
-23.20555555555597
-24.300000000000406
-19.222222222222637
-19.927777777778182
-17.17777777777818
-16.722222222222616
-23.177777777778168
-21.37777777777817
-28.700000000000387
-12.49444444444483
-28.566666666667054
-19.644444444444837
-21.63333333333373
-24.16666666666705
-23.372222222222614
-25.688888888889263
-18.80000000000039
-27.43888888888928
-12.444444444444843
-24.138888888889298
-24.19444444444485
-20.46111111111152
-26.566666666667057
-24.050000000000402
-25.861111111111505
-26.450000000000387
-24.18333333333372
-31.6111111111115
-30.100000000000396
-33.92222222222262
-32.894444444444844
-24.805555555555955
-31.66666666666706
-25.055555555555944
-27.12222222222261
-31.800000000000377
-25.711111111111496
-29.544444444444835
-25.061111111111508
-28.550000000000395
-23.99444444444485
-27.522222222222624
-28.711111111111514
-26.14444444444484
-28.977777777778176
-30.761111111111493
-22.138888888889287
-32.27222222222261
-27.1722222222226
-26.050000000000384
-29.6722222222226
-21.055555555555927
-34.811111111111465
-27.92777777777813
-32.194444444444784
-20.333333333333684
-28.92777777777813
-28.11666666666701
-25.350000000000353
-33.48333333333367
-26.09444444444478
-32.111111111111455
-27.80555555555589
-27.705555555555897
-34.805555555555884
-27.21111111111144
-32.338888888889215
-30.6555555555559
-31.872222222222565
-33.02777777777812
-32.48333333333367
-32.6555555555559
-34.92777777777811
-26.60555555555589
-32.47777777777811
-28.161111111111445
-34.77222222222255
-30.600000000000325
-34.933333333333664
-31.400000000000325
-29.06666666666699
-38.15000000000032
-33.838888888889215
-32.05555555555589
-34.505555555555894
-39.888888888889234
-33.166666666667005
-36.87777777777812
-37.15000000000036
-38.00000000000035
-35.92777777777812
-36.372222222222575
-36.26666666666702
-34.850000000000364
-31.92222222222259
-32.80555555555591
-32.66111111111147
-36.48888888888924
-38.17777777777814
-33.69444444444481
-37.82777777777815
-29.261111111111486
-39.48888888888925
-34.71666666666703
-36.43888888888925
-33.31111111111147
-32.67777777777814
-36.111111111111455
-32.816666666667004
-35.883333333333674
-30.905555555555893
-35.933333333333664
-35.411111111111445
-34.35555555555589
-37.20000000000035
-36.494444444444795
-42.088888888889244
-38.3444444444448
-42.094444444444775
-35.78333333333367
-38.32222222222256
-36.42222222222256
-40.74444444444478
-36.22222222222255
-37.91111111111145
-31.28888888888922
-35.15000000000033
-39.388888888889205
-37.27777777777811
-42.872222222222554
-37.73888888888921
-41.49444444444477
-39.20000000000032
-36.62222222222255
-40.1277777777781
-37.60555555555589
-36.77222222222257
-40.72222222222257
-40.644444444444794
-31.783333333333676
-33.92777777777813
-37.56111111111146
-43.755555555555894
-42.33888888888922
-31.200000000000337
-42.83333333333368
-39.1055555555559
-43.816666666667004
-40.08888888888922
-40.572222222222564
-38.54444444444479
-41.15000000000035
-36.34444444444478
-39.83888888888922
-39.75000000000034
-44.07777777777812
-38.34444444444478
-44.538888888889225
-35.066666666667004
-40.74444444444478
-37.92777777777812
-39.02222222222258
-40.47222222222257
-41.472222222222584
-44.844444444444804
-39.83888888888926
-43.21111111111147
-37.83333333333369
-42.36666666666702
-33.35555555555592
-43.92777777777814
-31.60555555555592
-46.327777777778124
-39.53333333333369
-45.38333333333368
-39.500000000000355
-44.14444444444479
-39.76666666666702
-44.51666666666702
-35.311111111111465
-43.316666666667025
-43.23888888888925
-41.133333333333695
-40.88888888888926
-42.76111111111147
-37.783333333333694
-40.32222222222256
-40.21666666666701
-42.11111111111144
-36.716666666667
-43.82777777777812
-43.20555555555589
-39.26666666666701
-44.75555555555589
-40.68888888888924
-47.511111111111454
-46.16666666666702
-40.733333333333675
-44.70555555555589
-42.38333333333367
-44.61666666666699
-41.62222222222256
-43.73888888888925
-44.6555555555559
-43.622222222222575
-42.883333333333695
-39.688888888889245
-42.28888888888926
-43.783333333333694
-42.53333333333369
-38.066666666667004
-42.111111111111455
-40.922222222222565
-42.50555555555588
-49.15555555555588
-40.216666666667
-47.266666666667
-44.45555555555589
-47.29444444444477
-43.96111111111143
-44.26666666666701
-46.777777777778105
-41.311111111111444
-43.02222222222255
-40.20555555555588
-44.683333333333664
-44.87222222222256
-47.222222222222555
-45.066666666667
-44.900000000000325
-41.80555555555589
-41.016666666666985
-43.92777777777811
-46.17222222222253
-46.561111111111444
-45.022222222222545
-41.46666666666698
-41.24444444444477
-43.938888888889224
-40.86666666666701
-42.54444444444479
-46.43888888888924
-44.083333333333684
-49.1555555555559
-45.93333333333368
-41.194444444444784
-38.98888888888922
-45.71111111111144
-47.05555555555589
-45.916666666667
-44.20555555555589
-47.09444444444478
-44.605555555555895
-46.19444444444479
-43.600000000000335
-45.95000000000034
-49.62222222222255
-46.700000000000315
-44.00000000000033
-46.61111111111142
-43.300000000000324
-44.161111111111424
-43.65000000000031
-47.92777777777809
-43.75555555555587
-46.46111111111143
-46.983333333333626
-49.22222222222254
-52.48333333333364
-46.01666666666698
-46.07777777777808
-45.4888888888892
-45.82777777777808
-48.850000000000286
-46.63333333333364
-47.822222222222514
-50.60000000000028
-43.85555555555583
-46.68888888888917
-41.533333333333616
-42.21666666666694
-46.433333333333614
-46.03333333333361
-44.038888888889154
-44.922222222222494
-44.238888888889164
-50.98888888888918
-47.61666666666695
-49.883333333333624
-48.866666666666944
-44.61666666666695
-42.43888888888918
-45.0611111111114
-47.59444444444473
-47.850000000000286
-51.00000000000029
-50.17777777777806
-52.94444444444471
-47.150000000000276
-43.02222222222249
-51.73333333333361
-50.16666666666694
-45.85000000000027
-49.20000000000028
-47.394444444444716
-45.050000000000274
-45.838888888889166
-49.75555555555585
-49.416666666666934
-48.77777777777804
-52.55000000000026
-44.7611111111114
-50.12222222222252
-49.6111111111114
-46.288888888889176
-46.64444444444472
-38.63333333333363
-51.811111111111394
-46.7111111111114
-53.616666666666944
-47.84444444444475
-51.1111111111114
-51.13333333333361
-48.33888888888917
-50.94444444444473
-48.30555555555585
-45.78888888888918
-49.22777777777806
-46.58888888888917
-48.34444444444474
-45.288888888889176
-46.42777777777806
-47.783333333333616
-45.43888888888918
-47.93333333333363
-51.400000000000304
-45.322222222222535
-49.67777777777808
-45.411111111111445
-49.666666666667
-47.05555555555587
-47.11666666666699
-47.81111111111142
-48.65555555555588
-52.227777777778094
-49.19444444444477
-51.22777777777812
-50.28333333333366
-50.727777777778094
-53.23888888888921
-49.2388888888892
-51.20000000000031
-51.74444444444475
-49.58888888888922
-53.63333333333363
-50.18888888888918
-53.30000000000031
-48.80000000000031
-47.87222222222252
-49.46111111111141
-50.06666666666696
-48.4111111111114
-48.277777777778084
-51.333333333333634
-47.33888888888919
-50.96111111111138
-48.65000000000027
-47.91666666666694
-49.18888888888915
-49.85555555555582
-47.51666666666694
-50.45000000000027
-46.5333333333336
-44.13333333333361
-47.37777777777805
-48.672222222222516
-49.92777777777807
-48.53888888888918
-49.57777777777805
-52.73888888888916
-44.47777777777807
-46.24444444444472
-51.7722222222225
-50.733333333333604
-49.78888888888917
-46.555555555555834
-44.42222222222251
-50.08888888888917
-50.20555555555583
-48.56666666666696
-51.283333333333616
-50.316666666666976
-54.9111111111114
-52.41111111111141
-51.68888888888918
-50.40000000000031
-53.250000000000306
-50.31666666666697
-51.38333333333364
-49.02777777777808
-50.28333333333365
-53.388888888889205
-49.800000000000324
-51.61111111111145
-50.138888888889205
-53.21666666666699
-50.666666666666984
-52.11666666666699
-47.83888888888921
-51.39444444444476
-52.46666666666698
-53.966666666666995
-51.69444444444477
-50.26111111111145
-52.61111111111142
-50.69444444444477
-49.277777777778105
-53.63333333333364
-47.75555555555589
-51.711111111111435
-51.011111111111425
-46.88888888888921
-52.661111111111445
-51.855555555555874
-55.36111111111144
-51.65555555555587
-50.06666666666699
-50.122222222222554
-50.37222222222255
-51.9555555555559
-51.70555555555589
-52.80555555555589
-52.68333333333367
-51.63888888888922
-52.26111111111145
-50.58333333333367
-50.69444444444477
-50.27222222222255
-51.46111111111144
-52.088888888889215
-54.18333333333365
-51.46111111111144
-49.73333333333366
-50.28333333333367
-54.58888888888924
-51.53888888888924
-52.17222222222257
-49.83333333333368
-50.066666666667004
-47.15555555555591
-49.66111111111146
-54.03333333333368
-48.97777777777813
-48.155555555555885
-48.74444444444476
-50.27222222222254
-50.10555555555588
-49.76666666666699
-52.03888888888922
-52.63888888888923
-53.033333333333665
-54.161111111111445
-52.43333333333368
-49.57777777777814
-51.73333333333369
-49.211111111111464
-53.766666666667014
-54.83333333333369
-52.572222222222585
-52.5333333333337
-51.47777777777815
-53.966666666667024
-49.08888888888925
-52.983333333333675
-50.39444444444479
-54.02222222222256
-50.788888888889225
-56.58888888888924
-52.25000000000034
-49.066666666667025
-53.52777777777814
-50.87777777777813
-53.722222222222584
-55.18333333333367
-55.18333333333367
-55.05000000000034
-51.86111111111146
-52.383333333333695
-48.60000000000036
-50.66111111111147
-52.10555555555591
-52.922222222222594
-53.827777777778145
-52.177777777778154
-52.455555555555925
-54.50000000000039
-52.18888888888925
-53.00000000000036
-49.422222222222594
-51.016666666667014
-50.87777777777814
-55.20000000000037
-53.772222222222595
-48.28888888888926
-49.844444444444804
-50.61111111111148
-50.11666666666705
-53.650000000000375
-48.66111111111147
-46.95000000000039
-51.17777777777813
-52.37777777777816
-52.37777777777816
-53.61666666666707
-55.68333333333374
-54.33888888888929
-55.600000000000406
-55.3500000000004
-55.51666666666705
-54.26666666666705
-52.050000000000395



The list of best values first execution 

-33.700000000000415
-35.70000000000041
-32.50000000000044
-29.60000000000042
-24.80000000000043
-40.500000000000355
-37.90000000000043
-17.700000000000344
-35.700000000000394
-25.000000000000412
-25.500000000000405
-39.60000000000044
-28.90000000000041
-42.20000000000043
-28.00000000000039
-41.90000000000041
-34.00000000000041
-35.0000000000004
-39.40000000000044
-25.800000000000473
-36.40000000000044
-36.300000000000374
-38.80000000000041
-40.100000000000435
-42.20000000000042
-45.100000000000435
-42.50000000000041
-38.70000000000043
-36.600000000000385
-34.40000000000046
-45.30000000000041
-37.300000000000374
-42.800000000000466
-35.200000000000415
-40.50000000000038
-47.00000000000046
-47.10000000000045
-42.900000000000375
-47.00000000000046
-43.600000000000385
-47.00000000000046
-44.300000000000395
-32.80000000000039
-47.10000000000038
-39.00000000000037
-34.600000000000335
-36.600000000000456
-43.600000000000456
-45.10000000000036
-43.30000000000028
-44.70000000000038
-47.900000000000354
-49.700000000000365
-36.30000000000045
-45.90000000000047
-41.30000000000032
-49.40000000000046
-37.30000000000036
-53.70000000000034
-42.40000000000049
-39.70000000000047
-40.40000000000035
-42.30000000000047
-41.80000000000036
-41.500000000000355
-54.200000000000394
-49.40000000000041
-46.90000000000029
-48.00000000000031
-46.800000000000416
-46.80000000000045
-47.50000000000047
-53.60000000000037
-41.900000000000446
-46.40000000000024
-45.900000000000276
-50.500000000000405
-38.60000000000027
-46.9000000000003
-51.700000000000415
-46.20000000000049
-45.60000000000031
-47.30000000000031
-47.00000000000047
-49.40000000000041
-54.90000000000045
-47.700000000000294
-55.40000000000024
-41.60000000000029
-48.50000000000039
-41.200000000000436
-53.30000000000026
-40.80000000000024
-47.0000000000002
-42.90000000000037
-46.10000000000021
-47.90000000000039
-46.30000000000022
-49.80000000000036
-45.800000000000345
-48.0000000000002
-44.00000000000037
-49.300000000000196
-49.800000000000445
-41.40000000000036
-50.000000000000206
-47.300000000000445
-46.400000000000226
-54.40000000000047
-46.400000000000496
-53.100000000000485
-46.80000000000047
-50.50000000000016
-57.500000000000306
-43.80000000000019
-50.900000000000304
-45.600000000000314
-51.80000000000043
-48.10000000000028
-43.600000000000456
-51.900000000000226
-57.000000000000504
-52.9000000000005
-49.200000000000266
-57.40000000000028
-49.60000000000029
-50.70000000000027
-51.20000000000024
-48.300000000000495
-53.30000000000026
-58.10000000000047
-55.30000000000053
-58.30000000000032
-45.800000000000274
-51.800000000000274
-47.600000000000506
-49.500000000000306
-54.100000000000314
-46.7000000000005
-51.80000000000028
-41.500000000000526
-50.9000000000005
-46.00000000000054
-53.00000000000028
-50.20000000000053
-51.300000000000274
-46.90000000000027
-56.90000000000024
-52.90000000000024
-45.00000000000028
-51.80000000000028
-55.1000000000005
-49.5000000000002
-47.600000000000264
-45.70000000000053
-55.600000000000556
-50.500000000000234
-54.00000000000026
-47.50000000000025
-57.900000000000226
-50.400000000000254
-55.10000000000023
-57.500000000000234
-56.70000000000024
-56.80000000000026
-49.50000000000024
-57.900000000000226
-50.900000000000546
-53.50000000000055
-50.800000000000516
-54.50000000000023
-49.20000000000054
-47.800000000000175
-56.00000000000025
-56.500000000000234
-50.70000000000058
-51.80000000000058
-61.40000000000027
-47.00000000000059
-49.900000000000254
-52.80000000000059
-60.30000000000019
-52.000000000000234
-43.40000000000019
-54.3000000000002
-56.700000000000564
-55.30000000000056
-53.50000000000028
-51.00000000000026
-53.50000000000021
-53.300000000000544
-50.700000000000166
-51.40000000000026
-53.800000000000175
-61.200000000000195
-50.50000000000055
-56.300000000000274
-50.10000000000027
-53.20000000000051
-54.900000000000254
-56.000000000000306
-55.800000000000246
-58.200000000000195
-53.100000000000215
-50.70000000000035
-60.50000000000019
-52.50000000000023
-54.70000000000032
-50.500000000000206
-54.100000000000534
-51.70000000000032
-59.00000000000019
-56.400000000000226
-57.300000000000516
-51.8000000000003
-56.3000000000003
-51.2000000000002
-58.80000000000033
-55.100000000000186
-57.000000000000206
-52.30000000000019
-53.10000000000056
-60.60000000000054
-57.00000000000022
-52.70000000000053
-56.400000000000325
-50.40000000000033
-50.800000000000324
-55.800000000000175
-57.90000000000014
-54.40000000000051
-60.70000000000011
-60.30000000000013
-55.20000000000049
-64.4000000000005
-58.800000000000516
-54.900000000000496
-57.30000000000049
-57.10000000000034
-53.80000000000031
-59.20000000000028
-59.00000000000036
-59.700000000000166
-53.60000000000036
-52.70000000000018
-53.40000000000054
-56.90000000000017
-56.6000000000002
-52.00000000000042
-57.400000000000496
-56.900000000000496
-55.3000000000003
-51.000000000000476
-56.90000000000014
-52.800000000000296
-57.00000000000019
-56.00000000000026
-64.00000000000024
-54.200000000000216
-56.50000000000022
-58.30000000000046
-58.60000000000047
-57.50000000000028
-54.20000000000048
-59.40000000000048
-58.10000000000047
-60.900000000000496
-58.50000000000029
-60.70000000000049
-57.40000000000027
-57.30000000000023
-51.00000000000025
-60.30000000000023
-57.90000000000021
-60.90000000000047
-53.80000000000025
-53.30000000000029
-57.10000000000026
-56.600000000000314
-56.40000000000027
-55.500000000000476
-57.50000000000046
-57.00000000000049
-58.20000000000045
-58.30000000000023
-54.90000000000029
-57.50000000000025
-57.3000000000002
-57.30000000000047
-60.90000000000018
-52.8000000000005
-60.50000000000049
-56.40000000000045
-61.20000000000035
-64.20000000000051
-59.90000000000044
-63.800000000000416
-59.10000000000036
-57.70000000000031
-54.40000000000041
-54.000000000000156
-64.20000000000019
-55.700000000000394
-56.60000000000036
-57.80000000000013
-64.20000000000041
-59.300000000000246
-64.20000000000017
-63.80000000000032
-59.10000000000027
-58.10000000000026
-57.70000000000028
-60.8000000000004
-58.10000000000027
-57.600000000000385
-60.900000000000226
-52.800000000000374
-59.90000000000024
-50.300000000000225
-60.8000000000002
-60.50000000000038
-56.70000000000025
-56.50000000000035
-62.00000000000022
-51.70000000000023
-60.70000000000022
-57.20000000000024
-58.90000000000034
-61.40000000000024
-57.50000000000036
-52.80000000000023
-54.20000000000038
-57.70000000000024
-56.80000000000022
-60.300000000000374
-60.300000000000416
-61.400000000000354
-61.4000000000002
-58.60000000000036
-57.00000000000036
-60.10000000000036
-56.400000000000254
-61.400000000000226
-57.900000000000226
-60.80000000000032
-55.600000000000314
-60.30000000000029
-60.70000000000022
-61.800000000000345
-61.200000000000294
-54.90000000000026
-62.00000000000035
-62.800000000000374
-54.400000000000325
-59.50000000000026
-53.00000000000023
-64.20000000000024
-60.30000000000026
-63.00000000000022
-56.40000000000021
-62.80000000000023
-63.800000000000416
-57.30000000000022
-61.20000000000022
-57.900000000000226
-54.40000000000019
-58.90000000000047
-54.70000000000017
-64.00000000000018
-63.800000000000175
-56.50000000000022
-60.10000000000016
-60.3000000000002
-60.300000000000445
-60.40000000000027
-58.200000000000294
-60.30000000000023
-59.9000000000003
-60.50000000000028
-60.20000000000025
-57.50000000000042
-61.20000000000024
-57.50000000000042
-61.200000000000195
-58.10000000000024
-61.6000000000002
-64.00000000000027
-61.40000000000047
-60.90000000000027
-59.50000000000026
-61.20000000000022
-57.70000000000024
-60.1000000000005
-61.400000000000084
-58.20000000000028
-63.800000000000516
-64.00000000000013
-58.10000000000051
-61.60000000000047
-60.30000000000012
-64.00000000000048
-61.80000000000047
-57.90000000000031
-60.30000000000049
-60.70000000000051
-58.100000000000186
-61.40000000000048
-61.00000000000016
-60.80000000000009
-57.900000000000496
-63.40000000000021
-58.100000000000485
-54.80000000000022
-56.800000000000104
-56.60000000000051
-59.500000000000234
-60.700000000000095
-60.50000000000009
-63.00000000000025
-60.70000000000024
-60.30000000000012
-63.800000000000246
-64.20000000000012
-61.800000000000104
-58.800000000000246
-52.90000000000016
-57.20000000000011
-59.9000000000001
-61.600000000000215
-60.600000000000115
-60.100000000000115
-63.60000000000051
-60.500000000000504
-60.400000000000524
-59.1000000000005
-63.20000000000048
-60.70000000000051
-64.2000000000005
-56.00000000000009
-64.00000000000036
-64.0000000000001
-57.70000000000005
-61.60000000000014
-64.40000000000038
-60.30000000000047
-57.90000000000048
-60.90000000000045
-60.10000000000006
-61.400000000000354
-64.00000000000013
-63.60000000000013
-64.00000000000053
-60.9000000000004
-61.400000000000084
-64.00000000000009
-61.40000000000057
-64.40000000000057
-56.80000000000039
-58.00000000000038
-57.40000000000037
-58.30000000000013
-61.400000000000496
-61.20000000000038
-63.20000000000038
-60.30000000000013
-57.40000000000014
-60.100000000000115
-60.90000000000044
-60.9000000000004
-60.50000000000049
-63.800000000000175
-60.800000000000445
-58.300000000000374
-64.00000000000014
-60.9000000000004
-61.20000000000018
-64.00000000000037
-60.900000000000425
-64.20000000000036
-60.10000000000037
-60.70000000000041
-55.8000000000002
-57.00000000000045
-61.00000000000043
-61.6000000000004
-60.1000000000004
-63.00000000000039
-60.50000000000022
-60.3000000000004
-57.800000000000246
-63.00000000000043
-59.50000000000042
-61.6000000000002
-61.200000000000365
-57.70000000000041
-63.400000000000354
-63.600000000000385
-64.40000000000039
-61.80000000000023
-60.500000000000334
-61.40000000000031
-64.20000000000037
-61.200000000000436
-61.20000000000041
-61.60000000000037
-63.8000000000004
-60.80000000000026
-62.40000000000027
-61.400000000000425
-64.00000000000027
-63.800000000000374
-59.200000000000394
-64.40000000000038
-61.4000000000004
-63.60000000000036
-63.800000000000374
-64.00000000000037
-60.80000000000036
-57.90000000000027
-60.500000000000405
-60.50000000000036
-62.80000000000036
-64.20000000000041
-63.60000000000036
-61.00000000000035
-64.40000000000032
-63.8000000000003
-58.10000000000034
-60.70000000000028
-60.10000000000043
-58.900000000000354
-61.00000000000035
-64.00000000000041
-63.60000000000044
-64.40000000000038
-60.500000000000334
-60.500000000000405
-58.800000000000274
-63.80000000000039
-60.90000000000038
-64.20000000000036
-60.10000000000047
-57.40000000000024
-64.20000000000041
-58.800000000000246
-57.900000000000425
-61.60000000000027
-58.10000000000024
-57.40000000000038
-59.20000000000052
-61.8000000000005
-62.20000000000034
-64.40000000000046
-64.00000000000036
-60.90000000000048
-60.700000000000394
-64.20000000000037
-60.50000000000032
-63.80000000000033
-63.6000000000003



The list of values average 

-18.747277777778194
-0.4745000000004194
-12.802500000000414
-10.739444444444864
-10.088444444444859
-15.693777777778193
-10.597111111111536
-14.167888888889301
-13.078944444444863
-13.459500000000414
-14.858333333333748
-13.87800000000042
-14.424388888889299
-14.19927777777819
-14.684222222222637
-15.728611111111528
-15.220611111111522
-15.3253888888893
-15.99972222222263
-15.480666666667078
-16.718444444444863
-16.701333333333743
-17.424333333333745
-17.92227777777818
-16.996055555555966
-18.273222222222643
-18.61494444444486
-17.922555555555956
-19.331111111111515
-18.220444444444844
-18.826333333333743
-19.078388888889297
-19.00544444444486
-19.12316666666708
-19.48983333333374
-19.58938888888929
-20.0625000000004
-19.492888888889297
-20.739777777778194
-20.25100000000041
-21.317000000000405
-20.25094444444485
-21.272500000000406
-21.32361111111151
-21.398166666667066
-22.148666666667076
-22.25527777777818
-22.615666666667074
-22.13577777777819
-22.637111111111516
-22.206777777778175
-22.39627777777818
-22.961277777778182
-23.927111111111515
-23.699222222222623
-24.663888888889286
-23.708111111111517
-24.35755555555597
-23.217666666667064
-24.65205555555595
-24.996944444444853
-24.700277777778176
-25.679888888889295
-24.92761111111151
-25.125555555555973
-24.950166666667073
-25.70794444444484
-26.146666666667063
-25.99411111111152
-26.395388888889276
-25.716555555555956
-27.046000000000397
-26.759722222222635
-26.466444444444853
-26.918611111111513
-26.64516666666706
-27.519333333333744
-27.61755555555596
-27.785611111111507
-28.184277777778174
-27.305166666667073
-28.767111111111504
-27.46972222222263
-28.29994444444485
-28.406000000000397
-28.578722222222623
-28.163222222222622
-29.41427777777817
-28.18872222222263
-29.355444444444835
-29.315833333333725
-29.20027777777817
-29.471722222222606
-29.520000000000387
-29.93711111111149
-29.75733333333372
-30.077666666667056
-30.04716666666706
-29.909500000000403
-30.181277777778174
-30.44155555555595
-30.66683333333372
-30.412888888889277
-31.17516666666706
-30.674166666667055
-31.01488888888929
-30.94811111111149
-31.485833333333723
-31.763555555555946
-32.39750000000039
-31.611833333333728
-32.02694444444484
-31.128722222222624
-32.2486111111115
-31.736500000000383
-31.940722222222604
-32.37177777777816
-32.09016666666706
-33.206444444444834
-32.7366111111115
-33.11338888888927
-32.6136111111115
-33.245666666667056
-33.137666666667066
-33.229500000000385
-33.32227777777816
-33.424222222222625
-33.41572222222261
-33.52183333333373
-34.0623888888893
-33.74538888888927
-34.02105555555595
-34.430111111111515
-34.4005000000004
-34.515888888889286
-34.3217222222226
-34.051444444444826
-34.72994444444485
-34.77538888888928
-34.68822222222263
-34.99872222222263
-34.89055555555594
-34.95033333333374
-35.223277777778165
-35.270833333333734
-35.07088888888927
-35.617777777778166
-35.453611111111485
-36.00672222222262
-35.57794444444483
-35.68222222222261
-36.06650000000041
-35.84394444444482
-36.0347222222226
-35.44866666666706
-36.297444444444814
-36.39466666666706
-36.37466666666706
-36.563333333333716
-36.714166666667055
-37.20977777777817
-36.66144444444483
-37.10844444444484
-36.72227777777817
-37.3891111111115
-36.652388888889256
-37.21294444444482
-37.311833333333716
-37.6881111111115
-37.08411111111151
-37.575055555555934
-37.58566666666703
-38.02077777777817
-37.9745000000004
-38.0835000000004
-37.51450000000039
-38.121111111111496
-38.13794444444482
-37.80561111111151
-38.85583333333371
-38.34966666666706
-38.73377777777818
-39.15522222222261
-38.552555555555934
-38.65916666666705
-38.53305555555596
-38.771277777778174
-38.77388888888928
-38.709555555555944
-39.34116666666708
-39.128722222222606
-39.2051111111115
-39.36527777777818
-39.63605555555593
-39.21516666666704
-40.02850000000039
-39.33711111111148
-40.15111111111149
-40.030444444444825
-39.64605555555594
-39.624000000000386
-39.71483333333371
-40.40594444444482
-40.32838888888926
-40.20744444444482
-40.13005555555595
-40.147277777778164
-40.254888888889276
-40.67794444444484
-40.378888888889264
-40.44238888888927
-40.72516666666706
-41.087388888889286
-40.96455555555594
-40.48088888888927
-40.92633333333371
-40.98527777777817
-41.05294444444484
-41.27661111111148
-40.9137222222226
-41.69300000000038
-41.48555555555593
-41.14966666666703
-41.44238888888929
-41.15405555555595
-41.57155555555593
-41.28438888888926
-42.24155555555593
-41.7183888888893
-42.425777777778166
-41.689888888889286
-41.90544444444481
-41.97355555555594
-42.034833333333715
-42.32300000000039
-42.48477777777816
-41.92366666666703
-42.41872222222262
-42.252111111111496
-42.382833333333714
-42.50883333333371
-42.41200000000035
-42.47761111111148
-43.11638888888928
-42.391888888889255
-42.734500000000395
-42.513000000000396
-42.68350000000038
-42.86800000000038
-42.855055555555936
-42.681722222222604
-43.007500000000384
-42.51016666666706
-43.67700000000037
-43.80655555555593
-43.54166666666705
-43.43344444444484
-43.7152222222226
-43.3951111111115
-43.9537222222226
-43.77655555555593
-43.899166666667035
-43.91033333333371
-44.07038888888927
-43.702333333333705
-44.325444444444834
-44.29600000000036
-44.193722222222604
-44.364388888889266
-43.642277777778155
-44.194500000000424
-43.98400000000038
-43.93144444444483
-44.52055555555594
-44.87000000000036
-44.58877777777816
-44.85050000000037
-44.59772222222261
-44.56405555555593
-44.7391111111115
-44.90811111111149
-44.76072222222257
-45.54000000000037
-45.17638888888928
-45.05550000000039
-44.94822222222258
-45.02911111111148
-45.082000000000384
-44.88561111111151
-44.922444444444835
-45.58050000000038
-45.38633333333371
-45.55688888888928
-45.26850000000039
-45.54866666666703
-45.57544444444483
-45.39300000000038
-45.22105555555592
-45.57188888888929
-45.50638888888927
-45.64350000000039
-46.146500000000366
-46.16277777777815
-46.461111111111514
-46.07177777777815
-45.885722222222626
-45.73116666666705
-45.39944444444481
-45.81877777777812
-45.92038888888926
-45.73500000000035
-46.20561111111149
-45.88511111111149
-46.21188888888927
-46.67716666666703
-46.67055555555593
-46.45088888888926
-46.231444444444826
-46.67583333333372
-46.191500000000374
-46.823111111111494
-46.646166666667064
-46.50600000000038
-46.68100000000035
-46.881333333333714
-46.81144444444483
-46.46627777777816
-46.98800000000037
-47.26694444444484
-47.16372222222259
-47.02138888888926
-46.77722222222261
-46.83816666666704
-46.711166666667054
-46.93450000000039
-46.969666666667045
-47.16605555555593
-47.087000000000366
-47.23055555555592
-47.24438888888928
-47.507833333333714
-47.48816666666703
-47.823833333333695
-47.793000000000376
-47.46827777777816
-47.47105555555592
-47.67877777777816
-47.568000000000374
-47.448000000000384
-47.75177777777813
-47.995166666667025
-47.746777777778135
-48.03566666666704
-47.788277777778156
-47.976555555555926
-47.703944444444836
-48.356055555555926
-48.22638888888926
-48.412500000000406
-48.29250000000036
-48.51444444444482
-48.2354444444448
-48.01061111111148
-48.259722222222564
-48.32511111111147
-48.18183333333373
-48.50200000000037
-48.45061111111149
-48.254555555555946
-48.02250000000037
-48.26833333333371
-48.204277777778145
-48.83266666666702
-48.3040000000004
-47.90755555555592
-48.36088888888926
-48.66883333333368
-48.38188888888925
-48.695722222222585
-48.753555555555934
-49.20577777777813
-48.92500000000035
-48.89877777777816
-48.85377777777815
-49.19572222222258
-49.23361111111149
-49.11616666666705
-48.93855555555594
-48.84000000000037
-49.097111111111495
-49.18005555555593
-48.97094444444481
-49.486444444444814
-49.57955555555592
-49.19955555555594
-48.97800000000037
-49.024111111111466
-49.715611111111464
-49.430555555555905
-49.60277777777813
-49.22822222222258
-49.08688888888928
-49.20033333333371
-49.06838888888924
-49.35511111111149
-49.66200000000037
-49.10261111111145
-49.95944444444481
-49.87444444444479
-49.69894444444481
-49.62077777777815
-49.60250000000037
-50.078777777778136
-49.666777777778144
-49.98144444444481
-49.605555555555924
-50.04455555555592
-50.103888888889244
-49.928444444444814
-50.029277777778134
-49.93105555555589
-50.11827777777815
-50.282500000000354
-50.046444444444816
-50.10238888888924
-50.44972222222258
-49.70061111111143
-50.35594444444481
-50.024833333333696
-50.20783333333369
-50.12394444444481
-50.26600000000037
-50.26594444444481
-50.04677777777815
-49.989111111111484
-50.34594444444479
-50.14405555555593
-49.9594444444448
-50.237444444444805
-50.17300000000035
-50.658000000000364
-50.217055555555916
-50.68455555555591
-50.49916666666702
-50.75138888888927
-51.07294444444479
-50.467888888889235
-50.68816666666703
-50.85383333333369
-50.74377777777818
-50.628666666667016
-50.63672222222255
-50.90772222222257
-50.47500000000035
-50.8615555555559
-50.7839444444448
-50.774000000000356
-50.920555555555914
-51.043388888889226
-51.17055555555592
-50.889777777778136
-51.278500000000356
-51.115111111111446
-50.81850000000036
-50.852944444444795
-51.03822222222258
-51.28805555555594
-50.68850000000037
-51.396944444444806
-50.79172222222259
-51.17227777777814
-50.9083333333337
-51.1032222222226
-51.27750000000034
-51.24494444444481
-51.1040555555559
-51.130333333333674
-51.13733333333367
-51.518722222222564
-51.181388888889245
-51.378444444444774
-51.30327777777812
-51.483722222222575
-51.61461111111145
-51.455555555555925
-51.400055555555916
-51.29950000000035
-51.375111111111465
-51.61466666666702
-51.611333333333704
-51.59394444444479
-51.30094444444481
-51.567555555555906
-51.194888888889245
-51.63727777777816
-51.79927777777812
-51.66294444444478
-51.85005555555593
-51.49983333333369
-51.86655555555589
-51.19822222222258
-51.93077777777812
-51.54138888888922
-51.725333333333694
-52.05172222222259
-52.172166666667025
-52.064722222222564
-51.90822222222258
-51.77922222222258
-52.09877777777812
-51.70744444444478
-52.189611111111475
-51.73261111111146
-52.16822222222257
-51.85244444444478
-51.879666666667035
-51.92016666666703
-52.09838888888925
-52.264777777778136
-52.02277777777814
-52.58700000000032
-52.321277777778135
-52.42466666666701
-52.370111111111434
-52.45605555555591
-52.185333333333695
-52.24188888888922
-52.64177777777811
-52.52111111111145
-52.632500000000334
-52.68555555555591
-52.52772222222257
-52.47411111111145
-52.30050000000035
-52.174333333333685
-52.25916666666699
-52.73788888888925
-52.477555555555895
-52.293555555555905
-52.46544444444477
-52.64400000000032
-52.57866666666705
-52.43094444444479
-52.442722222222585
-52.57244444444478
-52.8880555555559
-52.62227777777813
-52.594833333333696
-52.52827777777814
-52.638111111111456
-52.78922222222257
-52.79150000000034
-53.367500000000355
-53.38150000000033
-53.570666666667
-53.031500000000335
-53.344666666667024
-53.00005555555592
-53.336388888889246
-53.47272222222257



The list of best values average 

-43.38000000000041
-33.35300000000041
-36.703000000000415
-35.6180000000004
-34.649000000000406
-37.3740000000004
-33.86100000000041
-37.830000000000396
-36.7300000000004
-36.779000000000416
-36.9640000000004
-37.92800000000042
-38.26100000000041
-37.04900000000041
-38.16600000000043
-38.1670000000004
-39.25400000000039
-39.51300000000041
-39.2810000000004
-38.91100000000041
-39.898000000000415
-40.442000000000405
-39.972000000000385
-40.352000000000416
-39.91400000000042
-40.176000000000414
-40.384000000000405
-40.448000000000384
-40.3250000000004
-41.175000000000395
-40.72600000000042
-41.149000000000406
-39.8510000000004
-40.84200000000039
-40.93400000000042
-40.96700000000041
-41.23000000000039
-41.483000000000395
-42.01700000000041
-41.877000000000415
-42.9400000000004
-41.77100000000039
-43.4200000000004
-42.114000000000395
-42.65200000000038
-43.61600000000039
-43.76500000000037
-44.33400000000041
-42.760000000000396
-43.21300000000039
-43.605000000000395
-43.45000000000037
-44.99100000000042
-43.91400000000041
-44.579000000000406
-45.0050000000004
-44.29900000000039
-45.394000000000375
-44.44900000000041
-44.83300000000041
-45.21400000000042
-45.020000000000394
-45.10300000000041
-44.81300000000039
-45.538000000000366
-45.58100000000038
-45.266000000000396
-46.3990000000004
-45.9960000000004
-45.1230000000004
-45.86900000000041
-45.82000000000039
-45.914000000000414
-46.490000000000386
-46.391000000000375
-46.07200000000037
-46.10000000000039
-46.93200000000036
-46.47800000000045
-47.649000000000385
-46.32400000000038
-46.79300000000041
-46.3130000000004
-46.56700000000038
-46.7930000000004
-47.262000000000384
-46.82200000000041
-46.86700000000042
-46.741000000000355
-46.775000000000375
-47.449000000000396
-48.1190000000004
-47.738000000000405
-47.1650000000004
-47.804000000000386
-47.78400000000036
-48.4530000000004
-47.93200000000039
-48.13500000000036
-47.88300000000039
-48.58600000000038
-48.669000000000416
-48.22300000000038
-48.79000000000037
-48.610000000000376
-48.54700000000039
-48.421000000000404
-48.727000000000416
-48.957000000000406
-48.7640000000004
-49.31200000000044
-49.0500000000004
-48.83300000000036
-49.8120000000004
-48.85200000000038
-49.317000000000405
-49.350000000000385
-49.99900000000037
-50.090000000000416
-49.2710000000004
-49.65900000000039
-49.56100000000041
-50.10900000000039
-50.17600000000041
-49.667000000000385
-50.016000000000396
-50.05700000000041
-49.769000000000396
-49.96300000000038
-50.61600000000038
-50.53100000000039
-51.2500000000004
-51.61500000000042
-50.83200000000039
-50.923000000000414
-50.981000000000385
-51.2710000000004
-51.5230000000004
-50.933000000000405
-51.71700000000038
-51.20000000000038
-50.99800000000039
-51.1700000000004
-51.66000000000039
-51.664000000000414
-50.747000000000384
-51.57000000000038
-51.08300000000039
-51.4680000000004
-51.564000000000384
-51.7320000000004
-52.20200000000039
-51.71100000000036
-51.57200000000039
-51.76600000000039
-52.103000000000385
-51.75100000000036
-51.8050000000004
-52.06500000000036
-52.82500000000038
-52.40800000000041
-52.34200000000039
-52.52500000000041
-52.458000000000354
-53.10700000000036
-52.06600000000041
-51.95500000000038
-53.26600000000039
-52.82400000000042
-52.39200000000039
-52.30300000000037
-52.52200000000039
-52.99000000000038
-53.27400000000037
-53.08400000000041
-52.75600000000038
-52.71600000000037
-53.133000000000365
-52.88300000000035
-53.9240000000004
-53.83700000000039
-53.40900000000038
-53.538000000000366
-53.57700000000035
-53.3250000000004
-53.744000000000376
-53.94200000000036
-54.01300000000036
-53.23000000000035
-53.90300000000037
-53.95000000000035
-53.72200000000035
-53.71000000000037
-53.89600000000039
-53.81800000000037
-54.27200000000035
-53.98000000000039
-54.70100000000033
-54.30500000000039
-53.82000000000038
-54.6260000000004
-54.03900000000036
-54.740000000000386
-54.97000000000035
-54.136000000000394
-54.151000000000366
-54.47800000000038
-54.6440000000004
-54.61500000000039
-54.069000000000386
-54.80000000000038
-54.91100000000038
-55.07500000000038
-55.858000000000416
-54.93100000000039
-55.266000000000375
-54.76200000000039
-55.142000000000365
-54.802000000000355
-54.82100000000037
-55.626000000000374
-55.447000000000386
-55.2730000000004
-55.16100000000037
-54.59900000000036
-55.622000000000405
-55.02900000000036
-55.633000000000365
-55.639000000000365
-55.57900000000038
-55.270000000000366
-55.15200000000041
-55.324000000000346
-55.30600000000042
-55.60200000000036
-55.81600000000036
-55.336000000000375
-55.90800000000039
-55.77600000000033
-55.72900000000038
-56.02600000000036
-55.72300000000037
-55.71400000000042
-56.245000000000395
-55.86900000000035
-55.99100000000038
-55.90400000000039
-56.138000000000346
-56.22100000000038
-56.57700000000042
-56.065000000000374
-55.50500000000039
-55.391000000000396
-56.34400000000036
-56.0690000000004
-56.506000000000405
-56.44700000000039
-56.47700000000038
-56.76500000000041
-57.45200000000035
-56.82300000000036
-56.509000000000384
-56.73400000000036
-56.8700000000004
-56.561000000000355
-56.63900000000037
-57.00700000000039
-57.05300000000039
-57.012000000000384
-56.70600000000039
-56.28500000000036
-56.47600000000036
-56.773000000000366
-57.11800000000035
-57.57500000000039
-57.396000000000384
-57.87600000000037
-57.39800000000036
-57.01200000000041
-57.220000000000375
-57.500000000000426
-57.751000000000396
-57.089000000000404
-57.77100000000041
-57.64700000000039
-57.242000000000424
-57.54300000000038
-57.72300000000036
-57.5070000000004
-57.03200000000037
-58.15900000000035
-57.51400000000037
-57.70900000000039
-57.735000000000404
-57.49300000000039
-57.914000000000414
-58.01600000000042
-57.6920000000004
-57.75900000000038
-57.65100000000041
-57.36600000000038
-58.12900000000038
-57.950000000000394
-58.588000000000406
-57.83100000000037
-58.2880000000004
-57.91400000000034
-57.16900000000037
-58.149000000000385
-58.06700000000033
-57.75100000000039
-58.01300000000034
-57.922000000000416
-58.30100000000038
-58.64400000000037
-58.16100000000039
-58.315000000000396
-58.18000000000036
-57.95400000000045
-58.3030000000004
-58.137000000000384
-58.77700000000038
-58.278000000000354
-58.57700000000032
-58.626000000000424
-58.526000000000394
-58.171000000000376
-58.67300000000037
-58.765000000000335
-58.30700000000039
-58.82100000000037
-58.943000000000346
-58.11000000000037
-58.92100000000037
-58.98100000000037
-58.73400000000038
-58.432000000000365
-58.976000000000354
-58.70400000000034
-58.666000000000366
-58.513000000000375
-58.871000000000386
-59.3450000000004
-58.20800000000038
-58.902000000000406
-59.230000000000366
-59.355000000000366
-58.8390000000004
-59.42400000000037
-58.83900000000036
-59.136000000000365
-59.04100000000038
-59.4000000000004
-59.350000000000364
-59.287000000000376
-58.90100000000038
-59.7100000000004
-59.33800000000037
-59.28300000000036
-59.12700000000034
-59.53300000000037
-59.645000000000366
-59.72500000000038
-59.412000000000354
-59.289000000000385
-59.283000000000335
-59.63300000000038
-59.768000000000335
-59.332000000000406
-58.955000000000354
-59.307000000000336
-59.35000000000034
-59.70600000000039
-59.50500000000039
-59.00400000000035
-59.29100000000037
-59.77400000000037
-59.54300000000036
-59.43000000000034
-59.563000000000365
-60.07600000000038
-59.87400000000036
-59.64100000000037
-60.04500000000039
-59.72000000000036
-59.63000000000032
-59.90200000000036
-59.941000000000386
-59.61700000000039
-59.829000000000384
-59.82000000000037
-59.629000000000396
-60.16000000000035
-60.11800000000035
-59.8880000000004
-59.797000000000345
-59.99500000000035
-60.18300000000038
-60.52500000000034
-60.34200000000035
-59.98800000000036
-59.52200000000034
-60.034000000000354
-59.873000000000374
-60.14100000000034
-60.23600000000038
-60.0580000000004
-60.458000000000354
-60.22400000000034
-60.459000000000366
-60.28100000000036
-59.92000000000034
-60.44200000000036
-60.580000000000375
-60.04900000000036
-60.27000000000032
-60.34500000000033
-60.70000000000041
-60.3330000000004
-60.45800000000035
-60.350000000000364
-60.522000000000354
-60.23600000000038
-60.679000000000364
-60.59600000000032
-60.58000000000041
-60.034000000000376
-60.51400000000036
-60.137000000000356
-60.66900000000032
-60.42400000000036
-60.63600000000038
-60.795000000000265
-60.63500000000039
-60.11100000000036
-60.46700000000034
-60.65300000000033
-60.02400000000037
-59.887000000000356
-60.12900000000037
-60.76000000000038
-60.71200000000038
-60.90200000000036
-60.429000000000336
-60.425000000000345
-61.179000000000386
-60.45000000000037
-61.04300000000037
-60.765000000000384
-61.160000000000316
-60.573000000000384
-60.76600000000032
-60.66800000000034
-60.57100000000036
-60.68900000000036
-60.69000000000032
-60.864000000000374
-60.958000000000375
-61.06300000000034
-61.00800000000037
-60.798000000000314
-61.01800000000031
-60.96200000000033
-60.43000000000035
-60.62300000000031
-60.71500000000034
-61.07100000000034
-60.78100000000033
-60.850000000000364
-60.85100000000042
-60.93500000000033
-60.76200000000039
-61.22900000000037
-60.98700000000034
-60.69400000000038
-60.69900000000038
-61.15500000000035
-60.81300000000033
-60.883000000000365
-60.898000000000366
-61.05700000000038
-61.23000000000032
-61.33400000000038
-61.334000000000366
-61.08200000000031
-60.980000000000366
-61.08200000000033
-60.934000000000374
-61.498000000000374
-61.42300000000029
-61.11200000000032
-61.007000000000325
-61.250000000000384
-61.26200000000036
-60.948000000000356
-61.06900000000033
-61.22400000000034
-61.064000000000384
-60.93700000000037
-61.57500000000034
-61.28000000000038
-61.4260000000004
-61.17900000000037
-61.34500000000036
-61.213000000000314
-61.66800000000032
-61.75600000000037
-61.080000000000354
-61.161000000000335
-61.62500000000034
-61.02000000000038
-61.50800000000034
-61.53700000000035
-61.392000000000365
-61.3930000000004
-61.663000000000345
-61.245000000000324
-61.472000000000314
-61.656000000000326
-61.23100000000037
-61.838000000000385
-61.540000000000354
-61.91600000000035
-61.322000000000344
-61.70800000000036
-61.456000000000344
-61.69900000000039
-61.6600000000003
-61.98600000000033
-61.71700000000035
-61.652000000000385
-61.46700000000039
-62.005000000000344
-61.32200000000035
-61.35400000000034
-61.62300000000029
-61.856000000000364
-61.95800000000031
-61.11300000000034
-61.48000000000033
-62.0320000000003
-61.72000000000033
-61.65500000000031
-61.667000000000314
-61.635000000000346
-61.55300000000033
-62.016000000000375
-61.63400000000036
-61.764000000000344
-61.647000000000375
-61.66100000000034
-61.98300000000036
-61.89000000000035
-61.82100000000034
-62.08800000000032
-61.643000000000356
-61.620000000000346
-61.77700000000041
-61.68300000000033
-62.03300000000032
