----------Report of simulation of Quantum Parallel Tempering - Population Annealing v2-----------
The number of considered Spin48
The considered Annealing Duration 480
The considered Annealing Number 100
The considered T 1.0
The considered Gamma0 1.0
The considered Number Of Replica 3
The considered Number Of System Tempering 3
The considered Number Of System Population 3
The solution found [-1.  1. -1.  1. -1.  1. -1.  1. -1.  1. -1.  1. -1.  1. -1.  1. -1.  1.
  1. -1. -1.  1.  1. -1. -1.  1.  1. -1.  1.  1. -1. -1.  1.  1. -1. -1.
  1.  1. -1. -1.  1.  1. -1. -1.  1.  1. -1. -1.]
The value found -96.80000000000031
The Success probability is 0.0
The average value is -96.73800000000011
The total execution time is 614.8569827079773
The average time for execution is 6.148568181991577
The average time for all systems update is 0.012778945957620939
The average time for system tempering update is 0.0021470686081382965
The average time for system population update is 297.080420255661
The average time for replica update is 0.0007013671721021335
The average time for spin update is 1.4370137630145492e-05
The list of values found 

-96.80000000000015
-96.6000000000002
-96.60000000000024
-96.80000000000015
-96.60000000000036
-96.80000000000011
-96.8
-96.80000000000015
-96.80000000000015
-96.80000000000007
-96.60000000000048
-96.8000000000001
-96.8000000000001
-96.80000000000015
-96.60000000000014
-96.79999999999998
-96.60000000000034
-96.60000000000014
-96.8000000000001
-96.8000000000001
-96.80000000000018
-96.80000000000021
-96.8
-96.80000000000018
-96.80000000000027
-96.60000000000022
-96.80000000000004
-96.80000000000024
-96.79999999999995
-96.60000000000025
-96.60000000000025
-96.80000000000001
-96.80000000000025
-96.8000000000003
-96.8000000000001
-96.80000000000015
-96.80000000000001
-96.80000000000022
-96.60000000000014
-96.80000000000022
-96.8000000000003
-96.80000000000004
-96.8000000000001
-96.80000000000013
-96.60000000000016
-96.8000000000003
-96.80000000000015
-96.80000000000011
-96.80000000000007
-96.80000000000001
-96.80000000000013
-96.80000000000008
-96.60000000000025
-96.80000000000031
-96.60000000000025
-96.60000000000014
-96.8000000000001
-96.80000000000013
-96.7999999999999
-96.60000000000014
-96.80000000000007
-96.60000000000022
-96.80000000000024
-96.80000000000024
-96.80000000000021
-96.80000000000015
-96.60000000000014
-96.80000000000014
-96.60000000000024
-96.60000000000022
-96.80000000000015
-96.60000000000022
-96.80000000000021
-96.60000000000021
-96.8000000000003
-96.60000000000036
-96.60000000000014
-96.6000000000002
-96.79999999999995
-96.60000000000025
-96.80000000000004
-96.6000000000002
-96.60000000000025
-96.80000000000013
-96.8000000000001
-96.60000000000016
-96.6000000000003
-96.80000000000007
-96.79999999999995
-96.80000000000014
-96.80000000000015
-96.80000000000007
-96.8000000000001
-96.80000000000013
-96.8000000000001
-96.80000000000015
-96.80000000000015
-96.80000000000013
-96.6000000000003
-96.80000000000024



The list of values first execution 

-54.3777777777779
-50.15555555555569
-61.18888888888902
-51.30000000000014
-58.43888888888901
-58.177777777777905
-59.97222222222235
-61.93333333333346
-60.51111111111123
-59.85000000000012
-62.038888888889005
-57.39444444444458
-61.93333333333347
-58.68333333333346
-63.19444444444456
-60.37222222222233
-64.85555555555567
-59.37222222222234
-65.29444444444455
-59.96111111111122
-60.59444444444456
-60.68888888888901
-64.14444444444456
-58.405555555555665
-64.20555555555568
-64.70000000000012
-60.405555555555665
-57.8277777777779
-62.433333333333444
-61.816666666666784
-56.33333333333346
-64.02222222222233
-56.84444444444457
-63.28333333333343
-61.01111111111124
-61.06111111111123
-66.2666666666668
-60.40000000000012
-63.494444444444554
-61.200000000000124
-64.18888888888901
-64.06111111111123
-63.5777777777779
-62.08333333333345
-62.30555555555567
-65.01666666666677
-65.11111111111124
-67.77777777777789
-66.85555555555567
-67.71111111111125
-66.06111111111123
-61.30000000000013
-65.788888888889
-66.04444444444457
-67.95000000000012
-61.87222222222234
-65.06666666666678
-62.39444444444457
-63.67777777777789
-62.550000000000104
-64.15000000000012
-65.52222222222234
-66.08333333333344
-68.15555555555567
-66.08333333333344
-64.3777777777779
-61.494444444444554
-64.38333333333344
-62.9666666666668
-68.36666666666679
-66.47222222222234
-62.861111111111235
-63.52777777777789
-65.35555555555567
-64.51111111111122
-64.23888888888901
-65.67222222222235
-64.85000000000011
-65.21111111111122
-66.97222222222234
-63.20555555555567
-68.09444444444456
-63.4777777777779
-65.75000000000011
-65.38888888888897
-63.933333333333444
-67.95000000000012
-63.47222222222232
-64.56666666666678
-66.92222222222235
-64.16666666666677
-67.238888888889
-64.30555555555567
-66.25555555555567
-66.13333333333344
-68.86666666666676
-65.9500000000001
-71.17222222222235
-66.038888888889
-67.26666666666681
-67.03333333333345
-62.361111111111235
-65.49444444444457
-66.21111111111122
-64.92222222222235
-64.2777777777779
-64.51111111111123
-67.28333333333347
-66.62222222222235
-67.22777777777789
-66.48888888888901
-65.39444444444456
-68.07222222222234
-72.27777777777789
-66.52222222222234
-66.63333333333345
-66.35555555555567
-63.7277777777779
-64.86666666666679
-65.98888888888902
-68.74444444444457
-66.81111111111123
-67.56111111111125
-70.06666666666679
-69.39444444444456
-71.26111111111123
-65.78333333333347
-69.31666666666678
-70.15000000000013
-69.69444444444457
-67.43888888888901
-67.96666666666678
-68.93888888888901
-69.16111111111124
-65.7666666666668
-67.39444444444456
-64.46666666666678
-65.20000000000012
-69.36666666666679
-68.43888888888901
-67.68888888888902
-64.81111111111123
-67.73333333333345
-69.40555555555567
-68.58888888888902
-68.29444444444457
-68.12777777777791
-65.43333333333345
-65.86666666666679
-69.4166666666668
-67.93888888888901
-68.43888888888902
-66.74444444444458
-70.01666666666681
-68.81666666666679
-68.37222222222236
-67.98888888888902
-64.74444444444458
-65.4666666666668
-66.18333333333347
-69.08888888888903
-69.69444444444457
-67.87777777777792
-67.51111111111123
-71.40555555555568
-67.52222222222237
-71.34444444444459
-71.62777777777791
-70.08888888888903
-70.53333333333347
-66.92777777777792
-67.3555555555557
-67.76111111111125
-67.07777777777792
-67.72222222222236
-67.9055555555557
-67.07222222222236
-67.6166666666668
-68.27222222222237
-69.84444444444459
-72.09444444444459
-68.77222222222237
-70.61666666666682
-69.12222222222235
-69.9777777777779
-72.9166666666668
-73.50000000000014
-70.11666666666682
-71.50000000000014
-71.3666666666668
-71.45555555555569
-73.57777777777792
-69.70555555555569
-73.21111111111126
-66.46666666666678
-71.32222222222235
-70.85000000000014
-69.7166666666668
-70.31111111111126
-71.38888888888901
-71.2166666666668
-73.35000000000011
-72.15000000000015
-72.4277777777779
-68.4777777777779
-71.39444444444456
-68.57222222222234
-72.18888888888902
-71.1277777777779
-70.4500000000001
-72.52222222222234
-70.80555555555567
-71.56666666666679
-71.5000000000001
-72.20555555555565
-72.37222222222233
-72.338888888889
-72.25555555555566
-71.1000000000001
-70.17222222222232
-73.02777777777789
-69.3722222222223
-74.738888888889
-72.10555555555567
-71.99444444444455
-72.90000000000009
-74.1000000000001
-73.838888888889
-74.04444444444454
-73.17222222222233
-72.47777777777789
-72.28333333333345
-75.5166666666668
-74.7000000000001
-76.16666666666679
-77.44444444444456
-76.67777777777786
-72.13888888888899
-73.52222222222231
-72.97777777777789
-69.14444444444456
-72.17777777777788
-71.588888888889
-75.01666666666677
-71.28888888888899
-73.03333333333343
-72.11666666666677
-73.48333333333345
-71.51666666666675
-72.24444444444454
-70.26666666666677
-74.3111111111112
-71.24444444444454
-74.0722222222223
-74.90000000000008
-71.25000000000009
-73.07222222222231
-73.62222222222229
-74.3722222222223
-74.12777777777785
-71.88888888888897
-74.44444444444451
-76.80555555555563
-73.88333333333343
-76.75555555555565
-75.59444444444453
-71.43333333333342
-73.33333333333343
-74.27777777777787
-73.80000000000008
-74.91666666666674
-71.3444444444445
-75.9722222222223
-74.6333333333334
-78.57777777777785
-74.53888888888895
-73.36666666666675
-73.42777777777786
-71.23888888888898
-72.21666666666674
-71.95000000000009
-75.0333333333334
-73.33888888888897
-73.59444444444452
-75.85000000000008
-75.66111111111121
-72.9833333333334
-75.03888888888898
-76.42222222222232
-75.92222222222232
-76.0222222222223
-75.57777777777785
-74.4222222222223
-73.4611111111112
-73.72777777777787
-76.4111111111112
-75.2833333333334
-75.9722222222223
-74.7222222222223
-75.1222222222223
-74.5833333333334
-72.83333333333343
-76.3611111111112
-71.79444444444454
-72.38333333333341
-77.58888888888896
-75.18333333333341
-73.62222222222229
-77.31111111111117
-75.92777777777785
-74.0944444444445
-72.58888888888896
-71.92777777777785
-72.27777777777786
-75.23888888888898
-73.66666666666673
-76.45000000000009
-76.46666666666675
-76.34444444444452
-78.51111111111119
-76.89444444444453
-75.6333333333334
-78.46666666666674
-75.95555555555563
-75.65000000000006
-74.07222222222228
-71.5333333333334
-76.23888888888897
-74.61111111111116
-76.28888888888895
-76.26666666666672
-75.31666666666673
-73.72777777777782
-73.78888888888895
-71.70000000000003
-76.72222222222227
-75.60000000000007
-75.33333333333339
-76.50000000000004
-75.10000000000005
-74.77222222222228
-75.63888888888894
-75.53888888888895
-77.40000000000003
-74.36666666666672
-76.68888888888894
-75.63333333333338
-75.33888888888895
-73.89444444444449
-73.18333333333337
-72.58333333333339
-75.00000000000006
-75.40555555555562
-75.41666666666671
-77.15555555555562
-77.29444444444452
-75.91666666666674
-74.59444444444452
-76.03888888888896
-76.18888888888895
-74.0555555555556
-78.20000000000005
-75.42222222222227
-77.95000000000005
-74.17777777777783
-74.64444444444449
-74.05000000000007
-77.62777777777784
-76.69444444444451
-77.85555555555561
-75.59444444444449
-77.41666666666671
-78.7722222222223
-77.23888888888895
-75.96111111111118
-77.7722222222223
-76.99444444444451
-78.85000000000007
-75.57777777777784
-75.17777777777785
-77.11666666666673
-76.02222222222228
-73.49444444444451
-76.57777777777784
-76.90000000000005
-76.60555555555561
-74.0333333333334
-76.83888888888893
-75.23888888888894
-78.73888888888892
-76.2277777777778
-75.03888888888893
-75.9444444444445
-77.03888888888895
-77.82777777777784
-74.46666666666674
-76.2944444444445
-73.87777777777784
-76.3944444444445
-73.90000000000005
-73.22777777777782
-78.70000000000006
-76.51666666666672
-77.78888888888893
-74.6055555555556
-75.88333333333338
-75.22222222222226
-75.33888888888893
-74.50000000000004
-78.78333333333339
-73.19444444444449
-75.53333333333339
-74.67777777777782
-76.88888888888896
-74.48333333333339
-76.86111111111117
-75.0833333333334
-77.64444444444449
-76.4055555555556
-80.0555555555556
-73.63888888888891
-75.33888888888893
-71.82777777777781
-74.66666666666669
-74.64444444444449
-74.96666666666671
-75.16111111111117
-78.43333333333337
-74.72222222222227
-78.17222222222225
-78.78888888888893
-79.48333333333338
-76.67222222222227
-79.6055555555556
-78.77222222222228
-80.01111111111113
-77.80000000000004
-77.27777777777784
-77.38888888888893
-80.39444444444449
-77.22222222222227
-75.45555555555558
-73.93888888888894
-78.02222222222225
-74.4666666666667
-78.89444444444447
-77.12777777777781
-79.86666666666672
-77.50000000000001
-78.59444444444449
-76.87777777777781
-79.46666666666671
-76.55555555555559
-79.22222222222226
-75.28888888888892
-79.80000000000004
-76.82777777777781
-77.73333333333336
-74.53888888888893
-79.78333333333336
-77.4444444444445
-76.80000000000001
-77.88888888888893
-73.37222222222225
-75.64444444444446
-75.5277777777778
-78.2277777777778
-78.56666666666669
-77.81666666666666
-77.93888888888893
-78.3666666666667
-79.93888888888893
-81.4055555555556
-78.26666666666671
-76.80555555555559
-80.19444444444444
-77.56111111111112
-81.41666666666669
-79.04444444444447
-80.13333333333335



The list of best values first execution 

-76.20000000000013
-89.40000000000015
-88.00000000000011
-94.20000000000013
-96.40000000000013
-96.40000000000012
-95.60000000000012
-90.60000000000014
-96.40000000000015
-89.8000000000001
-91.40000000000015
-92.10000000000014
-92.90000000000009
-94.6000000000001
-95.40000000000012
-95.40000000000009
-92.90000000000009
-96.2000000000001
-96.40000000000009
-92.90000000000012
-95.60000000000011
-96.40000000000009
-96.8000000000001
-96.40000000000009
-96.40000000000009
-95.60000000000008
-88.60000000000011
-91.90000000000012
-92.90000000000009
-96.60000000000011
-95.60000000000011
-93.10000000000011
-95.4000000000001
-92.7000000000001
-94.6000000000001
-93.10000000000011
-94.00000000000011
-90.30000000000013
-85.90000000000005
-92.70000000000012
-92.80000000000004
-93.60000000000011
-92.90000000000009
-88.60000000000005
-92.70000000000005
-96.20000000000005
-96.40000000000012
-96.40000000000012
-93.60000000000011
-96.60000000000011
-94.60000000000011
-93.10000000000007
-90.20000000000007
-95.40000000000012
-92.90000000000003
-96.60000000000011
-92.90000000000003
-96.20000000000013
-95.60000000000014
-96.20000000000002
-92.30000000000013
-93.60000000000014
-95.40000000000003
-92.10000000000002
-91.90000000000013
-95.4
-92.70000000000002
-92.90000000000012
-95.60000000000011
-96.4
-92.80000000000001
-95.60000000000011
-93.4
-96.60000000000011
-93.00000000000011
-95.60000000000014
-96.20000000000013
-92.10000000000001
-96.2
-96.40000000000012
-92.90000000000015
-89.90000000000015
-92.90000000000015
-94.60000000000014
-96.2000000000001
-92.10000000000011
-96.4
-96.40000000000016
-93.80000000000011
-96.60000000000016
-95.40000000000015
-95.60000000000015
-95.6
-90.10000000000016
-90.70000000000016
-89.7000000000001
-92.9000000000001
-95.40000000000009
-92.00000000000016
-90.30000000000015
-93.80000000000013
-91.99999999999999
-92.90000000000012
-91.90000000000012
-94.60000000000018
-92.10000000000014
-91.20000000000019
-92.10000000000011
-92.89999999999996
-93.0000000000002
-95.60000000000021
-95.59999999999994
-93.60000000000022
-96.40000000000023
-96.39999999999993
-92.99999999999993
-94.59999999999994
-96.19999999999993
-93.39999999999993
-96.60000000000025
-95.60000000000025
-92.90000000000026
-94.39999999999995
-96.40000000000015
-92.30000000000024
-91.19999999999996
-92.00000000000026
-95.60000000000025
-92.70000000000024
-93.79999999999994
-95.39999999999993
-96.59999999999994
-95.39999999999992
-90.30000000000027
-96.20000000000026
-93.80000000000024
-93.10000000000012
-93.00000000000013
-93.10000000000012
-92.10000000000014
-95.60000000000024
-96.20000000000022
-94.80000000000013
-95.40000000000012
-96.39999999999995
-96.39999999999995
-91.09999999999994
-93.09999999999994
-93.10000000000012
-93.09999999999994
-89.60000000000014
-93.80000000000013
-94.60000000000021
-92.9000000000002
-92.19999999999996
-95.4000000000002
-95.80000000000021
-95.80000000000011
-95.8000000000002
-96.20000000000019
-92.69999999999996
-95.39999999999998
-95.60000000000012
-96.40000000000019
-94.40000000000012
-95.6000000000002
-96.40000000000019
-92.70000000000019
-95.60000000000011
-89.2000000000001
-90.70000000000019
-92.7000000000001
-96.20000000000017
-93.00000000000018
-96.39999999999996
-92.1000000000002
-95.80000000000013
-95.4000000000001
-96.60000000000011
-94.80000000000011
-95.40000000000018
-96.40000000000018
-95.39999999999992
-92.7000000000001
-95.60000000000016
-95.60000000000018
-94.80000000000018
-95.39999999999989
-87.7000000000001
-92.30000000000018
-96.2000000000001
-96.40000000000018
-96.20000000000016
-93.10000000000008
-96.20000000000019
-95.40000000000018
-93.6000000000002
-95.59999999999988
-94.19999999999987
-92.70000000000019
-89.19999999999987
-92.9000000000002
-94.19999999999987
-92.90000000000009
-92.80000000000018
-96.20000000000017
-89.50000000000017
-91.3000000000001
-96.20000000000019
-91.19999999999987
-93.0000000000001
-92.99999999999989
-91.89999999999988
-96.20000000000009
-96.40000000000009
-96.39999999999988
-95.40000000000018
-95.60000000000018
-96.40000000000018
-94.60000000000018
-92.3000000000001
-92.90000000000009
-92.80000000000007
-96.40000000000018
-96.40000000000018
-94.59999999999988
-92.80000000000017
-92.80000000000018
-95.39999999999988
-92.90000000000018
-93.20000000000019
-94.6000000000001
-95.80000000000021
-96.20000000000019
-93.1000000000001
-96.20000000000009
-92.10000000000011
-92.8000000000001
-95.40000000000009
-92.29999999999984
-92.8000000000001
-95.40000000000018
-96.20000000000017
-95.60000000000016
-93.10000000000011
-92.8000000000001
-92.9000000000001
-95.59999999999982
-95.59999999999982
-92.10000000000008
-92.90000000000009
-96.19999999999982
-95.40000000000009
-91.40000000000015
-90.10000000000016
-92.6999999999998
-90.69999999999982
-95.3999999999998
-92.90000000000018
-96.3999999999998
-93.59999999999982
-95.40000000000009
-96.19999999999979
-95.80000000000005
-92.00000000000023
-96.40000000000012
-95.59999999999978
-95.59999999999978
-96.40000000000018
-96.20000000000013
-94.40000000000023
-94.60000000000012
-94.79999999999977
-96.39999999999978
-95.60000000000016
-96.40000000000023
-95.60000000000015
-96.40000000000015
-94.60000000000016
-95.79999999999978
-96.39999999999978
-96.39999999999978
-94.19999999999979
-92.90000000000018
-94.60000000000021
-95.5999999999998
-90.10000000000015
-92.19999999999999
-95.40000000000016
-95.60000000000016
-92.0
-93.0000000000002
-92.0999999999998
-95.39999999999979
-92.10000000000016
-96.80000000000015
-95.39999999999978
-96.39999999999978
-95.60000000000014
-96.40000000000015
-92.79999999999995
-92.20000000000013
-92.00000000000023
-85.90000000000023
-89.60000000000015
-93.10000000000014
-92.70000000000013
-95.40000000000013
-94.80000000000015
-95.39999999999978
-96.40000000000015
-91.89999999999976
-95.40000000000015
-93.60000000000016
-91.60000000000014
-93.99999999999977
-96.40000000000015
-96.40000000000015
-96.39999999999979
-95.80000000000018
-96.19999999999979
-95.39999999999979
-96.20000000000013
-93.1000000000002
-95.39999999999978
-90.50000000000014
-92.80000000000015
-92.89999999999998
-96.40000000000016
-95.59999999999974
-96.40000000000018
-92.80000000000001
-96.19999999999996
-95.40000000000015
-96.40000000000015
-95.60000000000002
-96.60000000000016
-96.39999999999992
-94.79999999999971
-92.80000000000013
-92.90000000000015
-92.99999999999991
-96.20000000000016
-96.19999999999993
-96.20000000000013
-95.39999999999972
-95.40000000000015
-92.00000000000017
-89.29999999999973
-92.20000000000014
-94.80000000000015
-95.60000000000021
-95.40000000000019
-95.6000000000002
-96.6000000000002
-96.39999999999975
-96.20000000000019
-92.7999999999999
-92.8000000000002
-92.10000000000002
-95.59999999999972
-95.60000000000002
-94.6000000000002
-93.09999999999971
-95.39999999999972
-89.5000000000002
-95.39999999999986
-93.00000000000004
-96.4000000000002
-92.90000000000005
-96.20000000000022
-96.39999999999989
-95.60000000000005
-95.40000000000016
-96.39999999999972
-96.20000000000016
-92.90000000000018
-96.20000000000022
-96.20000000000016
-94.59999999999988
-95.59999999999971
-92.99999999999989
-92.40000000000015
-92.6999999999997
-92.10000000000018
-95.40000000000018
-96.20000000000019
-96.39999999999972
-96.1999999999997
-92.80000000000017
-96.1999999999997
-93.00000000000023
-93.39999999999972
-93.09999999999971
-96.39999999999992
-92.6999999999999
-96.1999999999999
-92.09999999999971
-94.59999999999991
-92.30000000000014
-94.80000000000001
-95.40000000000015
-96.20000000000014
-95.80000000000022
-92.89999999999989
-95.39999999999966
-96.40000000000015
-96.40000000000015
-96.39999999999966
-95.60000000000014
-96.20000000000013
-96.40000000000015
-94.20000000000013
-96.19999999999999
-92.7
-92.8999999999999
-96.19999999999965
-96.40000000000015
-96.20000000000022
-96.39999999999965
-96.20000000000017
-92.99999999999966
-92.29999999999967
-94.60000000000021
-93.09999999999967
-95.59999999999965
-96.39999999999998
-95.60000000000021
-96.39999999999992
-96.1999999999999
-96.39999999999992
-95.59999999999991
-96.20000000000019
-96.4
-96.60000000000002
-96.20000000000016
-95.7999999999999
-96.40000000000003
-95.59999999999988
-95.6000000000002
-96.4
-96.4000000000002
-95.6000000000002
-93.59999999999991
-96.20000000000016
-95.60000000000016
-95.39999999999989
-95.6
-96.39999999999989
-94.79999999999998
-96.6
-96.4
-96.59999999999988
-95.79999999999988
-96.40000000000015
-96.39999999999986
-96.4
-96.60000000000001
-96.4
-96.6
-94.80000000000015
-96.40000000000016
-96.40000000000015
-93.10000000000014
-93.00000000000014
-96.39999999999995
-96.39999999999996
-95.40000000000016
-96.39999999999998
-96.60000000000014
-96.20000000000016
-96.59999999999962
-96.60000000000014
-95.60000000000018
-95.6000000000002
-96.40000000000012
-96.19999999999986
-96.39999999999998
-96.19999999999999
-96.40000000000012



The list of values average 

-56.42483333333345
-52.923500000000146
-59.229000000000106
-58.06422222222235
-60.187722222222355
-60.56922222222233
-61.2255555555557
-61.33077777777791
-61.303277777777936
-61.2061666666668
-61.79238888888902
-61.30711111111124
-61.99483333333349
-61.567277777777925
-61.68677777777786
-61.94033333333345
-62.19283333333344
-62.20294444444453
-62.11016666666681
-61.85133333333346
-61.88500000000009
-61.59200000000011
-62.532388888889
-62.109888888889024
-62.39172222222233
-62.35005555555566
-62.510055555555674
-62.22605555555569
-63.00411111111124
-62.739611111111245
-63.38355555555568
-62.370222222222324
-63.18033333333345
-62.3457777777779
-62.85061111111124
-62.812388888889004
-63.20350000000012
-63.07983333333348
-63.46233333333346
-63.08500000000013
-63.32822222222235
-63.18266666666678
-64.05083333333346
-63.52138888888902
-63.62388888888901
-63.62300000000009
-64.02250000000012
-63.915944444444555
-63.810888888889
-63.70938888888898
-63.949000000000126
-63.714555555555684
-64.17144444444457
-64.19044444444458
-64.21716666666678
-64.10705555555568
-64.896888888889
-64.4202777777779
-64.85194444444457
-64.04422222222233
-64.59205555555565
-64.33333333333344
-64.36722222222234
-65.12594444444456
-64.93044444444457
-64.67305555555566
-64.79666666666677
-64.67316666666677
-64.70644444444457
-65.14155555555567
-64.88805555555567
-64.88311111111122
-64.80666666666679
-64.99105555555568
-64.62833333333346
-64.93405555555567
-64.76922222222231
-65.44250000000012
-65.38616666666678
-65.04133333333345
-65.31616666666677
-65.64594444444457
-65.45227777777788
-65.97133333333345
-65.76722222222233
-66.18083333333344
-66.06505555555567
-65.93161111111122
-66.35427777777791
-66.22605555555563
-66.25111111111121
-66.36922222222232
-66.30222222222235
-66.45338888888901
-66.13916666666677
-66.36016666666676
-66.28122222222233
-66.69833333333342
-66.38811111111121
-66.46433333333341
-66.3841666666668
-66.6222777777779
-66.44255555555567
-66.63738888888898
-66.75922222222233
-66.62694444444456
-66.95972222222233
-66.885388888889
-67.02477777777787
-66.79788888888896
-66.94227777777787
-67.30311111111119
-67.17866666666674
-67.38761111111123
-67.33544444444459
-67.29333333333342
-67.27483333333343
-67.60672222222233
-67.37550000000012
-67.58705555555562
-67.60755555555568
-67.1621111111112
-67.42105555555565
-67.82477777777784
-67.90522222222232
-67.95177777777789
-67.7100000000001
-67.81044444444451
-67.91805555555567
-67.71377777777786
-68.11927777777788
-67.57783333333344
-68.36544444444453
-67.9906111111112
-68.15127777777786
-68.10666666666677
-68.38833333333342
-68.280888888889
-68.40044444444455
-68.10572222222234
-67.78261111111121
-68.25511111111122
-68.42827777777784
-68.47761111111122
-68.98555555555564
-68.64288888888899
-68.64255555555567
-68.8990000000001
-68.88683333333343
-68.9360000000001
-69.13333333333344
-68.99200000000009
-69.10344444444452
-69.21288888888897
-69.22027777777784
-69.4968333333334
-69.39511111111122
-69.15544444444454
-69.35966666666675
-69.29033333333342
-69.69844444444453
-69.32388888888896
-69.53811111111119
-69.53883333333344
-69.5085000000001
-69.56838888888898
-69.75355555555565
-69.61083333333342
-69.60938888888897
-69.801388888889
-69.52966666666678
-69.57894444444453
-69.74861111111117
-69.95538888888898
-70.1325555555556
-70.00066666666677
-69.92833333333343
-70.01183333333339
-70.10938888888899
-69.62666666666674
-70.13100000000004
-69.6926666666668
-70.38144444444447
-70.3209444444445
-70.54544444444451
-70.4689444444445
-70.73477777777791
-70.35805555555567
-70.77244444444453
-71.00766666666674
-71.09750000000008
-70.98333333333339
-70.81505555555565
-70.74466666666676
-70.91283333333344
-70.56261111111112
-70.90177777777787
-70.76583333333339
-71.38283333333338
-71.4361111111112
-71.19661111111118
-71.0987222222223
-71.61783333333341
-71.62061111111117
-71.54261111111123
-71.51377777777786
-71.04661111111119
-71.42955555555562
-71.52394444444451
-71.51088888888901
-71.54544444444454
-71.47355555555565
-71.52477777777784
-71.50177777777785
-71.48194444444451
-71.90500000000007
-71.78333333333339
-72.02383333333337
-72.16522222222228
-72.36577777777788
-72.0308333333334
-71.66988888888898
-71.9634444444445
-72.04233333333339
-71.76516666666672
-71.9784444444445
-71.74327777777786
-71.66727777777787
-72.34822222222229
-72.16272222222227
-72.43166666666674
-72.54661111111119
-72.68633333333341
-72.72950000000006
-72.68866666666672
-72.79161111111118
-72.88922222222229
-72.75916666666676
-72.44861111111118
-72.76572222222228
-72.92494444444449
-73.00150000000008
-72.8033333333334
-73.10994444444451
-72.83000000000007
-72.79527777777784
-72.85072222222232
-72.54916666666672
-72.76872222222225
-72.73738888888896
-72.83505555555566
-73.07916666666674
-72.9036111111112
-73.34900000000007
-72.94161111111119
-73.3039444444445
-73.2496111111112
-73.28866666666674
-73.42244444444451
-73.1569444444445
-73.27355555555562
-73.54772222222229
-73.59694444444449
-73.80711111111117
-73.34811111111118
-73.52100000000009
-73.50183333333342
-73.74394444444451
-73.87988888888894
-73.95777777777782
-73.93238888888895
-73.88766666666672
-74.01250000000003
-74.05222222222228
-74.21205555555565
-73.95472222222229
-73.8539444444445
-74.08822222222231
-74.16605555555562
-74.22505555555563
-74.00461111111117
-74.2728888888889
-74.09650000000003
-74.47666666666674
-74.35655555555563
-74.38611111111116
-74.60733333333341
-74.50055555555562
-74.50966666666673
-74.35627777777782
-74.06005555555565
-74.50477777777785
-74.31527777777784
-74.49411111111117
-74.34622222222225
-74.36638888888898
-74.45683333333339
-74.47716666666672
-74.30955555555559
-74.93611111111117
-74.71188888888898
-74.80027777777784
-74.9362222222223
-75.15983333333338
-74.87861111111114
-75.16972222222229
-74.96500000000005
-75.26772222222225
-75.22605555555562
-75.38772222222228
-75.22166666666672
-75.0536111111112
-75.10300000000005
-75.40016666666668
-75.12433333333341
-75.24572222222228
-74.93511111111117
-75.2987222222223
-75.15211111111111
-75.34133333333337
-75.26355555555561
-75.53305555555565
-75.27450000000007
-75.54922222222228
-75.51933333333336
-75.40388888888893
-75.5272222222223
-75.42522222222227
-75.16155555555561
-75.51644444444449
-75.5519444444445
-75.79038888888896
-75.52116666666672
-75.40322222222231
-75.75072222222228
-75.67161111111122
-75.94211111111116
-75.57022222222228
-75.96783333333339
-75.63100000000006
-75.63411111111114
-76.01838888888895
-75.4931666666667
-75.7831666666667
-75.72627777777784
-75.75800000000007
-76.09466666666671
-76.30500000000004
-76.1519444444445
-76.14022222222226
-76.2590555555556
-76.17255555555562
-76.34738888888891
-76.38688888888892
-76.26433333333337
-76.44011111111115
-76.35727777777784
-76.21500000000005
-76.15200000000004
-76.4528888888889
-76.41338888888893
-76.48200000000004
-76.3404444444445
-76.41388888888893
-76.40650000000007
-76.82361111111113
-76.60650000000003
-76.70150000000001
-76.69450000000006
-76.58972222222224
-76.85883333333337
-76.6961111111112
-76.73422222222226
-77.02488888888894
-76.58611111111122
-77.02272222222224
-76.63633333333337
-76.61638888888895
-76.70861111111113
-76.83316666666668
-76.71933333333334
-76.8661111111112
-76.69338888888898
-76.93816666666672
-76.46472222222229
-76.90972222222226
-76.56738888888894
-76.71555555555558
-76.95500000000003
-76.96327777777782
-76.97455555555561
-76.92488888888894
-76.80811111111115
-77.14622222222226
-76.82288888888888
-76.9661666666667
-77.14716666666672
-76.86772222222226
-77.13588888888896
-77.26477777777784
-77.42238888888893
-77.26661111111116
-77.39788888888891
-77.38500000000005
-77.26755555555562
-77.34038888888894
-77.34561111111113
-77.2520555555556
-77.26372222222228
-77.16455555555561
-77.47188888888891
-77.6201666666667
-77.7103888888889
-77.42844444444451
-77.4066666666667
-78.02588888888891
-77.52561111111115
-77.39133333333338
-77.77450000000002
-77.80533333333332
-77.80161111111116
-77.64127777777779
-77.64600000000003
-77.60522222222222
-77.54788888888896
-77.73261111111115
-77.76883333333338
-77.78361111111114
-78.01233333333336
-77.78866666666671
-78.09911111111114
-77.96088888888892
-78.15844444444443
-77.86244444444449
-77.78005555555556
-78.09211111111114
-78.21544444444446
-78.3411666666667
-78.16033333333338
-77.97611111111115
-78.03927777777783
-77.89011111111114
-78.11311111111114
-78.08077777777785
-78.02494444444449
-77.96905555555556
-78.06888888888895
-78.06027777777783
-78.1982777777778
-78.16761111111119
-78.25650000000002
-78.04405555555562
-78.32038888888893
-77.9926666666667
-78.35483333333335
-78.32583333333338
-78.49677777777785
-78.1590555555556
-78.28561111111108
-78.19977777777785
-78.31122222222223
-78.16844444444442
-78.53211111111118
-78.40100000000002
-78.61861111111112
-78.25661111111113
-78.48583333333335
-78.40450000000003
-78.63466666666667
-78.58244444444449
-78.55322222222222
-78.40294444444443
-78.4138888888889
-78.38050000000005
-78.39677777777781
-78.55488888888887
-78.58133333333333
-78.59183333333335
-78.78755555555561
-78.66938888888892



The list of best values average 

-76.60400000000011
-85.15900000000015
-88.75800000000015
-90.95800000000013
-92.5670000000001
-93.08200000000014
-93.40700000000012
-93.60600000000011
-93.55500000000016
-92.97600000000014
-93.19000000000014
-93.22300000000014
-93.75700000000013
-94.11700000000017
-93.71300000000018
-93.78300000000017
-93.93600000000015
-93.80200000000012
-93.76000000000019
-93.38200000000016
-93.70500000000015
-93.60100000000014
-93.78600000000016
-93.67000000000016
-93.6800000000001
-93.51400000000012
-94.21400000000014
-93.99100000000014
-93.77300000000011
-93.96700000000014
-94.38200000000015
-94.02800000000015
-93.75400000000018
-93.71900000000016
-93.40300000000012
-93.91900000000012
-93.65300000000015
-93.3390000000002
-93.9370000000001
-93.5340000000001
-93.65000000000015
-93.38400000000019
-93.99400000000013
-93.93200000000016
-93.91300000000011
-93.80500000000013
-93.90100000000012
-93.72500000000014
-94.00900000000013
-93.99700000000014
-93.54000000000013
-93.38300000000014
-93.61400000000009
-93.84100000000015
-93.92900000000019
-93.78200000000014
-93.67900000000014
-93.65800000000016
-93.6630000000001
-93.36300000000011
-93.79000000000013
-93.7260000000002
-93.72500000000014
-93.2280000000001
-93.61200000000018
-93.8510000000001
-93.65400000000014
-93.6250000000001
-93.35600000000018
-93.61000000000011
-93.09100000000015
-93.40100000000011
-93.53900000000012
-93.3390000000001
-93.26600000000015
-93.77000000000012
-93.52200000000012
-93.55500000000015
-93.4570000000001
-93.42200000000017
-93.63800000000013
-93.59800000000013
-93.73900000000013
-94.21300000000011
-94.00100000000013
-93.6660000000001
-93.70700000000014
-93.90300000000012
-93.68000000000012
-93.73500000000014
-93.90000000000013
-93.8480000000001
-93.61800000000014
-93.32300000000014
-93.48600000000012
-93.45400000000015
-93.76500000000007
-93.70100000000012
-93.30000000000013
-93.4130000000001
-93.61000000000013
-93.63900000000008
-93.6430000000001
-93.51500000000009
-93.34800000000014
-93.72600000000018
-93.88800000000013
-93.85600000000008
-93.37800000000006
-93.26800000000019
-92.94400000000012
-93.41100000000013
-93.52500000000016
-93.53300000000014
-94.03500000000014
-93.87700000000014
-93.88900000000008
-94.14300000000013
-94.05700000000014
-94.08100000000013
-93.79100000000011
-93.91900000000014
-93.80400000000013
-93.61600000000014
-93.6380000000001
-94.06900000000016
-93.8340000000001
-93.64700000000013
-93.6120000000001
-93.75500000000015
-93.38600000000012
-93.69400000000009
-94.02700000000017
-93.75200000000015
-93.42700000000009
-93.41900000000011
-93.4740000000001
-93.36100000000008
-93.65800000000014
-93.88200000000012
-93.36300000000016
-93.7940000000001
-93.82300000000014
-93.85700000000016
-93.57500000000013
-93.40900000000009
-93.52000000000012
-93.65700000000014
-93.82000000000015
-93.82500000000012
-93.71300000000012
-93.87400000000015
-93.75100000000013
-93.96400000000013
-93.94300000000017
-93.77100000000013
-94.2740000000001
-93.83700000000017
-93.86600000000014
-93.88600000000008
-93.75700000000016
-93.51300000000009
-93.62700000000012
-93.7950000000001
-94.03400000000015
-94.32900000000011
-93.97200000000018
-93.6040000000001
-93.74300000000011
-93.42900000000016
-93.67200000000018
-93.75100000000015
-93.90700000000007
-93.99800000000013
-93.85500000000013
-93.64000000000016
-94.0030000000001
-93.98400000000015
-93.68300000000008
-93.95700000000014
-93.81400000000009
-94.08400000000009
-93.9920000000001
-93.5460000000001
-94.06400000000009
-93.89900000000014
-93.7910000000001
-93.53800000000015
-93.96300000000014
-93.9230000000001
-93.99100000000007
-93.65200000000007
-93.89800000000015
-93.90400000000011
-94.01000000000006
-93.98200000000013
-93.60500000000006
-93.6660000000002
-93.65700000000011
-93.2600000000001
-93.70900000000009
-93.17400000000004
-93.6440000000001
-93.79600000000016
-93.85800000000015
-93.51600000000016
-93.65900000000012
-94.0820000000001
-93.92400000000012
-93.74400000000013
-93.68900000000008
-93.90800000000003
-94.04900000000008
-93.51500000000013
-93.73900000000008
-93.68900000000012
-93.9570000000001
-93.96900000000012
-93.96900000000012
-94.1830000000001
-94.20400000000012
-93.40600000000006
-93.6830000000001
-93.66200000000008
-93.3550000000001
-93.6900000000001
-93.79800000000013
-93.7550000000001
-93.69500000000006
-93.64500000000014
-94.03800000000011
-93.9980000000001
-93.85300000000015
-93.69300000000014
-93.96000000000008
-93.96400000000008
-94.0410000000001
-94.22200000000007
-94.01600000000009
-94.11900000000011
-93.80600000000011
-94.0440000000001
-93.9700000000001
-93.76700000000011
-93.96500000000006
-93.9160000000001
-93.77500000000009
-93.77300000000012
-94.03200000000015
-93.73900000000019
-93.96600000000012
-93.85900000000015
-94.30100000000007
-94.05900000000013
-93.51900000000009
-94.06900000000009
-93.79000000000013
-93.84200000000011
-94.1890000000001
-94.10100000000013
-94.10300000000012
-94.2870000000001
-94.3090000000001
-94.35700000000011
-93.9940000000001
-93.9080000000001
-94.31700000000006
-94.22800000000011
-94.16500000000009
-94.51200000000011
-94.47100000000012
-94.3840000000001
-93.94900000000011
-94.04800000000007
-94.0520000000001
-94.14800000000011
-94.17100000000009
-94.37500000000006
-94.74300000000005
-94.16100000000007
-94.19200000000009
-94.09200000000014
-94.01500000000013
-94.33000000000007
-94.2240000000001
-94.08900000000008
-94.52300000000008
-94.54600000000012
-94.3730000000001
-94.39400000000012
-94.12500000000009
-93.97700000000016
-94.11600000000011
-94.1730000000001
-93.92500000000011
-94.0270000000001
-94.16800000000008
-94.30200000000006
-94.37100000000011
-94.4840000000002
-94.32200000000006
-94.3680000000001
-94.34300000000006
-94.1960000000001
-94.34900000000009
-94.37800000000007
-94.31500000000007
-94.43100000000007
-94.43900000000012
-94.38800000000005
-94.20900000000007
-94.1980000000001
-94.26600000000006
-94.22300000000008
-93.9600000000001
-94.16700000000004
-93.98800000000004
-94.30500000000012
-94.60200000000012
-94.33500000000008
-94.44300000000005
-94.52900000000004
-94.29200000000006
-94.10400000000003
-94.36100000000009
-94.26400000000007
-94.29600000000008
-93.8710000000001
-94.17200000000005
-94.33800000000008
-94.61100000000006
-94.41500000000008
-94.46200000000009
-94.3310000000001
-94.53200000000014
-94.54300000000009
-94.57800000000009
-94.4240000000001
-94.5690000000001
-94.44400000000006
-94.30300000000008
-94.39100000000006
-94.37900000000006
-94.32700000000004
-94.65000000000003
-94.4460000000001
-94.58700000000007
-94.84500000000011
-94.37700000000008
-94.9520000000001
-94.73500000000006
-94.58500000000008
-94.88200000000009
-94.8290000000001
-94.74200000000008
-94.71800000000003
-95.17800000000005
-94.83900000000006
-95.19200000000008
-94.93500000000009
-95.12400000000011
-94.9510000000001
-94.86100000000013
-94.74500000000013
-94.7090000000001
-94.88500000000013
-95.16200000000006
-94.90800000000007
-94.81500000000011
-95.2880000000001
-94.8960000000001
-94.86300000000006
-95.03100000000006
-95.11400000000006
-94.88100000000001
-95.00100000000009
-94.96500000000007
-94.67900000000013
-95.00100000000002
-94.87200000000007
-94.89600000000004
-95.12600000000003
-94.84000000000003
-94.88000000000007
-94.72300000000006
-95.03400000000009
-94.71900000000008
-95.1100000000001
-94.86400000000003
-94.68300000000004
-94.9640000000001
-94.96300000000014
-94.83600000000008
-94.81600000000007
-95.01200000000006
-94.74900000000005
-95.33600000000003
-94.81600000000002
-94.99500000000008
-95.39500000000005
-95.16900000000008
-95.35000000000008
-95.23400000000001
-94.91600000000011
-95.37800000000007
-95.32100000000003
-95.26000000000005
-94.99200000000013
-95.16100000000007
-95.06900000000003
-94.70900000000005
-95.21900000000007
-95.3680000000001
-95.15500000000004
-95.1970000000001
-95.42100000000002
-95.40100000000008
-95.0940000000001
-95.27200000000005
-95.45900000000005
-95.2780000000001
-95.18200000000003
-95.04600000000002
-95.12500000000007
-95.20900000000002
-95.24900000000002
-95.29300000000005
-95.32500000000003
-95.21800000000007
-95.22800000000008
-95.42500000000005
-95.27200000000003
-95.50700000000002
-95.43000000000009
-95.24000000000005
-95.36000000000004
-95.35800000000006
-95.40900000000003
-95.27800000000003
-95.48500000000006
-95.35800000000006
-95.41300000000012
-95.59900000000006
-95.51700000000001
-95.55500000000009
-95.47300000000006
-95.52400000000002
-95.45000000000003
-95.57600000000008
-95.46100000000004
-95.65100000000004
-95.83800000000005
-95.59100000000004
-95.55300000000005
-95.57800000000009
-95.78900000000004
-95.50500000000008
-95.68500000000004
-95.726
-95.72300000000003
-95.59900000000006
-95.65300000000005
-95.70400000000006
-95.58400000000002
-95.68400000000003
-95.60700000000001
-95.77600000000007
-95.56800000000001
-95.62800000000006
-95.74300000000005
-95.63500000000008
-95.70800000000001
-95.66500000000005
-95.65800000000011
-95.62600000000006
-95.62200000000003
-95.63300000000002
-95.75600000000007
-96.00100000000009
-95.88800000000005
