----------Report of simulation of Quantum Parallel Tempering - Population Annealing v2-----------
The number of considered Spin34
The considered Annealing Duration 340
The considered Annealing Number 100
The considered T 1.0
The considered Gamma0 1.0
The considered Number Of Replica 3
The considered Number Of System Tempering 3
The considered Number Of System Population 3
The solution found [ 1. -1. -1.  1.  1. -1. -1.  1.  1. -1. -1.  1.  1. -1. -1.  1.  1. -1.
 -1.  1.  1. -1. -1.  1.  1. -1. -1.  1.  1. -1. -1.  1.  1. -1.]
The value found -27.200000000000088
The Success probability is 0.0
The average value is -27.200000000000017
The total execution time is 242.1277801990509
The average time for execution is 2.4212764215469362
The average time for all systems update is 0.0070928529430838196
The average time for system tempering update is 0.0011928056361628515
The average time for system population update is 114.67706727981567
The average time for replica update is 0.0003858698688301386
The average time for spin update is 1.1099743022684041e-05
The list of values found 

-27.200000000000024
-27.200000000000024
-27.20000000000004
-27.200000000000017
-27.200000000000045
-27.20000000000003
-27.200000000000053
-27.20000000000004
-27.200000000000024
-27.200000000000067
-27.20000000000003
-27.20000000000006
-27.20000000000003
-27.20000000000004
-27.200000000000024
-27.20000000000004
-27.200000000000045
-27.200000000000045
-27.200000000000024
-27.200000000000024
-27.200000000000053
-27.200000000000067
-27.200000000000024
-27.200000000000024
-27.20000000000003
-27.200000000000045
-27.200000000000053
-27.200000000000053
-27.200000000000017
-27.200000000000024
-27.20000000000003
-27.20000000000003
-27.200000000000024
-27.200000000000024
-27.200000000000024
-27.20000000000003
-27.20000000000003
-27.200000000000024
-27.20000000000003
-27.200000000000024
-27.20000000000004
-27.200000000000024
-27.200000000000017
-27.200000000000045
-27.20000000000003
-27.200000000000053
-27.200000000000053
-27.200000000000045
-27.20000000000003
-27.200000000000074
-27.200000000000067
-27.200000000000024
-27.200000000000024
-27.200000000000067
-27.20000000000003
-27.20000000000004
-27.200000000000088
-27.200000000000074
-27.200000000000024
-27.200000000000024
-27.200000000000024
-27.200000000000024
-27.200000000000024
-27.200000000000024
-27.20000000000003
-27.20000000000003
-27.200000000000074
-27.20000000000003
-27.200000000000017
-27.200000000000024
-27.200000000000024
-27.200000000000024
-27.200000000000024
-27.20000000000004
-27.200000000000024
-27.20000000000003
-27.20000000000008
-27.20000000000008
-27.200000000000024
-27.200000000000024
-27.20000000000003
-27.200000000000024
-27.20000000000003
-27.20000000000003
-27.200000000000024
-27.20000000000003
-27.200000000000053
-27.200000000000024
-27.200000000000045
-27.200000000000024
-27.20000000000003
-27.200000000000024
-27.200000000000088
-27.200000000000024
-27.200000000000017
-27.200000000000053
-27.20000000000006
-27.200000000000024
-27.20000000000006
-27.200000000000024



The list of values first execution 

0.5555555555555444
8.444444444444432
8.238888888888878
4.299999999999989
7.9944444444444365
-0.46666666666667544
8.655555555555544
2.0722222222222135
3.8388888888888797
1.83888888888888
0.5499999999999908
-0.32222222222223135
-0.8388888888888975
-0.15000000000000854
0.08333333333332466
-3.127777777777786
-2.877777777777787
-0.9111111111111211
0.3166666666666548
0.46111111111109904
-1.2777777777777886
-0.10555555555556742
-3.955555555555566
-0.5388888888888995
-4.238888888888899
-0.9444444444444545
3.283333333333326
2.89444444444444
0.6166666666666611
1.1944444444444382
1.577777777777771
-0.46666666666667417
-1.2722222222222312
0.0944444444444371
0.9666666666666583
-1.6722222222222292
0.22777777777777017
3.6999999999999935
1.483333333333326
3.061111111111105
-0.7444444444444501
-0.20000000000000628
0.027777777777770424
-2.750000000000007
-0.866666666666676
-3.422222222222231
1.3499999999999912
-0.2611111111111183
1.772222222222213
-0.8000000000000095
-0.8888888888888984
-1.3388888888888966
-2.583333333333341
-3.7611111111111177
1.1333333333333273
-2.111111111111116
-1.6388888888888937
-2.3166666666666713
-2.738888888888892
-0.6222222222222228
-0.13888888888888828
-0.1277777777777772
-0.6
-3.983333333333332
-0.9166666666666645
-1.6055555555555538
-2.749999999999998
-2.4777777777777774
0.7388888888888894
-0.7555555555555549
-3.6611111111111097
-2.5999999999999996
-2.016666666666667
-1.5722222222222209
-4.038888888888888
-4.122222222222223
-2.5000000000000018
-6.127777777777778
-1.6722222222222238
-3.8888888888888897
-4.622222222222224
-5.700000000000001
-5.200000000000003
-2.8166666666666695
-1.7888888888888919
-0.8777777777777814
-3.0444444444444483
-4.655555555555559
-2.0166666666666697
-4.205555555555558
-4.961111111111114
-0.6277777777777804
-3.550000000000004
-3.394444444444448
-4.07777777777778
-4.511111111111113
-5.51666666666667
-4.188888888888892
-4.333333333333334
-4.03888888888889
-4.122222222222223
-2.1666666666666647
-1.4277777777777751
-3.938888888888886
-3.3277777777777766
-1.7666666666666646
-1.7444444444444431
-4.899999999999996
-5.11111111111111
-3.738888888888888
-3.388888888888889
-5.755555555555555
-4.583333333333332
-4.755555555555555
-5.92222222222222
-2.405555555555554
-7.3777777777777755
-3.6444444444444426
-4.966666666666665
-7.394444444444441
-5.694444444444442
-7.822222222222219
-3.249999999999997
-5.194444444444443
-6.194444444444445
-7.216666666666664
-6.377777777777775
-7.699999999999997
-6.849999999999996
-4.905555555555552
-4.705555555555552
-6.49444444444444
-5.5833333333333295
-8.605555555555549
-7.616666666666662
-9.927777777777772
-7.555555555555547
-8.216666666666661
-9.772222222222215
-6.049999999999992
-6.788888888888881
-7.8888888888888795
-8.183333333333323
-5.561111111111101
-6.027777777777765
-5.655555555555545
-5.566666666666656
-2.04999999999999
-6.288888888888878
-4.177777777777768
-7.211111111111101
-7.605555555555546
-5.705555555555546
-7.416666666666657
-6.811111111111102
-6.616666666666656
-6.044444444444433
-5.749999999999989
-9.794444444444432
-4.244444444444429
-6.1111111111110965
-5.777777777777761
-2.072222222222207
-2.7166666666666504
-6.472222222222206
-4.994444444444429
-3.6666666666666523
-7.1111111111110965
-8.199999999999985
-5.666666666666651
-5.738888888888874
-3.0055555555555418
-6.538888888888874
-5.216666666666652
-6.583333333333319
-3.9666666666666526
-7.399999999999985
-7.449999999999985
-6.64444444444443
-6.016666666666652
-7.155555555555542
-7.5111111111110995
-7.738888888888876
-4.155555555555542
-4.855555555555538
-5.294444444444428
-7.3499999999999845
-8.149999999999984
-9.01666666666665
-9.483333333333317
-9.338888888888874
-7.938888888888873
-8.733333333333318
-5.3777777777777604
-9.372222222222208
-8.072222222222207
-9.261111111111095
-10.683333333333318
-7.683333333333315
-7.227777777777758
-7.649999999999982
-9.205555555555542
-9.322222222222207
-10.672222222222208
-8.349999999999985
-8.394444444444428
-7.238888888888872
-8.74444444444443
-7.005555555555538
-8.049999999999983
-5.922222222222204
-8.899999999999977
-11.227777777777758
-9.355555555555537
-10.83888888888887
-9.994444444444426
-11.711111111111093
-8.911111111111092
-7.944444444444424
-8.438888888888872
-10.716666666666649
-7.811111111111095
-10.92777777777776
-9.977777777777762
-9.322222222222203
-7.183333333333315
-8.927777777777758
-12.711111111111096
-7.849999999999982
-11.199999999999982
-9.566666666666649
-7.583333333333314
-12.294444444444425
-10.888888888888868
-13.033333333333314
-10.555555555555534
-12.383333333333315
-13.061111111111089
-6.049999999999979
-10.655555555555535
-7.033333333333312
-10.11111111111109
-10.388888888888866
-11.727777777777757
-11.394444444444424
-11.733333333333313
-11.611111111111093
-14.205555555555536
-12.583333333333313
-11.84999999999998
-8.655555555555535
-10.822222222222202
-11.599999999999982
-13.16111111111109
-10.161111111111094
-9.316666666666645
-9.377777777777757
-10.133333333333313
-9.316666666666647
-8.888888888888868
-9.983333333333313
-11.18888888888887
-8.805555555555536
-10.394444444444424
-6.516666666666645
-8.4222222222222
-10.555555555555536
-7.988888888888866
-12.194444444444422
-10.722222222222202
-12.072222222222202
-10.111111111111088
-10.74444444444442
-12.616666666666642
-9.388888888888866
-10.4222222222222
-9.466666666666644
-8.15555555555553
-11.2222222222222
-10.29444444444442
-10.211111111111087
-8.15555555555553
-9.811111111111087
-11.15555555555553
-8.766666666666644
-9.738888888888866
-10.849999999999975
-10.399999999999974
-10.666666666666645
-12.299999999999976
-12.53333333333331
-8.255555555555532
-11.399999999999977
-10.305555555555534
-12.044444444444423
-9.199999999999978
-10.816666666666642
-9.072222222222198
-11.438888888888867
-12.288888888888865
-11.738888888888864
-9.249999999999975
-11.799999999999974
-12.583333333333307
-11.527777777777754
-13.166666666666645
-12.3222222222222
-11.288888888888867
-9.82777777777775
-9.761111111111084
-10.194444444444416
-9.127777777777753
-12.627777777777752
-10.772222222222194
-7.499999999999973
-9.833333333333307
-12.283333333333305
-8.983333333333306
-11.922222222222196
-9.911111111111085
-10.73888888888886
-10.205555555555527
-11.194444444444418
-10.227777777777751
-9.472222222222193
-9.105555555555526
-10.466666666666637
-7.322222222222191
-10.255555555555524
-9.416666666666638
-8.872222222222193
-7.105555555555526
-9.122222222222192
-9.93888888888886
-12.205555555555526
-12.488888888888859
-11.68888888888886
-11.561111111111082
-11.155555555555527
-12.383333333333304



The list of best values first execution 

-6.700000000000015
-18.20000000000001
-11.50000000000002
-13.700000000000015
-20.50000000000002
-16.30000000000002
-17.30000000000001
-20.50000000000002
-19.50000000000002
-19.50000000000002
-18.900000000000013
-22.400000000000013
-16.30000000000002
-18.900000000000013
-24.000000000000014
-22.100000000000016
-19.50000000000002
-20.50000000000002
-24.000000000000014
-19.200000000000017
-24.00000000000002
-25.600000000000023
-25.600000000000016
-25.600000000000023
-23.000000000000014
-25.600000000000023
-20.50000000000002
-22.40000000000002
-25.600000000000023
-24.00000000000002
-22.40000000000002
-21.40000000000002
-23.000000000000014
-20.80000000000002
-22.400000000000013
-20.50000000000002
-21.400000000000013
-24.00000000000002
-25.600000000000016
-20.80000000000001
-22.40000000000002
-24.00000000000002
-23.700000000000024
-25.600000000000023
-25.600000000000023
-22.100000000000023
-24.00000000000002
-23.700000000000024
-22.40000000000002
-19.200000000000017
-22.40000000000002
-25.600000000000016
-24.000000000000014
-23.700000000000017
-24.00000000000002
-27.200000000000024
-23.000000000000014
-25.600000000000016
-23.00000000000002
-24.00000000000002
-24.000000000000014
-20.500000000000014
-24.000000000000014
-17.90000000000002
-20.500000000000014
-21.40000000000002
-24.00000000000002
-22.40000000000002
-27.200000000000024
-25.600000000000023
-27.200000000000024
-27.200000000000024
-21.100000000000023
-20.80000000000002
-24.00000000000002
-24.000000000000014
-24.00000000000002
-22.40000000000002
-25.600000000000016
-23.00000000000002
-24.00000000000002
-25.600000000000023
-22.40000000000002
-19.200000000000017
-17.30000000000001
-18.200000000000017
-20.80000000000001
-24.00000000000002
-20.50000000000002
-18.90000000000002
-19.200000000000017
-20.80000000000002
-20.500000000000014
-18.600000000000016
-21.400000000000013
-20.200000000000024
-24.00000000000002
-19.200000000000017
-20.500000000000014
-22.40000000000002
-20.50000000000002
-22.40000000000002
-17.90000000000002
-18.90000000000002
-22.40000000000002
-19.80000000000001
-20.500000000000014
-18.20000000000001
-20.50000000000002
-14.700000000000015
-19.20000000000001
-24.00000000000002
-24.00000000000002
-24.00000000000002
-25.600000000000023
-22.100000000000016
-25.600000000000016
-23.700000000000017
-24.000000000000014
-22.40000000000002
-24.000000000000014
-25.600000000000023
-23.00000000000002
-24.000000000000014
-25.600000000000023
-24.00000000000002
-25.600000000000023
-23.000000000000014
-20.80000000000002
-21.100000000000016
-22.40000000000002
-20.80000000000001
-22.100000000000016
-23.000000000000014
-22.40000000000002
-24.00000000000002
-24.600000000000023
-25.600000000000023
-25.600000000000023
-27.200000000000024
-27.200000000000024
-27.200000000000024
-25.600000000000023
-24.00000000000002
-21.100000000000023
-24.00000000000002
-27.200000000000024
-25.600000000000023
-25.600000000000023
-27.200000000000024
-27.200000000000024
-24.00000000000002
-20.80000000000002
-22.40000000000002
-19.80000000000002
-24.000000000000014
-25.600000000000023
-24.00000000000002
-25.600000000000023
-25.600000000000016
-24.00000000000002
-27.200000000000024
-20.80000000000001
-19.200000000000017
-20.50000000000002
-22.100000000000023
-20.80000000000002
-22.40000000000002
-21.399999999999906
-20.50000000000002
-21.400000000000006
-19.80000000000001
-24.00000000000002
-19.500000000000014
-20.500000000000014
-22.40000000000002
-25.600000000000016
-25.600000000000023
-25.600000000000016
-22.100000000000016
-22.40000000000002
-24.00000000000002
-25.600000000000016
-19.200000000000017
-20.80000000000001
-19.80000000000002
-24.00000000000002
-25.600000000000016
-22.400000000000013
-24.000000000000014
-22.100000000000023
-24.00000000000002
-21.40000000000002
-18.8999999999999
-22.400000000000013
-24.000000000000014
-20.80000000000002
-25.600000000000016
-23.999999999999993
-25.600000000000023
-22.40000000000002
-25.600000000000023
-27.200000000000017
-25.600000000000023
-25.600000000000016
-24.00000000000002
-23.700000000000024
-22.40000000000002
-21.100000000000016
-24.00000000000002
-21.40000000000002
-18.899999999999906
-25.599999999999987
-23.69999999999991
-22.099999999999987
-25.59999999999991
-24.59999999999991
-19.80000000000001
-20.50000000000002
-24.000000000000014
-24.00000000000002
-23.999999999999986
-25.600000000000023
-27.200000000000024
-27.200000000000024
-19.500000000000014
-22.400000000000013
-27.19999999999991
-24.00000000000002
-25.600000000000023
-24.00000000000002
-24.000000000000014
-25.600000000000016
-25.600000000000023
-25.600000000000016
-25.600000000000023
-24.000000000000014
-22.100000000000016
-23.700000000000017
-25.600000000000016
-22.100000000000016
-25.600000000000016
-25.600000000000023
-23.000000000000014
-24.000000000000014
-25.600000000000016
-27.19999999999999
-25.599999999999987
-25.600000000000016
-25.600000000000023
-24.00000000000002
-22.400000000000013
-24.00000000000002
-24.00000000000002
-22.40000000000002
-24.00000000000002
-22.399999999999984
-20.80000000000002
-25.600000000000016
-24.000000000000014
-22.40000000000002
-24.000000000000014
-23.000000000000014
-23.999999999999986
-18.90000000000002
-24.000000000000014
-22.100000000000016
-24.00000000000002
-25.600000000000016
-22.099999999999902
-24.000000000000014
-22.400000000000013
-22.3999999999999
-27.199999999999903
-22.400000000000006
-24.000000000000007
-19.800000000000004
-21.399999999999984
-23.999999999999986
-25.60000000000001
-27.19999999999999
-21.099999999999987
-22.3999999999999
-22.400000000000006
-22.40000000000002
-22.400000000000006
-20.800000000000004
-22.3999999999999
-22.099999999999902
-23.999999999999986
-25.599999999999902
-19.500000000000007
-23.9999999999999
-25.599999999999987
-25.599999999999987
-25.599999999999902
-23.699999999999903
-23.699999999999903
-25.599999999999902
-25.60000000000001
-25.600000000000016
-22.100000000000016
-25.600000000000016
-27.200000000000017
-27.200000000000017
-27.199999999999903
-25.600000000000016
-27.200000000000017
-24.00000000000002
-24.00000000000002
-24.600000000000016
-25.600000000000023
-25.600000000000016
-22.399999999999984
-22.399999999999984
-20.799999999999983
-24.00000000000002
-20.799999999999898
-22.40000000000002
-24.000000000000014
-22.400000000000013
-22.400000000000013
-24.00000000000002
-22.40000000000002
-21.10000000000001
-22.10000000000001
-24.000000000000007
-19.800000000000004
-24.000000000000014
-22.999999999999986
-20.799999999999898
-22.400000000000013
-23.70000000000001
-22.3999999999999
-25.60000000000001
-27.199999999999903
-25.60000000000001
-27.199999999999903
-23.999999999999986
-25.599999999999902



The list of values average 

1.734555555555545
5.7500555555555435
1.5740555555555438
2.2361666666666546
2.038111111111099
0.03655555555554391
1.685388888888877
0.31455555555554393
0.9467777777777666
0.8098888888888774
0.0223333333333219
0.7084444444444334
0.01811111111109996
0.5835555555555444
0.3759999999999889
0.06505555555554453
0.15799999999998898
-0.22194444444445546
0.20877777777776663
-0.015666666666677632
-0.33222222222223324
-0.14366666666667732
-0.5823888888888995
-0.25144444444445513
-0.572166666666677
-0.7022777777777889
-0.5096666666666771
-0.3851666666666771
-0.6840555555555655
-0.7299444444444545
-1.0357222222222324
-0.869111111111121
-0.9860000000000095
-1.1833333333333433
-1.1867222222222318
-1.2930555555555656
-1.0378888888888989
-1.2753333333333423
-1.3596111111111204
-1.1648333333333432
-1.7043333333333424
-1.3236111111111204
-1.6208888888888975
-1.6490555555555653
-1.9508333333333432
-1.7228888888888976
-1.5386111111111203
-1.685055555555564
-2.08811111111112
-1.71511111111112
-1.7958333333333427
-1.9980000000000087
-2.3547222222222306
-2.106500000000009
-2.1168333333333416
-2.224888888888898
-2.1617777777777856
-2.5912777777777856
-2.275888888888897
-2.1470555555555637
-2.1234444444444516
-2.6572777777777854
-2.20933333333334
-2.707666666666673
-2.6361111111111195
-2.623833333333341
-2.513000000000007
-2.8478333333333397
-2.6992222222222293
-2.7300555555555617
-2.8661666666666727
-2.6692222222222273
-2.5926111111111165
-2.8394444444444504
-2.7957222222222295
-2.745333333333341
-3.0190555555555627
-2.754388888888894
-3.0692222222222303
-3.101500000000006
-3.3143333333333405
-3.001000000000006
-3.5758888888888944
-3.091777777777783
-3.4762777777777836
-3.1540555555555616
-3.331277777777784
-3.3942777777777837
-3.5420000000000056
-3.4961111111111167
-3.788777777777785
-3.719222222222227
-3.810500000000005
-3.867611111111117
-3.863833333333339
-3.8538333333333394
-4.143000000000006
-3.9843888888888936
-3.8553888888888936
-3.9995555555555575
-4.0066111111111145
-3.7361666666666706
-4.1408333333333385
-4.251000000000003
-3.9064444444444475
-3.913388888888892
-4.147000000000004
-4.320833333333337
-4.265388888888891
-4.159944444444447
-4.231611111111115
-4.232277777777782
-4.3225000000000025
-4.594388888888892
-4.555444444444446
-4.534000000000002
-4.663500000000003
-4.4442222222222245
-4.942666666666669
-4.27155555555556
-5.013277777777781
-4.7118333333333355
-4.8711111111111105
-4.935833333333337
-4.887055555555557
-5.124166666666669
-5.230111111111112
-5.351555555555556
-5.302055555555558
-5.076000000000002
-5.013722222222225
-5.250500000000003
-5.304888888888888
-5.413333333333334
-5.110055555555557
-5.67177777777778
-5.543277777777778
-5.329055555555558
-5.349055555555555
-5.5174444444444495
-5.423055555555557
-5.742000000000002
-5.877944444444445
-5.638222222222225
-5.6291111111111105
-5.664277777777777
-6.1084999999999985
-5.7359444444444465
-5.789111111111112
-5.836722222222221
-5.858611111111112
-6.377444444444444
-6.135000000000001
-6.201444444444447
-6.115888888888889
-6.180333333333334
-6.0856111111111115
-6.270000000000001
-6.368944444444444
-6.597777777777779
-6.474222222222222
-6.593277777777778
-6.512444444444445
-6.613944444444445
-6.565111111111109
-6.2795
-6.551166666666668
-6.30822222222222
-6.471611111111109
-6.452055555555557
-6.657722222222221
-6.648777777777778
-6.673
-6.951611111111111
-6.8575
-6.409111111111112
-6.860111111111111
-6.6563888888888885
-6.989222222222222
-7.018833333333332
-6.6577222222222225
-7.393444444444443
-7.023777777777779
-7.140222222222219
-7.054444444444444
-7.134055555555555
-7.455944444444443
-7.103666666666667
-7.551166666666663
-7.463944444444446
-7.471666666666666
-7.546833333333332
-7.436333333333334
-7.606166666666667
-7.605222222222221
-7.563055555555553
-7.753388888888886
-7.559055555555554
-7.690555555555555
-7.810555555555555
-7.852999999999999
-7.801777777777777
-7.746222222222221
-7.872944444444441
-8.059944444444445
-7.777833333333331
-8.294222222222219
-7.9278888888888845
-7.826611111111112
-7.919111111111108
-8.126777777777773
-8.212222222222223
-8.329222222222219
-8.50622222222222
-8.501833333333332
-8.253666666666664
-8.540333333333331
-8.160444444444442
-8.332666666666665
-8.271222222222221
-8.341555555555553
-8.360277777777775
-8.669055555555554
-8.467722222222218
-8.520666666666664
-8.62711111111111
-8.760388888888883
-8.622666666666662
-8.70661111111111
-8.714277777777776
-8.857888888888887
-8.849444444444444
-8.622722222222212
-8.787999999999998
-8.986277777777781
-8.783555555555553
-8.964777777777778
-8.77144444444444
-8.880666666666665
-8.79783333333333
-8.702222222222222
-8.962166666666663
-8.99944444444444
-9.211555555555549
-9.22572222222222
-8.87749999999999
-9.08733333333333
-9.12705555555555
-8.969722222222222
-9.271444444444441
-8.963444444444441
-9.311722222222219
-9.260166666666667
-9.335277777777774
-9.264055555555553
-9.319055555555552
-9.546888888888882
-9.228666666666662
-9.215666666666662
-9.631666666666666
-9.418277777777776
-9.613111111111106
-9.442833333333327
-9.730944444444436
-9.692999999999994
-9.811388888888882
-9.780611111111105
-9.80083333333333
-9.627388888888886
-9.423777777777776
-9.300388888888886
-9.628666666666662
-9.729999999999995
-9.999500000000001
-9.826222222222212
-9.891444444444444
-10.017944444444437
-9.965555555555557
-10.054611111111106
-9.967722222222218
-9.77783333333333
-9.902277777777766
-9.9716111111111
-9.66222222222222
-9.853888888888882
-9.965499999999997
-10.232666666666658
-9.999444444444439
-9.99744444444444
-10.145999999999995
-10.24344444444444
-10.119055555555553
-10.350222222222218
-10.351499999999998
-10.484277777777773
-10.24277777777777
-10.604333333333324
-10.361055555555547
-10.382944444444437
-10.551499999999992
-10.479555555555551
-10.29805555555555
-10.440222222222209
-10.441611111111111
-10.679055555555552
-10.442111111111107
-10.656000000000002
-10.563499999999989
-10.578611111111107
-10.729388888888884
-10.856555555555552
-10.577611111111107
-10.823444444444434
-10.756722222222217
-10.805388888888888
-10.906111111111109
-11.018666666666656
-10.930222222222215
-10.887388888888887
-10.943944444444437
-10.865388888888884
-11.08044444444444
-11.455944444444441
-11.01349999999999
-11.490888888888884
-11.243888888888877
-11.298999999999992
-11.254111111111103
-11.180277777777768
-11.294888888888881
-10.935611111111108
-11.202611111111105
-11.246499999999994
-11.130888888888878
-11.252888888888881
-11.239666666666661
-11.398222222222211
-11.218555555555549
-11.378833333333334
-11.484111111111105



The list of best values average 

-12.576000000000008
-16.586000000000013
-19.010000000000012
-20.309000000000022
-21.149000000000015
-21.54000000000001
-21.811000000000014
-22.193000000000012
-22.210000000000022
-22.076000000000008
-22.507000000000005
-22.80400000000001
-22.171000000000017
-22.785000000000004
-22.96900000000002
-22.756000000000014
-22.84300000000001
-22.90100000000001
-22.928000000000004
-22.363000000000007
-22.739000000000015
-22.415000000000017
-22.48400000000001
-22.446000000000012
-22.60700000000001
-22.69
-22.79900000000001
-22.622000000000014
-22.383000000000003
-22.51100000000001
-22.495000000000022
-22.648000000000025
-22.50100000000001
-22.518000000000004
-22.90100000000001
-22.587000000000007
-22.409000000000013
-22.725000000000005
-22.428000000000004
-22.38500000000001
-22.62400000000002
-22.18000000000001
-22.355000000000018
-22.71500000000001
-22.55700000000001
-22.908000000000012
-22.86300000000002
-22.49600000000001
-22.29600000000001
-22.27700000000001
-22.249000000000017
-22.664000000000016
-22.608000000000022
-22.597000000000016
-22.347
-22.472000000000005
-22.972000000000012
-23.041999999999998
-22.281
-22.34300000000001
-22.446999999999992
-22.459000000000017
-22.077000000000005
-22.04000000000002
-22.13200000000001
-22.150000000000013
-22.213000000000008
-22.12900000000001
-22.71500000000001
-22.598000000000003
-22.35600000000001
-22.10500000000002
-21.960000000000008
-22.179999999999996
-22.383000000000006
-22.377000000000017
-22.810000000000013
-22.685000000000013
-22.33200000000002
-22.121000000000006
-22.652000000000015
-22.391000000000016
-22.583000000000016
-22.409000000000006
-22.33800000000003
-22.56400000000003
-22.45500000000002
-21.926000000000002
-21.496000000000013
-22.294000000000008
-22.46600000000001
-22.63700000000001
-22.355000000000018
-22.535000000000004
-22.426000000000016
-22.20500000000002
-22.733000000000008
-22.618000000000016
-22.693000000000026
-23.064000000000014
-22.484000000000012
-22.94100000000001
-22.65400000000001
-22.60700000000002
-22.49900000000001
-22.553000000000015
-22.569000000000006
-22.868000000000006
-22.60300000000002
-22.729000000000006
-22.55900000000001
-22.329
-22.635000000000016
-22.531000000000027
-22.814000000000004
-22.743000000000013
-22.146000000000008
-22.13900000000001
-21.993
-22.104000000000013
-21.935000000000016
-22.046000000000014
-22.41000000000002
-22.266000000000012
-22.60100000000002
-22.69200000000001
-22.713000000000015
-22.595000000000017
-23.05000000000002
-22.759000000000015
-22.695000000000007
-22.93700000000001
-22.959000000000003
-22.900000000000013
-22.849000000000018
-22.54400000000002
-22.583000000000013
-22.848000000000006
-22.843999999999998
-22.468000000000018
-22.697000000000006
-23.067000000000014
-22.928000000000008
-22.67700000000001
-22.78900000000001
-22.63600000000001
-22.8
-22.920000000000016
-22.92900000000001
-22.87400000000001
-22.505000000000017
-22.947000000000013
-22.846000000000004
-22.977000000000004
-22.657000000000014
-22.582000000000008
-22.915000000000006
-23.005000000000013
-22.56300000000001
-22.962000000000018
-22.910000000000032
-23.176000000000013
-23.031000000000017
-22.860000000000007
-22.746000000000013
-22.599000000000004
-22.72100000000001
-22.624000000000013
-22.618000000000016
-22.685000000000016
-22.84400000000002
-22.90800000000002
-23.052000000000014
-22.683000000000007
-22.54900000000001
-22.326000000000008
-22.41400000000002
-22.128000000000018
-22.648999999999997
-22.818000000000016
-22.604000000000003
-22.552000000000014
-22.564000000000014
-22.882000000000012
-22.89300000000001
-22.994
-23.14000000000001
-23.07100000000001
-22.93400000000001
-22.93700000000002
-22.840000000000014
-23.154000000000007
-23.12300000000002
-23.470000000000006
-23.336000000000013
-23.197000000000017
-22.76400000000001
-23.059000000000005
-22.56200000000002
-23.052000000000014
-22.915000000000024
-23.10200000000002
-23.482000000000006
-23.03600000000001
-23.458
-23.25600000000002
-23.347000000000012
-23.143000000000015
-22.885000000000012
-23.15800000000002
-23.200000000000014
-23.402000000000022
-23.312000000000012
-23.448000000000008
-23.762
-23.473000000000013
-23.747000000000003
-23.449000000000005
-23.57400000000001
-23.540000000000006
-23.16400000000001
-23.211000000000002
-23.224000000000018
-22.88400000000003
-23.31900000000001
-23.058000000000014
-23.445000000000014
-23.30900000000002
-23.42
-23.718999999999998
-23.450999999999993
-23.247000000000007
-23.313000000000013
-23.064000000000007
-23.642
-23.51600000000002
-23.305000000000007
-23.19300000000001
-23.383000000000013
-23.32200000000002
-23.156000000000006
-23.007000000000012
-23.309000000000005
-23.634000000000004
-23.861000000000026
-23.426000000000002
-23.45300000000001
-23.844000000000005
-23.471000000000018
-23.574000000000012
-23.608000000000015
-23.312000000000022
-23.438000000000002
-23.402000000000015
-23.576999999999995
-23.378000000000018
-23.53500000000001
-23.227000000000018
-23.255000000000003
-23.469000000000012
-23.577000000000005
-23.403000000000002
-23.402000000000022
-23.543000000000017
-23.668000000000003
-23.92700000000001
-23.769000000000005
-23.703000000000014
-23.933999999999997
-23.334000000000014
-23.848000000000013
-24.03800000000001
-23.96400000000001
-24.06800000000001
-24.14200000000001
-24.08400000000001
-23.87000000000002
-23.813000000000013
-24.007999999999985
-23.922000000000008
-24.015000000000025
-24.20000000000001
-23.856000000000016
-23.446000000000005
-23.737000000000002
-23.66800000000001
-23.87700000000001
-24.14800000000001
-23.731000000000016
-23.904
-23.704000000000022
-23.776000000000003
-24.021000000000026
-24.070000000000018
-24.165000000000003
-24.187000000000005
-24.044
-24.467000000000013
-24.20000000000003
-24.30000000000001
-24.379
-24.074000000000005
-24.122000000000007
-24.333000000000002
-24.410999999999998
-24.459999999999997
-24.197000000000003
-24.269000000000005
-24.329000000000022
-24.50500000000002
-24.56800000000002
-24.677000000000024
-24.64400000000001
-24.589000000000013
-24.604
-24.70300000000002
-24.679000000000023
-24.706000000000007
-24.511000000000013
-24.599
-24.633000000000003
-24.774000000000008
-24.696000000000016
-24.563000000000006
-24.80900000000002
-24.92800000000002
-25.143000000000015
-24.835000000000004
-24.70500000000002
-24.812000000000005
-24.72400000000001
-24.65300000000002
-24.730000000000015
-24.493000000000006
-24.67500000000001
-24.66300000000001
-24.77700000000001
-24.803000000000008
-24.885000000000023
-25.073000000000004
