----------Report of simulation of Quantum Parallel Tempering-----------
The number of considered Spin 45
The considered Annealing Duration 450
The considered Annealing Number 100
The considered T 1.0
The considered Gamma0 1.0
The considered Number Of Replica 3
The considered Number Of System 6
The solution found [ 1 -1  1  1  1  1 -1  1  1  1  1  1 -1  1  1  1  1 -1  1  1  1  1  1 -1
  1  1  1  1 -1  1  1 -1  1  1  1  1  1 -1  1  1  1  1 -1  1  1]
The value found 2.3999999999995083
The Success probability is 0.0
The average value is 3.193999999999752
The total execution time is 533.7539131641388
The average time for execution is 5.337537648677826
The average time for all systems update is 0.011744214492373997
The average time for system update is 0.0019449737169124463
The average time for replica update is 0.0006480087018307344
The average time for spin update is 1.4149747967556508e-05
The list of values found 

3.0000000000001563
2.7999999999996845
2.3999999999995083
3.399999999999679
3.3999999999997925
2.999999999999787
2.799999999999528
3.399999999999949
2.7999999999998977
2.4000000000000483
2.9999999999998437
2.999999999999744
2.8000000000001677
2.999999999999403
2.400000000000432
2.7999999999999687
3.399999999999551
2.399999999999693
3.799999999999727
2.4000000000000483
3.3999999999995225
3.3999999999997073
3.399999999999764
3.3999999999998067
3.399999999999949
3.799999999999855
2.9999999999997726
3.799999999999784
2.7999999999996277
2.8000000000007788
2.999999999999716
2.7999999999999687
3.3999999999998636
3.0000000000001705
2.9999999999996305
3.4000000000001336
2.799999999999784
3.7999999999996987
2.99999999999946
2.7999999999998835
3.399999999999636
3.7999999999996135
2.9999999999993747
3.3999999999997783
2.999999999999801
3.399999999999949
2.799999999999855
2.799999999999983
2.9999999999997726
3.399999999999693
3.399999999998869
3.399999999999835
2.999999999999716
2.8000000000000824
3.7999999999997414
3.3999999999996504
3.3999999999993094
3.399999999999352
3.7999999999998835
2.9999999999998863
3.399999999999494
2.399999999999565
2.399999999999622
2.999999999999403
3.3999999999998067
3.0000000000001847
3.3999999999997357
3.3999999999995367
3.399999999999494
3.399999999999565
3.799999999999798
3.4000000000003325
3.3999999999999346
3.39999999999948
2.999999999999716
3.39999999999948
3.399999999999153
2.999999999999858
4.399999999999494
2.7999999999998693
2.4000000000002615
2.7999999999992156
2.799999999999656
3.399999999999679
3.3999999999995083
2.8000000000001677
2.9999999999997726
2.7999999999998693
3.399999999999636
3.7999999999997414
3.399999999999878
3.799999999999997
2.799999999999912
3.3999999999997783
3.3999999999997357
3.3999999999997925
3.799999999999301
4.3999999999991815
3.399999999999636
3.799999999999713



The list of values first execution 

38.833333333333094
67.12777777777754
51.099999999999746
51.33888888888865
64.02777777777753
40.011111111110864
61.92222222222196
51.18888888888862
50.78888888888862
58.57222222222197
41.73333333333307
55.316666666666414
50.42777777777753
45.94999999999975
61.17777777777753
40.45555555555531
56.69444444444418
48.43888888888865
48.39444444444419
55.43333333333308
45.73333333333307
56.07777777777753
53.488888888888624
46.39999999999974
60.33888888888865
42.97222222222197
55.249999999999744
49.13888888888864
50.46111111111086
58.9055555555553
46.349999999999746
58.62777777777754
48.7944444444442
52.627777777777524
55.07222222222197
45.94999999999974
57.922222222221976
46.494444444444206
54.044444444444196
53.288888888888636
52.23888888888865
53.03888888888864
52.283333333333104
51.91666666666643
54.466666666666434
52.649999999999764
51.95555555555532
55.38333333333309
46.855555555555306
50.27777777777754
53.08888888888865
53.811111111110876
51.59444444444421
51.7333333333331
48.87222222222197
57.09999999999976
46.861111111110866
55.46666666666641
47.47777777777752
54.41111111111086
55.22777777777752
52.166666666666416
53.23888888888864
54.316666666666414
51.311111111110876
58.41111111111086
53.02777777777753
55.83888888888864
50.48333333333309
50.93888888888864
58.63888888888864
49.53333333333308
56.16111111111085
47.74999999999975
56.45555555555531
50.62222222222198
53.50555555555529
56.43888888888863
50.37222222222197
53.944444444444194
55.54999999999975
50.67222222222198
55.4555555555553
51.599999999999746
54.75555555555529
53.28888888888864
53.188888888888656
51.08888888888865
58.89444444444419
47.87222222222197
58.061111111110854
52.94999999999976
55.61666666666642
51.43333333333309
56.227777777777526
55.71111111111085
54.2444444444442
48.94444444444419
56.044444444444196
45.33333333333309
58.516666666666424
50.28888888888864
53.1944444444442
51.94999999999975
53.52777777777753
55.61666666666642
47.28888888888863
51.86666666666642
52.34444444444418
48.11666666666642
58.97777777777753
46.166666666666416
58.07222222222195
53.20555555555529
48.627777777777524
57.277777777777516
46.62222222222195
54.666666666666416
52.81666666666641
45.99444444444418
57.261111111110836
45.788888888888614
54.83333333333306
49.2166666666664
49.327777777777506
57.44999999999973
47.61666666666639
56.84999999999972
52.07222222222193
53.60555555555526
54.14444444444417
50.29999999999972
53.48333333333304
53.62222222222194
49.344444444444164
56.96111111111082
49.705555555555264
51.977777777777476
51.499999999999694
49.16111111111081
51.93333333333304
48.155555555555246
49.633333333333034
54.56111111111081
47.34444444444414
54.694444444444144
49.65555555555525
46.855555555555256
51.583333333333044
46.538888888888586
51.2999999999997
47.355555555555256
50.70555555555526
50.86111111111083
51.316666666666364
50.17222222222194
53.54444444444416
48.3888888888886
53.41666666666637
47.955555555555264
53.29999999999971
53.33333333333305
46.23333333333306
53.07222222222194
48.20555555555529
51.62777777777751
53.711111111110824
40.92777777777751
53.92222222222196
47.77222222222195
50.36666666666639
48.04444444444417
48.0777777777775
50.349999999999724
48.85555555555528
52.99444444444416
51.4388888888886
51.08888888888861
53.00555555555528
50.68333333333307
57.061111111110826
49.533333333333054
52.644444444444154
51.46111111111083
48.061111111110826
58.44999999999972
47.755555555555276
50.57222222222193
54.33333333333304
46.48333333333306
58.01111111111082
46.59999999999971
54.81111111111082
48.55555555555527
54.98333333333304
52.69999999999971
51.08888888888859
52.966666666666384
48.833333333333044
57.13333333333305
54.69444444444415
52.97777777777749
58.09444444444417
47.966666666666384
52.661111111110834
55.07222222222194
47.94444444444417
53.8888888888886
53.80555555555528
48.533333333333054
60.16111111111084
47.777777777777494
54.9666666666664
50.16111111111084
51.84444444444417
54.01111111111083
48.93333333333306
51.97222222222194
49.11111111111083
48.727777777777504
56.31111111111084
44.505555555555276
56.36666666666639
48.277777777777516
46.44999999999973
56.28888888888861
47.56111111111084
48.83333333333306
50.23888888888862
47.29999999999974
60.78888888888863
44.933333333333074
55.29999999999972
50.85555555555529
52.00555555555529
55.466666666666406
48.63333333333306
52.88888888888862
53.5666666666664
50.30555555555529
60.02777777777752
51.18888888888861
54.772222222221956
52.266666666666396
54.97777777777749
50.67777777777749
56.572222222221946
47.90555555555528
59.36111111111083
52.33333333333306
52.288888888888614
51.61666666666638
56.222222222221944
51.505555555555276
58.872222222221936
48.91111111111084
59.877777777777496
53.53333333333305
53.29999999999971
53.07777777777749
47.96111111111084
56.97222222222196
50.67222222222194
55.09444444444417
50.1666666666664
48.94444444444418
56.56666666666639
49.149999999999714
55.34444444444417
49.91111111111085
50.09999999999973
54.211111111110846
51.07777777777751
55.54999999999974
50.63888888888862
48.86666666666641
52.22222222222195
50.6666666666664
54.538888888888636
48.038888888888636
53.46666666666639
51.64444444444418
52.138888888888616
52.988888888888624
43.88333333333307
56.19444444444417
49.444444444444194
50.5166666666664
58.16111111111085
44.13888888888864
57.61111111111086
51.94999999999973
50.42222222222196
57.31666666666641
44.62777777777752
60.333333333333066
47.43888888888861
55.18888888888863
57.68888888888861
44.044444444444174
60.4277777777775
48.34444444444418
56.45555555555529
57.899999999999736
48.111111111110844
61.63333333333306
47.77222222222197
56.86666666666641
56.34444444444418
49.04444444444419
57.749999999999744
46.38888888888864
52.41111111111085
52.92222222222196
50.22222222222197
53.6666666666664
49.155555555555296
53.08333333333306
51.33333333333306
48.44999999999973
55.61111111111085
46.655555555555296
53.86666666666639
52.31111111111083
49.466666666666384
54.54999999999972
52.05555555555528
49.472222222221966
52.466666666666384
47.18888888888861
50.6777777777775
55.15555555555528
51.23888888888861
51.37222222222195
49.68888888888861
49.63888888888862
50.96111111111084
46.31111111111084
52.72222222222196
47.5666666666664
49.01111111111083
48.86666666666642
49.08888888888862
49.911111111110834
51.41111111111085
50.53888888888862
49.53888888888862
45.35555555555528
51.411111111110834
45.249999999999716
48.266666666666374
44.94444444444415
48.52222222222193
46.17222222222194
48.2388888888886
44.255555555555276
45.48333333333305
45.522222222221934
44.82222222222193
44.09444444444416
48.0999999999997
46.0888888888886
51.21666666666638
48.21111111111081
49.149999999999714
47.34999999999971
49.46666666666638
46.77777777777749
51.13333333333305
46.1388888888886
52.2388888888886
49.92777777777748
50.67777777777749
53.261111111110814
48.67222222222193
47.16111111111083
59.6388888888886
44.22777777777748
59.649999999999714
41.87222222222192
53.6388888888886
51.57222222222194
44.72777777777749
54.74999999999973
46.705555555555264
48.98333333333306
53.73333333333304
39.77222222222193
60.266666666666374
39.244444444444156
56.42222222222194
50.17222222222194
46.66111111111082
56.24999999999971
40.455555555555264
50.53888888888861
48.76111111111082
43.84999999999971
56.2277777777775
45.16666666666638
54.0388888888886
52.63333333333305
44.59999999999971
58.36666666666637
47.32777777777749
55.1888888888886
55.483333333333036
45.43333333333304
58.433333333333024
46.983333333333036
53.388888888888594
54.5499999999997
46.02777777777749
56.3388888888886
51.57777777777748
46.816666666666364
57.09444444444416
44.02777777777748
52.811111111110826
49.93333333333304
45.49999999999972
54.03888888888859
48.51111111111081
51.0499999999997
54.14444444444414
45.68333333333303
56.6611111111108
44.58333333333302
55.85555555555525
52.183333333333024
49.738888888888596
50.65555555555526
48.3999999999997
51.1999999999997
47.01111111111081
49.83333333333303
52.08888888888859
47.561111111110804
55.86111111111081
52.28888888888858
53.87222222222191
49.92222222222193
53.81666666666637
52.02777777777748
50.57222222222194
52.683333333333024
54.766666666666374
48.961111111110824
53.52222222222193
48.59444444444415



The list of best values first execution 

9.399999999999778
15.699999999999761
11.199999999999761
16.999999999999744
7.299999999999756
18.699999999999733
15.699999999999761
13.999999999999801
9.499999999999744
13.499999999999773
11.499999999999744
7.399999999999807
9.999999999999773
9.899999999999778
11.999999999999773
13.099999999999795
7.999999999999815
7.899999999999807
12.099999999999795
8.399999999999835
13.499999999999858
12.499999999999758
7.3999999999997925
15.699999999999775
11.399999999999778
12.499999999999787
12.399999999999935
10.499999999999787
12.799999999999812
17.9999999999998
12.799999999999784
8.299999999999784
9.299999999999955
12.999999999999801
9.299999999999926
8.599999999999937
6.799999999999812
8.599999999999923
5.999999999999943
5.3999999999997925
5.999999999999858
12.599999999999824
19.59999999999986
16.599999999999966
19.099999999999717
4.599999999999682
8.999999999999858
7.599999999999966
11.399999999999864
11.499999999999858
9.899999999999892
8.899999999999892
10.899999999999821
12.9999999999999
9.299999999999898
21.299999999999883
14.49999999999956
9.099999999999639
16.69999999999979
11.299999999999827
21.59999999999983
14.099999999999852
12.899999999999864
3.7999999999998835
18.599999999999895
7.299999999999869
16.59999999999988
9.099999999999866
8.69999999999989
11.099999999999824
17.699999999999875
11.099999999999852
14.999999999999858
6.999999999999858
13.099999999999852
5.599999999999852
5.999999999999915
17.29999999999984
11.599999999999852
12.79999999999984
9.299999999999969
7.299999999999841
5.799999999999969
11.699999999999818
10.499999999999872
5.999999999999886
17.299999999999898
8.899999999999878
11.899999999999835
10.499999999999844
16.09999999999988
10.599999999999866
11.799999999999955
8.999999999999943
9.999999999999872
10.499999999999943
10.49999999999983
13.599999999999852
5.999999999999986
12.599999999999852
4.999999999999972
16.399999999999892
10.499999999999972
23.099999999999973
16.499999999999858
6.399999999999935
7.399999999999878
7.399999999999935
4.800000000000011
14.0
8.400000000000006
10.899999999999906
12.799999999999997
12.399999999999906
8.299999999999898
10.899999999999892
6.9999999999999005
9.39999999999992
10.999999999999929
10.499999999999986
9.299999999999898
11.9999999999999
6.999999999999986
13.399999999999963
4.399999999999935
16.699999999999946
5.799999999999926
10.999999999999943
22.3999999999999
10.699999999999974
9.299999999999983
13.099999999999937
11.499999999999943
13.499999999999957
14.399999999999991
10.699999999999974
9.199999999999989
6.399999999999935
12.599999999999937
11.099999999999923
7.999999999999943
14.999999999999957
12.999999999999972
11.999999999999957
9.999999999999943
17.69999999999999
12.199999999999974
10.900000000000006
15.100000000000009
20.69999999999996
7.299999999999983
13.80000000000004
18.900000000000013
15.40000000000002
17.00000000000003
13.400000000000034
13.500000000000043
12.500000000000043
10.100000000000037
10.000000000000043
8.900000000000048
14.400000000000063
18.300000000000082
14.400000000000077
9.90000000000012
17.30000000000014
15.000000000000142
5.400000000000091
10.300000000000082
7.000000000000057
3.800000000000111
11.700000000000074
12.100000000000051
9.500000000000128
7.000000000000057
10.100000000000051
13.100000000000051
9.100000000000108
7.400000000000119
15.500000000000028
6.400000000000134
9.0
5.80000000000004
7.200000000000003
10.90000000000002
17.90000000000002
3.0000000000001563
6.000000000000043
13.400000000000034
9.400000000000205
8.199999999999989
9.200000000000031
15.700000000000031
7.5
8.300000000000239
7.899999999999977
11.100000000000222
14.600000000000037
10.80000000000021
16.599999999999994
13.099999999999966
9.899999999999991
16.10000000000008
8.300000000000239
12.599999999999994
7.40000000000019
9.90000000000019
17.999999999999986
12.500000000000199
9.500000000000199
15.000000000000142
8.299999999999983
8.300000000000196
5.399999999999949
16.900000000000148
6.000000000000156
15.600000000000136
6.000000000000142
12.10000000000015
12.999999999999943
10.300000000000168
9.499999999999929
8.600000000000165
4.399999999999949
15.900000000000176
8.900000000000134
8.299999999999983
5.799999999999983
10.500000000000142
12.799999999999585
9.499999999999872
9.299999999999613
10.499999999999886
11.899999999999608
6.999999999999446
12.799999999999912
13.99999999999956
14.999999999999929
15.699999999999548
13.100000000000193
10.700000000000117
16.19999999999996
8.500000000000156
15.600000000000108
7.400000000000119
11.899999999999977
15.19999999999996
18.19999999999949
14.69999999999989
15.599999999999497
8.599999999999866
17.79999999999987
12.399999999999878
16.399999999999594
13.099999999999625
24.099999999999483
14.099999999999895
20.399999999999686
8.59999999999954
8.899999999999878
6.399999999999707
4.399999999999892
13.09999999999971
10.899999999999906
9.29999999999957
17.299999999999585
9.299999999999926
9.599999999999682
15.999999999999929
17.099999999999625
9.599999999999653
17.99999999999966
8.599999999999667
16.399999999999665
12.19999999999996
6.399999999999679
13.499999999999972
12.699999999999662
5.599999999999653
8.599999999999952
5.999999999999673
8.39999999999965
16.89999999999965
9.899999999999935
10.899999999999721
8.399999999999721
9.899999999999906
7.399999999999878
16.69999999999972
11.899999999999736
14.39999999999985
13.999999999999687
10.299999999999855
8.899999999999878
13.99999999999973
11.69999999999989
22.399999999999707
10.899999999999906
19.89999999999968
12.099999999999682
15.199999999999875
10.899999999999721
5.999999999999702
20.499999999999694
13.499999999999702
9.299999999999912
8.299999999999727
9.29999999999994
13.499999999999716
4.799999999999727
15.599999999999667
11.39999999999975
10.899999999999963
7.899999999999707
13.999999999999972
17.599999999999696
7.899999999999679
9.899999999999977
9.099999999999966
10.999999999999687
16.59999999999968
15.999999999999673
12.499999999999929
6.5999999999996675
17.999999999999915
15.899999999999693
17.999999999999687
12.79999999999967
7.89999999999992
15.499999999999673
7.399999999999665
7.899999999999849
17.999999999999645
12.099999999999653
7.899999999999665
16.399999999999892
16.299999999999656
9.899999999999878
10.299999999999685
10.899999999999679
10.899999999999693
10.899999999999665
6.399999999999679
11.499999999999929
12.599999999999667
11.499999999999957
4.799999999999713
6.399999999999693
15.79999999999994
7.39999999999975
7.399999999999693
4.799999999999969
14.699999999999747
15.599999999999767
13.999999999999773
8.299999999999983
8.899999999999977
8.899999999999721
11.999999999999716
9.899999999999778
11.79999999999977
4.399999999999693
12.699999999999818
7.299999999999699
17.0
16.399999999999977
10.899999999999991
6.0
11.799999999999699
10.499999999999844
11.899999999999977
10.599999999999966
14.999999999999872
10.499999999999872
15.599999999999866
6.999999999999716
16.70000000000003
18.70000000000004
15.09999999999971
11.500000000000057
8.899999999999693
8.59999999999988
6.599999999999724
10.900000000000077
11.200000000000088
9.000000000000085
9.900000000000091
8.900000000000091
11.599999999999753
10.000000000000057
12.099999999999781
13.999999999999886
16.200000000000088
19.69999999999977
12.899999999999238
9.499999999999773
8.299999999999784
16.29999999999943
13.999999999999432
11.799999999999272
10.599999999999284
18.599999999999795
15.399999999999807
14.999999999999261
10.299999999999386
17.699999999999235
8.599999999999795
19.19999999999922
13.699999999999378
6.999999999999773
12.099999999999383
16.299999999999258
13.499999999999801
22.199999999999257
14.099999999999255
15.499999999999375
8.89999999999938
9.299999999999343
11.499999999999332
9.899999999999821
5.799999999999827
14.39999999999931
7.39999999999938
12.39999999999938
13.499999999999275
6.399999999999366
14.69999999999935
10.79999999999984
6.199999999999363
21.899999999999366
12.899999999999352
14.099999999999852
9.499999999999332
13.499999999999332
9.099999999999312
13.99999999999983
11.899999999999352
20.69999999999996
7.199999999999733
12.500000000000114
9.099999999999994
8.199999999999847
14.499999999999858
15.399999999999551
19.499999999999815
21.499999999999567
12.099999999999568
17.999999999999616
6.999999999999616
6.399999999999565



The list of values average 

41.29394444444419
64.98777777777754
49.60427777777755
53.08433333333309
57.46061111111088
44.82827777777755
58.05605555555534
49.276222222221996
51.58794444444421
55.23533333333311
45.82749999999976
56.274833333333085
48.928277777777545
51.95927777777755
53.540444444444226
48.08427777777755
54.742277777777524
49.85238888888865
52.022722222221994
52.865166666666425
49.101055555555305
53.825944444444204
50.35305555555531
51.90311111111088
52.97477777777754
49.23177777777756
53.96838888888865
49.93438888888861
52.37933333333311
52.03883333333309
50.377222222221995
52.834055555555324
50.73766666666642
51.52794444444421
51.90677777777755
49.84249999999977
52.77372222222197
50.47761111111085
51.9357777777775
51.31977777777754
51.20638888888863
51.46772222222197
51.10161111111086
51.33549999999974
51.52533333333308
50.67155555555533
52.06649999999977
50.98394444444419
51.71572222222198
50.84994444444418
51.65766666666643
51.06444444444419
51.918611111110856
51.0883333333331
51.62238888888864
51.09194444444416
51.62383333333308
51.39277777777751
51.56155555555531
51.235166666666395
51.898722222221984
51.38522222222196
51.65299999999973
51.55099999999976
51.43399999999975
51.70899999999974
51.41577777777753
51.83255555555532
51.1018888888886
51.606444444444165
51.95233333333307
50.93361111111087
52.105722222221935
50.92633333333309
52.09611111111083
51.16083333333308
51.4837777777775
51.70722222222195
50.87561111111083
52.07494444444417
51.23133333333306
51.7321666666664
51.56111111111087
51.39255555555527
52.09177777777754
51.2663888888886
52.11011111111083
51.62877777777751
51.29627777777754
52.02249999999973
50.72322222222198
52.13899999999972
50.325999999999716
51.79033333333304
51.148555555555255
51.010666666666374
51.82105555555529
50.60122222222196
51.89111111111084
51.302222222221936
50.61844444444415
51.560499999999735
50.64172222222193
51.51861111111082
50.918999999999734
50.891611111110805
51.23883333333304
50.793111111110825
51.14049999999971
51.14661111111082
50.938777777777496
51.36733333333306
50.827888888888594
51.42249999999971
51.1887777777775
51.454166666666374
51.195555555555266
51.2076666666664
51.44416666666637
51.23633333333303
51.45616666666637
51.252388888888596
51.26366666666637
51.82244444444417
50.63094444444417
51.80816666666636
50.64849999999972
51.430666666666376
51.6652777777775
50.7316111111108
51.544666666666366
51.01766666666636
51.25983333333303
51.67311111111081
50.89466666666637
51.91466666666635
50.93088888888859
51.31783333333302
51.92788888888859
51.14733333333304
51.41766666666638
51.51488888888859
51.09222222222193
51.7879999999997
51.09138888888859
51.77133333333304
51.06844444444413
51.320666666666355
51.60949999999972
51.601388888888586
51.58927777777748
51.4964999999997
51.08705555555523
51.67372222222192
51.46655555555523
51.51572222222193
51.71711111111079
51.33927777777746
51.66249999999969
51.97683333333302
51.18533333333303
52.002444444444116
51.37299999999968
51.818222222221934
52.16455555555526
51.577722222221894
51.82616666666638
51.40677777777745
52.43177777777746
51.53094444444413
51.740166666666354
51.866388888888565
51.82705555555524
51.85411111111079
52.05733333333302
51.881555555555245
52.10427777777748
51.22094444444414
52.148888888888585
51.591888888888555
51.584999999999695
51.93772222222192
51.401388888888576
51.699611111110805
51.789388888888595
51.22449999999969
52.21533333333301
51.08655555555523
52.15538888888857
51.21311111111079
51.088499999999684
51.94377777777747
51.03077777777744
51.561388888888565
51.15922222222189
50.90388888888858
52.158888888888555
50.27877777777747
51.920444444444094
51.54388888888857
50.95633333333299
52.07216666666634
50.282222222221925
51.83833333333302
50.82844444444411
50.99449999999968
51.66977777777745
50.98944444444412
51.21322222222191
51.32449999999967
51.236277777777445
51.67455555555525
50.90955555555527
51.76811111111079
51.29999999999968
51.40311111111079
51.84961111111077
51.399111111110784
51.2939444444441
51.75133333333299
51.498055555555226
51.994111111110776
50.9594444444441
52.36938888888855
50.94388888888855
51.888166666666336
51.31011111111077
51.16905555555522
51.53838888888856
50.65116666666634
51.67794444444408
51.10905555555522
51.43866666666632
51.374499999999635
51.006833333333
51.69622222222186
51.16349999999964
51.433944444444116
51.185055555555195
51.056999999999675
51.788944444444105
51.28338888888853
51.59099999999965
51.28427777777744
51.235166666666316
51.75177777777745
51.134888888888554
51.76688888888853
51.34972222222187
51.24411111111079
51.441888888888535
51.571333333332994
51.02749999999965
51.594388888888545
51.28233333333298
51.4666666666663
51.399833333332985
51.6215555555552
51.83561111111076
51.314611111110764
51.45077777777743
52.044499999999644
50.88861111111075
51.95933333333297
51.247055555555185
51.688999999999645
51.91922222222188
51.344166666666304
52.3199444444441
51.37605555555517
51.78188888888853
51.911222222221866
50.889888888888514
52.710111111110734
51.072999999999624
52.26266666666631
51.29611111111074
51.82577777777742
51.84649999999963
51.66044444444405
51.52305555555518
51.93011111111074
50.88727777777742
52.04783333333297
50.99127777777741
51.67861111111073
51.47294444444409
51.16088888888853
51.504722222221865
51.36111111111076
51.405833333332964
51.325222222221846
51.1199999999996
51.66022222222185
51.20711111111076
51.65411111111074
51.14966666666631
51.509388888888516
51.358333333332965
51.34766666666627
51.391555555555186
51.31622222222186
51.3948888888885
51.43694444444409
51.35822222222185
51.30822222222184
51.404055555555146
51.07661111111075
51.7982777777774
50.9536666666663
51.64161111111074
50.896333333332926
51.59838888888851
51.316166666666284
51.52794444444405
51.12088888888852
51.71033333333293
51.260166666666265
51.53594444444407
51.59849999999962
51.084777777777376
51.46416666666627
51.00344444444405
51.40522222222183
51.64494444444407
51.10299999999959
51.9879444444441
51.01705555555519
51.64572222222185
51.98544444444406
50.70055555555516
52.25583333333295
51.07066666666628
51.7378888888885
51.45599999999959
50.76577777777739
52.16961111111072
50.93844444444404
51.60683333333297
51.357944444444065
50.80566666666628
52.123055555555155
50.73911111111074
51.93866666666628
51.617611111110726
50.866499999999625
52.3241111111107
50.95999999999961
51.858444444444046
51.63155555555517
51.1724999999996
52.26688888888849
51.37511111111072
52.03072222222184
51.77194444444407
51.33272222222185
52.31322222222182
51.185166666666284
52.18255555555518
51.04683333333292
51.440722222221844
51.803888888888494
51.49261111111073
51.41527777777735
51.399499999999605
51.382277777777354
51.60983333333291
50.97161111111074
51.31711111111072
51.17961111111068
51.237888888888484
51.276999999999596
51.32611111111071
51.13799999999958
51.113277777777384
51.176333333332934
51.10466666666625
50.94838888888847
50.88355555555514
51.072888888888464
50.907777777777376
51.04316666666625
51.01961111111069
51.385055555555155
51.19016666666626
51.00916666666626
51.48288888888846
50.9853888888885
51.21688888888847
51.23722222222181
51.47055555555514
51.3914999999996
51.11055555555513
51.54911111111068
50.980444444444025
51.6383333333329
51.10433333333291
51.79305555555515
51.49205555555513
51.26472222222183
52.30088888888849
50.79838888888847
51.70766666666624
51.34799999999958
51.41177777777737
52.11383333333292
50.37655555555514
52.01966666666623
50.91988888888849
51.34527777777734
51.825222222221804
50.90344444444403
51.37677777777733
51.46722222222179
51.108333333332936
51.26666666666627
51.279444444444024
50.74316666666623
51.62722222222177
51.27783333333293
51.20277777777734
51.634888888888455
51.17416666666625
51.20288888888846
51.860944444444
51.13727777777735
51.65966666666625
51.41394444444403
51.407722222221786
51.576333333332904
51.104388888888444
51.70566666666624
50.77077777777736
51.68199999999958
51.222222222221795
51.23427777777734
51.44205555555514
51.10144444444401
51.70044444444401
51.540833333332905
50.95022222222179
51.62444444444401
51.21649999999958
51.512055555555115
51.17933333333291
51.383944444444026
51.44638888888846
51.28355555555512
51.71116666666622
51.19944444444401



The list of best values average 

12.143999999999766
13.684999999999768
12.744999999999772
12.099999999999765
12.033999999999772
11.282999999999785
12.598999999999787
11.641999999999783
11.628999999999788
11.361999999999789
11.804999999999787
11.861999999999796
11.789999999999788
11.377999999999783
11.478999999999788
11.682999999999799
11.264999999999782
12.021999999999787
11.982999999999791
11.8339999999998
10.905999999999793
12.32799999999979
11.155999999999791
11.432999999999799
11.671999999999795
11.543999999999807
11.506999999999799
12.152999999999789
11.804999999999803
11.531999999999792
11.734999999999802
12.002999999999808
11.322999999999821
11.86199999999981
11.257999999999816
12.054999999999819
11.968999999999802
11.638999999999807
11.965999999999816
11.84199999999981
12.084999999999809
12.489999999999814
12.169999999999812
11.698999999999813
12.122999999999815
12.091999999999807
11.357999999999826
11.322999999999828
11.478999999999814
12.367999999999812
11.188999999999826
11.71199999999981
11.33499999999982
12.480999999999835
12.404999999999816
11.079999999999819
11.956999999999823
11.507999999999818
12.373999999999821
11.857999999999812
11.883999999999826
11.552999999999836
12.362999999999834
11.216999999999826
11.142999999999827
12.13099999999984
11.939999999999825
11.90299999999982
10.883999999999826
12.055999999999822
11.653999999999813
11.191999999999839
12.140999999999817
11.373999999999835
10.865999999999818
12.255999999999817
11.67699999999983
11.460999999999824
11.58799999999981
11.388999999999829
11.262999999999824
11.449999999999818
11.49599999999983
12.000999999999811
11.171999999999812
11.406999999999824
11.832999999999835
11.30899999999982
12.292999999999829
12.801999999999822
12.394999999999797
11.353999999999811
11.48499999999982
11.212999999999846
11.186999999999838
11.872999999999832
12.111999999999824
11.663999999999827
11.516999999999832
11.375999999999818
11.790999999999823
11.292999999999822
11.90999999999981
11.506999999999842
12.025999999999827
12.012999999999796
11.812999999999839
12.47099999999983
11.433999999999832
11.904999999999824
11.434999999999818
12.426999999999833
11.248999999999818
12.287999999999812
11.495999999999823
11.791999999999803
12.296999999999827
11.80999999999983
11.968999999999806
12.164999999999791
11.163999999999806
11.754999999999814
11.880999999999789
11.91699999999983
10.746999999999804
11.304999999999797
10.821999999999807
12.00199999999981
11.528999999999797
11.770999999999818
11.306999999999807
11.827999999999797
12.029999999999816
11.8069999999998
11.612999999999825
11.428999999999803
10.489999999999835
11.964999999999808
11.334999999999807
12.348999999999828
11.687999999999818
11.175999999999794
11.884999999999833
11.211999999999819
11.989999999999808
12.403999999999828
11.652999999999814
12.0549999999998
12.218999999999768
11.33799999999981
12.123999999999834
12.666999999999815
11.7519999999998
12.426999999999815
11.816999999999814
12.072999999999809
12.457999999999782
11.624999999999806
11.29299999999979
11.92699999999979
10.17799999999979
12.504999999999797
12.091999999999794
10.652999999999787
11.816999999999776
11.72399999999978
11.784999999999831
11.516999999999797
11.89399999999978
11.976999999999808
11.702999999999786
12.279999999999788
11.32199999999979
11.895999999999779
12.395999999999821
11.174999999999805
11.251999999999812
11.789999999999798
10.8239999999998
11.629999999999786
11.937999999999782
11.591999999999762
11.260999999999779
11.909999999999778
11.869999999999793
12.379999999999777
11.335999999999794
12.010999999999793
12.552999999999791
11.211999999999795
11.684999999999782
11.694999999999805
11.629999999999793
11.379999999999814
11.267999999999802
11.490999999999792
11.67999999999981
10.885999999999791
11.393999999999783
12.074999999999797
11.135999999999799
11.518999999999796
11.409999999999808
11.048999999999818
11.835999999999816
11.437999999999816
11.343999999999806
12.212999999999822
11.898999999999795
11.700999999999803
11.751999999999798
11.3449999999998
12.54199999999981
11.86399999999982
12.324999999999823
11.476999999999789
12.404999999999838
11.229999999999817
12.06499999999979
11.973999999999792
12.93399999999981
12.358999999999803
12.074999999999799
12.291999999999824
11.479999999999807
11.617999999999817
11.896999999999817
11.588999999999807
11.840999999999807
11.46299999999983
11.868999999999787
11.439999999999813
10.974999999999772
11.454999999999787
11.07699999999979
11.500999999999777
11.377999999999771
11.37899999999981
10.927999999999802
10.674999999999804
11.769999999999817
11.272999999999795
12.084999999999804
11.244999999999807
11.982999999999823
10.829999999999798
11.902999999999826
11.994999999999829
11.472999999999828
12.028999999999812
11.579999999999801
12.506999999999762
11.140999999999798
11.700999999999778
11.665999999999785
11.289999999999754
11.707999999999753
12.272999999999737
11.616999999999763
11.123999999999796
11.089999999999772
12.681999999999782
12.534999999999792
11.495999999999796
12.149999999999787
11.842999999999762
11.554999999999788
11.797999999999776
12.59699999999975
12.19599999999976
11.457999999999762
11.52999999999977
11.600999999999765
12.551999999999785
11.215999999999758
11.246999999999762
11.692999999999767
11.333999999999774
12.223999999999803
11.681999999999784
11.695999999999778
12.04299999999977
12.163999999999762
11.060999999999776
12.213999999999766
11.809999999999809
11.607999999999778
11.902999999999773
11.289999999999743
12.486999999999755
12.198999999999737
11.946999999999756
12.108999999999762
11.24299999999976
11.776999999999752
11.59099999999974
11.251999999999745
12.21699999999975
11.782999999999772
11.936999999999736
11.472999999999752
11.44599999999976
12.69099999999976
11.77699999999979
11.812999999999757
11.50799999999973
11.128999999999724
11.852999999999764
11.288999999999739
12.118999999999739
12.577999999999719
11.712999999999745
11.936999999999738
11.952999999999708
12.088999999999722
11.140999999999735
11.984999999999758
12.645999999999729
11.809999999999732
11.235999999999713
11.930999999999727
10.907999999999715
11.321999999999738
11.943999999999738
11.762999999999767
11.967999999999709
11.100999999999758
11.729999999999727
11.610999999999748
11.246999999999705
11.721999999999717
12.397999999999755
12.150999999999712
11.76199999999972
11.357999999999732
11.512999999999739
11.371999999999751
12.435999999999755
11.263999999999763
11.569999999999752
11.711999999999739
10.966999999999743
11.201999999999748
11.82299999999974
11.491999999999754
11.554999999999767
12.000999999999735
11.848999999999778
12.453999999999732
11.87799999999979
12.183999999999767
11.45499999999975
11.712999999999756
12.10199999999975
11.750999999999776
11.445999999999717
11.467999999999757
11.348999999999771
12.238999999999733
11.635999999999765
11.095999999999764
11.112999999999744
11.47799999999974
11.674999999999768
11.395999999999749
11.658999999999764
11.398999999999736
11.23299999999974
11.167999999999745
10.790999999999753
11.499999999999755
11.846999999999761
12.127999999999775
11.925999999999767
11.283999999999734
11.724999999999735
11.97599999999972
11.634999999999723
11.83099999999973
11.30799999999974
11.400999999999714
11.088999999999734
11.996999999999721
12.112999999999738
11.145999999999738
11.914999999999763
12.08299999999978
10.873999999999775
11.614999999999764
11.353999999999786
11.914999999999738
11.555999999999749
11.412999999999755
11.593999999999761
12.12299999999975
12.12399999999975
11.641999999999772
11.896999999999727
12.367999999999755
12.120999999999778
11.474999999999746
12.30299999999974
11.484999999999744
11.688999999999712
11.390999999999742
12.534999999999767
11.13299999999974
12.542999999999758
12.181999999999743
11.215999999999726
11.71799999999975
12.142999999999729
11.600999999999733
12.149999999999729
11.684999999999743
12.57999999999973
12.259999999999772
12.188999999999767
11.709999999999738
11.525999999999726
11.558999999999793
11.730999999999765
12.236999999999762
11.869999999999742
12.216999999999734
11.527999999999746
12.509999999999748
11.322999999999707
11.885999999999703
12.061999999999736
11.776999999999765
11.263999999999761
10.921999999999729
11.448999999999748
12.134999999999744
12.122999999999744
11.426999999999738
12.878999999999746
11.597999999999745
11.452999999999774
11.386999999999748
11.02599999999976
11.347999999999761
11.420999999999756
11.59499999999974
10.782999999999749
11.403999999999732
11.843999999999772
11.065999999999756
11.627999999999767
