----------Report of simulation of Quantum Parallel Tempering-----------
The number of considered Spin 54
The considered Annealing Duration 540
The considered Annealing Number 100
The considered T 1.0
The considered Gamma0 1.0
The considered Number Of Replica 3
The considered Number Of System 6
The solution found [ 1 -1  1 -1  1 -1  1 -1  1 -1  1 -1  1 -1  1 -1  1 -1 -1 -1  1  1 -1 -1
  1  1 -1 -1  1  1 -1 -1  1  1 -1 -1  1  1 -1 -1  1  1 -1 -1  1  1 -1  1
  1 -1 -1  1  1 -1]
The value found -133.20000000000084
The Success probability is 0.0
The average value is -132.96800000000053
The total execution time is 897.9190218448639
The average time for execution is 8.979188411235809
The average time for all systems update is 0.016503123296631707
The average time for system update is 0.0027379685154667608
The average time for replica update is 0.0009123422611397481
The average time for spin update is 1.6646764574027648e-05
The list of values found 

-133.20000000000022
-132.40000000000043
-133.2000000000004
-133.20000000000056
-133.2000000000006
-133.20000000000033
-133.20000000000033
-133.20000000000036
-132.4000000000007
-132.40000000000038
-133.2000000000003
-133.2000000000003
-133.20000000000044
-132.40000000000066
-133.20000000000059
-132.4000000000005
-133.20000000000044
-133.20000000000084
-133.2000000000006
-133.2000000000005
-133.20000000000041
-132.40000000000052
-132.40000000000074
-132.40000000000038
-133.20000000000033
-133.20000000000044
-132.40000000000046
-133.20000000000047
-132.40000000000055
-133.20000000000033
-133.20000000000022
-132.4000000000005
-133.20000000000036
-132.40000000000043
-133.20000000000044
-133.2000000000004
-133.20000000000041
-133.20000000000044
-133.20000000000036
-132.40000000000052
-132.40000000000052
-133.20000000000033
-133.20000000000033
-132.40000000000055
-133.20000000000024
-132.4000000000004
-133.20000000000024
-133.2000000000004
-133.20000000000053
-133.20000000000033
-133.20000000000033
-133.20000000000033
-133.20000000000033
-132.4000000000005
-133.20000000000047
-133.2000000000003
-133.20000000000024
-133.20000000000033
-133.20000000000033
-133.20000000000033
-133.20000000000036
-132.4000000000004
-133.20000000000047
-133.20000000000033
-132.40000000000052
-133.20000000000033
-132.4000000000005
-133.20000000000064
-133.2000000000004
-132.4000000000005
-133.20000000000016
-133.20000000000027
-132.4000000000005
-133.2000000000004
-133.2000000000004
-133.20000000000033
-132.40000000000052
-132.40000000000052
-133.20000000000027
-133.20000000000044
-133.2000000000004
-133.2000000000004
-132.4000000000006
-133.20000000000041
-132.40000000000066
-133.2000000000004
-133.20000000000041
-133.20000000000047
-133.2000000000003
-133.20000000000022
-133.20000000000044
-133.20000000000044
-133.20000000000036
-132.40000000000055
-133.20000000000005
-132.40000000000063
-132.4000000000005
-133.20000000000041
-133.2000000000004
-133.20000000000041



The list of values first execution 

-85.32222222222254
-83.34444444444476
-91.38888888888918
-85.96666666666695
-91.68333333333364
-92.34444444444475
-94.03333333333363
-92.40555555555586
-91.2000000000003
-91.91666666666696
-90.06111111111143
-91.24444444444474
-91.89444444444476
-93.81666666666698
-91.58333333333364
-90.27777777777808
-88.28333333333364
-91.28333333333364
-94.06111111111142
-95.06666666666699
-93.25000000000028
-95.87222222222255
-92.47222222222256
-96.58888888888919
-95.51111111111142
-94.78333333333366
-92.88888888888917
-94.4888888888892
-93.17777777777809
-92.75555555555587
-93.82222222222254
-90.87222222222253
-90.66111111111144
-94.166666666667
-93.73333333333365
-92.60555555555587
-93.2277777777781
-89.79444444444475
-90.1722222222225
-89.66111111111142
-90.41111111111145
-86.86111111111143
-89.66666666666698
-88.62222222222253
-91.45000000000033
-88.92777777777809
-88.17777777777809
-87.00000000000031
-90.78333333333364
-86.02777777777808
-90.06111111111142
-83.68888888888921
-90.65555555555588
-86.31111111111143
-94.7111111111114
-88.53888888888922
-93.8888888888892
-89.9888888888892
-90.53333333333367
-89.67777777777809
-90.75555555555587
-95.38888888888921
-89.57222222222255
-92.92777777777812
-89.8500000000003
-90.31111111111147
-92.49444444444478
-89.78333333333366
-89.33333333333364
-90.85000000000034
-89.57777777777811
-93.22222222222257
-91.18888888888921
-93.94444444444476
-92.13888888888921
-94.60000000000034
-92.35000000000032
-95.17777777777809
-94.11666666666702
-94.44444444444476
-90.21111111111144
-91.33333333333366
-93.95555555555589
-92.12777777777809
-94.92222222222257
-90.93888888888922
-95.16666666666701
-92.0555555555559
-93.87222222222255
-90.71666666666701
-93.08888888888924
-94.30555555555588
-94.07222222222254
-91.05000000000035
-90.48333333333368
-90.266666666667
-92.066666666667
-91.88888888888923
-94.21111111111146
-92.46111111111144
-96.20000000000034
-91.97777777777812
-93.82777777777811
-89.63888888888923
-91.22222222222257
-88.81111111111143
-93.16111111111145
-89.21111111111145
-93.36111111111146
-91.47777777777812
-94.91111111111144
-94.43888888888921
-91.1555555555559
-96.28888888888922
-93.79444444444479
-93.00000000000033
-92.6777777777781
-92.4055555555559
-93.37777777777814
-91.55000000000035
-96.37777777777808
-91.16111111111142
-93.9555555555559
-88.35000000000034
-91.93888888888924
-90.53888888888925
-89.76111111111145
-90.70000000000036
-88.07222222222258
-89.95555555555589
-89.93888888888922
-92.18333333333368
-91.0388888888892
-94.07222222222256
-89.5888888888892
-90.36111111111146
-89.75000000000034
-91.62222222222255
-92.58888888888923
-92.06111111111146
-93.82222222222256
-91.06666666666699
-95.94444444444477
-91.09444444444479
-91.84444444444479
-91.20555555555589
-91.80000000000034
-90.76666666666699
-89.93888888888922
-92.81666666666699
-89.9277777777781
-89.47777777777809
-90.25000000000034
-90.20555555555589
-88.52222222222254
-89.80555555555588
-87.50555555555587
-86.80555555555588
-87.28888888888922
-88.96666666666698
-92.366666666667
-91.79444444444476
-90.27777777777811
-88.63888888888921
-87.22777777777812
-89.95555555555588
-87.16111111111144
-88.40000000000032
-87.72222222222254
-85.57222222222254
-88.18333333333366
-86.96666666666698
-89.716666666667
-87.17222222222256
-90.18888888888918
-89.11111111111144
-91.2777777777781
-87.33888888888922
-88.93888888888918
-88.07777777777807
-90.78333333333363
-82.54444444444476
-89.32777777777808
-82.95555555555586
-91.6388888888892
-88.41666666666697
-92.87777777777808
-87.02222222222252
-92.98888888888919
-89.00555555555587
-92.5722222222225
-88.83888888888917
-90.38888888888917
-88.00555555555587
-89.97777777777806
-89.77777777777806
-90.15000000000028
-88.75000000000028
-89.18333333333364
-87.76666666666694
-90.2000000000003
-88.01666666666696
-90.89444444444473
-90.31111111111142
-94.32777777777807
-90.05555555555583
-91.82777777777807
-90.20555555555585
-89.50555555555586
-89.70555555555583
-90.7722222222225
-87.38333333333361
-90.45555555555582
-91.41666666666694
-88.40555555555584
-90.29444444444474
-91.23888888888915
-89.29444444444471
-94.25000000000028
-90.9833333333336
-93.35555555555585
-89.1722222222225
-92.48888888888918
-91.37222222222252
-90.08888888888916
-91.02777777777803
-90.62777777777804
-88.02777777777804
-92.51666666666694
-84.6722222222225
-90.05555555555584
-87.07222222222249
-92.97777777777804
-88.95000000000029
-91.03888888888918
-89.07777777777805
-88.07222222222249
-85.61111111111138
-90.96111111111138
-84.00000000000027
-89.02222222222248
-87.53888888888915
-90.71666666666692
-87.73888888888914
-90.21666666666692
-87.30555555555583
-92.30555555555581
-84.9222222222225
-92.65555555555582
-89.50000000000027
-92.4944444444447
-87.58888888888917
-93.92777777777806
-89.18888888888918
-90.57222222222248
-90.43888888888915
-91.9111111111114
-88.90555555555585
-93.16111111111138
-85.1611111111114
-91.66111111111138
-87.34444444444472
-92.77777777777803
-92.13333333333361
-95.79444444444472
-93.0833333333336
-93.42222222222249
-92.37222222222249
-96.54444444444474
-92.31666666666693
-92.22777777777803
-91.04444444444471
-92.89444444444472
-90.63888888888914
-90.80555555555581
-88.80555555555584
-94.76666666666694
-86.13333333333358
-94.06111111111139
-86.9333333333336
-91.51111111111136
-86.50555555555582
-92.60555555555584
-92.65555555555582
-91.66111111111137
-90.34444444444469
-92.33333333333357
-91.93888888888915
-92.02222222222245
-90.15000000000026
-93.10000000000025
-90.64444444444473
-93.91666666666691
-90.2444444444447
-94.41666666666693
-89.67222222222249
-93.69444444444466
-92.87777777777802
-93.39444444444469
-89.28333333333357
-92.53888888888915
-92.4555555555558
-94.08888888888914
-93.0944444444447
-95.06111111111136
-93.81666666666692
-94.00000000000023
-92.53333333333359
-91.73888888888914
-89.2166666666669
-95.73333333333355
-91.9555555555558
-92.35000000000024
-90.26111111111135
-92.76111111111135
-93.24444444444468
-90.68888888888914
-90.40000000000023
-89.88888888888913
-92.0944444444447
-89.13888888888911
-93.52222222222244
-90.58333333333357
-90.91111111111135
-89.29444444444468
-90.58333333333356
-90.92777777777799
-92.92222222222247
-89.5166666666669
-90.1166666666669
-91.18333333333356
-90.66111111111134
-93.07222222222248
-91.5055555555558
-96.71111111111135
-88.777777777778
-95.2055555555558
-89.72222222222248
-95.12777777777801
-94.11666666666692
-93.5055555555558
-93.45000000000024
-90.32777777777801
-94.30000000000024
-90.91111111111134
-90.42222222222247
-87.86111111111134
-89.67222222222246
-89.76666666666692
-89.87777777777801
-90.51666666666692
-91.72222222222247
-94.28333333333357
-90.46111111111134
-90.26666666666692
-91.4055555555558
-89.86666666666692
-90.57777777777801
-85.93333333333356
-92.7444444444447
-89.27777777777801
-93.32222222222248
-88.90000000000025
-94.00000000000024
-93.39444444444467
-92.94444444444467
-92.09444444444469
-92.56111111111136
-90.2944444444447
-94.23333333333356
-89.60000000000024
-94.23888888888912
-93.05000000000028
-92.92777777777803
-94.15555555555582
-93.16666666666693
-92.50000000000027
-92.91666666666691
-92.25555555555579
-94.71111111111134
-91.9666666666669
-92.85555555555578
-89.16666666666691
-96.02777777777803
-92.18333333333358
-90.71111111111136
-88.22777777777804
-89.02777777777801
-93.38888888888916
-90.71666666666694
-90.66111111111135
-91.64444444444469
-91.1333333333336
-94.6555555555558
-93.3055555555558
-93.40000000000025
-91.36666666666692
-93.4444444444447
-90.3555555555558
-89.9444444444447
-90.46666666666691
-87.41666666666691
-89.50000000000024
-87.73888888888914
-91.22777777777803
-89.17222222222247
-89.29444444444471
-96.21666666666691
-93.93333333333358
-91.92777777777805
-91.1833333333336
-92.91666666666691
-89.80000000000024
-93.86666666666693
-93.80000000000025
-93.87222222222248
-94.09444444444469
-93.91666666666691
-92.97222222222247
-92.66666666666691
-90.47222222222247
-95.08888888888913
-90.91666666666693
-93.81111111111136
-92.56111111111139
-96.78888888888915
-92.05000000000027
-95.5444444444447
-92.22222222222247
-95.72777777777803
-88.50555555555582
-92.70555555555582
-93.05000000000027
-93.65000000000026
-91.9222222222225
-89.77222222222248
-90.75000000000028
-91.15555555555584
-91.5055555555558
-91.82777777777805
-89.20000000000027
-92.45000000000029
-89.05000000000025
-90.05555555555583
-88.26666666666694
-93.61666666666696
-89.52222222222248
-91.03333333333359
-85.37222222222248
-87.82777777777804
-87.03888888888915
-92.1944444444447
-88.87777777777804
-93.05000000000025
-89.65000000000026
-92.82777777777804
-93.81111111111137
-93.76111111111136
-90.71111111111136
-91.96666666666691
-88.46111111111136
-93.16111111111135
-89.43888888888915
-95.6333333333336
-88.17222222222247
-91.58333333333358
-89.02777777777803
-92.01666666666694
-87.57777777777802
-91.3166666666669
-86.82222222222248
-89.85555555555581
-87.38888888888913
-91.19444444444471
-89.37222222222246
-85.71666666666691
-85.4555555555558
-88.37777777777804
-89.4555555555558
-89.36111111111136
-88.90000000000025
-88.01111111111135
-94.88333333333357
-91.6555555555558
-95.38333333333358
-95.25000000000024
-93.73333333333359
-95.40000000000025
-94.68888888888914
-93.76666666666694
-92.15000000000023
-93.26666666666692
-93.01666666666691
-91.40555555555581
-89.92222222222247
-93.78888888888915
-91.13333333333361
-91.15000000000026
-90.73333333333358
-92.66111111111135
-94.76111111111138
-93.0611111111114
-92.96666666666692
-94.14444444444469
-94.25000000000026
-92.14444444444469
-93.63888888888917
-92.42777777777802
-93.57222222222248
-93.28333333333359
-91.8722222222225
-92.71111111111138
-93.87222222222249
-94.01666666666694
-93.40000000000028
-93.96111111111138
-92.37222222222249
-90.14444444444472
-92.56666666666695
-92.27222222222247
-94.07222222222248
-95.32777777777804
-93.6944444444447
-91.40555555555581
-93.33333333333358
-93.55555555555581
-92.06111111111139
-93.00555555555584
-91.91666666666693
-94.83333333333357
-91.45000000000026
-95.08888888888914
-91.70000000000024
-92.3055555555558
-89.22222222222248
-94.72777777777804
-92.18333333333358
-91.50000000000026
-88.97777777777803
-89.41666666666691



The list of best values first execution 

-97.60000000000029
-118.80000000000031
-123.2000000000003
-125.9000000000003
-131.6000000000003
-126.7000000000003
-125.90000000000029
-128.80000000000032
-126.30000000000031
-128.90000000000032
-126.7000000000003
-130.8000000000003
-131.6000000000003
-131.6000000000003
-130.8000000000003
-125.50000000000031
-131.6000000000003
-130.20000000000027
-130.2000000000003
-131.60000000000028
-125.30000000000032
-127.5000000000003
-126.80000000000032
-127.50000000000034
-124.10000000000034
-132.40000000000032
-128.1000000000003
-131.6000000000003
-129.40000000000032
-125.4000000000003
-125.3000000000003
-119.8000000000003
-127.60000000000029
-127.30000000000032
-128.00000000000034
-125.40000000000032
-125.90000000000032
-121.90000000000035
-127.30000000000034
-125.50000000000033
-125.90000000000035
-127.30000000000034
-124.1000000000003
-125.40000000000035
-127.50000000000034
-128.10000000000034
-126.80000000000032
-128.90000000000032
-128.30000000000035
-129.40000000000035
-128.10000000000034
-127.40000000000035
-124.10000000000034
-129.40000000000038
-127.60000000000036
-130.80000000000038
-128.1000000000004
-131.6000000000003
-130.2000000000004
-129.40000000000032
-131.60000000000036
-128.1000000000003
-126.70000000000033
-127.30000000000032
-126.70000000000037
-124.60000000000038
-124.60000000000036
-126.70000000000036
-129.40000000000035
-126.70000000000039
-131.0000000000004
-129.7000000000004
-132.40000000000038
-130.2000000000004
-130.2000000000004
-130.20000000000033
-129.7000000000004
-129.40000000000038
-127.50000000000036
-129.70000000000041
-130.20000000000041
-131.0000000000004
-130.2000000000004
-128.10000000000034
-129.8000000000004
-132.40000000000032
-128.90000000000038
-128.90000000000038
-128.1000000000003
-132.40000000000038
-131.6000000000003
-131.60000000000034
-128.80000000000038
-129.40000000000032
-129.4000000000003
-126.7000000000003
-125.40000000000033
-129.40000000000038
-130.20000000000033
-129.40000000000032
-130.2000000000004
-131.6000000000003
-131.6000000000003
-130.80000000000038
-131.00000000000037
-129.7000000000004
-128.10000000000036
-128.90000000000038
-124.70000000000039
-128.10000000000036
-129.00000000000037
-128.10000000000036
-132.40000000000038
-132.4000000000003
-132.4000000000003
-131.00000000000028
-128.10000000000036
-126.90000000000038
-128.9000000000003
-127.50000000000028
-126.8000000000003
-129.8000000000003
-130.8000000000003
-127.5000000000003
-131.0000000000003
-124.0000000000003
-125.60000000000029
-125.90000000000032
-130.8000000000003
-130.20000000000036
-131.00000000000028
-128.1000000000003
-131.00000000000028
-130.2000000000003
-132.4000000000003
-130.8000000000003
-130.80000000000038
-125.4000000000003
-131.6000000000003
-128.90000000000032
-130.8000000000003
-128.1000000000003
-131.0000000000003
-130.80000000000038
-128.10000000000036
-127.30000000000038
-130.2000000000004
-130.80000000000024
-130.80000000000024
-128.90000000000032
-128.10000000000025
-129.40000000000032
-128.2000000000004
-131.60000000000025
-128.80000000000024
-127.6000000000003
-126.70000000000039
-124.60000000000034
-126.80000000000024
-128.10000000000025
-130.80000000000024
-128.10000000000025
-128.10000000000025
-128.20000000000027
-131.00000000000034
-126.8000000000004
-124.80000000000025
-130.20000000000036
-131.00000000000034
-124.60000000000026
-128.20000000000027
-130.80000000000035
-129.4000000000004
-130.8000000000004
-129.4000000000004
-129.40000000000038
-131.00000000000037
-129.70000000000036
-126.80000000000038
-128.1000000000004
-126.80000000000027
-124.70000000000039
-123.30000000000025
-128.1000000000004
-128.1000000000004
-126.20000000000024
-129.4000000000004
-128.90000000000038
-131.60000000000025
-128.00000000000026
-128.9000000000004
-124.50000000000024
-121.40000000000042
-122.00000000000041
-130.8000000000004
-130.8000000000004
-125.9000000000004
-131.60000000000022
-125.9000000000002
-128.10000000000042
-125.90000000000039
-128.10000000000042
-131.0000000000004
-123.8000000000004
-125.40000000000043
-130.80000000000044
-131.60000000000036
-129.40000000000043
-128.10000000000022
-128.10000000000022
-125.30000000000044
-125.30000000000022
-128.20000000000022
-125.40000000000023
-124.60000000000022
-130.20000000000044
-126.80000000000022
-132.40000000000023
-129.40000000000038
-128.90000000000038
-127.30000000000024
-129.40000000000023
-130.80000000000024
-131.60000000000045
-129.00000000000045
-128.10000000000045
-131.60000000000025
-128.40000000000043
-131.60000000000034
-128.10000000000025
-131.60000000000036
-130.80000000000035
-131.60000000000036
-131.00000000000045
-131.60000000000034
-127.50000000000045
-130.80000000000035
-128.20000000000033
-126.20000000000044
-124.70000000000027
-125.50000000000034
-126.70000000000026
-127.30000000000027
-128.10000000000025
-128.80000000000047
-131.60000000000045
-132.40000000000046
-128.20000000000044
-131.60000000000034
-131.60000000000036
-131.60000000000025
-132.40000000000038
-129.40000000000038
-131.60000000000036
-133.20000000000022
-127.30000000000047
-129.40000000000038
-125.40000000000038
-128.20000000000036
-126.20000000000036
-128.00000000000023
-127.30000000000048
-123.90000000000049
-131.60000000000036
-130.80000000000035
-126.70000000000036
-129.40000000000046
-128.20000000000047
-132.40000000000046
-131.00000000000034
-128.20000000000036
-131.60000000000022
-132.4000000000002
-131.60000000000048
-130.20000000000022
-130.20000000000022
-128.10000000000036
-123.20000000000022
-128.00000000000023
-127.30000000000021
-125.90000000000047
-123.20000000000023
-125.40000000000035
-128.10000000000025
-131.60000000000036
-128.00000000000045
-125.30000000000024
-130.20000000000033
-130.80000000000035
-128.10000000000036
-126.70000000000034
-131.60000000000048
-130.80000000000032
-131.00000000000034
-132.40000000000032
-129.4000000000005
-126.70000000000047
-127.50000000000034
-130.80000000000032
-127.30000000000032
-130.20000000000022
-129.4000000000005
-131.60000000000048
-132.4000000000005
-130.80000000000032
-130.20000000000022
-131.60000000000034
-131.60000000000034
-128.90000000000032
-130.20000000000033
-132.4000000000002
-127.50000000000018
-122.00000000000034
-123.20000000000047
-128.10000000000048
-130.80000000000018
-130.20000000000033
-126.70000000000047
-124.70000000000047
-127.30000000000047
-126.80000000000047
-123.20000000000036
-124.60000000000048
-126.70000000000019
-126.70000000000049
-126.7000000000002
-121.00000000000021
-127.30000000000035
-125.90000000000049
-123.20000000000022
-122.80000000000048
-130.20000000000036
-131.60000000000036
-126.80000000000047
-132.40000000000046
-128.10000000000048
-130.20000000000044
-128.10000000000048
-126.70000000000047
-124.10000000000046
-123.20000000000046
-121.10000000000021
-127.30000000000047
-129.40000000000032
-128.9000000000002
-124.10000000000022
-127.30000000000021
-130.20000000000033
-124.60000000000032
-126.70000000000032
-125.90000000000032
-126.80000000000047
-128.10000000000045
-126.70000000000046
-129.40000000000046
-130.20000000000022
-125.90000000000046
-128.90000000000046
-126.20000000000022
-129.40000000000032
-131.60000000000048
-130.80000000000047
-128.00000000000023
-131.60000000000034
-125.90000000000049
-126.70000000000023
-131.60000000000022
-130.80000000000047
-130.20000000000047
-130.80000000000047
-132.40000000000023
-132.40000000000035
-130.80000000000047
-132.40000000000026
-131.60000000000025
-131.60000000000045
-131.60000000000025
-130.80000000000024
-130.80000000000047
-125.90000000000046
-130.20000000000024
-125.90000000000035
-125.40000000000026
-130.80000000000027
-130.80000000000035
-126.70000000000034
-122.40000000000035
-122.80000000000035
-126.70000000000024
-123.60000000000034
-124.50000000000034
-131.60000000000025
-128.10000000000025
-131.60000000000025
-130.80000000000047
-129.40000000000026
-132.40000000000026
-131.60000000000025
-127.50000000000047
-129.40000000000026
-125.30000000000032
-122.20000000000026
-124.70000000000044
-125.90000000000035
-125.30000000000024
-127.50000000000047
-127.30000000000034
-131.60000000000034
-127.50000000000034
-127.3000000000005
-126.8000000000005
-129.40000000000023
-126.80000000000035
-130.20000000000033
-131.60000000000034
-125.90000000000026
-129.4000000000005
-125.4000000000005
-128.1000000000005
-123.30000000000051
-124.00000000000034
-119.70000000000034
-117.10000000000035
-124.60000000000048
-128.80000000000035
-131.60000000000028
-130.2000000000005
-130.2000000000005
-128.00000000000028
-129.4000000000003
-124.60000000000036
-131.6000000000005
-128.10000000000028
-131.00000000000028
-128.90000000000038
-128.20000000000027
-125.50000000000051
-127.50000000000051
-123.80000000000052
-130.20000000000053
-129.40000000000052
-131.60000000000036
-130.20000000000036
-129.40000000000035
-126.80000000000051
-128.90000000000052
-130.80000000000052
-130.2000000000005
-128.1000000000003
-128.90000000000032
-129.40000000000052
-128.90000000000052
-128.1000000000005
-123.30000000000051
-122.00000000000034
-125.90000000000049
-130.20000000000027
-128.9000000000005
-132.4000000000005
-131.6000000000005
-132.40000000000032
-131.6000000000005
-128.1000000000003
-129.40000000000032
-128.20000000000027
-127.30000000000028
-132.40000000000026
-132.40000000000026
-128.10000000000034
-128.10000000000028
-125.90000000000029
-131.60000000000028
-127.40000000000032
-130.20000000000027
-128.90000000000032
-123.20000000000027
-124.60000000000028
-127.30000000000031
-124.30000000000032
-121.90000000000032
-124.2000000000003
-118.50000000000047
-129.00000000000026
-128.0000000000003
-131.6000000000003
-129.40000000000032
-130.20000000000047
-131.6000000000003
-131.6000000000003
-131.60000000000048
-130.80000000000047
-128.9000000000003
-128.30000000000047
-130.20000000000033
-132.4000000000005
-128.1000000000003
-131.6000000000003
-128.00000000000048
-120.60000000000049
-124.10000000000032
-130.2000000000005
-128.10000000000048
-131.60000000000048
-128.1000000000003
-129.4000000000003
-128.1000000000003
-132.40000000000032
-128.1000000000003
-132.4000000000005
-127.30000000000032
-128.90000000000052
-129.40000000000032
-130.80000000000052
-127.5000000000003
-128.80000000000027
-132.4000000000005
-128.0000000000005
-124.6000000000005
-120.60000000000049
-121.90000000000049
-127.3000000000003
-128.10000000000048
-123.80000000000048
-125.40000000000028
-131.00000000000028
-128.9000000000005
-130.2000000000003
-130.8000000000003
-129.00000000000028
-128.9000000000003
-125.40000000000029
-128.90000000000032
-131.60000000000028
-129.4000000000003
-130.8000000000003
-125.9000000000005
-128.8000000000003
-126.70000000000027
-128.10000000000048
-125.50000000000047



The list of values average 

-84.72527777777805
-83.72405555555588
-89.11022222222252
-88.44900000000027
-90.40727777777809
-90.58905555555583
-91.35255555555587
-90.85427777777807
-91.69077777777805
-90.9323888888892
-91.65977777777805
-91.31216666666691
-91.90344444444473
-91.31711111111147
-91.86883333333364
-91.43994444444475
-91.88161111111138
-90.99905555555584
-91.6050000000003
-91.51827777777808
-91.86422222222252
-91.38816666666695
-91.72711111111138
-91.54255555555588
-92.05244444444475
-91.53711111111137
-91.94361111111138
-91.43294444444471
-91.98538888888916
-91.57577777777804
-91.76538888888913
-91.58838888888921
-91.59888888888918
-91.46705555555585
-91.5209444444447
-91.07300000000032
-91.57527777777807
-91.20122222222254
-91.52577777777803
-91.09250000000026
-91.53811111111136
-91.29016666666698
-91.51805555555583
-91.0388333333336
-91.45966666666698
-91.09450000000024
-91.37538888888922
-90.9465000000003
-91.31694444444473
-91.25277777777809
-91.16955555555587
-91.03411111111139
-91.0766111111114
-91.04011111111143
-91.36411111111143
-90.74088888888917
-91.1153888888891
-90.83672222222255
-91.27800000000033
-90.76138888888919
-90.94794444444473
-90.66611111111143
-91.12994444444479
-91.05400000000029
-90.7143888888892
-90.83711111111145
-91.09305555555585
-90.79805555555586
-91.20827777777806
-91.04794444444475
-90.83777777777809
-91.09533333333368
-90.84838888888916
-90.87544444444474
-90.97166666666696
-91.13061111111145
-91.09022222222254
-90.96594444444473
-91.12633333333359
-91.00422222222248
-91.03261111111142
-91.03438888888915
-91.3559444444447
-91.28066666666697
-91.37233333333366
-91.10966666666694
-91.28944444444474
-90.89161111111135
-91.3273888888892
-91.04733333333365
-90.96494444444475
-91.15311111111141
-90.99416666666691
-90.85033333333367
-90.77227777777807
-90.6994444444447
-90.99522222222257
-90.73583333333367
-90.93733333333363
-90.7403333333336
-90.78472222222253
-90.42872222222255
-90.55827777777806
-90.70927777777804
-90.7218888888892
-90.7522222222225
-90.5327777777781
-90.75005555555589
-90.94688888888919
-91.01983333333362
-90.90544444444471
-91.13038888888921
-90.83538888888917
-90.83072222222252
-91.02283333333362
-90.95644444444477
-90.66266666666694
-90.7988888888892
-90.82638888888914
-90.99011111111145
-91.07305555555583
-90.93622222222248
-91.23205555555579
-90.92861111111138
-90.96077777777806
-90.55088888888919
-90.94394444444471
-90.48988888888921
-91.05627777777808
-90.41533333333366
-90.8927222222225
-90.83477777777802
-90.65977777777806
-90.6700000000003
-90.31350000000032
-90.65277777777806
-90.82311111111142
-90.76144444444475
-90.90938888888918
-90.67288888888916
-91.00938888888913
-90.86694444444477
-91.23516666666694
-90.69455555555585
-90.93022222222254
-90.910666666667
-91.07488888888915
-90.74088888888915
-90.92844444444478
-90.68355555555587
-90.66755555555581
-90.55727777777807
-90.48800000000028
-90.54344444444475
-90.94833333333358
-90.6352222222225
-90.71061111111138
-90.56733333333358
-90.46805555555584
-90.73027777777806
-90.64950000000029
-90.82144444444475
-90.82305555555588
-90.88244444444477
-90.85461111111138
-90.76350000000029
-90.8351111111114
-90.75866666666694
-90.66777777777804
-90.62266666666694
-90.76811111111137
-90.54027777777806
-91.05644444444468
-90.29916666666696
-90.77088888888915
-90.61027777777805
-90.92611111111144
-90.90161111111144
-90.86800000000031
-90.81061111111134
-91.17527777777805
-90.73488888888917
-91.10288888888914
-90.69266666666695
-91.17922222222246
-91.0776111111114
-90.98894444444468
-90.93350000000027
-90.78483333333365
-90.87650000000025
-90.86994444444471
-90.58666666666696
-90.57705555555584
-90.43761111111145
-90.9505000000003
-90.62005555555585
-90.65255555555585
-90.51255555555582
-90.54455555555585
-90.45366666666695
-90.41277777777803
-90.71238888888917
-90.88955555555583
-90.47583333333361
-90.80322222222247
-90.54727777777806
-90.80177777777807
-90.78377777777811
-90.7766111111114
-90.79227777777805
-91.22600000000028
-90.64138888888915
-90.74750000000024
-90.56294444444472
-90.5973888888892
-90.43461111111138
-90.51122222222253
-90.58188888888921
-90.65544444444474
-90.53561111111142
-90.70650000000023
-90.56972222222254
-90.70616666666697
-90.44250000000034
-90.71905555555585
-90.85877777777806
-90.78055555555582
-90.72683333333362
-90.64872222222249
-90.82716666666698
-90.60222222222255
-90.53022222222248
-90.91933333333364
-90.54472222222253
-90.9071666666669
-90.89927777777801
-90.4669444444447
-90.74422222222249
-90.86327777777811
-90.90950000000032
-90.43622222222251
-90.94783333333358
-90.41700000000033
-90.39888888888918
-90.57350000000027
-90.60922222222253
-90.51722222222249
-90.4727777777781
-90.6424444444447
-90.54355555555586
-90.95533333333367
-90.97438888888917
-90.98272222222249
-90.8642777777781
-90.76583333333366
-91.17994444444471
-90.85305555555583
-90.91355555555583
-91.06755555555587
-90.93194444444472
-90.91183333333362
-90.94133333333366
-91.24350000000028
-91.16127777777807
-90.99922222222253
-90.94100000000029
-91.0407777777781
-90.7395555555558
-91.00366666666693
-90.81711111111143
-91.06216666666697
-90.90538888888919
-90.96366666666692
-90.82488888888922
-90.95472222222249
-90.85594444444469
-91.04855555555581
-90.67088888888918
-91.1137777777781
-90.76772222222253
-90.77044444444475
-90.51116666666691
-90.70522222222252
-90.60716666666696
-90.91027777777808
-90.80522222222251
-90.93533333333365
-90.66561111111139
-90.71288888888915
-90.90755555555583
-90.81761111111138
-90.74483333333363
-90.93277777777807
-90.98516666666694
-91.09344444444476
-90.61438888888912
-90.84788888888923
-90.6406666666669
-90.52066666666694
-90.30850000000031
-90.76994444444477
-90.71044444444473
-91.1640000000003
-90.66844444444476
-90.86822222222249
-90.63683333333364
-91.07983333333357
-90.75611111111141
-90.64050000000029
-90.74805555555581
-90.80177777777804
-90.72716666666695
-90.74911111111135
-90.76277777777806
-90.91516666666689
-90.42855555555585
-90.90305555555584
-90.26633333333362
-90.81583333333361
-90.64188888888916
-91.04233333333363
-90.49283333333364
-90.96455555555583
-90.64244444444479
-91.08961111111142
-90.82488888888919
-90.90200000000029
-90.8542222222225
-90.9003333333336
-90.75755555555584
-90.94338888888916
-90.66050000000034
-91.31216666666694
-90.56127777777806
-90.90855555555581
-90.73988888888917
-90.81705555555575
-90.79105555555581
-90.55650000000027
-90.50372222222248
-90.5359444444447
-90.73000000000033
-90.71388888888917
-90.60294444444477
-90.8968333333336
-90.6952222222225
-90.99650000000031
-90.56394444444473
-91.17544444444478
-90.79094444444475
-91.1399444444447
-91.09588888888915
-90.94683333333363
-90.96405555555583
-91.14316666666696
-90.76005555555582
-90.86616666666697
-90.47266666666688
-90.76538888888919
-90.8716111111114
-90.65161111111138
-90.57316666666698
-90.5818333333336
-90.4115000000003
-90.71655555555589
-90.25888888888912
-90.65688888888913
-90.32388888888912
-90.56872222222248
-90.20116666666695
-90.34488888888914
-90.32716666666693
-90.75105555555582
-90.4651111111114
-90.85633333333357
-90.79333333333359
-90.7776111111114
-90.91700000000023
-90.83250000000032
-91.08394444444467
-91.18500000000027
-90.92616666666694
-91.20283333333361
-90.90083333333361
-91.05433333333356
-91.04566666666693
-91.01700000000034
-90.92355555555584
-91.0944444444447
-90.77022222222251
-91.19300000000032
-90.94350000000028
-91.22155555555585
-90.96461111111145
-90.81155555555584
-90.95722222222248
-91.24427777777808
-91.0508333333336
-91.13405555555582
-91.02788888888915
-91.06961111111139
-90.95538888888916
-91.20144444444472
-91.1115555555558
-91.02900000000034
-91.0808888888892
-91.13727777777805
-90.87050000000028
-90.96861111111141
-90.92166666666695
-90.96516666666692
-91.23800000000031
-91.12327777777804
-90.91855555555586
-91.21977777777806
-91.08244444444476
-91.13244444444466
-91.2203888888892
-90.81561111111141
-91.01500000000027
-91.07422222222249
-91.19411111111135
-91.13005555555587
-91.26672222222248
-91.10505555555585
-91.1220555555558
-91.10988888888916
-90.87200000000026
-90.99377777777805
-90.89244444444475
-91.00777777777809
-90.95266666666694
-91.23488888888917
-90.89577777777801
-91.09472222222256
-90.78700000000025
-90.66388888888915
-90.82766666666693
-90.76772222222253
-90.95655555555578
-91.03688888888917
-91.16466666666693
-90.83050000000026
-91.00905555555588
-91.04716666666697
-91.14783333333364
-90.91483333333358
-90.99605555555581
-90.51794444444472
-90.95450000000027
-90.85422222222252
-91.21644444444472
-90.53283333333364
-90.92533333333364
-90.64377777777807
-90.99250000000028
-90.39577777777808
-90.97472222222248
-90.43422222222253
-90.94455555555582
-90.38161111111138
-90.72577777777809
-90.5456666666669
-90.91327777777808
-90.4083333333336
-90.75038888888916
-90.35305555555583
-90.68427777777804
-90.45861111111142
-90.43288888888915
-90.62516666666696
-90.50644444444471
-90.56033333333362
-90.6587222222225
-90.27016666666694
-90.41472222222242
-90.44150000000026
-90.54966666666695
-90.39227777777809
-90.8011111111114
-90.61077777777808
-91.02016666666698
-90.73038888888917
-90.63238888888917
-90.70905555555578
-90.76722222222249
-90.76922222222248
-90.92055555555585
-90.7854444444447
-90.75366666666693
-90.86744444444477
-91.05233333333364
-90.8232222222225
-91.14655555555579
-90.82888888888917
-91.25027777777804
-90.57905555555583
-91.02438888888919
-90.76727777777799
-91.07350000000024
-90.58888888888913
-91.06316666666697
-91.02294444444472
-91.29222222222248
-90.85950000000028
-91.04044444444477
-90.80583333333354
-91.11844444444469
-90.64250000000031
-90.86883333333365
-90.56911111111137
-90.95138888888918
-90.52416666666691
-91.0560000000003
-90.68905555555583
-91.19983333333361
-90.6968333333336
-91.0911111111114
-90.98311111111137
-91.09300000000026
-90.97744444444466
-91.08677777777804
-91.0286666666669
-91.05016666666694
-90.95633333333363
-91.1275555555558
-90.85755555555585
-91.28955555555582
-90.83600000000025
-90.62883333333359
-90.59800000000023
-90.83011111111142
-90.60927777777802
-90.83783333333358
-90.98350000000029
-90.91883333333362
-90.78366666666692
-90.99761111111137
-90.94883333333358
-90.86272222222247



The list of best values average 

-107.20000000000029
-118.65200000000029
-122.95400000000029
-125.96300000000026
-127.11800000000025
-127.58100000000027
-127.46800000000026
-128.1830000000003
-127.81200000000028
-128.3620000000003
-127.98500000000034
-128.35200000000023
-128.46000000000032
-128.61400000000035
-128.36400000000023
-128.27700000000027
-128.6040000000002
-128.28700000000032
-127.86300000000027
-127.89000000000028
-127.96000000000024
-127.9250000000003
-127.8230000000003
-128.17400000000026
-128.27100000000024
-128.2270000000003
-128.52300000000025
-128.26100000000028
-128.57300000000026
-127.86800000000031
-128.29200000000023
-128.3170000000002
-128.0660000000003
-128.23800000000028
-128.17600000000024
-128.2380000000003
-128.34500000000025
-127.81200000000032
-127.9530000000003
-127.97000000000028
-127.59900000000037
-128.22300000000033
-128.60000000000034
-128.62700000000032
-128.52200000000028
-128.50400000000022
-128.30900000000025
-128.19100000000026
-127.9440000000003
-128.79100000000025
-128.3900000000003
-128.38600000000028
-128.27700000000033
-128.68800000000022
-128.3800000000003
-128.07800000000032
-127.77400000000027
-128.4060000000003
-128.21900000000034
-128.26500000000027
-128.2530000000003
-128.24500000000032
-128.32200000000034
-128.1430000000003
-128.27500000000032
-128.59300000000025
-128.51500000000036
-128.6740000000003
-128.74700000000038
-128.74100000000027
-128.3460000000003
-128.45300000000032
-128.26400000000027
-128.44800000000032
-128.55000000000032
-128.57000000000033
-128.46100000000033
-128.6110000000003
-128.6550000000003
-128.98300000000032
-128.96900000000034
-128.46100000000027
-128.57900000000026
-128.65600000000032
-128.37300000000027
-128.6070000000003
-128.51700000000025
-128.56800000000027
-128.57400000000027
-128.1370000000003
-128.01400000000032
-128.4330000000003
-127.96900000000025
-128.39100000000033
-128.5940000000003
-128.56800000000027
-128.6040000000003
-128.73500000000033
-128.77700000000033
-128.7390000000003
-128.4710000000003
-128.27400000000026
-128.7010000000003
-128.2960000000003
-128.13900000000032
-127.8990000000003
-127.94300000000032
-128.1970000000003
-128.11900000000026
-128.36100000000036
-128.48700000000034
-128.2080000000003
-128.1490000000003
-128.48900000000035
-128.4100000000003
-128.48300000000037
-128.13100000000034
-127.96800000000027
-128.38600000000028
-128.5500000000003
-128.31100000000038
-128.38300000000032
-128.04400000000035
-128.3400000000003
-128.60900000000032
-128.35500000000033
-128.28800000000032
-128.38100000000028
-128.22100000000034
-128.32700000000028
-128.23300000000032
-128.53200000000032
-128.7190000000003
-128.14300000000034
-128.28800000000032
-128.40100000000027
-128.24500000000035
-128.6930000000003
-128.09100000000035
-127.72400000000032
-128.62200000000033
-128.09700000000035
-128.74900000000034
-128.31500000000028
-128.33000000000033
-128.4840000000003
-128.67500000000027
-128.47200000000035
-128.38200000000037
-128.77700000000033
-127.90100000000032
-128.4170000000003
-128.3270000000003
-128.43500000000034
-128.62300000000036
-128.02800000000033
-128.33200000000036
-128.5820000000003
-128.1260000000003
-128.44900000000032
-128.62100000000038
-128.36700000000036
-128.3440000000003
-128.43000000000035
-127.91400000000037
-128.37800000000036
-127.82100000000032
-128.60900000000032
-128.32700000000037
-127.98200000000028
-128.17500000000038
-128.2260000000003
-127.9350000000003
-128.20500000000033
-128.05100000000039
-128.22100000000032
-128.50300000000038
-128.36300000000034
-128.35100000000034
-128.4110000000003
-128.53800000000032
-128.3080000000004
-127.89600000000034
-128.25200000000035
-128.35100000000037
-128.41400000000036
-128.66900000000038
-128.34700000000035
-128.38700000000034
-127.97400000000042
-128.79400000000035
-128.4360000000004
-128.53500000000034
-128.58900000000034
-128.9090000000003
-128.0190000000003
-128.03000000000034
-127.67900000000036
-127.88200000000032
-127.91500000000035
-127.61300000000033
-128.0980000000003
-128.46900000000034
-127.79400000000037
-127.77200000000038
-128.20400000000035
-128.16500000000036
-128.17000000000036
-127.98500000000043
-128.10700000000028
-128.61600000000033
-128.57300000000032
-128.29500000000039
-128.75800000000032
-127.75600000000027
-128.6180000000003
-128.4680000000003
-128.42800000000037
-128.64600000000036
-128.4280000000003
-128.25000000000034
-128.4390000000003
-128.5890000000004
-128.60900000000038
-128.26600000000036
-128.18200000000033
-128.52500000000026
-128.1370000000004
-128.31900000000036
-128.08600000000038
-127.80800000000038
-127.54700000000028
-128.13700000000034
-127.95600000000033
-128.27200000000033
-128.63600000000042
-128.1550000000004
-128.6000000000004
-128.36600000000035
-128.33400000000034
-128.21200000000036
-128.23600000000036
-127.98400000000035
-128.09300000000036
-128.28100000000032
-128.27000000000038
-128.14900000000037
-127.77100000000037
-127.79500000000041
-127.71700000000038
-127.95100000000033
-128.07300000000032
-128.16900000000035
-127.90600000000036
-128.39600000000036
-128.26400000000044
-128.3030000000004
-128.3090000000004
-128.38100000000034
-127.84400000000038
-128.23300000000043
-127.83900000000035
-128.47800000000043
-128.50100000000037
-128.3310000000004
-128.04400000000035
-128.08100000000036
-127.8390000000004
-128.4420000000004
-128.17500000000035
-128.10600000000034
-128.15000000000038
-128.31100000000038
-128.52300000000034
-128.2070000000003
-128.25500000000036
-128.79400000000032
-128.2850000000004
-128.05800000000042
-128.35600000000036
-127.95100000000039
-127.92000000000039
-127.8920000000004
-128.3590000000004
-128.1470000000004
-128.1470000000004
-128.54400000000035
-128.50700000000035
-128.78200000000038
-128.1240000000004
-128.21700000000033
-128.62100000000032
-128.52000000000035
-128.34500000000034
-128.42300000000034
-128.07600000000042
-128.1210000000004
-128.14200000000034
-128.42400000000032
-127.92400000000033
-128.52900000000037
-128.2100000000004
-128.51400000000038
-127.77200000000043
-128.42700000000042
-128.50500000000034
-128.46500000000037
-128.3310000000004
-128.19800000000038
-128.2180000000004
-128.5290000000004
-128.86500000000038
-128.2440000000003
-128.3570000000004
-128.8210000000004
-128.7120000000004
-128.23200000000043
-128.3820000000004
-128.00800000000038
-128.64700000000036
-128.34900000000042
-128.67000000000039
-128.25700000000037
-128.3540000000004
-128.78800000000038
-128.62500000000037
-128.28400000000036
-128.71600000000038
-128.49500000000037
-127.91200000000036
-128.47500000000042
-128.48800000000045
-128.41100000000043
-128.31000000000043
-127.87000000000046
-127.6260000000004
-127.50700000000037
-128.18000000000035
-128.14700000000042
-128.32500000000041
-127.7230000000004
-128.62800000000036
-128.49800000000045
-128.22300000000038
-128.09100000000038
-128.12300000000042
-128.17800000000034
-127.93200000000029
-128.30100000000036
-127.7690000000004
-128.01500000000038
-128.3190000000004
-128.26600000000042
-128.31700000000038
-128.1590000000004
-128.39000000000036
-127.97300000000041
-128.2970000000004
-128.29100000000037
-128.0950000000004
-128.21000000000035
-128.4350000000004
-128.32000000000036
-128.5510000000004
-128.7850000000004
-128.64500000000038
-128.10200000000032
-128.33400000000034
-127.98800000000035
-127.91000000000042
-128.70900000000034
-128.83300000000042
-128.44400000000044
-128.9000000000004
-128.41600000000034
-128.30600000000047
-128.49600000000038
-128.31700000000038
-128.55100000000039
-128.44300000000035
-128.42400000000038
-128.63600000000037
-128.03300000000038
-128.5740000000004
-128.20000000000041
-128.22300000000038
-128.40400000000042
-128.3260000000004
-128.47100000000043
-128.20800000000037
-127.74100000000041
-127.9210000000004
-128.25100000000037
-128.35300000000043
-127.92000000000039
-128.0980000000004
-128.42800000000045
-128.2860000000004
-128.4720000000004
-128.30600000000044
-128.62400000000036
-128.02000000000044
-128.22600000000043
-128.0320000000004
-128.02000000000035
-128.29300000000038
-128.4080000000004
-128.56000000000037
-128.33700000000044
-128.1950000000004
-128.6750000000004
-128.42200000000042
-128.71800000000042
-127.56200000000038
-128.17500000000038
-127.63900000000041
-127.60900000000042
-127.6480000000005
-127.96200000000047
-128.0290000000004
-127.74200000000039
-127.71100000000042
-128.12500000000043
-128.2270000000004
-128.32600000000042
-128.4560000000004
-128.07700000000045
-128.3710000000004
-128.23200000000045
-128.17900000000043
-128.42900000000049
-128.48200000000043
-128.6940000000004
-128.73200000000037
-128.39100000000036
-127.8120000000004
-127.61100000000042
-128.0470000000004
-128.61200000000042
-128.42800000000045
-128.64100000000042
-128.4370000000004
-128.68500000000043
-128.50000000000043
-128.44100000000037
-128.59700000000046
-128.38600000000048
-128.2320000000004
-128.29600000000042
-128.4330000000004
-128.06700000000038
-128.40600000000043
-127.98400000000048
-128.3450000000004
-128.1550000000003
-128.04800000000046
-128.43300000000042
-128.23800000000043
-128.38400000000038
-128.45200000000042
-128.4710000000004
-128.33900000000045
-128.34300000000044
-128.4190000000004
-128.32300000000043
-128.37300000000042
-128.36500000000044
-128.50100000000037
-128.6580000000004
-128.38900000000038
-128.75700000000037
-128.6900000000004
-128.56400000000045
-128.6100000000004
-128.67200000000048
-128.42700000000042
-128.50100000000046
-128.5920000000004
-128.6690000000004
-128.5800000000004
-128.14700000000042
-128.21800000000042
-128.2170000000004
-128.57200000000043
-128.23300000000037
-127.87600000000049
-128.17800000000045
-128.36200000000042
-128.65300000000042
-128.44400000000044
-128.8480000000004
-128.70800000000045
-128.60600000000042
-128.5300000000004
-128.35800000000046
-128.47100000000046
-128.21200000000047
-128.72100000000043
-128.68600000000038
-128.67700000000042
-128.58800000000042
-128.6340000000004
-128.3750000000004
-128.6850000000004
-128.47400000000044
-128.40200000000038
-128.59600000000043
-128.6240000000004
-128.1620000000004
-128.23800000000034
-128.33100000000044
-128.21400000000042
-128.4060000000004
-128.14500000000046
-128.46100000000047
-128.2340000000004
-128.12000000000037
-127.7840000000004
-128.01700000000042
-128.29300000000046
-128.29600000000053
-128.52900000000045
-127.84300000000044
-128.10100000000045
-128.60700000000043
-128.53200000000044
-128.13000000000048
-128.38100000000043
-128.3330000000004
-127.96200000000047
-128.3040000000004
-128.69100000000037
-128.59100000000043
-128.3400000000004
-128.30100000000044
-127.92800000000044
-128.38900000000046
-128.37000000000046
-128.3720000000004
-128.30900000000042
