----------Report of simulation of Quantum Parallel Tempering-----------
The number of considered Spin 110
The considered Annealing Duration 1100
The considered Annealing Number 100
The considered T 1.0
The considered Gamma0 1.0
The considered Number Of Replica 3
The considered Number Of System 6
The solution found [ 1  1  1  1  1  1  1  1 -1  1  1  1  1 -1  1 -1  1  1  1  1  1  1  1 -1
  1  1  1  1  1  1  1  1  1  1  1 -1  1  1  1  1  1  1 -1  1  1  1  1  1
  1  1  1  1  1  1  1 -1  1  1  1 -1  1  1  1  1  1  1  1  1  1  1 -1  1
  1  1 -1  1  1  1  1  1  1  1  1  1  1  1  1  1 -1  1  1  1  1 -1  1  1
  1  1  1  1  1  1  1  1  1  1  1  1  1 -1]
The value found 5.299999999991371
The Success probability is 0.0
The average value is 17.007999999991316
The total execution time is 6750.817570924759
The average time for execution is 67.50817408084869
The average time for all systems update is 0.06120212992104617
The average time for system update is 0.010187161128087477
The average time for replica update is 0.0033953483131196763
The average time for spin update is 3.063528879067567e-05
The list of values found 

18.19999999999152
23.19999999999152
10.699999999991576
18.199999999993622
24.09999999999303
22.99999999998647
13.599999999991667
12.59999999999161
17.69999999999169
16.599999999991553
18.399999999991564
17.699999999994645
19.199999999991462
15.499999999991473
18.299999999991655
18.39999999999162
15.999999999991417
14.799999999991485
16.099999999988427
13.199999999991633
13.499999999991587
18.79999999999177
9.099999999990587
16.599999999996385
14.299999999991655
14.699999999991746
20.699999999998113
23.499999999991758
19.1999999999922
13.099999999994509
22.89999999998861
15.699999999982992
14.299999999991542
15.899999999991394
13.799999999991485
14.49999999999136
19.999999999988404
21.899999999993042
13.19999999999169
16.499999999993804
14.099999999991724
17.99999999999318
10.899999999990712
5.299999999991371
19.799999999991712
11.799999999994895
17.099999999991667
19.699999999991746
17.299999999991314
23.499999999980787
10.699999999991576
17.999999999991758
20.799999999992963
13.299999999991599
12.499999999991815
18.599999999991667
14.699999999989586
13.899999999991735
13.099999999993258
16.499999999991587
18.799999999982163
18.899999999991678
15.599999999991667
15.699999999990666
13.099999999989905
16.59999999999161
11.699999999991405
16.399999999991508
20.899999999991962
19.699999999993224
19.199999999989757
17.999999999991246
22.899999999991735
21.499999999994373
20.29999999997898
14.499999999991758
18.899999999991508
17.99999999998846
17.699999999992087
14.899999999991735
14.099999999996328
17.69999999999294
18.499999999991473
21.19999999999652
10.899999999991564
21.599999999982685
20.099999999991724
23.799999999994895
20.799999999991655
18.399999999991678
20.299999999979775
20.499999999991644
7.699999999991633
17.399999999991792
19.999999999991644
17.599999999991724
19.299999999998136
16.2999999999916
14.59999999999161
19.399999999991564



The list of values first execution 

154.16666666665833
324.53888888888054
237.02777777776944
243.9111111111027
305.7055555555472
166.3388888888805
313.58888888888055
243.37777777776944
238.34999999999167
326.172222222214
167.3888888888806
317.6499999999917
230.71666666665837
251.56666666665842
305.67222222221403
174.54444444443618
302.0444444444363
232.8277777777695
249.62222222221396
297.1666666666585
174.1611111111029
304.44999999999186
223.3499999999918
245.80555555554741
279.93888888888074
181.29999999999185
295.5277777777697
213.161111111103
254.63333333332523
275.96666666665857
192.96666666665863
285.4055555555475
228.0222222222141
244.29444444443638
273.2666666666585
195.62777777776967
272.25555555554746
226.56666666665853
244.0277777777697
259.4777777777696
215.95555555554742
257.7944444444363
252.1166666666585
231.51111111110302
273.8444444444363
210.07222222221404
274.61666666665855
232.78888888888073
250.97777777776957
258.78333333332523
228.42222222221406
257.7833333333252
252.71111111110292
239.82222222221415
269.58888888888083
220.90555555554744
267.44999999999186
243.7722222222141
241.63888888888076
271.79999999999194
230.37222222221413
246.411111111103
258.73888888888087
240.04999999999185
268.6055555555475
223.6222222222142
263.1055555555474
251.1388888888809
233.1388888888808
272.9833333333252
223.211111111103
251.9944444444364
257.411111111103
230.36666666665855
265.21111111110304
227.46111111110295
253.59444444443636
252.8888888888808
222.38888888888079
269.2055555555474
220.11666666665852
251.4444444444363
241.89444444443632
235.86111111110293
260.43333333332504
227.2666666666585
248.4611111111029
255.072222222214
224.34444444443622
267.6888888888807
232.34444444443625
246.71111111110298
249.472222222214
236.30555555554741
267.9666666666585
233.9111111111029
251.6555555555475
261.0666666666586
222.8444444444363
273.9777777777697
225.8999999999919
250.52222222221405
247.70555555554742
235.90555555554744
265.19999999999186
227.78333333332517
250.4388888888808
250.96666666665857
231.1166666666585
256.822222222214
239.2944444444362
246.93333333332515
260.1444444444362
227.71111111110292
270.59444444443625
234.88333333332514
246.83333333332504
250.76111111110296
233.28888888888065
262.7277777777697
236.43888888888074
245.50555555554735
260.71666666665857
230.01111111110302
266.92777777776973
231.20555555554745
250.16666666665853
247.11111111110307
242.93888888888083
261.2888888888808
238.42222222221412
260.21666666665857
252.94999999999197
243.67777777776968
269.88333333332525
234.8888888888808
257.85555555554754
253.93333333332527
245.62222222221408
266.52222222221417
231.95555555554745
271.911111111103
242.63333333332517
250.24999999999181
266.6277777777696
236.84444444443625
263.3611111111029
251.7111111111029
238.79999999999185
272.81666666665853
225.03333333332523
264.02222222221417
247.2722222222141
242.6166666666586
261.38888888888084
235.87222222221408
255.9444444444364
260.25555555554746
234.04999999999185
272.09999999999195
234.51666666665855
268.16666666665856
242.51111111110296
251.86666666665855
265.13888888888073
231.32777777776957
265.4944444444363
251.72222222221404
240.9277777777696
273.3277777777696
227.76111111110288
270.46111111110287
249.2388888888806
236.19999999999175
262.1722222222139
225.66666666665844
255.22777777776966
248.15555555554732
229.4111111111029
258.0333333333252
236.33888888888072
254.03333333332517
245.59999999999184
244.13333333332528
249.21666666665857
241.86666666665855
245.66111111110305
245.2277777777696
241.83333333332519
243.46111111110292
242.86111111110293
243.53888888888065
248.7388888888806
244.23888888888055
247.51666666665838
247.27222222221386
257.78888888888054
245.27777777776944
244.283333333325
251.04999999999168
245.7055555555473
250.81666666665842
242.3777777777694
248.59999999999167
248.9444444444361
248.83333333332496
247.9888888888806
251.81111111110275
240.97222222221387
254.67222222221392
246.27222222221386
250.61666666665835
242.30555555554713
250.95555555554716
242.30555555554713
246.594444444436
243.8333333333249
245.7277777777694
246.583333333325
235.73333333332505
250.65555555554718
237.21111111110278
250.88333333332503
236.48333333332505
241.71111111110278
245.12222222221394
252.52777777776944
241.3666666666584
248.51111111110282
239.65555555554727
255.76111111110288
235.61111111110293
250.43888888888074
229.55555555554733
250.36111111110293
242.31666666665842
242.19444444443621
249.2777777777696
234.14444444443623
231.09999999999178
255.99444444443628
231.02222222221405
252.5499999999918
223.97777777776957
249.34444444443625
240.53888888888065
238.41666666665847
249.46666666665837
226.92222222221392
237.0277777777695
249.14999999999176
233.83888888888066
250.49444444443623
225.6666666666584
240.83888888888066
245.88333333332514
226.16666666665841
257.30555555554724
224.95555555554728
239.0611111111029
251.5277777777696
230.05555555554741
247.98888888888067
241.3888888888807
229.18333333332515
261.48333333332516
216.48333333332513
265.67222222221403
230.51666666665844
245.6611111111029
256.4999999999917
232.9111111111028
256.66111111110285
241.21111111110284
230.3166666666583
272.2722222222139
221.9111111111027
256.72777777776935
227.94999999999163
244.69999999999158
249.4222222222138
226.10555555554717
245.16666666665827
233.68888888888048
232.59999999999158
250.294444444436
225.64999999999156
255.32222222221375
229.31666666665822
251.27777777776924
245.69999999999152
235.89444444443583
250.1611111111026
231.56111111110255
250.00555555554698
249.03888888888034
237.83333333332473
257.72222222221365
242.20555555554697
242.8333333333247
255.33888888888026
240.8777777777692
251.12222222221357
246.5777777777691
242.94999999999138
267.21111111110247
233.5444444444358
251.83888888888018
251.93333333332464
232.62222222221357
262.21111111110247
234.70555555554685
249.08333333332465
244.02222222221357
223.466666666658
262.12222222221357
222.6555555555468
248.96666666665786
247.77222222221351
224.84999999999124
265.21111111110235
218.69444444443576
251.22222222221353
235.95555555554685
236.18888888888011
253.23333333332462
227.31666666665802
244.166666666658
244.27777777776907
241.74444444443574
261.3388888888802
229.41111111110234
250.60555555554686
245.70555555554677
236.09444444443565
260.7111111111023
224.96111111110224
249.6888888888801
236.9222222222134
241.1388888888801
255.82222222221344
225.427777777769
249.46111111110238
237.11111111110233
240.17222222221346
257.67222222221346
223.2999999999912
254.43888888888011
237.11666666665784
244.54999999999114
259.9333333333245
228.51666666665784
261.11111111110233
240.05555555554676
246.93888888888011
262.5055555555468
226.81666666665785
263.84999999999116
240.1888888888801
247.20555555554677
262.8055555555468
232.51666666665793
265.03333333332455
240.97777777776895
249.7222222222134
272.09999999999116
225.92777777776897
279.077777777769
231.6166666666578
256.9722222222133
261.23333333332454
232.44999999999123
271.9888888888801
240.38333333332452
242.29444444443573
273.33888888888015
226.01111111110225
279.0111111111023
229.27222222221351
260.4611111111023
262.8833333333245
231.47222222221347
262.82777777776903
245.4833333333246
233.35555555554674
274.22777777776906
218.2055555555468
276.03333333332455
231.03888888888014
250.72222222221342
261.4222222222135
231.52222222221346
254.3222222222135
249.47222222221353
234.8166666666579
270.72777777776906
227.58888888888018
266.13333333332463
244.52222222221351
238.81666666665797
260.3333333333246
226.56111111110235
252.4444444444357
244.68888888888011
231.40555555554678
264.5499999999912
219.0111111111023
257.7833333333245
246.08888888888
226.1166666666578
269.1111111111022
214.04999999999106
263.33888888888004
237.59999999999107
236.01111111110217
267.13333333332434
217.33333333332436
265.7111111111022
234.88888888887993
242.50555555554664
261.1555555555467
217.08888888887992
271.7166666666577
236.27222222221332
238.21666666665774
271.4499999999911
218.29999999999103
266.46111111110235
232.9999999999911
244.82777777776897
260.21111111110235
216.97777777776898
263.41111111110234
228.72777777776906
244.38333333332463
257.8388888888802
217.2999999999912
260.29999999999126
230.44999999999123
240.9111111111024
249.09444444443574
219.97777777776906
251.50555555554678
225.3499999999913
236.19999999999132
253.8333333333246
217.64999999999128
254.79444444443573
226.72777777776903
244.666666666658
249.7055555555469
221.1388888888802
255.76111111110245
227.2222222222136
236.4722222222136
244.9888888888803
225.79444444443584
253.09999999999147
222.51111111110248
246.07777777776923
237.49999999999142
224.48333333332477
250.2944444444358
219.35555555554689
242.85555555554689
238.58333333332473
227.94999999999132
261.01111111110237
217.8944444444358
253.81111111110238
244.5388888888802
227.13333333332466
263.2777777777691
215.0166666666579
253.82222222221355
244.70555555554685
219.3944444444357
268.4722222222135
215.74444444443557
251.9888888888801
243.4666666666578
225.39444444443563
261.25555555554666
220.99999999999116
246.96666666665786
254.92777777776894
213.84999999999116
261.9722222222133
220.34444444443557
245.91666666665776
247.2055555555467
221.85555555554666
261.6222222222134
220.64999999999117
246.02777777776893
252.62777777776898
215.70555555554682
260.26666666665795
221.95555555554682
239.8666666666579
250.80555555554682
223.05555555554682
259.19444444443565
227.0722222222134
244.16666666665787
247.2666666666579
223.71111111110233
257.49999999999113
222.61666666665784
252.3333333333245
241.31666666665785
236.12222222221337
260.6277777777689
221.0222222222134
255.8055555555467
245.03888888888014
227.47222222221342
267.01666666665795
219.63333333332452
256.4333333333245
236.40555555554678
238.777777777769
262.1722222222135
222.34999999999127
257.5999999999912
248.94444444443576
225.73333333332462
267.30555555554685
217.6833333333246
260.4055555555469
237.5722222222135
233.2388888888802
268.30555555554685
214.6944444444357
260.7999999999913
237.2055555555468
231.3999999999912
258.9111111111023
228.16666666665787
257.42222222221346
248.82777777776903
241.94444444443576
260.4388888888801
225.22777777776906
253.31111111110235
251.77777777776905
229.43888888888017
261.5055555555467
228.51111111110237
255.26111111110225
255.28333333332455
231.7666666666579
268.166666666658
226.0111111111023
255.97222222221342
244.73333333332454
239.66111111110226
255.71666666665774
236.13333333332452
243.81666666665785
248.25555555554672
248.42222222221335
260.62222222221334
238.19999999999118
248.62222222221337
253.63333333332446
241.34999999999113
263.1388888888801
231.91111111110226
250.82777777776892
249.24999999999116
246.21111111110218
250.26666666665778
245.02222222221337
251.79999999999114
248.4333333333244
247.67777777776888
260.0666666666578
238.48888888888007
251.74999999999116
249.6222222222133
250.26666666665784
260.7111111111023
231.8666666666578
252.32777777776892
244.57777777776897
246.59444444443565
249.56666666665785
231.46666666665786
252.33888888888006
229.86666666665784
255.28333333332446
244.42777777776897
245.8666666666579
242.72222222221342
241.8444444444356
244.03333333332455
243.7944444444356
243.88333333332457
240.59999999999116
239.54999999999123
247.027777777769
248.99999999999116
244.33888888888012
239.91111111110234
254.1388888888801
235.03333333332452
254.67222222221346
240.23888888888007
251.1833333333245
235.92222222221335
250.31666666665782
249.1499999999911
245.4222222222133
243.47222222221333
245.68888888887992
238.20555555554654
248.1444444444354
246.24999999999102
242.37222222221322
241.57222222221324
237.5111111111021
254.1944444444355
235.8888888888799
239.9444444444355
255.03888888887994
232.81666666665762
266.0222222222132
229.23333333332434
252.59444444443545
253.02222222221326
242.36111111110216
255.1055555555466
245.13333333332432
237.1444444444354
256.2833333333244
233.77222222221312
254.9444444444354
238.41666666665762
247.09999999999087
244.8388888888798
249.0333333333242
242.14444444443532
255.97222222221313
240.36666666665758
261.6222222222131
244.2388888888798
261.21111111110196
253.18888888887977
243.75555555554638
256.14444444443535
247.69999999999084
250.62777777776864
255.76666666665758
241.1222222222131
260.42777777776865
244.07777777776866
262.5055555555465
246.97222222221308
251.38888888887973
253.4444444444353
254.21111111110207
249.32777777776866
262.6166666666576
245.1555555555464
262.16666666665765
240.03888888887982
266.549999999991
248.63888888887985
244.79999999999103
254.2944444444354
250.0444444444354
248.66666666665768
253.41111111110206
238.38333333332426
259.3166666666577
242.8666666666577
258.63333333332434
238.9888888888799
253.92222222221324
237.4111111111022
244.17777777776888
240.2999999999911
252.38888888888
237.27222222221337
250.5833333333245
229.95555555554677
254.13888888888016
229.9944444444357
249.48333333332454
243.3166666666579
246.50555555554678
245.79444444443567
260.49444444443566
228.46666666665791
265.26111111110237
218.5444444444356
279.5499999999912
222.877777777769
255.86111111110233
247.8333333333246
238.50555555554683
246.71111111110238
251.02777777776905
244.7444444444357
259.3944444444357
231.727777777769
264.87222222221345
235.0833333333246
255.166666666658
250.3388888888802
244.59444444443574
243.4499999999913
259.26666666665795
235.76666666665793
262.12777777776904
234.99444444443574
251.52222222221346
245.7388888888801
237.03888888888014
260.07222222221355
226.42222222221346
260.1444444444357
234.74999999999125
258.6833333333245
248.97222222221342
246.98333333332448
256.3055555555467
247.62222222221337
242.777777777769
260.4833333333245
233.6166666666578
256.35555555554674
240.88333333332463
254.37222222221348
252.02222222221346
253.46111111110233
248.27777777776907
251.84999999999133
248.01666666665804
259.52222222221354
245.78333333332472
247.5999999999914
251.5277777777692
255.4555555555469
257.405555555547
243.30555555554696
252.4111111111025
255.7999999999914
251.97777777776926
256.16111111110257
246.12222222221362
252.13333333332488
250.8166666666581
253.38333333332483
252.86111111110267
250.1666666666582
248.5388888888804
254.7055555555471
251.49444444443603
251.09999999999152
246.81111111110263
252.51111111110262
251.54999999999148
265.1555555555471
241.79999999999143
260.5222222222136
241.47222222221365
256.27222222221366
251.7611111111025
248.67777777776914
245.97222222221365
251.83333333332473
234.2777777777692
273.93888888888034
234.13333333332477
258.1444444444359
246.42777777776917
250.5666666666581
249.15555555554704
255.15555555554704
244.72222222221365
260.1666666666581
229.54999999999134
271.08888888888015
235.52222222221357
255.37777777776904
249.1722222222135
249.79444444443575
253.25555555554678
247.29444444443567
236.76666666665793
257.7444444444357
230.0055555555469
268.7277777777691
228.87222222221357
242.18333333332464
254.09444444443568
234.9333333333246
257.9499999999913
234.66666666665793
243.97222222221353
252.71111111110238
232.44999999999123
260.2722222222135
231.56111111110238
245.53888888888014
243.6222222222135
235.60555555554686
255.92222222221346
226.02777777776902
248.51111111110242
241.11111111110247
235.48333333332462
253.10555555554686
223.98888888888024
250.1166666666581
234.0444444444358
242.0222222222136
243.1166666666581
218.84999999999144
263.73333333332477
231.5166666666581
248.22222222221373
245.64444444443592
232.56111111110255
254.15555555554704
246.3999999999915
234.90555555554704
266.094444444436
219.8777777777693
264.88888888888044
229.49444444443594
255.2499999999915
247.55555555554716
234.00555555554703
252.35555555554706
247.45555555554705
243.98333333332482
248.4666666666582
238.91666666665822
250.23888888888055
242.26111111110276
249.20555555554722
237.95555555554722
239.12777777776944
239.63888888888044
244.2777777777695
238.9222222222138
237.29444444443607
229.98888888888055
249.5222222222139
234.76666666665838
251.93888888888057
235.13333333332497
236.92222222221392
244.9444444444361
241.4444444444361
243.79444444443612
232.0166666666583
236.47222222221384
238.71666666665837
232.67222222221386
254.64999999999165
223.17222222221392
240.0055555555473
228.0666666666583
240.69444444443616
236.82777777776948
225.99999999999167
243.30555555554716
239.27777777776944
236.73888888888052
247.23333333332494
231.7666666666583
237.2611111111027
230.7111111111027
239.84444444443605
246.37777777776935
226.98333333332482
249.07222222221375
236.4111111111026
245.18888888888048
240.4222222222138
233.72222222221373
246.4666666666582
229.2499999999915
254.79999999999148
235.01111111110262
238.57777777776926
244.94999999999143
231.38333333332477
248.75555555554703
239.58888888888038
224.13888888888027
250.84999999999147
221.42777777776917
264.09999999999127
228.33333333332465
236.3444444444358
253.0833333333246
221.60555555554677
266.1388888888802
229.21666666665794
231.27777777776907
252.5499999999913
224.67222222221346
264.1111111111024
226.89444444443575
246.32222222221355
251.43888888888017
222.53333333332466
265.8777777777692
236.23333333332474
235.4333333333247
253.3444444444358
227.11666666665803
261.42777777776917
222.1777777777691
250.0944444444358
240.42222222221366
232.09999999999138
259.2833333333247
224.0555555555469
245.47222222221353
245.53333333332466
234.92222222221355
261.28888888888025
226.17222222221355
253.94444444443582
241.76111111110242
235.43333333332464
258.94999999999135
227.66111111110234
247.02222222221351
232.2888888888802
237.53333333332466
242.42777777776914
235.22222222221353
234.40555555554687
242.02222222221351
239.93333333332464
252.66111111110246
228.8722222222135
245.87222222221357
237.64999999999125
245.18888888888017
245.87777777776904
242.51111111110237
241.33888888888018
249.51111111110237
231.49444444443574
259.8444444444357
225.727777777769
251.8666666666579
226.28333333332455
262.21111111110235
236.9555555555468
242.35555555554686
240.62777777776904
244.53333333332466
238.11111111110242
252.57777777776903
234.44444444443576
241.4555555555469
232.74444444443577
251.81111111110238
236.64444444443578
228.91111111110246
250.15555555554687
234.05555555554687
249.83333333332465
237.9222222222135
244.42777777776908
230.47222222221347
242.97777777776906
250.57222222221338
239.19999999999123
243.03888888888002
240.84999999999116
249.14444444443552
240.48888888888
244.89999999999114
240.07222222221333
246.4777777777689
240.83333333332445
248.46111111110224
241.8999999999912
243.91111111110226
242.2999999999912
243.88333333332452
251.03333333332446
242.56666666665782
245.02777777776893
233.2666666666579
257.0333333333245
234.14999999999125
253.4999999999913
226.8388888888802
249.70555555554685
240.5222222222136
244.27222222221357
244.00555555554695
249.25555555554698
239.92222222221366
248.89444444443586
232.62222222221368
252.62777777776924
231.47222222221367
247.62222222221368
234.68888888888043
248.96111111110253
243.21111111110258
243.40555555554698
248.54999999999143
241.93888888888043
247.04444444443592
249.00555555554703
242.64444444443586
255.26666666665818
229.93888888888034
253.07777777776923
250.9888888888804
240.34999999999147
256.6611111111026
231.58333333332484
251.24999999999156
242.0222222222137
236.5777777777693
256.07777777776926
223.77222222221377
256.3166666666582
239.4222222222137
237.74444444443594
259.8722222222137
226.9055555555471
254.6833333333249
246.06666666665836
231.44999999999158
262.95555555554716
222.82777777776937
257.6666666666583
233.48333333332494
237.9111111111027
253.2499999999915
225.22222222221382
251.8888888888804
236.73333333332488
234.09999999999152
268.6666666666582
204.55555555554704
275.5722222222137
227.06666666665808
243.94444444443585
251.32222222221364
224.31666666665805
259.4722222222136
229.0277777777692
240.41111111110254
253.43333333332464
214.166666666658
268.87222222221345
212.65555555554684
251.12777777776915
238.82777777776906
227.51666666665795
256.37777777776915
227.44444444443576
238.65555555554693
255.2555555555469
211.3722222222135
266.4888888888802
219.51666666665793
241.9444444444357
243.1722222222135
221.74999999999125
260.0666666666579
224.1833333333245
237.57222222221344
246.10555555554663
225.00555555554672
256.0555555555466
217.71111111110224
245.1499999999911
243.81111111110224
223.5777777777689
262.2166666666577
209.4333333333244
255.80555555554668
237.88888888888
234.38888888888005
258.74999999999113
217.86111111110228
254.83888888888006
251.88888888888005
225.21666666665786
269.53888888887997
219.59444444443557
256.9055555555467
248.98333333332448



The list of best values first execution 

18.19999999999152
21.2999999999916
70.39999999999162
40.399999999991564
36.199999999991576
35.19999999999152
70.39999999999162
35.7999999999916
35.79999999999137
35.799999999991485
63.59999999999178
36.19999999999169
47.399999999991394
54.199999999991576
81.19999999999209
47.899999999991905
48.4999999999917
51.999999999991644
68.49999999999187
50.19999999999186
50.199999999991746
49.19999999999163
80.99999999999221
39.89999999999219
36.69999999999226
36.69999999999192
69.09999999999229
43.49999999999221
63.79999999999245
50.39999999999196
66.89999999999247
32.09999999999195
30.899999999992417
38.599999999991894
70.69999999999203
31.299999999992053
33.89999999999242
35.49999999999159
64.29999999999228
35.49999999999159
33.79999999999228
32.19999999999146
55.3999999999923
34.19999999999146
33.79999999999251
32.19999999999192
49.79999999999245
39.89999999999162
39.89999999999276
39.899999999992076
61.6999999999926
52.399999999991735
62.89999999999276
53.99999999999176
58.799999999992565
62.999999999991815
59.09999999999252
67.79999999999166
69.69999999999266
69.09999999999184
52.59999999999263
52.59999999999218
62.49999999999267
59.399999999991735
62.199999999992485
65.6999999999922
73.89999999999242
65.19999999999209
71.19999999999231
51.19999999999169
58.69999999999226
49.9999999999921
77.39999999999156
37.59999999999161
34.39999999999225
42.79999999999217
63.89999999999213
34.399999999991735
52.999999999992156
50.999999999992156
65.59999999999155
64.5999999999915
67.59999999999155
63.39999999999196
61.399999999991735
53.6999999999922
69.39999999999128
55.79999999999109
61.19999999999135
64.69999999999175
65.99999999999079
64.8999999999906
67.99999999999204
64.09999999999201
67.39999999999134
69.99999999999204
73.99999999999051
65.7999999999916
65.69999999999214
78.59999999999218
65.69999999999033
58.299999999991826
58.29999999999205
80.99999999999199
58.29999999999035
61.79999999999171
66.89999999999208
71.89999999999208
62.699999999989984
49.29999999999143
56.1999999999918
82.69999999999123
65.89999999998969
68.0999999999911
57.29999999998972
68.19999999999106
72.39999999999173
60.89999999999105
57.39999999999185
72.39999999999111
61.59999999999002
60.79999999999143
79.79999999999018
65.79999999999046
58.99999999999142
69.2999999999924
52.59999999999229
69.29999999999069
55.19999999999061
68.0999999999915
89.89999999999259
72.9999999999904
77.49999999999159
57.19999999999237
83.19999999999243
64.09999999999047
63.19999999999243
65.59999999999059
63.59999999999155
42.6999999999922
80.19999999999226
50.89999999999003
57.99999999999096
69.49999999999187
58.29999999999109
49.09999999999195
76.59999999998979
49.69999999998976
55.099999999992235
65.49999999999102
36.69999999998976
37.599999999990985
45.19999999999226
38.399999999990825
29.099999999992292
49.399999999990825
25.49999999998994
26.399999999990655
29.999999999992212
51.69999999999084
29.999999999989996
27.49999999999045
28.39999999999202
59.0999999999903
29.39999999998963
48.29999999999001
48.29999999999177
61.89999999999003
51.99999999998943
75.19999999998981
68.59999999998922
60.79999999998972
64.79999999998932
68.99999999999
58.99999999998937
61.19999999999004
69.59999999998962
65.59999999999053
74.59999999998979
65.49999999999005
59.9999999999925
86.39999999999009
69.59999999999059
63.49999999999278
88.8999999999902
53.5999999999903
54.19999999999044
53.3999999999927
88.5999999999928
57.599999999989734
57.99999999998971
59.59999999999212
69.69999999999203
66.39999999998918
59.79999999999177
70.59999999999161
55.59999999998888
55.59999999998888
43.19999999999152
74.399999999989
51.89999999998872
44.499999999989086
52.499999999991246
59.89999999998906
46.29999999998847
46.29999999998881
46.29999999999109
53.69999999998885
53.69999999999129
55.79999999998881
50.9999999999913
68.69999999998856
46.89999999999094
43.69999999998868
39.09999999998797
35.59999999998848
47.0999999999911
59.69999999998879
39.0999999999882
31.999999999988745
27.299999999991485
49.39999999998872
30.89999999998821
30.899999999988665
37.29999999999154
52.999999999988745
47.599999999988256
52.49999999998835
52.4999999999888
52.09999999998888
57.399999999988495
46.4999999999888
46.499999999991985
59.199999999988904
46.499999999988574
46.4999999999888
51.699999999991974
58.89999999998912
61.69999999998868
55.899999999991905
65.59999999998871
58.599999999988654
57.599999999989166
63.799999999992224
69.69999999998907
75.29999999998847
54.79999999999211
65.19999999999192
62.599999999988654
54.19999999998919
45.99999999999187
70.19999999998919
42.69999999998828
45.89999999998918
54.59999999999184
59.79999999998927
58.19999999998839
62.89999999998946
53.89999999999162
66.99999999998948
55.49999999998829
51.49999999998971
41.19999999999169
57.09999999998945
31.899999999988268
39.69999999998936
39.699999999991405
74.99999999999119
40.29999999998802
40.29999999998904
33.49999999999119
60.399999999987756
33.49999999998772
33.49999999998863
45.899999999990996
62.499999999990905
54.299999999987506
52.69999999998839
51.19999999999101
56.09999999998763
55.09999999998837
52.19999999998754
54.19999999998822
54.79999999999086
51.599999999988086
53.79999999999103
60.19999999998805
53.79999999998728
54.99999999998795
56.699999999987256
56.69999999998771
47.199999999991064
54.29999999998756
44.999999999986926
59.49999999998761
46.49999999998687
46.69999999998748
41.299999999990916
62.0999999999874
41.299999999986426
35.49999999998727
41.89999999999088
58.39999999998719
41.89999999998639
41.899999999987074
48.09999999999093
65.79999999998694
41.899999999986335
58.3999999999869
64.19999999998623
75.29999999998682
49.79999999999052
70.49999999998698
43.59999999998615
43.599999999986835
49.99999999999022
63.99999999999028
49.99999999998579
51.599999999986494
51.59999999999002
60.59999999998655
41.29999999998563
45.49999999998636
45.49999999998988
53.59999999998996
45.499999999985675
49.09999999998661
49.79999999998671
64.99999999998602
56.39999999998679
56.39999999998997
66.79999999998603
56.39999999998611
56.39999999998679
56.39999999998963
56.899999999985766
52.29999999998688
60.39999999998696
70.49999999998983
56.39999999998605
46.89999999999003
77.09999999999002
34.29999999998654
33.19999999998771
33.9999999999896
51.09999999998763
40.79999999998688
45.39999999998793
47.899999999989745
66.09999999998803
57.59999999998706
67.89999999998804
56.4999999999871
56.49999999998818
56.49999999998988
73.29999999998819
51.299999999987335
61.69999999998805
72.69999999998754
55.5999999999882
59.79999999998978
74.59999999998826
52.59999999998752
54.59999999998831
50.59999999998979
65.69999999998754
39.1999999999876
40.79999999998813
59.49999999998988
54.29999999998779
54.299999999988245
57.29999999998995
53.99999999999011
57.299999999987676
53.099999999987915
53.09999999998837
59.499999999989996
57.299999999988415
51.89999999999009
62.29999999998847
57.79999999998853
54.39999999999026
60.29999999998864
56.1999999999901
54.09999999998854
53.49999999998863
62.79999999999029
54.09999999998877
49.29999999999046
62.7999999999887
48.89999999998878
49.49999999998863
46.69999999999044
60.69999999999044
47.29999999998887
45.09999999998848
44.19999999998856
50.49999999999062
55.39999999998901
53.29999999998904
47.29999999999069
57.99999999999062
47.29999999998893
47.899999999988495
56.29999999998864
37.599999999988995
37.59999999998854
35.39999999999043
50.099999999988654
35.39999999998895
35.39999999998838
35.3999999999902
52.69999999998845
35.39999999998895
46.29999999998813
47.29999999999018
51.69999999998822
46.8999999999902
50.199999999987995
42.099999999988995
42.0999999999882
50.19999999998879
48.59999999998803
50.49999999998897
54.69999999999044
52.59999999998894
46.39999999998798
52.69999999999038
36.59999999998803
36.599999999990416
57.49999999998812
36.59999999998905
40.09999999998814
40.09999999999053
63.09999999998911
40.09999999998905
44.299999999988415
60.4999999999892
64.79999999998859
65.59999999998911
65.59999999998854
65.59999999999047
66.79999999998876
65.59999999998911
54.29999999998881
63.499999999990735
62.49999999998937
62.499999999989086
61.89999999999111
63.19999999998947
55.999999999989086
65.39999999999077
54.19999999998919
45.69999999999101
71.19999999998942
53.999999999989996
53.99999999998943
56.59999999999002
46.29999999998927
52.599999999991326
71.69999999998913
58.399999999991564
73.59999999999161
42.79999999999035
42.79999999998904
49.899999999991564
58.899999999991735
54.29999999999052
65.29999999998915
54.89999999999151
62.99999999999068
53.29999999999046
53.29999999998921
53.2999999999916
45.69999999999021
52.09999999998905
52.99999999999142
39.69999999999129
49.39999999998997
39.6999999999897
34.399999999988324
31.799999999991314
51.499999999989654
29.599999999989677
50.09999999998831
50.39999999999105
52.999999999988404
49.49999999999119
45.29999999998836
51.099999999989734
45.69999999998856
41.199999999991235
61.59999999998854
46.899999999989745
71.29999999998881
42.49999999998977
49.899999999988665
61.49999999999005
59.49999999998886
59.899999999991564
55.49999999998903
45.59999999999167
66.79999999999006
49.999999999989996
44.79999999998887
43.49999999999147
62.3999999999898
36.6999999999897
40.499999999988916
40.4999999999913
72.59999999999127
43.09999999998962
54.599999999988825
53.59999999999121
57.59999999998962
66.59999999998973
61.7999999999891
70.6999999999897
65.79999999998972
48.799999999988756
40.799999999991314
73.7999999999899
37.599999999989905
28.899999999989234
27.89999999999185
76.7999999999891
29.499999999990052
38.99999999998926
60.79999999999205
69.3999999999902
60.49999999998937
62.59999999998922
49.79999999999029
50.9999999999892
48.19999999999004
42.499999999988745
42.49999999999147
63.4999999999888
57.099999999989905
60.7999999999887
48.39999999999179
58.79999999998887
43.59999999999002
43.59999999998888
43.59999999999167
53.39999999998878
36.799999999989836
36.7999999999887
36.79999999999154
59.0999999999886
40.999999999989825
40.99999999998846
40.99999999999142
55.699999999988506
40.999999999989825
40.99999999998823
40.9999999999913
64.79999999999137
40.99999999998971
51.399999999988154
56.49999999998823
56.499999999991246
57.49999999998823
56.499999999989654
51.69999999998822
52.89999999999128
57.8999999999898
49.099999999988256
42.29999999999126
69.89999999998827
40.49999999998988
45.69999999998822
47.2999999999912
69.39999999998815
46.599999999989905
49.39999999998804
52.59999999999087
83.39999999998986
68.19999999998987
75.49999999999108
68.19999999998805
76.7999999999899
66.89999999998827
55.19999999998822
49.999999999991076
55.79999999999018
46.29999999998847
48.39999999998844
54.09999999999138
46.99999999999022
41.79999999998802
41.79999999999109
51.49999999998812
47.999999999989996
47.99999999998818
52.79999999999137
53.99999999999136
61.3999999999898
61.39999999998787
64.19999999999146
57.89999999998997
56.299999999987904
45.399999999991564
64.49999999998778
52.199999999989814
47.09999999998763
45.19999999998748
57.699999999991235
61.099999999990985
53.4999999999896
42.1999999999876
42.199999999990666
68.3999999999906
35.89999999998935
50.89999999999054
59.09999999998928
50.99999999998926
59.29999999998756
64.99999999998931
56.49999999998943
57.59999999998769
61.79999999998779
63.499999999987836
48.99999999998977
54.79999999998978
64.79999999998762
59.89999999998986
61.8999999999877
61.89999999999105
68.69999999998976
69.19999999998981
69.79999999998773
62.79999999998756
55.39999999999105
68.49999999998971
54.79999999998955
49.29999999998756
53.49999999999079
68.59999999998956
60.59999999998945
56.29999999999063
73.59999999999064
67.19999999998913
73.599999999989
62.89999999998736
76.79999999999046
65.19999999998907
71.99999999998744
70.09999999998911
55.899999999987415
43.09999999999053
75.19999999998953
49.799999999989325
57.59999999998769
69.19999999998953
58.999999999990735
66.4999999999896
58.9999999999896
55.39999999998781
49.699999999991064
50.19999999998828
52.99999999999136
59.99999999998823
59.199999999991405
56.69999999998993
61.99999999998863
63.499999999988574
61.19999999999186
56.69999999999044
43.29999999998881
42.29999999999188
69.09999999999195
36.49999999999068
38.099999999988995
38.09999999999195
67.59999999998922
47.79999999999086
48.1999999999893
48.19999999999237
64.09999999998962
53.29999999999126
51.69999999998987
51.69999999999288
59.49999999999312
51.6999999999918
52.899999999990484
54.0999999999907
54.099999999993656
57.69999999999209
54.09999999999229
49.39999999999088
51.59999999999371
46.59999999999229
46.5999999999907
46.59999999999343
77.89999999999361
53.39999999999242
65.5999999999924
51.8999999999906
51.89999999999378
63.99999999999375
50.09999999999252
43.0999999999936
58.49999999999028
64.89999999999253
55.199999999990325
56.099999999993315
56.99999999999039
50.99999999999267
49.59999999999053
39.79999999999359
65.9999999999904
46.89999999999276
64.2999999999904
43.09999999999354
69.89999999999054
41.19999999999237
27.799999999990348
39.199999999993565
62.39999999999253
50.89999999999242
48.89999999999054
59.399999999993724
78.09999999999059
59.399999999992474
41.0999999999903
44.699999999993224
63.49999999999227
54.59999999999229
48.199999999992485
45.099999999990416
48.099999999993486
52.99999999999295
48.09999999999303
48.099999999990985
50.69999999999385
56.59999999999354
48.299999999991314
48.29999999999393
52.899999999994066
44.09999999999377
38.399999999991394
43.499999999994316
68.8999999999944
43.49999999999409
47.2999999999916
53.49999999999466
60.799999999994725
62.89999999999446
60.7999999999945
60.799999999991996
52.799999999995066
66.19999999999482
58.6999999999951
55.199999999995214
67.999999999995
70.39999999999503
58.59999999999525
66.9999999999954
51.699999999994986
70.29999999999507
81.99999999999233
86.69999999999487
80.79999999999546
77.29999999999524
79.09999999999502
60.599999999995134
79.49999999999523
69.19999999999447
71.39999999999225
74.09999999999428
49.79999999999427
63.499999999991985
54.69999999999504
71.99999999999517
54.69999999999425
58.89999999999213
57.899999999995316
75.2999999999945
52.199999999994304
45.39999999999213
46.39999999999503
48.49999999999403
48.099999999991894
56.499999999994884
73.09999999999388
77.89999999999162
77.09999999999155
59.399999999991564
42.59999999999445
64.19999999999374
42.599999999993656
42.599999999991496
58.39999999999441
67.09999999999366
74.29999999999353
56.79999999999171
55.19999999999442
81.19999999999158
74.69999999999163
52.89999999999441
79.99999999999346
48.69999999999334
47.49999999999113
36.599999999994225
77.99999999999318
41.39999999999327
41.39999999999134
52.29999999999404
81.99999999999346
57.39999999999338
60.09999999999144
71.09999999999428
76.19999999999345
72.99999999999159
75.99999999999443
62.09999999999371
73.59999999999167
43.499999999993804
52.899999999991905
52.899999999994975
63.79999999999211
51.89999999999435
47.699999999992144
57.699999999994986
66.59999999999206
63.499999999994145
70.59999999999206
60.29999999999529
81.19999999999516
55.499999999994486
68.99999999999233
48.499999999994316
61.59999999999218
52.399999999994236
64.59999999999235
44.99999999999426
54.59999999999218
39.099999999994395
45.29999999999234
55.09999999999525
50.499999999995225
40.4999999999946
47.79999999999245
51.699999999992485
46.8999999999952
53.39999999999452
45.299999999994554
46.29999999999228
52.49999999999494
48.59999999999491
52.19999999999459
46.79999999999268
41.59999999999468
44.09999999999263
51.09999999999468
61.99999999999443
51.099999999994566
56.1999999999922
39.59999999999451
38.9999999999921
50.59999999999451
46.999999999991985
59.299999999994554
48.39999999999458
50.39999999999213
46.999999999991985
49.29999999999376
47.599999999991724
45.99999999999358
57.59999999999155
50.39999999999384
51.59999999999161
58.39999999999327
66.29999999999325
45.69999999999328
44.499999999991644
44.499999999993236
53.199999999993224
44.49999999999329
38.39999999999185
41.89999999999304
49.89999999999287
47.09999999999303
50.89999999999162
44.69999999999288
43.999999999991246
43.09999999999286
35.299999999991144
32.09999999999275
58.199999999990894
34.99999999999278
40.39999999999094
49.89999999999253
42.49999999999062
39.99999999999045
49.89999999999219
42.199999999990325
46.399999999992076
53.999999999990166
42.19999999999192
50.499999999990166
50.49999999999187
49.09999999999184
50.999999999990166
47.799999999991996
53.99999999999176
47.79999999999177
48.79999999999018
48.799999999992224
43.09999999999184
43.09999999999047
53.9999999999925
54.19999999999243
50.39999999999213
50.39999999999054
53.99999999999261
49.99999999999068
48.99999999999278
55.199999999992315
44.89999999999242
49.499999999993065
60.79999999999251
49.49999999999261
41.699999999990666
41.69999999999317
60.79999999999245
48.4999999999925
48.49999999999039
49.499999999992724
49.89999999999225
45.69999999999021
57.59999999999269
50.19999999999277
60.59999999999195
40.39999999999026
42.59999999999263
60.99999999999187
46.79999999999188
41.99999999999005
41.9999999999925
60.99999999999147
42.59999999999155
49.59999999998985
50.19999999999226
55.89999999999128
54.99999999998977
50.999999999991985
49.59999999999218
60.699999999991064
45.399999999990996
49.69999999999209
51.19999999999209
50.59999999999104
54.29999999999097
58.999999999990905
65.69999999998964
63.099999999991894
60.399999999991905
61.49999999999176
52.59999999999093
56.49999999998994
67.99999999999199
55.299999999991144
55.89999999999185
81.29999999999183
66.7999999999912
70.29999999999018
62.59999999999184
58.19999999998993
62.5999999999911
70.89999999999009
67.89999999999168
70.79999999999103
65.29999999999097
61.09999999999013
68.99999999999068
59.59999999999059
53.79999999999143
57.49999999999153
53.79999999999046
51.09999999999053
47.09999999999144
73.49999999999159
53.39999999999054
53.79999999998944
55.39999999999134
67.0999999999915
55.39999999999071
51.19999999998964
56.2999999999916
76.59999999999076
58.89999999999077
57.69999999998987
50.999999999991815
75.49999999999096
60.799999999990916
55.099999999990075
45.09999999999235
77.59999999999053
43.49999999999136
51.899999999990655
50.99999999999062
42.69999999999271
55.999999999991644
41.6999999999918
38.59999999999269
63.49999999999284
29.899999999992076
29.89999999999077
31.499999999992497
65.9999999999909
41.19999999999186
41.19999999999061
40.799999999992224
52.099999999990814
40.79999999999171
47.19999999999072
45.399999999991735
42.7999999999908
51.69999999999254
48.19999999999078
52.29999999999268
72.19999999999169
58.39999999999162
60.399999999992474
73.59999999999087
59.399999999991394
64.49999999999255
55.89999999999242
55.899999999990825
58.49999999999153
66.49999999999079
58.09999999999076
56.69999999999203
38.899999999990655
49.199999999992656
55.39999999999105
44.39999999999168
52.699999999991064
47.599999999991894
50.59999999999121
51.599999999992804
37.59999999999104
36.599999999992804
47.49999999999102
39.79999999999285
42.79999999999103
42.79999999999285
43.29999999999097
42.79999999999171
53.09999999999076
46.29999999999268
53.19999999999084
46.299999999991655
46.29999999999063
49.89999999999259
55.79999999999052
49.899999999991564
49.899999999990655
48.79999999999143
48.79999999999052
49.799999999992394
49.89999999999037
47.8999999999923
50.199999999990496
47.899999999991394
47.899999999990825
47.89999999999242
55.499999999990905
41.799999999991655
41.79999999999097
41.79999999999234
59.49999999999096
41.79999999999177
41.79999999999109
34.69999999999237
59.99999999999102
44.39999999999168
44.39999999999088
43.799999999991826
66.39999999999083
54.19999999999146
47.39999999999071
38.9999999999917
72.09999999999161
43.099999999991326
39.59999999999087
53.59999999999161
59.099999999991496
39.199999999991576
42.19999999999135
46.399999999991735
51.9999999999917
37.599999999991724
42.39999999999105
44.39999999999179
52.59999999999144
52.099999999991496
58.89999999999077



The list of values average 

180.53116666665832
304.465222222214
243.2216666666583
241.91944444443618
284.74288888888066
193.1542777777694
288.9389444444362
238.23549999999182
239.34727777776953
284.2327777777694
195.80833333332504
285.8298888888806
234.21638888888066
243.0358888888807
280.6494444444361
198.36133333332504
281.7869444444362
234.41544444443622
244.991333333325
275.3704444444362
202.75411111110293
279.29361111110285
234.89333333332507
244.89983333332503
272.1897222222139
205.4964999999917
277.42322222221395
234.59655555554727
245.5244444444362
269.027722222214
209.49294444443615
273.98955555554716
234.34199999999166
246.33455555554727
266.29738888888056
212.8068888888806
270.38383333332513
235.52244444443622
245.42094444443617
264.9777777777695
214.9236666666584
269.1469999999916
234.72783333332512
247.22594444443618
261.09394444443626
218.07833333332513
266.43838888888064
235.75911111110284
246.46027777776953
259.86088888888065
219.22377777776947
265.2008888888806
234.28811111110286
248.16583333332494
257.1233333333251
222.83277777776945
262.50766666665845
236.45961111110293
246.86761111110286
256.4354999999917
224.55988888888064
261.1102777777694
235.22272222221378
248.7087777777695
252.92844444443608
227.23366666665834
258.3369444444361
236.84155555554713
246.24883333332497
252.9969999999917
228.29227777776944
258.6004999999917
235.22455555554717
249.075333333325
250.52411111110277
231.63133333332507
255.60394444443605
238.10644444443614
246.9789444444361
250.9079444444361
231.32161111110275
255.33688888888062
237.61638888888064
246.85516666665836
248.8677222222138
233.5709999999918
253.25649999999163
238.9199999999917
245.9103888888805
249.07344444443615
234.45844444443608
252.77416666665835
237.9800555555473
247.4889444444361
247.10766666665842
236.27827777776938
250.71844444443605
239.69872222221383
246.19755555554715
247.7627222222139
236.12366666665838
250.5583888888806
240.38233333332508
246.7501111111027
246.05116666665828
238.89905555554714
249.0351111111027
241.482444444436
246.32511111110279
246.12011111110277
240.40383333332503
248.8074999999917
240.73255555554715
247.49066666665826
245.44299999999166
241.5033888888805
246.75605555554716
243.31449999999165
245.5214999999917
245.974222222214
241.23738888888056
245.77799999999164
243.1537222222138
246.14216666665837
244.23155555554717
243.1514999999917
245.07461111110277
244.40116666665827
245.58633333332492
244.7141111111028
243.44411111110276
245.72327777776937
242.13849999999158
247.30138888888047
244.01866666665828
244.0635555555472
244.40733333332503
245.27005555554717
246.32844444443612
244.73899999999165
243.68711111110272
245.55649999999162
243.67894444443624
246.53416666665822
244.09494444443615
244.2351666666583
244.33949999999155
244.7247222222139
244.62649999999172
244.9569999999917
243.5674999999918
244.5916111111029
242.679333333325
246.33327777776933
243.5876666666583
244.0461111111028
244.3302222222139
243.60933333332517
245.3888888888806
243.1779999999916
244.535333333325
243.23927777776947
243.85499999999178
246.9362222222139
241.29527777776943
245.33605555554718
243.10961111110265
244.05666666665837
245.02244444443602
242.50916666665827
245.19338888888035
242.382944444436
243.46822222221383
246.43183333332507
241.68338888888053
245.1032777777695
243.52494444443607
244.31005555554717
245.7645555555472
242.25411111110273
245.34794444443608
243.95005555554718
242.74538888888048
247.50422222221374
241.1754444444361
246.66988888888048
242.71849999999154
245.26733333332479
245.48016666665822
242.11361111110276
245.77438888888057
242.73866666665825
243.7023888888805
246.0496666666583
241.0268333333249
246.39033333332497
242.31383333332496
244.23216666665817
245.44211111110283
242.29816666665823
246.25372222221395
242.97144444443612
244.42872222221374
245.87666666665828
241.1124999999916
247.4773333333249
242.3462777777694
245.2533888888804
244.85761111110267
242.77838888888056
245.58699999999146
242.70716666665822
244.18283333332488
244.81283333332487
241.4145555555471
246.48049999999148
242.11822222221375
245.0844999999916
244.26383333332498
242.46183333332496
245.64616666665813
241.58288888888052
245.77794444443603
244.2893333333249
241.86377777776926
246.88061111110275
241.6477222222138
245.5732777777694
244.81894444443597
242.1505555555472
246.48699999999167
241.99383333332483
245.70072222221384
245.23433333332488
241.66694444443604
246.99627777776925
241.67322222221378
245.53255555554725
243.59794444443608
243.04583333332494
245.52277777776936
242.54811111110263
246.12772222221378
244.13888888888044
243.24844444443607
245.94199999999148
241.82094444443604
247.09761111110262
243.19027777776944
243.67088888888043
246.11677777776933
241.8952222222138
246.9262222222137
243.73955555554699
243.5667777777694
245.56477777776936
242.63127777776936
245.04761111110273
244.2313333333249
243.17027777776943
245.6158333333249
242.19961111110266
246.06311111110276
244.69866666665817
243.56611111110251
245.1349999999914
243.6827777777693
246.2187222222138
243.75772222221377
244.84711111110258
245.29922222221364
243.1712222222138
245.8715555555472
243.54488888888042
245.39883333332492
243.89177777776933
243.45394444443596
245.8962222222137
243.0668888888804
245.1897222222138
244.0566111111027
243.48238888888054
245.86299999999153
243.14788888888035
245.3781111111027
243.47055555554704
244.33749999999145
244.87022222221367
243.82244444443594
245.0587222222138
244.31533333332462
244.21872222221376
245.10794444443593
244.5690555555471
245.22155555554707
244.36566666665811
244.3023888888804
246.3131111111027
243.71449999999146
245.5629444444359
244.6205555555469
244.5601666666581
245.12216666665816
244.89438888888037
244.75811111110266
245.09138888888046
243.67055555554697
245.57983333332484
244.23516666665802
244.9346666666582
244.988944444436
244.14294444443598
245.06327777776923
244.1254999999915
244.26449999999144
244.58905555554708
243.25361111110266
244.49327777776926
244.1927222222138
244.3871666666582
244.72355555554702
244.1065555555471
243.45477777776924
245.08205555554702
244.08577777776932
244.80488888888044
243.9994444444358
244.39888888888035
244.06166666665806
245.04583333332485
243.86783333332474
244.59599999999153
243.593944444436
245.09833333332486
243.4908333333247
244.3132777777692
243.89266666665802
244.81072222221368
243.62677777776915
245.30211111110256
244.36005555554715
244.13388888888045
244.9101666666581
244.41705555554708
244.722555555547
244.67144444443588
243.48572222221378
245.40649999999144
244.06383333332474
244.45083333332485
245.17861111110264
242.76988888888022
245.75022222221367
244.26399999999143
244.37955555554697
244.6249999999914
242.97133333332488
245.79577777776916
243.87199999999137
244.80877777776914
244.45722222221363
243.62644444443598
244.8619444444358
244.3092222222137
243.97827777776928
245.44672222221377
242.68866666665812
246.01677777776928
244.4259444444358
244.11099999999144
246.50561111110264
242.1490555555471
246.47488888888032
243.97833333332483
244.27238888888044
245.49427777776918
243.5508333333247
244.83233333332487
245.23533333332483
243.27388888888026
246.22233333332474
241.48072222221373
245.8878888888804
243.8583333333247
242.92749999999157
245.1248333333248
242.52705555554692
245.4313333333248
244.78705555554689
242.8092777777691
247.2716666666581
240.94661111110256
247.35366666665809
242.95194444443584
243.86855555554703
246.00749999999147
241.62788888888028
247.25038888888025
243.13983333332473
244.33244444443585
246.2825555555469
241.07483333332473
247.3294444444358
242.46516666665804
244.67516666665804
245.6698333333248
241.19961111110248
245.85405555554698
244.22644444443588
242.25777777776912
246.33099999999135
240.5058333333246
245.69494444443592
244.10777777776912
243.7574999999914
245.28794444443582
242.59761111110254
245.68316666665808
244.24316666665803
244.10527777776917
244.73322222221347
243.55122222221362
245.50894444443577
244.9501111111025
244.5367777777691
245.56961111110238
243.82361111110257
244.60738888888028
245.23711111110248
243.96872222221356
244.99555555554687
243.1355555555468
244.76211111110248
244.19805555554703
243.65566666665805
244.87916666665814
242.64561111110243
244.68766666665803
243.78738888888017
243.75372222221355
243.4152777777691
243.75911111110253
243.15022222221359
245.04755555554686
243.31049999999146
244.4557777777691
243.2762777777691
243.99916666665803
244.66777777776915
243.93594444443585
243.65944444443574
244.43433333332467
243.01061111110258
244.58055555554688
243.1490555555468
243.8831111111024
243.18566666665794
243.7568333333246
244.34999999999135
243.8732777777691
243.220166666658
243.3863333333247
243.59672222221363
244.27472222221354
243.16122222221352
243.3232222222136
243.13527777776912
243.58405555554694
242.9653888888802
244.25538888888022
242.57844444443575
244.1469444444357
242.5312222222135
244.07511111110244
244.17672222221356
243.00138888888026
243.78811111110244
243.43261111110252
244.08733333332466
244.35616666665797
242.9086111111024
244.57188888888024
243.54711111110245
243.5548888888803
244.34883333332465
243.4685555555469
243.45744444443594
243.66566666665796
243.42749999999145
243.76888888888027
243.42355555554695
242.99655555554693
243.93088888888028
243.15666666665805
243.75788888888016
243.08527777776922
243.79788888888024
242.2534999999913
243.69216666665807
243.30322222221352
243.49094444443577
242.82672222221356
243.69572222221345
243.46333333332475
243.76355555554696
242.72733333332462
243.93649999999136
243.3840555555469
243.30138888888024
244.3836111111024
243.00872222221355
243.71549999999124
243.6997777777692
242.81888888888014
245.10222222221356
242.5219999999913
244.92749999999137
242.98194444443567
243.59572222221368
245.07411111110244
243.04011111110256
244.3614444444357
243.6746111111024
243.87361111110243
245.19633333332465
242.62011111110246
244.67638888888024
243.19427777776897
243.37222222221365
243.9964999999914
243.38894444443577
244.45122222221354
243.20316666665792
243.402666666658
244.13316666665798
242.93833333332466
244.87749999999127
241.96444444443574
244.66227777776916
243.0229444444357
243.6598888888802
245.17155555554692
242.47511111110248
245.01599999999127
243.22733333332457
243.9718333333246
244.1117222222135
243.02783333332468
244.52183333332468
243.23272222221354
243.99911111110245
244.61494444443588
242.81027777776913
244.87144444443584
243.0057777777692
244.26688888888026
244.38316666665807
242.81761111110245
244.16155555554687
243.7578333333247
243.19583333332463
245.07111111110245
241.8110555555468
245.03427777776915
243.19638888888025
243.10861111110248
244.35211111110254
243.1833333333247
244.39127777776918
242.8882222222136
243.95144444443582
244.992666666658
243.34933333332467
245.8301111111025
243.83994444443576
244.75444444443582
244.97549999999143
244.64272222221365
245.39311111110237
244.75994444443577
244.61122222221366
246.2492222222136
243.56049999999135
245.33066666665803
244.3729999999913
243.60522222221363
245.9367222222136
244.03466666665787
244.96361111110244
244.0903888888802
244.3214444444358
246.02499999999134
243.82599999999124
245.19538888888016
244.80361111110247
244.3484444444357
245.84127777776914
243.75783333332475
245.2737777777691
244.2971111111024
245.16811111110243
244.37844444443564
244.70527777776917
244.51166666665807
244.651666666658
245.18238888888013
244.88638888888013
244.36605555554686
245.30477777776917
245.23472222221358
245.0027222222134
245.22894444443577
244.88372222221346
245.23105555554676
244.45055555554683
245.13244444443575
245.55322222221346
244.03127777776905
245.8579444444358
243.54027777776915
245.8831111111024
243.73749999999134
244.5517222222135
245.22922222221345
243.48538888888012
244.80077777776896
244.12816666665802
244.4436666666579
245.37472222221353
243.84849999999128
244.93899999999124
244.91333333332454
244.21849999999134
244.9599444444357
243.65838888888013
245.04083333332466
244.7820555555468
244.57038888888016
244.89211111110237
244.2491111111023
244.7334999999914
244.57661111110235
245.0763333333246
243.17061111110237
245.96972222221348
243.25716666665792
245.6719999999913
244.8579444444357
243.96294444443575
245.9888888888802
243.66794444443576
245.0123333333246
245.26511111110233
243.63772222221343
245.86683333332465
244.1509999999913
244.57494444443563
244.82066666665787
244.0750555555469
245.4441111111024
243.52194444443566
244.77566666665808
244.6388888888802
244.2908333333246
245.11111111110242
244.86055555554677
244.42344444443572
245.27149999999122
244.1239999999913
245.1958888888802
244.60294444443562
243.80483333332455
245.60955555554682
243.06144444443572
246.34683333332458
243.78738888888014
244.83172222221347
245.1033888888801
244.04633333332458
244.7764444444356
244.02399999999122
244.51911111110243
246.09288888888008
243.5585555555468
246.1542777777689
242.84977777776894
245.3972222222134
243.88144444443566
244.7624444444357
244.59055555554679
243.21599999999123
245.93855555554666
244.01399999999114
245.49849999999117
244.7504444444356
243.5936666666579
245.2344999999912
242.6572222222135
244.6299444444357
243.84833333332455
242.19194444443565
246.24927777776892
240.98888888888007
245.17683333332457
244.1430555555467
243.22583333332454
244.86694444443566
243.60849999999115
244.6228888888801
244.86766666665784
242.3967222222134
246.678777777769
242.25144444443566
245.80088888888008
243.9047777777689
244.20199999999127
245.07933333332448
243.91644444443574
245.10199999999122
244.10938888887995
243.5684444444357
245.75538888888013
243.150277777769
245.71216666665788
244.29472222221352
244.47005555554674
244.2247777777689
244.11477777776895
244.36922222221344
244.78938888888013
244.13355555554688
245.1370555555467
242.9976111111023
246.04933333332445
243.58699999999112
244.82749999999118
245.21177777776902
243.32833333332462
245.78122222221347
244.08794444443566
243.25288888888005
246.3036111111022
242.77316666665774
245.96544444443555
243.5754999999913
244.3212222222135
246.36477777776904
242.0622777777689
246.02594444443562
243.4875555555468
242.91899999999123
246.22049999999112
242.44105555554677
245.3449444444356
244.26961111110234
243.33488888887996
246.7390555555468
241.55711111110227
246.32433333332446
243.56872222221332
244.09088888888007
245.67738888888007
243.7323333333245
245.04088888888003
244.84305555554673
243.96949999999123
245.81116666665778
243.2968333333244
245.48883333332444
243.45866666665788
244.2544444444356
244.65849999999116
243.80061111110234
244.77005555554683
243.35272222221346
244.37227777776903
244.65055555554676
242.98049999999114
244.6513333333245
243.15094444443568
244.79688888888015
243.5675555555466
244.20283333332443
243.84116666665778
244.36683333332445
243.62572222221343
244.61399999999122
243.28866666665797
245.22738888888006
243.11072222221335
244.7849444444357
243.7676111111022
244.33788888888006
244.25588888887998
243.50972222221333
244.29511111110233
244.00072222221343
243.08261111110227
245.32333333332446
242.30005555554686
244.73877777776914
242.96311111110228
245.0545555555466
243.7013333333245
244.19633333332456
243.85011111110225
245.0269999999912
244.06544444443563
245.45177777776897
243.38911111110238
245.3334999999912
245.3460555555468
244.06694444443553
244.89033333332452
244.04594444443566
244.87488888888006
244.57555555554669
244.84955555554666
245.04838888888003
244.0163888888801
244.31827777776903
244.4443888888801
244.60377777776904
244.78177777776904
243.50761111110222
245.5747222222134
245.36822222221355
244.3324444444356
245.03677777776892
243.2672222222134
245.9079444444355
243.6140555555467
244.90994444443558
244.63527777776883
243.67866666665785
246.12027777776896
244.5254444444356
244.05194444443558
245.71361111110224
242.83799999999127
246.02727777776894
244.03922222221337
244.2376111111022
244.7440555555467
242.3978333333246
245.45733333332436
244.4671111111023
244.32072222221356
244.59272222221338
243.7852222222134
244.5674444444357
244.67766666665779
244.331777777769
244.17722222221343
243.65911111110228
244.12733333332451
244.78755555554673
243.48655555554663
244.18727777776897
243.90544444443555
245.22572222221342
243.90627777776885
245.06516666665783
243.66938888888
244.31244444443567
243.9203333333244
244.9038333333245
243.48511111110236
245.18355555554677
242.9350555555468
244.89599999999115
244.09222222221342
243.94883333332447
244.9112777777689
243.4749999999912
243.88761111110222
244.8440555555467
242.67249999999123
245.06422222221332
243.13672222221336
244.52033333332443
243.5385555555466
243.95077777776882
244.30477777776886
242.77116666665776
244.00083333332452
243.96594444443556
242.35772222221334
245.62016666665784
241.61261111110218
245.08422222221353
243.25283333332447
243.15544444443566
245.28355555554657
240.45238888888002
244.71761111110231
243.55783333332445
242.16955555554665
244.99377777776888
241.72038888887994
244.24922222221338
243.72449999999108
242.72288888888008
244.39027777776897
242.3334444444356
244.34849999999116
244.47205555554675
242.29022222221337
245.82899999999108
242.3984999999912
244.7015555555466
244.02961111110218
242.42405555554672
245.56405555554667
241.87072222221332
244.55705555554658
244.335277777769
241.23338888887997
245.8486666666577
241.40394444443552
243.97099999999102
244.7080555555466
241.53283333332445
245.60133333332448
241.29016666665777
244.63649999999117
243.8836111111023
241.41083333332443
245.86083333332448
241.74894444443547
244.31666666665768
244.48849999999106
242.20105555554673
246.7231111111022
242.25777777776892
244.86433333332442
244.5105555555466
242.55027777776888
246.4512777777689
243.2787222222133
244.96588888887996
244.96416666665775
243.4126666666578
245.96122222221322
244.28122222221336
243.51927777776885
245.52477777776886
242.95227777776884
245.81683333332455
244.45383333332438
244.87677777776878
244.72172222221326
242.64594444443543
247.1003333333244
243.50911111110216
245.67244444443554
244.46788888888005
243.7706666666578
245.75349999999116
244.43994444443558
244.6386666666577
244.38061111110213
242.90922222221317
246.3141111111022
242.5683333333243
245.3911111111021
243.89155555554652
243.5472222222133
245.13988888887985
244.10155555554664
245.38783333332432
244.08022222221334
243.75777777776887
245.89144444443548
243.28033333332442
245.12116666665776
244.64811111110208
243.64099999999092
246.46655555554665
243.79911111110212
245.2722222222133
243.19461111110212
245.08511111110224
244.92983333332435
243.86311111110214
245.17816666665777
245.0578333333243
244.4113888888799
245.21005555554663
244.23727777776878
244.71677777776887
244.3399444444356
244.3390555555467
245.1926111111021
243.39611111110227
244.82283333332444
244.34055555554662
243.96055555554662
244.97222222221325
243.88411111110213
244.75688888888007
243.25111111110215
245.40588888887999
244.4377777777688
243.72649999999106
245.35072222221325
243.8977777777688
245.2014999999911
243.9273333333243
244.8168333333244
245.08788888887992
243.64194444443555
245.28111111110212
244.2293333333244
244.2803333333245
246.08238888888
243.21477777776872
245.19488888887992
243.66783333332444
244.7036111111021
245.35483333332448
242.7317222222132
245.69338888887987
244.38777777776883
243.8622777777688
246.5484999999911
243.06905555554658
245.25377777776882
245.05549999999104
243.3081111111021
246.83744444443553
243.21677777776898
244.87361111110204
244.69999999999118
243.68627777776885
245.6451111111022
242.8272222222133
245.51722222221332
243.7328333333245
244.50033333332442
244.85933333332449
243.66511111110222
245.32361111110225
243.82405555554678
245.39344444443552
244.27994444443547
244.04144444443548
245.50077777776883
243.12549999999115
246.23233333332448
243.31427777776878
246.43183333332433
244.28738888888
244.88772222221326
244.35966666665766
244.80388888887998
243.91838888888
244.897499999991
244.83805555554662
244.1607777777689
244.54172222221328
244.44183333332435
243.7963333333244
244.34016666665778
243.58938888887985
245.08216666665774
243.5355555555465
245.03311111110207
244.13172222221326
244.2933888888798
244.77533333332434
245.07511111110202
243.64772222221325
245.00716666665784
244.27644444443544
244.91799999999105
244.0022222222132
245.44455555554654
244.70333333332434
244.53649999999107
245.97066666665785
244.98488888887994
244.3373333333243
246.26688888887992
243.90133333332443
246.39805555554656
244.1522777777689
244.87455555554666
245.07244444443546
244.28649999999107
245.55849999999094
244.8777777777688
244.6027777777688
244.4501666666577
244.90805555554653
245.21149999999105
244.20694444443546
244.90238888888
243.73194444443547
244.62794444443546



The list of best values average 

21.212999999991627
34.5029999999916
47.39699999999165
42.686999999991656
42.95199999999164
51.74199999999162
47.968999999991645
53.23299999999167
47.56599999999166
51.72599999999171
51.519999999991676
56.86799999999168
47.99599999999166
52.19499999999171
53.94399999999167
55.00699999999171
49.446999999991604
52.89699999999172
54.40999999999172
54.909999999991726
50.16399999999169
52.501999999991746
55.54499999999172
53.29899999999172
50.71499999999171
52.85599999999173
57.051999999991736
54.03499999999179
53.400999999991726
52.41199999999173
57.08599999999174
54.10199999999174
51.86899999999171
53.066999999991666
55.62899999999177
51.88199999999173
50.74799999999171
51.5349999999917
53.87199999999174
50.62499999999165
51.2349999999917
52.1879999999917
52.61299999999171
52.2869999999916
51.45199999999172
52.48499999999172
53.476999999991754
52.29399999999163
52.47299999999175
51.306999999991696
53.164999999991814
50.438999999991644
52.87599999999159
51.05599999999169
51.555999999991776
51.43999999999157
53.06299999999164
49.915999999991676
51.89299999999172
51.14799999999156
51.79599999999165
51.4839999999916
54.22499999999172
50.45399999999161
53.18699999999169
52.216999999991636
53.1469999999917
51.80199999999162
52.997999999991634
51.0299999999916
53.84599999999159
52.05799999999167
52.53299999999166
53.05099999999168
52.36999999999165
52.14899999999164
52.44399999999168
54.52199999999161
54.35199999999166
53.89799999999168
52.79699999999171
53.28999999999159
53.4699999999917
53.95299999999167
51.98599999999172
54.89499999999167
53.628999999991606
52.51599999999177
52.46999999999153
52.718999999991695
52.86999999999156
50.42299999999167
51.07499999999161
51.14299999999159
54.89299999999151
49.724999999991624
50.68399999999158
50.570999999991436
54.00399999999151
50.1029999999916
51.337999999991595
49.979999999991456
52.918999999991534
50.76799999999157
52.213999999991564
49.97799999999159
54.201999999991344
51.43099999999149
53.55999999999136
50.92799999999135
53.60299999999128
51.96699999999153
50.319999999991396
50.6549999999914
55.04599999999132
50.72399999999141
52.127999999991395
50.33099999999144
54.76299999999139
52.65799999999141
51.70499999999137
51.523999999991396
55.35699999999141
53.56199999999153
53.68399999999136
52.352999999991454
55.2709999999915
54.14199999999155
53.51699999999134
53.22699999999135
56.38699999999154
53.96899999999145
51.31799999999139
52.802999999991485
55.56799999999154
53.45499999999142
50.86299999999142
52.572999999991424
53.4549999999915
53.143999999991415
52.23799999999146
52.72399999999141
53.694999999991474
52.85099999999156
51.98599999999148
54.23099999999148
54.576999999991386
52.94899999999151
52.89899999999157
53.28399999999152
52.26999999999135
52.3539999999916
51.088999999991486
53.27799999999151
52.22999999999127
52.6209999999915
51.575999999991446
52.049999999991286
51.15899999999128
56.18799999999144
50.84199999999139
50.930999999991464
53.11899999999138
53.82799999999129
50.60399999999153
52.53099999999149
52.54199999999134
52.95999999999157
50.524999999991465
52.54299999999139
52.449999999991284
51.20999999999146
50.92899999999145
52.70099999999137
51.76699999999132
52.86799999999152
52.82299999999149
54.712999999991276
53.5859999999913
53.70899999999134
53.10099999999131
52.766999999991256
53.13199999999141
54.199999999991356
52.50699999999143
52.65599999999125
53.413999999991255
53.33199999999124
52.875999999991365
54.01599999999114
52.73399999999118
52.490999999991416
51.72299999999119
52.6409999999911
51.74399999999124
52.46999999999139
52.36499999999119
51.959999999991155
52.98999999999126
52.383999999991126
52.04099999999121
53.999999999991154
53.79999999999112
52.626999999991185
52.19499999999105
54.04699999999108
52.0379999999911
52.56299999999125
52.55999999999098
54.14599999999107
51.15599999999106
53.33499999999124
53.105999999991106
53.207999999991046
51.352999999991006
52.78499999999111
54.27899999999095
53.35999999999116
54.000999999991194
53.35499999999104
53.25699999999103
53.115999999991075
52.66799999999104
53.5939999999911
51.56899999999106
52.271999999991046
51.76499999999114
52.727999999990885
50.49699999999096
51.820999999990974
49.230999999990956
51.09799999999098
51.58099999999091
52.11099999999103
49.740999999991026
52.88599999999087
50.52699999999092
52.68299999999098
50.83999999999099
53.44999999999106
51.5489999999909
53.09799999999098
49.97599999999112
53.69199999999106
51.686999999990825
53.21999999999103
51.486999999990985
53.15199999999103
51.873999999990794
54.076999999990775
52.47499999999106
52.840999999991034
50.7969999999909
51.275999999990844
50.48399999999098
52.621999999990884
50.43199999999097
50.67599999999079
51.749999999991104
51.78499999999088
50.58899999999094
51.744999999991
51.04199999999088
51.49399999999096
49.806999999990765
50.93999999999072
51.8449999999909
53.038999999991034
50.07799999999084
51.80099999999081
51.4179999999909
52.88399999999078
50.35699999999086
51.80199999999083
52.551999999990876
52.34999999999088
49.43499999999074
51.339999999990745
52.09299999999084
50.19199999999076
49.53999999999082
52.35599999999075
52.37799999999085
49.93599999999085
49.89499999999089
50.2109999999909
51.52599999999069
51.1319999999908
50.89199999999072
50.19799999999061
52.539999999990705
50.94899999999089
49.96699999999059
50.69899999999081
51.81699999999067
49.86199999999087
51.11299999999069
51.201999999990896
51.307999999990734
52.69799999999075
50.593999999990714
51.432999999990955
51.42299999999088
52.138999999990574
50.34699999999073
50.13499999999096
51.179999999990784
50.60999999999062
50.763999999990844
51.82599999999072
51.79199999999085
49.98099999999063
50.92999999999076
51.2279999999907
50.368999999990734
50.85799999999068
51.62399999999073
51.70099999999067
51.68099999999068
51.58299999999074
53.47299999999065
51.36699999999059
52.344999999990755
50.063999999990735
52.89499999999064
51.7529999999905
52.46699999999066
50.50899999999058
53.9049999999904
51.36099999999052
52.87899999999059
52.40499999999061
52.61099999999042
52.96499999999049
52.08799999999047
51.91499999999064
54.167999999990506
54.26599999999047
53.615999999990585
53.549999999990646
53.7289999999905
53.9129999999904
53.53299999999041
54.37399999999075
52.64199999999053
51.306999999990424
51.894999999990496
53.53399999999068
53.10699999999037
53.11699999999056
53.19899999999038
53.98499999999066
55.19699999999042
52.68899999999052
52.90399999999042
53.35399999999066
53.439999999990505
53.54499999999047
52.46299999999044
53.74599999999056
54.50299999999042
52.29199999999049
51.357999999990454
54.51599999999068
52.66299999999033
53.05499999999043
50.76499999999049
54.2049999999905
53.22499999999041
53.27499999999043
52.79199999999057
51.86099999999036
53.253999999990455
51.9899999999903
51.951999999990655
51.490999999990336
51.75299999999055
51.66199999999033
52.466999999990556
52.072999999990316
53.459999999990316
53.328999999990515
52.951999999990505
51.34199999999034
51.52299999999045
52.02999999999047
54.38499999999062
51.94999999999036
52.140999999990385
53.52699999999037
54.296999999990355
52.920999999990364
52.8069999999905
53.96899999999038
53.52699999999046
53.72799999999036
53.37499999999034
54.27599999999048
54.8279999999904
54.680999999990256
54.92799999999009
54.79399999999042
55.30099999999041
55.056999999990204
54.3009999999901
54.844999999990186
54.776999999990274
52.674999999990206
53.485999999990334
51.97499999999016
54.56999999999048
50.81899999999006
51.31599999999025
52.61299999999022
52.189999999990235
52.475999999990044
53.29299999999029
53.08599999999016
52.30099999999018
52.29299999999001
52.54999999999014
52.823999999990036
52.26799999999011
52.62199999999022
51.867999999990154
52.633999999990216
52.56699999998998
53.01199999999012
51.73799999999005
53.4169999999901
54.27799999999006
52.962999999990224
52.28199999999009
52.24199999999013
52.5519999999902
51.630999999990166
51.3389999999903
53.383999999990166
52.49899999999007
51.4979999999901
52.08799999999017
52.97099999999017
52.38299999998991
51.27799999998989
52.50499999999015
53.56799999999007
52.69299999998999
50.83699999998992
53.487999999990045
53.38499999999006
53.268999999989994
51.93899999998975
52.58899999998988
51.95899999999017
54.24099999998991
51.62199999998987
51.52099999999002
52.227999999990146
53.59199999998973
50.32799999998995
50.68699999998985
51.256999999989986
53.2749999999899
51.2869999999899
50.615999999989945
50.726999999990106
53.0179999999898
50.949999999989814
49.20999999999013
50.31999999998989
53.48899999998982
50.47499999998986
51.48899999998996
52.204999999990015
54.075999999989776
52.869999999989986
52.30699999999006
53.28899999998998
53.90699999998981
54.29099999999022
53.11399999998997
53.22199999998998
53.888999999989906
53.1519999999901
52.61499999998981
52.58399999999005
52.51399999998973
53.3749999999902
52.160999999990125
52.95399999999005
52.33199999998967
52.03299999999012
52.220999999990156
53.149999999989966
50.801999999989704
51.699999999989984
51.651999999989826
51.82999999998981
51.58499999998976
51.232999999990014
51.47499999998989
51.42999999999009
51.400999999989985
50.88999999998983
52.922999999990026
52.76199999998982
53.44299999998983
53.57599999998996
52.378999999989695
53.72299999998984
53.21299999998985
53.49199999998996
53.16199999998977
51.99299999998986
52.493999999989576
53.915999999989964
53.68799999998981
52.44999999998977
52.873999999989884
53.826999999989944
51.09299999998977
51.13899999998981
51.821999999989856
52.81699999998986
51.511999999989854
50.209999999989726
52.17299999998987
53.14999999998988
51.16199999998966
51.14799999998971
53.293999999989666
52.92499999998981
52.45599999998992
51.795999999989476
53.09099999998969
53.82499999998965
51.23299999998993
51.3059999999897
52.20599999998951
53.317999999989816
51.388999999989835
51.901999999989606
51.759999999989574
52.31299999998989
52.07699999998978
51.6379999999897
50.85299999998978
52.27299999998966
49.590999999989876
51.34199999998981
51.011999999989705
52.67799999998979
52.32999999998972
51.78799999998988
51.8129999999894
52.701999999989596
51.209999999989904
51.25799999999003
50.99399999998971
52.38999999998963
50.83999999998968
50.7939999999898
51.96599999998955
52.666999999989336
52.60199999998995
52.11599999998979
51.67299999998946
52.22299999998982
52.59499999998999
51.800999999989706
52.677999999989595
52.96599999998961
51.70499999998994
50.16299999998987
51.644999999989714
51.94999999998964
51.87499999998998
51.369999999989524
51.52399999998973
51.26799999998986
51.16999999998997
50.61399999998968
51.74799999998961
52.52299999998983
52.58899999998997
51.667999999989554
50.462999999989634
53.775999999989644
54.84499999998995
52.06699999998958
51.282999999989656
54.75199999998977
53.654999999989904
52.148999999989606
52.34999999998979
52.62699999998972
52.58199999998975
51.80199999998973
51.02199999998969
52.94099999998959
51.38899999998969
51.503999999989624
51.06499999998974
52.60499999998947
51.7589999999897
52.22599999998987
52.06399999998954
52.0979999999896
54.28099999998958
53.50099999998952
51.98699999998944
53.23199999998956
53.21399999998974
50.90999999998968
51.34599999998946
52.496999999989725
51.95699999998966
52.1659999999896
52.46699999998964
52.434999999989564
51.824999999989714
51.24399999998947
52.55199999998977
52.29999999998985
52.623999999989444
51.420999999989675
52.02899999998978
52.33199999998962
51.819999999989676
51.262999999989866
52.127999999989726
51.73199999998954
50.949999999989515
51.89599999998947
52.146999999989674
53.04899999998947
52.14399999998951
53.25299999998958
52.1899999999897
52.46299999998956
53.203999999989506
54.27699999998972
52.691999999989775
53.40999999998959
53.49999999998945
53.674999999989595
53.60699999998967
54.36999999998945
51.88799999998959
51.181999999989586
53.53199999998961
52.65899999998952
51.82799999998945
54.706999999989556
52.53999999998975
54.620999999989415
53.45599999998929
52.826999999989525
53.24399999998965
52.46599999998943
53.18799999998928
50.74399999998946
52.22699999998956
53.840999999989634
52.36499999998941
51.98299999998949
53.36299999998951
54.7539999999893
53.98899999998948
52.21199999998906
52.99099999998965
52.323999999989134
50.86299999998973
52.2379999999891
53.4529999999895
52.12499999998913
51.743999999989455
51.73199999998946
54.066999999989406
50.41799999998938
51.944999999989186
52.32199999998948
52.68999999998928
50.84799999998959
51.17999999998923
51.850999999989284
51.13399999998932
50.30699999998951
52.305999999989695
51.105999999989194
51.187999999989245
50.323999999989354
52.1409999999896
51.52599999998934
51.45599999998947
51.1629999999894
52.83199999998954
52.03999999998898
51.36699999998964
51.09999999998954
52.13299999998941
50.703999999988945
49.989999999989344
49.9429999999894
52.62599999998947
51.38799999998893
50.87399999998943
51.787999999989495
53.05399999998948
52.6949999999891
51.15399999998915
52.876999999989366
50.67099999998938
53.124999999989065
52.039999999989384
51.98399999998922
52.40399999998943
54.087999999989165
53.72499999998948
53.92499999998928
53.30299999998935
53.10599999998916
54.334999999989506
52.96499999998933
53.35899999998924
53.10099999998937
53.86099999998944
53.1979999999894
51.723999999989225
51.599999999989436
53.09599999998946
53.395999999989215
52.501999999989366
52.30399999998934
52.706999999988895
53.15499999998936
51.38599999998945
51.732999999989445
54.7619999999891
52.11899999998949
52.70299999998958
53.00999999998947
53.61299999998927
51.956999999989286
52.562999999989295
52.18899999998943
52.38699999998916
53.28999999998931
52.76899999998941
52.84999999998935
52.7599999999893
53.14799999998925
53.05099999998949
53.291999999989365
54.05299999998908
53.244999999989375
52.20899999998952
52.402999999989326
54.34699999998902
52.86899999998936
53.1209999999894
52.766999999989075
53.93599999998912
53.787999999989346
54.26999999998943
52.523999999989
54.69299999998919
53.24399999998918
54.66699999998928
53.52799999998949
53.313999999989186
53.36799999998914
55.57799999998906
54.72199999998942
53.47099999998927
54.582999999989184
53.246999999989164
52.58999999998955
53.16999999998905
53.06899999998932
53.511999999989186
51.986999999989216
52.28599999998923
53.719999999989454
53.60099999998917
52.591999999989156
52.56099999998915
53.82099999998954
52.82399999998909
53.61099999998928
52.13299999998923
52.964999999989445
53.45099999998903
53.5459999999891
53.928999999989294
53.86599999998946
52.91099999998951
54.408999999989106
53.32499999998928
53.18999999998892
53.55999999998909
53.14899999998912
53.49399999998902
52.294999999989216
51.586999999989445
52.94299999998913
52.96999999998918
51.59799999998932
51.94099999998922
53.095999999988976
53.46299999998927
53.25699999998938
51.83499999998908
53.92999999998913
53.1439999999893
53.7789999999893
51.909999999989076
53.08399999998897
53.818999999989316
52.84099999998931
52.88699999998938
52.38699999998893
52.48699999998921
52.17599999998911
50.86599999998935
52.456999999988724
54.253999999988956
54.03699999998952
51.797999999989145
51.89399999998874
53.649999999989156
52.497999999989545
50.79999999998916
51.57199999998882
52.83099999998929
49.9249999999894
51.20099999998915
50.18699999998922
52.3529999999891
53.15299999998895
50.92399999998896
52.81599999998917
54.31099999998941
53.70899999998906
53.90799999998925
52.170999999989164
55.307999999989235
53.41799999998942
51.49899999998887
52.15999999998946
53.18399999998923
53.128999999989055
52.23399999998904
52.58599999998942
51.58899999998916
53.59099999998921
52.92699999998889
52.509999999989425
53.49999999998897
53.11899999998912
51.660999999988796
53.03899999998936
51.1799999999889
52.91499999998928
52.40999999998894
52.82299999998924
52.41199999998916
53.323999999989134
51.136999999989044
52.88099999998928
53.33899999998917
52.22999999998898
51.93699999998939
53.91999999998924
54.554999999989214
53.02199999998908
53.500999999989105
54.05399999998929
54.954999999989155
53.58999999998915
52.69399999998894
53.86399999998909
51.84499999998923
53.40599999998889
54.249999999989065
53.12199999998896
53.915999999989076
53.72299999998878
55.855999999989
52.70399999998915
54.33599999998902
52.08899999998873
55.399999999988985
52.387999999989226
51.76999999998884
53.46499999998865
54.063999999988766
53.109999999989235
52.52199999998882
54.39899999998869
53.00899999998893
52.80399999998905
52.881999999989
51.68099999998868
52.0749999999888
52.58999999998903
53.1559999999889
53.591999999988815
53.985999999989005
52.368999999988844
53.073999999988786
52.795999999989064
51.53399999998913
51.88699999998881
53.21299999998884
52.14999999998891
51.35399999998906
52.05099999998869
52.69099999998901
52.5159999999888
52.94699999998916
51.815999999988996
54.041999999988896
51.75399999998871
50.993999999988844
50.47399999998885
52.65899999998898
50.37499999998864
51.90799999998896
51.93999999998881
53.8129999999888
50.185999999988574
52.48299999998891
53.04899999998876
52.937999999988854
50.48999999998865
50.89099999998904
51.31299999998859
51.77199999998891
50.757999999988975
51.664999999988666
50.587999999988476
53.389999999989016
49.72999999998889
51.407999999988945
49.92999999998854
53.69399999998865
51.44699999998899
52.29699999998894
51.36199999998846
54.09999999998874
50.90899999998895
51.513999999988755
50.436999999988544
54.408999999988495
52.24699999998887
51.67399999998886
51.64499999998845
53.363999999988565
52.27399999998896
50.48499999998871
52.29899999998856
53.55699999998869
53.23399999998898
51.17899999998887
53.06499999998851
53.00899999998859
53.189999999988736
52.446999999989075
53.91399999998861
54.15199999998851
52.522999999988876
52.149999999988765
53.11199999998839
53.38999999998862
53.23999999998867
52.90199999998871
52.38799999998861
53.539999999988616
52.735999999988664
52.70499999998871
52.02999999998843
53.2469999999886
51.9909999999887
52.37599999998876
51.993999999988674
55.048999999988425
52.73499999998866
52.22699999998877
52.743999999988645
54.18599999998844
52.95799999998885
52.61599999998858
52.6979999999887
54.461999999988386
53.234999999988545
51.750999999988345
52.62999999998895
54.36099999998828
52.32499999998849
51.945999999988615
51.729999999988834
53.94599999998813
53.45399999998862
53.173999999988744
52.14799999998888
54.163999999988405
51.28499999998858
52.72499999998855
51.54999999998852
53.28599999998854
54.09099999998851
53.68899999998854
52.135999999988336
53.88899999998886
52.64399999998845
51.77599999998868
52.6969999999884
54.49899999998891
53.96899999998824
53.1479999999889
52.1309999999886
54.84599999998878
52.654999999988455
53.35399999998873
53.308999999988536
55.130999999988845
52.08699999998838
53.10199999998854
54.74999999998883
53.353999999988716
52.65399999998853
52.10299999998868
54.14199999998899
53.00499999998892
53.60299999998859
54.03399999998883
54.85399999998891
53.323999999989034
53.83999999998851
54.11699999998853
53.56299999998881
51.95699999998885
53.08799999998849
53.38699999998891
53.99699999998891
53.19099999998866
53.7389999999882
52.53599999998892
53.66999999998875
55.15599999998894
54.255999999988404
52.53399999998906
53.31999999998851
54.832999999988814
53.93099999998838
53.3109999999888
53.39599999998879
54.336999999988464
55.38799999998871
53.70799999998858
53.65799999998873
54.02099999998838
53.393999999988665
53.55299999998849
54.974999999988654
53.95999999998886
53.39199999998851
54.19999999998851
52.676999999988745
53.11899999998858
52.73199999998881
53.28899999998846
51.4729999999884
55.34699999998853
52.3289999999888
53.21299999998864
53.321999999988485
55.11099999998852
51.581999999988774
53.185999999988454
51.60699999998861
54.266999999988585
52.97999999998868
50.72899999998853
52.110999999988536
52.32399999998853
51.62199999998862
51.07699999998855
51.925999999988306
51.65099999998844
51.827999999988585
52.95799999998861
51.6849999999887
51.20699999998851
53.29899999998879
52.083999999988144
51.168999999988614
50.925999999988555
53.51299999998868
