----------Report of simulation of Path Integral Quantum Monte Carlo-----------
The number of considered Spin 32
The considered Annealing Duration 320
The considered Annealing Number 100
The considered T 1.0
The considered Gamma0 1.0
The considered Number Of Replica 18
The solution found [-1  1  1 -1 -1  1  1 -1 -1  1  1 -1 -1  1  1 -1 -1  1  1 -1 -1  1  1 -1
 -1  1  1 -1 -1  1  1 -1]
The value found -25.600000000000094
The Success probability is 0.0
The average value is -25.600000000000055
The total execution time is 179.6806344985962
The average time for execution is 1.796804051399231
The average time for system update is 0.005589806586503983
The average time for replica update is 0.00031033255490991806
The average time for spin update is 9.477207708793381e-06
The list of values found 

-25.600000000000044
-25.600000000000037
-25.600000000000044
-25.60000000000005
-25.60000000000008
-25.600000000000072
-25.600000000000072
-25.60000000000006
-25.600000000000065
-25.60000000000008
-25.600000000000065
-25.600000000000065
-25.60000000000006
-25.600000000000087
-25.600000000000065
-25.600000000000044
-25.60000000000006
-25.600000000000037
-25.600000000000044
-25.600000000000072
-25.600000000000037
-25.600000000000087
-25.600000000000065
-25.600000000000072
-25.600000000000094
-25.600000000000065
-25.600000000000065
-25.600000000000023
-25.60000000000005
-25.60000000000006
-25.60000000000005
-25.600000000000065
-25.600000000000065
-25.600000000000037
-25.60000000000005
-25.60000000000005
-25.600000000000072
-25.600000000000087
-25.600000000000044
-25.600000000000094
-25.60000000000005
-25.600000000000037
-25.60000000000005
-25.600000000000065
-25.60000000000005
-25.600000000000065
-25.600000000000065
-25.600000000000087
-25.600000000000044
-25.60000000000005
-25.600000000000037
-25.600000000000044
-25.600000000000065
-25.60000000000008
-25.600000000000065
-25.600000000000037
-25.60000000000006
-25.60000000000005
-25.600000000000072
-25.600000000000072
-25.600000000000072
-25.600000000000065
-25.600000000000065
-25.600000000000087
-25.600000000000037
-25.600000000000044
-25.600000000000065
-25.60000000000003
-25.600000000000065
-25.600000000000072
-25.60000000000006
-25.600000000000072
-25.60000000000005
-25.600000000000037
-25.600000000000044
-25.600000000000072
-25.600000000000065
-25.60000000000005
-25.60000000000005
-25.60000000000003
-25.60000000000008
-25.600000000000094
-25.60000000000005
-25.60000000000005
-25.600000000000072
-25.600000000000065
-25.600000000000023
-25.60000000000005
-25.600000000000065
-25.600000000000065
-25.60000000000006
-25.60000000000005
-25.60000000000003
-25.600000000000072
-25.60000000000006
-25.60000000000006
-25.60000000000005
-25.60000000000005
-25.60000000000005
-25.60000000000006



The list of values first execution 

4.599999999999989
6.644444444444433
2.916666666666656
7.161111111111101
2.211111111111099
4.8555555555555445
3.2333333333333205
2.6777777777777665
2.894444444444433
1.9722222222222117
5.57222222222221
1.7833333333333212
1.0277777777777652
-1.4611111111111241
2.105555555555542
0.8666666666666539
3.299999999999987
-1.4666666666666792
2.0333333333333212
0.799999999999988
3.3666666666666534
0.1444444444444312
0.43333333333332047
0.9944444444444325
1.244444444444433
0.4666666666666556
2.4499999999999895
1.1555555555555448
0.7611111111111005
1.1222222222222125
0.2611111111111013
0.6833333333333231
-2.016666666666676
-3.011111111111121
0.2111111111111009
-0.30000000000001026
-0.9611111111111208
-0.6666666666666765
0.36111111111110133
0.644444444444435
-0.4777777777777875
-0.988888888888899
0.5055555555555447
-2.90000000000001
-0.7944444444444538
-2.2777777777777874
-2.6277777777777853
-3.333333333333342
-2.5277777777777866
-3.6055555555555645
-2.944444444444454
-0.26111111111111995
-4.0055555555555635
-2.572222222222231
0.8333333333333246
-1.9333333333333416
0.47222222222221444
-4.650000000000008
-0.2833333333333408
-3.0166666666666737
-2.4444444444444517
-1.43333333333334
-2.5888888888888957
-3.238888888888896
-4.550000000000006
-2.7500000000000053
-3.0555555555555602
-1.2388888888888938
-3.6000000000000045
-2.433333333333339
-3.950000000000006
-3.8222222222222277
-4.305555555555562
-4.555555555555562
-4.411111111111118
-6.300000000000007
-7.333333333333339
-5.727777777777785
-5.2333333333333405
-4.894444444444452
-7.79444444444445
-1.8166666666666724
-4.505555555555561
-2.611111111111118
-4.166666666666672
-8.32222222222223
-6.344444444444453
-7.333333333333343
-6.750000000000007
-3.738888888888896
-5.366666666666671
-3.6555555555555626
-7.061111111111117
-5.944444444444453
-7.555555555555561
-7.3888888888888955
-8.750000000000007
-11.161111111111119
-10.344444444444452
-8.011111111111116
-8.588888888888896
-10.78333333333334
-9.566666666666674
-8.016666666666673
-9.055555555555564
-6.527777777777786
-4.844444444444449
-6.511111111111116
-8.177777777777784
-7.738888888888896
-7.827777777777785
-9.572222222222228
-9.32222222222223
-8.92222222222223
-11.327777777777783
-13.422222222222228
-11.277777777777782
-12.322222222222226
-9.361111111111118
-8.994444444444449
-8.95555555555556
-9.944444444444448
-10.677777777777782
-10.977777777777781
-11.61666666666667
-12.350000000000003
-13.011111111111116
-9.761111111111115
-9.222222222222229
-8.572222222222228
-8.466666666666669
-9.044444444444446
-10.700000000000005
-12.844444444444452
-12.200000000000008
-13.816666666666674
-12.733333333333341
-15.53333333333334
-18.316666666666677
-18.938888888888894
-19.99444444444445
-22.144444444444453
-23.288888888888895
-22.427777777777788
-24.016666666666676
-24.088888888888896
-24.800000000000008
-24.905555555555562
-25.316666666666674
-25.60000000000001
-25.60000000000001
-25.60000000000001
-25.60000000000001
-25.60000000000001
-25.60000000000001
-25.60000000000001
-25.60000000000001
-25.60000000000001
-25.60000000000001
-25.60000000000001
-25.60000000000001
-25.60000000000001
-25.60000000000001
-25.60000000000001
-25.60000000000001
-25.60000000000001
-25.60000000000001
-25.60000000000001
-25.60000000000001
-25.60000000000001
-25.60000000000001
-25.60000000000001
-25.60000000000001
-25.60000000000001
-25.60000000000001
-25.60000000000001
-25.60000000000001
-25.60000000000001
-25.60000000000001
-25.60000000000001
-25.60000000000001
-25.60000000000001
-25.60000000000001
-25.60000000000001
-25.60000000000001
-25.60000000000001
-25.60000000000001
-25.60000000000001
-25.60000000000001
-25.60000000000001
-25.60000000000001
-25.60000000000001
-25.60000000000001
-25.60000000000001
-25.60000000000001
-25.60000000000001
-25.60000000000001
-25.60000000000001
-25.60000000000001
-25.60000000000001
-25.60000000000001
-25.60000000000001
-25.60000000000001
-25.60000000000001
-25.60000000000001
-25.60000000000001
-25.60000000000001
-25.60000000000001
-25.60000000000001
-25.60000000000001
-25.60000000000001
-25.60000000000001
-25.60000000000001
-25.60000000000001
-25.60000000000001
-25.60000000000001
-25.60000000000001
-25.60000000000001
-25.60000000000001
-25.60000000000001
-25.60000000000001
-25.60000000000001
-25.60000000000001
-25.60000000000001
-25.60000000000001
-25.60000000000001
-25.60000000000001
-25.60000000000001
-25.60000000000001
-25.60000000000001
-25.60000000000001
-25.60000000000001
-25.60000000000001
-25.60000000000001
-25.60000000000001
-25.60000000000001
-25.60000000000001
-25.60000000000001
-25.60000000000001
-25.60000000000001
-25.60000000000001
-25.60000000000001
-25.60000000000001
-25.60000000000001
-25.60000000000001
-25.60000000000001
-25.60000000000001
-25.60000000000001
-25.60000000000001
-25.60000000000001
-25.60000000000001
-25.60000000000001
-25.60000000000001
-25.60000000000001
-25.60000000000001
-25.60000000000001
-25.60000000000001
-25.60000000000001
-25.60000000000001
-25.60000000000001
-25.60000000000001
-25.60000000000001
-25.60000000000001
-25.60000000000001
-25.60000000000001
-25.60000000000001
-25.60000000000001
-25.60000000000001
-25.60000000000001
-25.60000000000001
-25.60000000000001
-25.60000000000001
-25.60000000000001
-25.60000000000001
-25.60000000000001
-25.60000000000001
-25.60000000000001
-25.60000000000001
-25.60000000000001
-25.60000000000001
-25.60000000000001
-25.60000000000001
-25.60000000000001
-25.60000000000001
-25.60000000000001
-25.60000000000001
-25.60000000000001
-25.60000000000001
-25.60000000000001
-25.60000000000001
-25.60000000000001
-25.60000000000001
-25.60000000000001
-25.60000000000001
-25.60000000000001
-25.60000000000001
-25.60000000000001
-25.60000000000001
-25.60000000000001
-25.60000000000001
-25.60000000000001
-25.60000000000001
-25.60000000000001
-25.60000000000001
-25.60000000000001
-25.60000000000001
-25.60000000000001
-25.60000000000001
-25.60000000000001
-25.60000000000001
-25.60000000000001
-25.60000000000001
-25.60000000000001
-25.60000000000001
-25.60000000000001
-25.60000000000001
-25.60000000000001
-25.60000000000001
-25.60000000000001
-25.60000000000001



The list of best values first execution 

-8.00000000000001
-8.000000000000007
-7.400000000000013
-11.800000000000018
-18.200000000000017
-6.400000000000013
-5.400000000000006
-9.600000000000016
-9.900000000000006
-10.500000000000014
-6.100000000000005
-6.000000000000011
-9.000000000000014
-10.20000000000001
-10.500000000000007
-14.700000000000017
-9.500000000000014
-15.999999999999993
-12.20000000000001
-9.300000000000011
-10.900000000000013
-10.799999999999983
-12.500000000000014
-7.000000000000014
-12.200000000000003
-11.500000000000014
-11.200000000000024
-8.600000000000012
-6.100000000000016
-8.600000000000026
-10.300000000000026
-10.600000000000016
-12.500000000000007
-13.099999999999994
-13.79999999999999
-15.100000000000016
-9.600000000000037
-11.199999999999967
-14.699999999999996
-5.40000000000002
-14.39999999999997
-11.199999999999996
-7.700000000000024
-12.800000000000018
-18.199999999999996
-14.100000000000016
-12.500000000000007
-13.099999999999994
-15.699999999999974
-15.40000000000002
-11.200000000000017
-11.799999999999997
-16.000000000000014
-12.800000000000015
-12.800000000000004
-12.199999999999996
-15.0
-15.700000000000003
-11.200000000000031
-10.200000000000017
-10.20000000000001
-9.600000000000009
-10.899999999999991
-16.300000000000054
-12.399999999999991
-16.000000000000007
-14.100000000000016
-15.700000000000031
-16.600000000000016
-14.399999999999999
-15.700000000000024
-10.300000000000026
-13.099999999999994
-16.600000000000044
-15.399999999999999
-19.200000000000003
-17.300000000000026
-20.800000000000026
-19.200000000000045
-15.400000000000027
-17.300000000000026
-13.100000000000023
-14.400000000000006
-17.600000000000044
-13.099999999999952
-18.90000000000002
-16.000000000000036
-17.299999999999997
-14.09999999999998
-16.600000000000016
-15.600000000000016
-16.300000000000033
-19.19999999999999
-15.399999999999984
-18.20000000000001
-22.39999999999999
-18.20000000000001
-19.20000000000001
-18.200000000000003
-15.70000000000001
-17.60000000000001
-19.80000000000002
-17.900000000000013
-17.30000000000001
-15.70000000000001
-17.60000000000003
-15.000000000000007
-15.999999999999986
-18.20000000000003
-17.299999999999983
-17.000000000000007
-17.30000000000001
-20.80000000000004
-19.500000000000036
-22.10000000000001
-24.000000000000007
-18.89999999999999
-17.600000000000037
-19.20000000000001
-17.900000000000013
-17.900000000000006
-18.200000000000024
-20.79999999999999
-22.400000000000006
-22.400000000000006
-24.00000000000003
-20.800000000000004
-23.999999999999986
-20.499999999999986
-16.999999999999957
-20.500000000000043
-22.09999999999998
-23.99999999999998
-20.80000000000004
-24.00000000000003
-25.60000000000003
-22.99999999999998
-23.99999999999998
-25.60000000000003
-25.600000000000044
-25.600000000000044
-25.600000000000044
-25.600000000000044
-25.600000000000044
-25.600000000000044
-25.600000000000044
-25.600000000000044
-25.600000000000044
-25.600000000000044
-25.600000000000044
-25.600000000000044
-25.600000000000044
-25.600000000000044
-25.600000000000044
-25.600000000000044
-25.600000000000044
-25.600000000000044
-25.600000000000044
-25.600000000000044
-25.600000000000044
-25.600000000000044
-25.600000000000044
-25.600000000000044
-25.600000000000044
-25.600000000000044
-25.600000000000044
-25.600000000000044
-25.600000000000044
-25.600000000000044
-25.600000000000044
-25.600000000000044
-25.600000000000044
-25.600000000000044
-25.600000000000044
-25.600000000000044
-25.600000000000044
-25.600000000000044
-25.600000000000044
-25.600000000000044
-25.600000000000044
-25.600000000000044
-25.600000000000044
-25.600000000000044
-25.600000000000044
-25.600000000000044
-25.600000000000044
-25.600000000000044
-25.600000000000044
-25.600000000000044
-25.600000000000044
-25.600000000000044
-25.600000000000044
-25.600000000000044
-25.600000000000044
-25.600000000000044
-25.600000000000044
-25.600000000000044
-25.600000000000044
-25.600000000000044
-25.600000000000044
-25.600000000000044
-25.600000000000044
-25.600000000000044
-25.600000000000044
-25.600000000000044
-25.600000000000044
-25.600000000000044
-25.600000000000044
-25.600000000000044
-25.600000000000044
-25.600000000000044
-25.600000000000044
-25.600000000000044
-25.600000000000044
-25.600000000000044
-25.600000000000044
-25.600000000000044
-25.600000000000044
-25.600000000000044
-25.600000000000044
-25.600000000000044
-25.600000000000044
-25.600000000000044
-25.600000000000044
-25.600000000000044
-25.600000000000044
-25.600000000000044
-25.600000000000044
-25.600000000000044
-25.600000000000044
-25.600000000000044
-25.600000000000044
-25.600000000000044
-25.600000000000044
-25.600000000000044
-25.600000000000044
-25.600000000000044
-25.600000000000044
-25.600000000000044
-25.600000000000044
-25.600000000000044
-25.600000000000044
-25.600000000000044
-25.600000000000044
-25.600000000000044
-25.600000000000044
-25.600000000000044
-25.600000000000044
-25.600000000000044
-25.600000000000044
-25.600000000000044
-25.600000000000044
-25.600000000000044
-25.600000000000044
-25.600000000000044
-25.600000000000044
-25.600000000000044
-25.600000000000044
-25.600000000000044
-25.600000000000044
-25.600000000000044
-25.600000000000044
-25.600000000000044
-25.600000000000044
-25.600000000000044
-25.600000000000044
-25.600000000000044
-25.600000000000044
-25.600000000000044
-25.600000000000044
-25.600000000000044
-25.600000000000044
-25.600000000000044
-25.600000000000044
-25.600000000000044
-25.600000000000044
-25.600000000000044
-25.600000000000044
-25.600000000000044
-25.600000000000044
-25.600000000000044
-25.600000000000044
-25.600000000000044
-25.600000000000044
-25.600000000000044
-25.600000000000044
-25.600000000000044
-25.600000000000044
-25.600000000000044
-25.600000000000044
-25.600000000000044
-25.600000000000044
-25.600000000000044
-25.600000000000044
-25.600000000000044
-25.600000000000044
-25.600000000000044
-25.600000000000044
-25.600000000000044
-25.600000000000044
-25.600000000000044
-25.600000000000044
-25.600000000000044
-25.600000000000044
-25.600000000000044
-25.600000000000044
-25.600000000000044
-25.600000000000044
-25.600000000000044
-25.600000000000044
-25.600000000000044
-25.600000000000044
-25.600000000000044
-25.600000000000044
-25.600000000000044
-25.600000000000044
-25.600000000000044
-25.600000000000044
-25.600000000000044
-25.600000000000044



The list of values average 

3.4912222222222127
6.70388888888888
2.5132222222222107
5.100666666666654
2.4386111111111006
4.3587222222222115
2.3478888888888787
3.4490555555555447
2.3563333333333234
2.8606111111111012
1.9984444444444345
2.5013333333333243
1.9509444444444348
2.254666666666657
1.7560555555555464
1.9130555555555462
1.377444444444436
1.5194999999999916
1.0694444444444358
1.091777777777769
0.8993888888888807
0.8124444444444356
0.687944444444436
0.5947777777777685
0.23966666666665837
0.215722222222214
0.03727777777776955
0.3012777777777695
0.00022222222221416482
0.04838888888888089
-0.23755555555556354
-0.1962777777777858
-0.3376111111111189
-0.17350000000000765
-0.5825000000000077
-0.6843333333333408
-0.9342222222222297
-0.8014444444444518
-0.9513888888888962
-1.0980000000000076
-0.9851666666666735
-1.1024444444444514
-0.9866111111111181
-1.6178888888888956
-1.5152222222222291
-1.7407777777777849
-1.8684444444444515
-1.764555555555563
-2.256000000000006
-2.0822777777777843
-2.2451666666666736
-2.4147777777777852
-2.496888888888895
-2.3932222222222297
-2.730222222222228
-2.909500000000009
-2.93422222222223
-3.639944444444451
-3.0492777777777844
-3.574777777777784
-3.323500000000006
-3.720333333333342
-3.430222222222228
-3.8208333333333395
-4.042222222222228
-3.9335000000000067
-4.391388888888894
-4.187944444444451
-4.322500000000007
-4.357611111111118
-4.474833333333339
-4.598611111111118
-4.926111111111118
-4.826888888888896
-4.722166666666672
-5.101111111111116
-5.257500000000005
-5.21794444444445
-5.62533333333334
-5.738722222222229
-5.627666666666674
-5.917055555555559
-5.9676111111111165
-6.215222222222228
-6.341666666666673
-6.466388888888895
-6.362500000000005
-6.805388888888896
-6.672333333333341
-6.794166666666674
-7.071500000000006
-7.12861111111112
-7.432555555555565
-7.578555555555561
-7.619444444444451
-7.805555555555562
-7.669833333333338
-8.175166666666673
-8.244277777777784
-8.399000000000008
-8.465388888888896
-8.911444444444447
-8.632111111111117
-9.057666666666671
-9.21550000000001
-9.724111111111117
-9.851777777777784
-10.014444444444447
-10.195055555555564
-10.50461111111112
-10.280000000000003
-10.592611111111122
-10.628333333333345
-11.045666666666676
-11.21266666666667
-11.675888888888892
-11.784388888888895
-12.156833333333342
-12.387388888888891
-12.691277777777785
-13.247555555555563
-13.578444444444449
-14.204444444444453
-14.494666666666673
-14.989222222222235
-15.40377777777779
-15.849388888888898
-16.074944444444455
-16.427666666666678
-16.746500000000008
-17.034555555555563
-17.512777777777792
-17.69116666666668
-17.947444444444457
-18.415833333333335
-18.704388888888893
-19.109944444444455
-19.479444444444454
-19.96733333333334
-20.472000000000012
-20.82355555555557
-20.996166666666678
-21.45094444444445
-21.60805555555557
-21.78072222222225
-22.17750000000002
-22.47061111111113
-22.665222222222237
-22.970333333333347
-23.0778888888889
-23.232722222222236
-23.335000000000022
-23.58883333333335
-23.729166666666675
-23.908277777777794
-23.972888888888903
-24.182388888888905
-24.295000000000012
-24.33283333333335
-24.476166666666682
-24.621333333333354
-24.668444444444464
-24.779444444444465
-24.891722222222242
-24.97200000000002
-25.037333333333354
-25.124888888888908
-25.176777777777797
-25.22211111111113
-25.223888888888908
-25.28700000000002
-25.30405555555558
-25.31266666666669
-25.311555555555575
-25.2812777777778
-25.330944444444466
-25.345277777777802
-25.389222222222244
-25.42600000000002
-25.441388888888913
-25.452666666666687
-25.478333333333357
-25.473333333333354
-25.487111111111133
-25.49511111111113
-25.51422222222224
-25.487055555555578
-25.50188888888891
-25.50511111111113
-25.51450000000002
-25.528388888888912
-25.52350000000002
-25.520888888888912
-25.517222222222244
-25.52000000000002
-25.52816666666669
-25.5352777777778
-25.549555555555578
-25.54350000000002
-25.532277777777797
-25.5422777777778
-25.546666666666688
-25.546222222222244
-25.547944444444465
-25.548444444444467
-25.558944444444467
-25.563611111111133
-25.559111111111132
-25.563500000000023
-25.561055555555576
-25.570555555555575
-25.571444444444467
-25.571944444444465
-25.569500000000023
-25.575722222222243
-25.57438888888891
-25.56261111111113
-25.56838888888891
-25.570166666666687
-25.566611111111133
-25.5692777777778
-25.568555555555577
-25.565000000000023
-25.56700000000002
-25.568944444444465
-25.5717777777778
-25.566444444444464
-25.571277777777798
-25.572500000000023
-25.5717777777778
-25.573722222222244
-25.57638888888891
-25.569833333333353
-25.56038888888891
-25.570166666666687
-25.566111111111134
-25.563722222222243
-25.571000000000023
-25.568944444444465
-25.56588888888891
-25.56938888888891
-25.566833333333356
-25.571055555555578
-25.5677777777778
-25.564722222222244
-25.563444444444468
-25.569666666666688
-25.571722222222242
-25.56688888888891
-25.564222222222245
-25.5747777777778
-25.572666666666688
-25.574055555555578
-25.567444444444465
-25.57300000000002
-25.560833333333356
-25.574666666666687
-25.57161111111113
-25.571277777777798
-25.57038888888891
-25.561055555555576
-25.564222222222245
-25.565166666666688
-25.56888888888891
-25.570166666666687
-25.573222222222242
-25.574611111111132
-25.569944444444467
-25.5717777777778
-25.56166666666669
-25.569611111111133
-25.559333333333356
-25.574944444444466
-25.5662777777778
-25.56338888888891
-25.562222222222243
-25.5767777777778
-25.563055555555575
-25.571833333333355
-25.564722222222244
-25.569666666666688
-25.576555555555576
-25.5722777777778
-25.573722222222244
-25.575333333333354
-25.5692777777778
-25.574444444444467
-25.575555555555578
-25.577277777777798
-25.574833333333356
-25.57500000000002
-25.57161111111113
-25.576055555555577
-25.571277777777798
-25.572833333333353
-25.574444444444467
-25.57188888888891
-25.561222222222245
-25.569833333333353
-25.57300000000002
-25.577277777777798
-25.572833333333353
-25.573055555555577
-25.577111111111133
-25.572444444444464
-25.57338888888891
-25.56838888888891
-25.57288888888891
-25.57516666666669
-25.576944444444464
-25.570166666666687
-25.571444444444467
-25.56700000000002
-25.572833333333353
-25.5737777777778
-25.569500000000023
-25.574444444444467
-25.572666666666688
-25.569611111111133
-25.570222222222245



The list of best values average 

-8.551000000000013
-7.50100000000001
-8.824000000000012
-8.58200000000001
-9.285000000000007
-8.772000000000011
-10.15300000000001
-9.515000000000015
-9.776000000000009
-10.160000000000009
-10.226000000000008
-9.69400000000001
-9.916000000000011
-10.130000000000011
-9.74600000000001
-10.097000000000008
-10.37100000000001
-10.45700000000001
-10.270000000000012
-10.959000000000009
-11.100000000000009
-11.05700000000001
-10.813000000000008
-11.02500000000001
-10.94500000000001
-11.276000000000007
-11.399000000000012
-11.07100000000001
-11.01200000000001
-11.670000000000009
-11.930000000000009
-11.82900000000001
-10.94100000000001
-11.359000000000007
-11.392000000000008
-12.157000000000009
-12.195000000000011
-12.214000000000006
-12.11700000000001
-12.294000000000011
-12.08600000000001
-12.600000000000009
-12.124000000000008
-12.772000000000016
-12.55100000000001
-12.772000000000013
-12.495000000000006
-13.03300000000001
-13.81700000000001
-13.30400000000001
-13.413000000000006
-13.315000000000008
-13.537000000000011
-13.45800000000001
-13.241000000000007
-14.199000000000009
-13.70600000000001
-14.15900000000001
-13.953000000000014
-14.161000000000012
-14.355000000000015
-14.379000000000012
-14.335000000000012
-14.47100000000001
-14.633000000000008
-13.984000000000016
-15.20700000000001
-15.458000000000013
-15.041000000000015
-15.146000000000011
-14.748000000000008
-15.286000000000017
-15.27200000000001
-15.080000000000013
-15.499000000000013
-15.251000000000012
-14.941000000000011
-15.884000000000013
-15.91500000000001
-16.19500000000001
-15.92000000000001
-15.859000000000012
-16.45800000000001
-16.321000000000012
-16.488000000000017
-16.33200000000001
-16.732000000000006
-16.689000000000014
-17.136000000000003
-16.811000000000014
-16.932000000000006
-17.06500000000001
-17.66800000000001
-17.393000000000015
-17.897000000000013
-17.72200000000001
-17.521000000000008
-18.275000000000016
-18.703000000000003
-18.55700000000001
-18.371000000000016
-18.768000000000015
-18.547000000000015
-19.130000000000013
-19.052
-19.42800000000002
-19.708000000000013
-19.847000000000016
-19.939000000000014
-20.198000000000018
-19.973000000000013
-20.58400000000001
-20.50400000000001
-20.692000000000014
-21.091000000000005
-21.315000000000015
-20.940000000000015
-21.242000000000004
-21.497000000000018
-21.885000000000016
-21.710000000000008
-22.308000000000018
-22.608000000000022
-22.912000000000017
-23.229000000000013
-23.156000000000024
-23.417000000000026
-23.65700000000002
-23.962000000000018
-23.87500000000003
-23.785000000000025
-24.045000000000023
-24.27500000000002
-24.298000000000027
-24.175000000000026
-24.34200000000001
-24.470000000000027
-24.560000000000016
-24.58600000000003
-24.71100000000003
-24.717000000000027
-24.874000000000027
-24.817000000000032
-25.040000000000028
-25.104000000000028
-25.18100000000003
-25.132000000000026
-25.162000000000027
-25.22600000000003
-25.296000000000028
-25.31200000000003
-25.293000000000028
-25.408000000000033
-25.325000000000028
-25.39200000000003
-25.376000000000033
-25.408000000000037
-25.440000000000033
-25.40800000000003
-25.44000000000003
-25.45600000000003
-25.45600000000004
-25.45600000000004
-25.47200000000003
-25.52000000000003
-25.520000000000035
-25.520000000000035
-25.552000000000035
-25.536000000000033
-25.536000000000033
-25.536000000000033
-25.536000000000033
-25.536000000000033
-25.52000000000003
-25.536000000000033
-25.52000000000003
-25.552000000000035
-25.568000000000033
-25.568000000000033
-25.568000000000033
-25.584000000000035
-25.584000000000035
-25.584000000000035
-25.584000000000035
-25.584000000000035
-25.584000000000035
-25.584000000000035
-25.584000000000035
-25.584000000000035
-25.584000000000035
-25.584000000000035
-25.584000000000035
-25.584000000000035
-25.584000000000035
-25.584000000000035
-25.584000000000035
-25.584000000000035
-25.584000000000035
-25.584000000000035
-25.584000000000035
-25.584000000000035
-25.584000000000035
-25.584000000000035
-25.584000000000035
-25.584000000000035
-25.584000000000035
-25.584000000000035
-25.584000000000035
-25.584000000000035
-25.584000000000035
-25.584000000000035
-25.584000000000035
-25.584000000000035
-25.584000000000035
-25.584000000000035
-25.584000000000035
-25.584000000000035
-25.584000000000035
-25.584000000000035
-25.584000000000035
-25.584000000000035
-25.584000000000035
-25.584000000000035
-25.584000000000035
-25.584000000000035
-25.584000000000035
-25.584000000000035
-25.584000000000035
-25.584000000000035
-25.584000000000035
-25.584000000000035
-25.584000000000035
-25.584000000000035
-25.584000000000035
-25.584000000000035
-25.584000000000035
-25.584000000000035
-25.584000000000035
-25.584000000000035
-25.584000000000035
-25.584000000000035
-25.584000000000035
-25.584000000000035
-25.584000000000035
-25.584000000000035
-25.584000000000035
-25.584000000000035
-25.584000000000035
-25.584000000000035
-25.584000000000035
-25.584000000000035
-25.584000000000035
-25.584000000000035
-25.584000000000035
-25.584000000000035
-25.584000000000035
-25.584000000000035
-25.584000000000035
-25.584000000000035
-25.584000000000035
-25.584000000000035
-25.584000000000035
-25.584000000000035
-25.584000000000035
-25.584000000000035
-25.584000000000035
-25.584000000000035
-25.584000000000035
-25.584000000000035
-25.584000000000035
-25.584000000000035
-25.584000000000035
-25.584000000000035
-25.584000000000035
-25.584000000000035
-25.584000000000035
-25.584000000000035
-25.584000000000035
-25.584000000000035
-25.584000000000035
-25.584000000000035
-25.584000000000035
-25.584000000000035
-25.584000000000035
-25.584000000000035
-25.584000000000035
-25.584000000000035
-25.584000000000035
-25.584000000000035
-25.584000000000035
-25.584000000000035
-25.584000000000035
-25.584000000000035
-25.584000000000035
-25.584000000000035
-25.584000000000035
-25.584000000000035
-25.584000000000035
-25.584000000000035
-25.584000000000035
-25.584000000000035
-25.584000000000035
-25.584000000000035
-25.584000000000035
-25.584000000000035
-25.584000000000035
-25.584000000000035
-25.584000000000035
-25.584000000000035
-25.584000000000035
-25.584000000000035
-25.584000000000035
-25.584000000000035
-25.584000000000035
-25.584000000000035
-25.584000000000035
-25.584000000000035
-25.584000000000035
-25.584000000000035
-25.584000000000035
