----------Report of simulation of Quantum Parallel Tempering - Population Annealing v2-----------
The number of considered Spin130
The considered Annealing Duration 520
The considered Annealing Number 100
The considered T 1.0
The considered Gamma0 1.0
The considered Number Of Replica 3
The considered Number Of System Tempering 3
The considered Number Of System Population 3
The solution found [-1 -1 -1 -1  1 -1 -1  1  1  1 -1  1 -1 -1 -1 -1  1  1 -1 -1 -1  1  1  1
 -1  1  1  1 -1  1 -1 -1  1 -1 -1  1 -1  1 -1  1  1  1  1  1  1 -1 -1 -1
  1  1 -1 -1 -1  1  1 -1  1  1  1  1 -1 -1 -1  1 -1 -1  1  1  1  1  1  1
  1  1  1 -1 -1  1  1 -1  1 -1  1  1  1  1 -1 -1  1  1  1 -1 -1 -1  1  1
  1 -1 -1  1  1  1  1 -1 -1  1  1  1  1 -1 -1 -1 -1 -1 -1 -1  1 -1 -1 -1
 -1  1 -1  1 -1 -1 -1 -1  1  1]
The value found 1.0
The Success probability is 0.01
The average value is 13258.6
The total execution time is 5482.883017301559
The average time for execution is 54.82882921218872
The average time for all systems update is 0.10535003026632163
The average time for system tempering update is 0.01768475337823232
The average time for system population update is 2707.519272327423
The average time for replica update is 0.005839677546778296
The average time for spin update is 4.466043335485427e-05
The list of values found 

441.0
35721.0
19321.0
81.0
441.0
7921.0
38809.0
225.0
625.0
30625.0
9.0
29241.0
729.0
225.0
1521.0
43681.0
7569.0
1225.0
1521.0
7569.0
5929.0
4489.0
27225.0
1.0
23409.0
72361.0
15129.0
1.0
7921.0
12769.0
121.0
13689.0
10609.0
81.0
7225.0
4489.0
5041.0
6241.0
9801.0
12321.0
529.0
85849.0
3721.0
81.0
2209.0
6561.0
39601.0
49.0
5041.0
16641.0
841.0
3969.0
30625.0
1.0
2809.0
1.0
2025.0
15129.0
66049.0
441.0
1.0
44521.0
4225.0
2809.0
21609.0
50625.0
84681.0
289.0
529.0
4761.0
15129.0
3969.0
169.0
35721.0
81.0
56169.0
1681.0
11449.0
13225.0
289.0
33489.0
4225.0
62001.0
1.0
9025.0
8281.0
625.0
64009.0
841.0
1681.0
121.0
121.0
1089.0
361.0
961.0
5625.0
17161.0
1.0
11025.0
4761.0



The list of values first execution 

5122848.555555556
1658422.3333333333
1614152.111111111
1614152.111111111
1614152.111111111
1614152.111111111
1614152.111111111
1614152.111111111
1614152.111111111
1614152.111111111
1614152.111111111
1614152.111111111
1614152.111111111
1614152.111111111
1614152.111111111
1614152.111111111
1614152.111111111
1614152.111111111
1614152.111111111
1614152.111111111
1614152.111111111
1614152.111111111
1614152.111111111
1614152.111111111
1614152.111111111
1614152.111111111
1614152.111111111
1614152.111111111
1614152.111111111
1614152.111111111
1614152.111111111
1614152.111111111
1614152.111111111
1614152.111111111
1614152.111111111
1614152.111111111
1614152.111111111
1614152.111111111
1614152.111111111
1614152.111111111
1614152.111111111
1614152.111111111
1614152.111111111
1614152.111111111
1614152.111111111
1614152.111111111
1614152.111111111
1614152.111111111
1614152.111111111
1614152.111111111
1614152.111111111
1614152.111111111
1614152.111111111
1614152.111111111
1614152.111111111
1614152.111111111
1614152.111111111
1868937.0
1614152.111111111
1614152.111111111
1614152.111111111
1614152.111111111
1614152.111111111
1614152.111111111
1614152.111111111
1614152.111111111
1614152.111111111
1614152.111111111
1614152.111111111
1614152.111111111
1614152.111111111
1614152.111111111
1614152.111111111
1614152.111111111
1614152.111111111
1614152.111111111
1614152.111111111
1614152.111111111
1614152.111111111
1614152.111111111
1614152.111111111
1614152.111111111
1741544.5555555555
1868937.0
1614152.111111111
1614152.111111111
1614152.111111111
1614152.111111111
1614152.111111111
1614152.111111111
1614152.111111111
1614152.111111111
1614152.111111111
1614152.111111111
1614152.111111111
1614152.111111111
1614152.111111111
1614152.111111111
1614152.111111111
1614152.111111111
1741544.5555555555
1614152.111111111
1614152.111111111
1614152.111111111
1614152.111111111
1614152.111111111
1614152.111111111
1614152.111111111
1614152.111111111
1614152.111111111
1614152.111111111
1614152.111111111
1614152.111111111
1614152.111111111
1614152.111111111
1614152.111111111
1614152.111111111
1614152.111111111
1614152.111111111
1614152.111111111
1614152.111111111
1614152.111111111
1614152.111111111
1614152.111111111
1614152.111111111
1614152.111111111
1614152.111111111
1614152.111111111
1614152.111111111
1614152.111111111
1614152.111111111
1614152.111111111
1614152.111111111
1614152.111111111
1614152.111111111
1614152.111111111
1614152.111111111
1614152.111111111
1741544.5555555555
1614152.111111111
1614152.111111111
1614152.111111111
1614152.111111111
1614152.111111111
1614152.111111111
1614152.111111111
1614152.111111111
1614152.111111111
1614152.111111111
1741544.5555555555
1614152.111111111
1614152.111111111
1614152.111111111
1614152.111111111
1614152.111111111
1614152.111111111
1614152.111111111
1614152.111111111
1614152.111111111
1614152.111111111
1614152.111111111
1614152.111111111
1614152.111111111
1614152.111111111
1614152.111111111
1614152.111111111
1614152.111111111
1614152.111111111
1614152.111111111
1614152.111111111
1614152.111111111
1614152.111111111
1614152.111111111
1614152.111111111
1614152.111111111
1614152.111111111
1614152.111111111
1614152.111111111
1614152.111111111
1614152.111111111
1614152.111111111
1614152.111111111
1614152.111111111
1614152.111111111
1614152.111111111
1614152.111111111
1614152.111111111
1614152.111111111
1614152.111111111
1614152.111111111
1614152.111111111
1614152.111111111
1614152.111111111
1614152.111111111
1614152.111111111
1614152.111111111
1614152.111111111
1614152.111111111
1614152.111111111
1614152.111111111
1614152.111111111
1614152.111111111
1614152.111111111
1614152.111111111
1614152.111111111
1614152.111111111
1614152.111111111
1614152.111111111
1614152.111111111
1614152.111111111
1614152.111111111
1614152.111111111
1741544.5555555555
1614152.111111111
1614152.111111111
1614152.111111111
1614152.111111111
1614152.111111111
1614152.111111111
1614152.111111111
1614152.111111111
1614152.111111111
1614152.111111111
1614152.111111111
1614152.111111111
1614152.111111111
1614152.111111111
1614152.111111111
1614152.111111111
1614152.111111111
1614152.111111111
1614152.111111111
1614152.111111111
1614152.111111111
1614152.111111111
1614152.111111111
1614152.111111111
1614152.111111111
1614152.111111111
1614152.111111111
1614152.111111111
1614152.111111111
1741544.5555555555
1614152.111111111
1614152.111111111
1614152.111111111
1614152.111111111
1614152.111111111
1614152.111111111
1614152.111111111
1614152.111111111
1614152.111111111
1614152.111111111
1614152.111111111
1614152.111111111
1614152.111111111
1614152.111111111
1614152.111111111
1614152.111111111
1614152.111111111
1614152.111111111
1614152.111111111
1614152.111111111
1614152.111111111
1614152.111111111
1614152.111111111
1614152.111111111
1614152.111111111
1614152.111111111
1614152.111111111
1614152.111111111
1614152.111111111
1614152.111111111
1614152.111111111
1614152.111111111
1614152.111111111
1614152.111111111
1614152.111111111
1614152.111111111
1614152.111111111
1614152.111111111
1614152.111111111
1614152.111111111
1614152.111111111
1614152.111111111
1614152.111111111
1614152.111111111
1614152.111111111
1614152.111111111
1614152.111111111
1614152.111111111
1614152.111111111
1614152.111111111
1614152.111111111
1614152.111111111
1614152.111111111
1614152.111111111
1614152.111111111
1614152.111111111
1614152.111111111
1614152.111111111
1614152.111111111
1614152.111111111
1614152.111111111
1614152.111111111
1614152.111111111
1614152.111111111
1614152.111111111
1614152.111111111
1614152.111111111
1614152.111111111
1614152.111111111
1614152.111111111
1614152.111111111
1614152.111111111
1614152.111111111
1614152.111111111
1614152.111111111
1614152.111111111
1614152.111111111
1614152.111111111
1614152.111111111
1614152.111111111
1614152.111111111
1614152.111111111
1614152.111111111
1614152.111111111
1614152.111111111
1741544.5555555555
1741544.5555555555
1614152.111111111
1614152.111111111
1614152.111111111
1614152.111111111
1614152.111111111
1741544.5555555555
1868937.0
1741544.5555555555
1614152.111111111
1614152.111111111
1614152.111111111
1614152.111111111
1614152.111111111
1614152.111111111
1614152.111111111
1614152.111111111
1741544.5555555555
1996329.4444444445
1996329.4444444445
1996329.4444444445
1996329.4444444445
1996329.4444444445
1996329.4444444445
1996329.4444444445
1996329.4444444445
1996329.4444444445
1996329.4444444445
1996329.4444444445
1996329.4444444445
1996329.4444444445
1996329.4444444445
1996329.4444444445
1996329.4444444445
1996329.4444444445
1996329.4444444445
1996329.4444444445
1996329.4444444445
1996329.4444444445
1996329.4444444445
1996329.4444444445
1996329.4444444445
1996329.4444444445
1996329.4444444445
1996329.4444444445
1996329.4444444445
1996329.4444444445
1996329.4444444445
1996329.4444444445
1996329.4444444445
1996329.4444444445
1996329.4444444445
1996329.4444444445
1996329.4444444445
1996329.4444444445
1996329.4444444445
1996329.4444444445
1996329.4444444445
1996329.4444444445
1996329.4444444445
1996329.4444444445
1996329.4444444445
1996329.4444444445
1996329.4444444445
1996329.4444444445
1996329.4444444445
1996329.4444444445
1996329.4444444445
1996329.4444444445
1996329.4444444445
1996329.4444444445
1996329.4444444445
1996329.4444444445
1996329.4444444445
1996329.4444444445
1996329.4444444445
1996329.4444444445
1996329.4444444445
1996329.4444444445
1996329.4444444445
1996329.4444444445
1996329.4444444445
1996329.4444444445
1996329.4444444445
1996329.4444444445
1996329.4444444445
1996329.4444444445
1996329.4444444445
1996329.4444444445
1996329.4444444445
1996329.4444444445
1996329.4444444445
1996329.4444444445
1996329.4444444445
1996329.4444444445
1996329.4444444445
1996329.4444444445
1996329.4444444445
1996329.4444444445
1996329.4444444445
1996329.4444444445
1996329.4444444445
1996329.4444444445
1996329.4444444445
1996329.4444444445
1996329.4444444445
1996329.4444444445
1996329.4444444445
1996329.4444444445
1996329.4444444445
1996329.4444444445
1996329.4444444445
1996329.4444444445
1996329.4444444445
1996329.4444444445
1996329.4444444445
1996329.4444444445
1996329.4444444445
1996329.4444444445
1996329.4444444445
1996329.4444444445
1996329.4444444445
1996329.4444444445
1996329.4444444445
1996329.4444444445
1996329.4444444445
1996329.4444444445
1996329.4444444445
1996329.4444444445
1996329.4444444445
1996329.4444444445
1996329.4444444445
1996329.4444444445
1996329.4444444445
1996329.4444444445
1996329.4444444445
1996329.4444444445
1996329.4444444445
1996329.4444444445
1996329.4444444445
1996329.4444444445
1996329.4444444445
1996329.4444444445
1996329.4444444445
1996329.4444444445
1996329.4444444445
1996329.4444444445
1996329.4444444445
1996329.4444444445
1996329.4444444445
1996329.4444444445
1996329.4444444445
1996329.4444444445
1996329.4444444445
1996329.4444444445
1996329.4444444445
1996329.4444444445
1996329.4444444445
1996329.4444444445
1996329.4444444445
1996329.4444444445
1996329.4444444445
1996329.4444444445
1996329.4444444445
1996329.4444444445
1996329.4444444445
1996329.4444444445
1996329.4444444445
1996329.4444444445
1996329.4444444445
1996329.4444444445
1996329.4444444445
1996329.4444444445
1996329.4444444445
1996329.4444444445
1996329.4444444445
1996329.4444444445
1996329.4444444445
1996329.4444444445
1996329.4444444445
1996329.4444444445
1996329.4444444445
1996329.4444444445
1996329.4444444445
1996329.4444444445
1996329.4444444445
1996329.4444444445
1996329.4444444445
1996329.4444444445
1996329.4444444445
1996329.4444444445



The list of best values first execution 

441.0
441.0
441.0
441.0
441.0
441.0
441.0
441.0
441.0
441.0
441.0
441.0
441.0
441.0
441.0
441.0
441.0
441.0
441.0
441.0
441.0
441.0
441.0
441.0
441.0
441.0
441.0
441.0
441.0
441.0
441.0
441.0
441.0
441.0
441.0
441.0
441.0
441.0
441.0
441.0
441.0
441.0
441.0
441.0
441.0
441.0
441.0
441.0
441.0
441.0
441.0
441.0
441.0
441.0
441.0
441.0
441.0
441.0
441.0
441.0
441.0
441.0
441.0
441.0
441.0
441.0
441.0
441.0
441.0
441.0
441.0
441.0
441.0
441.0
441.0
441.0
441.0
441.0
441.0
441.0
441.0
441.0
441.0
441.0
441.0
441.0
441.0
441.0
441.0
441.0
441.0
441.0
441.0
441.0
441.0
441.0
441.0
441.0
441.0
441.0
441.0
441.0
441.0
441.0
441.0
441.0
441.0
441.0
441.0
441.0
441.0
441.0
441.0
441.0
441.0
441.0
441.0
441.0
441.0
441.0
441.0
441.0
441.0
441.0
441.0
441.0
441.0
441.0
441.0
441.0
441.0
441.0
441.0
441.0
441.0
441.0
441.0
441.0
441.0
441.0
441.0
441.0
441.0
441.0
441.0
441.0
441.0
441.0
441.0
441.0
441.0
441.0
441.0
441.0
441.0
441.0
441.0
441.0
441.0
441.0
441.0
441.0
441.0
441.0
441.0
441.0
441.0
441.0
441.0
441.0
441.0
441.0
441.0
441.0
441.0
441.0
441.0
441.0
441.0
441.0
441.0
441.0
441.0
441.0
441.0
441.0
441.0
441.0
441.0
441.0
441.0
441.0
441.0
441.0
441.0
441.0
441.0
441.0
441.0
441.0
441.0
441.0
441.0
441.0
441.0
441.0
441.0
441.0
441.0
441.0
441.0
441.0
441.0
441.0
441.0
441.0
441.0
441.0
441.0
441.0
441.0
441.0
441.0
441.0
441.0
441.0
441.0
441.0
441.0
441.0
441.0
441.0
441.0
441.0
441.0
441.0
441.0
441.0
441.0
441.0
441.0
441.0
441.0
441.0
441.0
441.0
441.0
441.0
441.0
441.0
441.0
441.0
441.0
441.0
441.0
441.0
441.0
441.0
441.0
441.0
441.0
441.0
441.0
441.0
441.0
441.0
441.0
441.0
441.0
441.0
441.0
441.0
441.0
441.0
441.0
441.0
441.0
441.0
441.0
441.0
441.0
441.0
441.0
441.0
441.0
441.0
441.0
441.0
441.0
441.0
441.0
441.0
441.0
441.0
441.0
441.0
441.0
441.0
441.0
441.0
441.0
441.0
441.0
441.0
441.0
441.0
441.0
441.0
441.0
441.0
441.0
441.0
441.0
441.0
441.0
441.0
441.0
441.0
441.0
441.0
441.0
441.0
441.0
441.0
441.0
441.0
441.0
441.0
441.0
441.0
441.0
441.0
441.0
441.0
441.0
441.0
441.0
441.0
441.0
441.0
441.0
441.0
441.0
441.0
441.0
441.0
441.0
441.0
441.0
441.0
441.0
441.0
441.0
441.0
441.0
441.0
441.0
441.0
441.0
441.0
441.0
441.0
441.0
441.0
441.0
441.0
441.0
441.0
441.0
441.0
441.0
441.0
441.0
441.0
441.0
441.0
441.0
441.0
441.0
441.0
441.0
441.0
441.0
441.0
441.0
441.0
441.0
441.0
441.0
441.0
441.0
441.0
441.0
441.0
441.0
441.0
441.0
441.0
441.0
441.0
441.0
441.0
441.0
441.0
441.0
441.0
441.0
441.0
441.0
441.0
441.0
441.0
441.0
441.0
441.0
441.0
441.0
441.0
441.0
441.0
441.0
441.0
441.0
441.0
441.0
441.0
441.0
441.0
441.0
441.0
441.0
441.0
441.0
441.0
441.0
441.0
441.0
441.0
441.0
441.0
441.0
441.0
441.0
441.0
441.0
441.0
441.0
441.0
441.0
441.0
441.0
441.0
441.0
441.0
441.0
441.0
441.0
441.0
441.0
441.0
441.0
441.0
441.0
441.0
441.0
441.0
441.0
441.0
441.0
441.0
441.0
441.0
441.0
441.0
441.0
441.0
441.0
441.0
441.0
441.0
441.0
441.0
441.0
441.0
441.0
441.0
441.0
441.0
441.0
441.0
441.0
441.0
441.0
441.0
441.0
441.0
441.0
441.0
441.0
441.0
441.0
441.0
441.0
441.0
441.0
441.0
441.0
441.0
441.0
441.0
441.0
441.0
441.0
441.0
441.0
441.0
441.0
441.0
441.0
441.0



The list of values average 

3977717.435555554
1635337.9644444447
1732524.3555555558
1709166.6355555558
1677202.3866666667
1605605.6800000004
1638103.6800000002
1632420.9644444447
1606578.2222222225
1609694.8000000003
1667113.8711111115
1639294.986666667
1662791.1866666668
1653557.4577777782
1650285.297777778
1643319.995555556
1641702.533333334
1629667.5955555555
1636279.4400000004
1621173.0933333335
1658303.4977777782
1698571.426666667
1670909.7600000002
1699252.106666667
1693169.124444445
1687976.4133333336
1676711.6222222226
1676844.8000000003
1620486.1422222224
1619527.4444444445
1619918.0088888886
1631561.537777778
1634183.288888889
1603727.1422222226
1600008.7022222227
1615766.5155555557
1620279.5955555558
1620373.6044444444
1621632.666666667
1618221.3733333335
1611669.7022222225
1625962.4177777779
1637761.0844444446
1597719.8
1611219.6800000002
1605360.5111111114
1608489.1466666667
1612550.1066666667
1630825.2844444446
1616199.9733333334
1618774.8044444446
1619444.6755555556
1612900.5422222223
1618389.8177777783
1628322.8488888894
1616794.235555556
1627246.208888889
1628542.2222222225
1620582.1733333333
1616143.9955555554
1621847.1333333335
1612317.191111111
1615527.048888889
1595028.9822222225
1615106.2400000002
1608674.1955555559
1600639.7466666666
1585257.6400000001
1600143.608888889
1590854.5866666667
1589737.4666666666
1598610.24
1585053.5066666664
1583084.5644444441
1584156.8755555553
1603296.4355555554
1593144.5955555555
1592139.88
1591133.684444444
1613169.391111111
1697883.8622222224
1673896.3911111113
1673223.4800000002
1678687.2800000003
1669265.875555556
1671035.5688888892
1677002.4622222225
1685585.9422222227
1663359.248888889
1651402.7511111114
1640362.9600000004
1632412.595555556
1622156.035555556
1621554.6222222226
1630100.5688888892
1620122.4800000004
1636069.2622222225
1604121.315555556
1605579.3466666671
1574010.9777777777
1589567.0000000002
1570575.8622222221
1580156.4266666668
1592513.4000000001
1586887.6844444443
1571503.1555555556
1570896.288888889
1570142.0044444446
1569004.0799999998
1571000.475555556
1558531.6400000004
1562112.6488888895
1566176.4266666672
1559994.4088888892
1557427.5600000008
1563086.8044444448
1563086.8044444448
1564163.1911111115
1571608.8666666672
1578820.8888888892
1559711.1422222226
1569161.8355555558
1563948.6400000004
1583163.6622222227
1569899.7822222225
1557285.5911111112
1562415.6977777781
1553171.7422222223
1551050.968888889
1563190.4222222224
1568365.7866666669
1585648.9644444447
1562055.4666666673
1563249.1111111115
1568262.7422222227
1553754.1733333338
1565614.9333333338
1566654.764444445
1566306.8000000005
1574469.7511111116
1568710.7822222228
1568632.4577777782
1571355.9422222225
1570707.5288888894
1570922.9600000004
1566226.7200000004
1581519.9688888895
1587127.9733333339
1571598.5511111117
1569876.2222222227
1566828.8800000004
1592346.8266666671
1572377.7733333337
1569905.075555556
1572539.466666667
1567859.595555556
1565425.333333334
1561784.564444445
1569254.3866666672
1582077.0844444453
1597319.9288888895
1589114.0800000005
1571076.6355555563
1579385.702222223
1572989.2977777785
1571433.182222223
1569570.924444445
1552219.8711111115
1575845.093333334
1578038.3377777785
1576713.7911111116
1578629.3911111115
1571290.6888888895
1575705.542222223
1579505.413333334
1597732.871111112
1585163.6800000009
1582414.142222223
1582196.6755555563
1593577.822222223
1591248.6577777783
1583083.0977777785
1591853.2844444455
1594477.5866666674
1586725.2577777787
1584217.7244444452
1584230.4355555563
1600870.3688888897
1597963.3200000008
1584230.4355555563
1585773.2266666675
1572678.5733333342
1586071.2444444452
1598163.453333334
1612699.804444445
1625552.022222223
1605921.3422222228
1588605.5244444453
1602538.1377777783
1583705.9377777788
1593451.7200000007
1587507.0888888896
1576037.7288888895
1573690.0355555562
1585612.711111112
1580077.8222222228
1575105.9955555564
1592522.071111112
1596227.6088888897
1603124.5511111119
1599809.0755555565
1601216.3911111122
1596573.9911111123
1597555.3288888899
1595288.871111112
1612004.702222223
1613066.2044444452
1610799.7466666675
1597031.0355555564
1583224.7955555564
1581557.7022222232
1583791.4355555563
1625247.7644444453
1624332.8177777787
1624332.8177777787
1619973.2266666675
1622039.342222223
1616508.6844444454
1617383.231111112
1616508.6844444454
1617743.431111112
1625515.311111112
1648394.222222223
1650028.8755555563
1636415.0933333342
1646507.0977777785
1660319.5777777787
1656958.5511111119
1665653.9511111116
1649981.7200000004
1650945.173333334
1653718.7911111119
1643622.204444445
1652643.524444445
1652200.4311111118
1652200.4311111118
1652213.1422222229
1659504.9777777784
1648609.8222222226
1648021.7066666672
1649934.3688888894
1653718.7911111119
1669145.2622222225
1670542.0755555562
1648829.1466666672
1652787.7955555562
1673239.5644444453
1676124.9244444452
1653651.7377777786
1652504.4000000008
1653070.6977777786
1651948.7822222228
1655434.5155555564
1652756.8666666672
1665006.9022222229
1650431.924444445
1651354.8844444451
1641782.8222222226
1648376.3822222226
1658904.0844444453
1664186.1200000003
1662961.8044444448
1669691.244444445
1675023.9822222227
1672745.2088888893
1675011.2711111116
1668262.7422222227
1668250.0311111116
1653241.6933333336
1663848.9688888893
1668250.0311111116
1669484.7777777782
1668262.7422222227
1668250.0311111116
1668250.0311111116
1669083.5377777782
1668250.0311111116
1671386.9644444447
1696738.1333333338
1698074.715555556
1699572.8266666674
1694516.6933333338
1719256.124444445
1713120.6266666674
1699876.2088888895
1699863.4977777784
1695331.373333334
1693269.9377777784
1690991.164444445
1714501.7511111118
1699876.2088888895
1699143.3822222226
1699658.7422222227
1699671.4533333338
1699863.4977777784
1699863.4977777784
1689236.155555556
1699863.4977777784
1699863.4977777784
1696474.3600000006
1696368.635555556
1698148.3111111117
1700736.9733333339
1700293.8800000006
1699863.4977777784
1713133.3377777785
1713551.0088888896
1700293.8800000006
1700306.5911111117
1705938.5288888894
1731462.2711111119
1699876.2088888895
1699863.4977777784
1699863.4977777784
1700736.9733333339
1700622.8533333337
1726791.7066666672
1713133.3377777785
1701137.422222223
1701137.422222223
1699876.2088888895
1707287.8222222226
1705938.5288888894
1699876.2088888895
1702901.013333334
1704174.9377777784
1709880.2133333338
1706937.1866666672
1700320.3511111117
1704449.964444445
1704006.8711111117
1704006.8711111117
1704019.5822222228
1703802.115555556
1704006.8711111117
1704019.5822222228
1705280.7955555562
1710866.1600000006
1707841.3555555562
1708649.4400000006
1708649.4400000006
1708662.1511111117
1707828.6444444451
1708259.0266666673
1708271.7377777784
1704142.1244444451
1716999.4666666673
1717012.1777777784
1707828.6444444451
1707179.6400000006
1707841.3555555562
1698140.333333334
1707828.6444444451
1707841.3555555562
1707828.6444444451
1720036.9822222227
1711650.3244444449
1698084.0000000005
1695030.053333334
1701235.084444445
1707828.6444444451
1707828.6444444451
1694628.813333334
1707828.6444444451
1735341.1111111115
1735353.8222222226
1733075.0488888891
1735341.1111111115
1735353.8222222226
1735341.1111111115
1732990.0711111114
1734838.4622222227
1735755.0622222226
1735341.1111111115
1735353.8222222226
1735341.1111111115
1736161.906666667
1735353.8222222226
1734931.6000000003
1728120.5733333337
1734739.5555555557
1734726.8444444446
1734726.8444444446
1734739.5555555557
1734211.4844444448
1733025.9200000002
1731337.7066666668
1734726.8444444446
1734726.8444444446
1733038.6311111113
1733025.9200000002
1734726.8444444446
1732473.4933333334
1724086.7911111116
1724086.7911111116
1732466.986666667
1719587.5600000003
1718766.7644444448
1719600.2711111114
1718766.7644444448
1718766.7644444448
1720128.768888889
1721465.3511111115
1716953.3955555558
1715092.9555555559
1718766.7644444448
1718766.7644444448
1719193.426666667
1712160.4933333336
1713554.3733333335
1698960.6622222224
1696681.888888889
1708518.5600000003
1695274.1422222224
1698947.9511111113
1699792.2844444446
1700235.3777777778
1699792.2844444446
1699808.7155555557
1700251.8088888892
1700239.097777778
1700239.097777778
1700251.8088888892
1700239.097777778
1697973.0355555557
1693141.5911111112
1695706.9733333336
1694286.5155555557
1701072.6044444446
1699723.7377777782
1700239.097777778
1700251.8088888892
1700239.097777778
1700239.097777778
1700251.8088888892
1698693.0177777782
1698693.0177777782
1689017.417777778
1684160.5511111114
1684160.5511111114
1684173.2622222225
1679628.426666667
1681894.488888889
1684173.2622222225
1684160.5511111114
1684160.5511111114
1684173.2622222225
1684160.5511111114
1684160.5511111114
1684173.2622222225
1684160.5511111114
1697417.6800000004
1697430.3911111115
1684160.5511111114
1684160.5511111114
1684173.2622222225
1693273.097777778
1694622.3911111113
1693285.8088888892
1693273.097777778
1691572.1733333336
1702789.457777778
1689519.6177777778
1688170.3244444446
1688183.0355555557
1685904.2622222223
1688170.3244444446
1688183.0355555557
1689519.6177777778
1688170.3244444446
1688183.0355555557
1701427.4533333336
1701427.4533333336
1689003.8311111112
1688170.3244444446
1688170.3244444446
1688183.0355555557
1688170.3244444446
1688170.3244444446
1688183.0355555557
1688584.2755555557
1688170.3244444446
1688183.0355555557
1688170.3244444446
1688170.3244444446
1688183.0355555557
1688170.3244444446
1688170.3244444446
1688183.0355555557
1688998.2266666668
1683020.8355555555
1681384.848888889
1681372.1377777779
1681372.1377777779
1681384.848888889
1681372.1377777779
1681372.1377777779
1681384.848888889
1681372.1377777779
1681372.1377777779
1682205.6444444444
1682192.9333333333
1681372.1377777779
1681384.848888889
1681372.1377777779
1681372.1377777779
1681384.848888889
1681372.1377777779
1681372.1377777779
1681384.848888889



The list of best values average 

18859.96
20454.28
21651.16
21810.2
21810.2
21810.2
21810.2
21810.2
21810.2
21810.2
21810.2
21810.2
21810.2
21810.2
21810.2
21820.2
21820.2
21975.24
21975.24
21975.24
21975.24
21975.24
22623.960000000003
22623.960000000003
22623.960000000003
22623.960000000003
22623.960000000003
22623.960000000003
22623.960000000003
25344.52
25344.52
25344.52
25344.52
25344.52
25344.52
25344.52
25344.52
25344.52
25645.56
25645.56
25645.56
25645.56
25645.56
25645.56
25645.56
25645.56
25645.56
25645.56
25645.56
25645.56
25645.56
25645.56
25645.56
25645.56
25645.56
25645.56
25869.16
25869.16
25869.16
25869.16
25869.16
25872.76
25872.76
25872.76
25872.76
25872.76
25872.76
25872.76
25872.76
25872.76
25872.76
25872.76
25872.76
25872.76
25872.76
25872.76
25872.76
25872.76
25872.76
25872.76
26067.32
26067.32
26067.32
27008.999999999996
27008.999999999996
27008.999999999996
27008.999999999996
27008.999999999996
28096.199999999997
28096.199999999997
28418.519999999997
28418.519999999997
28418.519999999997
28418.519999999997
28418.519999999997
28418.519999999997
28418.519999999997
28418.519999999997
28418.519999999997
28418.519999999997
28418.519999999997
28418.519999999997
28418.519999999997
28418.519999999997
28418.519999999997
28418.519999999997
28418.519999999997
28418.519999999997
28418.519999999997
28418.519999999997
28418.519999999997
28418.519999999997
28418.519999999997
28418.519999999997
28418.519999999997
28418.519999999997
28418.519999999997
28418.519999999997
28418.519999999997
28418.519999999997
28418.519999999997
28418.519999999997
28418.519999999997
28418.519999999997
28418.519999999997
28418.519999999997
28418.519999999997
28418.519999999997
28418.519999999997
28418.519999999997
28418.519999999997
28418.519999999997
28418.519999999997
28418.519999999997
28418.519999999997
28418.519999999997
28418.519999999997
28418.519999999997
28418.519999999997
28418.519999999997
28418.519999999997
28418.519999999997
28418.519999999997
28418.519999999997
28418.519999999997
28418.519999999997
28418.519999999997
28418.519999999997
28418.519999999997
28418.519999999997
28418.519999999997
28418.519999999997
28418.519999999997
28418.519999999997
28418.519999999997
28418.519999999997
28418.519999999997
28418.519999999997
28418.519999999997
29299.399999999998
29299.399999999998
29299.399999999998
29299.399999999998
29299.399999999998
29299.399999999998
29299.399999999998
29299.399999999998
29299.399999999998
29299.399999999998
29299.399999999998
29299.399999999998
29299.399999999998
29299.399999999998
29299.399999999998
29299.399999999998
31727.239999999998
31727.239999999998
31727.239999999998
31727.239999999998
31727.239999999998
31727.239999999998
31727.239999999998
31727.239999999998
31727.239999999998
31727.239999999998
31727.239999999998
31727.239999999998
31727.239999999998
31727.239999999998
31727.239999999998
31727.239999999998
31727.239999999998
31727.239999999998
31727.239999999998
31727.239999999998
31727.239999999998
31727.239999999998
31727.239999999998
31727.239999999998
31727.239999999998
31727.239999999998
31727.239999999998
31822.999999999996
31822.999999999996
31822.999999999996
33183.799999999996
33183.799999999996
33199.88
33199.88
33199.88
33199.88
33199.88
33199.88
33199.88
33199.88
33199.88
33199.88
33199.88
33199.88
33199.88
33422.6
33422.6
33422.6
33422.6
33422.6
33422.6
33422.6
33545.560000000005
33545.560000000005
33545.560000000005
33545.560000000005
33545.560000000005
34089.880000000005
37419.159999999996
37419.159999999996
37419.159999999996
37419.159999999996
37419.159999999996
37419.159999999996
37980.759999999995
37980.759999999995
37980.759999999995
37980.759999999995
37980.759999999995
37980.759999999995
37980.759999999995
37980.759999999995
37980.759999999995
37980.759999999995
37980.759999999995
37980.759999999995
37980.759999999995
37980.759999999995
37980.759999999995
37980.759999999995
37980.759999999995
38001.159999999996
38001.159999999996
38001.159999999996
38001.159999999996
38001.159999999996
38001.159999999996
38001.159999999996
38001.159999999996
38001.159999999996
38001.159999999996
38001.159999999996
38001.159999999996
38001.159999999996
38001.159999999996
38023.24
38023.24
38023.24
38023.24
38023.24
38023.24
38023.24
38023.24
38023.24
38023.24
38023.24
38023.24
38023.24
38023.24
38023.24
38023.24
38023.24
38023.24
38023.24
38023.24
38023.24
38023.24
38023.24
38023.24
38023.24
38023.24
38023.24
38023.24
38023.24
38023.24
38023.24
38023.24
38023.24
38023.24
38023.24
38023.24
38023.24
38023.24
38023.24
38023.24
38023.24
38023.24
38023.24
38023.24
38023.24
38023.24
38023.24
38023.24
38023.24
38023.24
38023.24
38023.24
38023.24
38023.24
38023.24
38023.24
38023.24
38023.24
38023.24
38023.24
38023.24
38023.24
38023.24
38023.24
38023.24
38023.24
38023.24
38023.24
38023.24
38023.24
38023.24
38023.24
38023.24
38023.24
38023.24
38023.24
38023.24
38023.24
38023.24
38023.24
38023.24
38023.24
38023.24
38023.24
38023.24
38023.24
38023.24
38023.24
38023.24
38023.24
38023.24
38023.24
38023.24
38023.24
38023.24
38023.24
38023.24
38023.24
38023.24
38023.24
38023.24
38023.24
38023.24
38023.24
38023.24
38023.24
38023.24
38023.24
38023.24
38023.24
38023.24
38023.24
38023.24
38023.24
38023.24
38023.24
38023.24
38023.24
38023.24
38023.24
38023.24
38023.24
38023.24
38023.24
38023.24
38023.24
38023.24
38023.24
38023.24
38023.24
38023.24
38023.24
38023.24
38023.24
38023.24
38023.24
38023.24
38023.24
38023.24
38023.24
38023.24
38023.24
38023.24
38023.24
38023.24
38023.24
38023.24
38023.24
38023.24
38814.439999999995
38814.439999999995
38814.439999999995
38814.439999999995
38814.439999999995
38814.439999999995
38814.439999999995
38814.439999999995
38814.439999999995
38814.439999999995
39194.03999999999
39194.03999999999
39194.03999999999
39194.03999999999
39194.03999999999
39194.03999999999
39194.03999999999
39194.03999999999
39194.03999999999
39194.03999999999
39194.03999999999
39194.03999999999
39194.03999999999
39194.03999999999
39194.03999999999
39194.03999999999
39194.03999999999
39194.03999999999
39194.03999999999
39194.03999999999
39194.03999999999
39194.03999999999
39194.03999999999
39194.03999999999
39194.03999999999
39194.03999999999
39194.03999999999
39194.03999999999
39194.03999999999
39194.03999999999
39194.03999999999
39194.03999999999
39194.03999999999
39194.03999999999
39194.03999999999
39194.03999999999
39194.03999999999
39194.03999999999
39194.03999999999
39194.03999999999
39194.03999999999
39194.03999999999
39194.03999999999
39194.03999999999
39194.03999999999
39194.03999999999
39194.03999999999
39194.03999999999
39194.03999999999
39194.03999999999
39194.03999999999
39194.03999999999
39194.03999999999
39194.03999999999
39194.03999999999
39194.03999999999
39194.03999999999
39194.03999999999
39194.03999999999
39194.03999999999
39194.03999999999
39194.03999999999
39194.03999999999
39194.03999999999
39194.03999999999
39194.03999999999
39194.03999999999
39194.03999999999
39194.03999999999
39194.03999999999
39194.03999999999
39194.03999999999
39194.03999999999
39194.03999999999
39194.03999999999
39194.03999999999
39194.03999999999
39194.03999999999
39194.03999999999
39194.03999999999
39194.03999999999
39194.03999999999
39194.03999999999
39194.03999999999
39194.03999999999
39194.03999999999
39194.03999999999
39194.03999999999
39194.03999999999
39194.03999999999
39194.03999999999
