----------Report of simulation of Quantum Parallel Tempering - Population Annealing v2-----------
The number of considered Spin220
The considered Annealing Duration 880
The considered Annealing Number 100
The considered T 1.0
The considered Gamma0 1.0
The considered Number Of Replica 3
The considered Number Of System Tempering 3
The considered Number Of System Population 3
The solution found [-1. -1. -1. -1. -1. -1. -1. -1. -1. -1. -1. -1.  1. -1. -1.  1. -1.  1.
 -1.  1.  1. -1.  1.  1. -1.  1.  1. -1. -1. -1. -1.  1.  1.  1.  1.  1.
 -1.  1.  1. -1. -1. -1.  1. -1.  1.  1.  1.  1.  1.  1. -1. -1.  1.  1.
 -1.  1.  1.  1.  1. -1.  1.  1. -1.  1. -1. -1. -1.  1. -1. -1. -1.  1.
  1.  1.  1.  1. -1.  1.  1.  1. -1.  1.  1. -1.  1.  1.  1. -1.  1.  1.
 -1. -1. -1.  1.  1. -1. -1.  1. -1. -1. -1. -1.  1. -1.  1. -1.  1. -1.
 -1. -1. -1. -1. -1. -1.  1.  1.  1. -1.  1. -1.  1.  1. -1.  1. -1. -1.
 -1.  1. -1.  1.  1. -1. -1. -1.  1. -1. -1. -1. -1. -1.  1. -1.  1. -1.
 -1.  1. -1.  1. -1.  1. -1.  1.  1. -1. -1.  1.  1. -1. -1.  1. -1.  1.
  1.  1. -1. -1. -1.  1.  1.  1.  1.  1. -1. -1. -1. -1.  1.  1. -1.  1.
  1. -1.  1. -1.  1.  1.  1.  1.  1. -1. -1.  1. -1.  1.  1. -1. -1.  1.
 -1. -1. -1.  1.  1.  1.  1. -1. -1.  1.  1.  1.  1. -1. -1.  1.  1. -1.
 -1. -1. -1.  1.]
The value found 0.0
The Success probability is 0.01
The average value is 3616.68
The total execution time is 25727.392703533173
The average time for execution is 257.27392582654954
The average time for all systems update is 0.29227779134566134
The average time for system tempering update is 0.049025990043625685
The average time for system population update is 12755.386017799377
The average time for replica update is 0.016223162106492304
The average time for spin update is 7.348385267130708e-05
The list of values found 

784.0
1444.0
324.0
3600.0
144.0
324.0
196.0
3844.0
6400.0
2916.0
400.0
324.0
8100.0
100.0
1296.0
2916.0
784.0
2704.0
676.0
2704.0
7056.0
1444.0
400.0
11236.0
11236.0
1444.0
100.0
64.0
144.0
3136.0
4900.0
324.0
3136.0
0.0
17956.0
676.0
4.0
1600.0
196.0
576.0
484.0
5184.0
4.0
2116.0
400.0
64.0
11236.0
64.0
4356.0
1156.0
10404.0
10404.0
256.0
2116.0
16.0
3600.0
4096.0
900.0
3136.0
36.0
2304.0
12996.0
400.0
400.0
2704.0
11664.0
10000.0
33856.0
21316.0
11664.0
9604.0
4356.0
144.0
36.0
100.0
576.0
100.0
4624.0
2116.0
784.0
16.0
100.0
4.0
4.0
1296.0
324.0
144.0
1764.0
1600.0
144.0
256.0
6400.0
7744.0
1444.0
19600.0
676.0
256.0
17424.0
7056.0
36.0



The list of values first execution 

1842247.5555555555
1225942.4444444445
1429969.7777777778
1429969.7777777778
1429969.7777777778
1429969.7777777778
1429969.7777777778
1429969.7777777778
1429969.7777777778
1429969.7777777778
1429969.7777777778
1429969.7777777778
1429969.7777777778
1429969.7777777778
1429969.7777777778
1429969.7777777778
1429969.7777777778
1429969.7777777778
1429969.7777777778
1429969.7777777778
1429969.7777777778
1429969.7777777778
1429969.7777777778
1429969.7777777778
1429969.7777777778
1429969.7777777778
1429969.7777777778
1429969.7777777778
1429969.7777777778
1429969.7777777778
1429969.7777777778
1429969.7777777778
1429969.7777777778
1429969.7777777778
1429969.7777777778
1429969.7777777778
1429969.7777777778
1429969.7777777778
1429969.7777777778
1429969.7777777778
1429969.7777777778
1429969.7777777778
1429969.7777777778
1429969.7777777778
1429969.7777777778
1279657.111111111
1429969.7777777778
1429969.7777777778
1429969.7777777778
1429969.7777777778
1429969.7777777778
1429969.7777777778
1429969.7777777778
1429969.7777777778
1429969.7777777778
1429969.7777777778
1429969.7777777778
1429969.7777777778
1429969.7777777778
1429969.7777777778
1429969.7777777778
1429969.7777777778
1429969.7777777778
1429969.7777777778
1129344.4444444445
1429969.7777777778
1429969.7777777778
1429969.7777777778
1429969.7777777778
1429969.7777777778
1429969.7777777778
1429969.7777777778
1429969.7777777778
1429969.7777777778
1429969.7777777778
1429969.7777777778
1429969.7777777778
1429969.7777777778
1429969.7777777778
1429969.7777777778
1429969.7777777778
1429969.7777777778
1429969.7777777778
1429969.7777777778
1429969.7777777778
1429969.7777777778
1429969.7777777778
1429969.7777777778
1429969.7777777778
1429969.7777777778
1429969.7777777778
1429969.7777777778
1429969.7777777778
1429969.7777777778
1429969.7777777778
1429969.7777777778
1429969.7777777778
1429969.7777777778
1429969.7777777778
1429969.7777777778
1429969.7777777778
1429969.7777777778
1429969.7777777778
1429969.7777777778
1429969.7777777778
1429969.7777777778
1429969.7777777778
1429969.7777777778
1429969.7777777778
1429969.7777777778
1429969.7777777778
1429969.7777777778
1429969.7777777778
1429969.7777777778
979031.7777777778
979031.7777777778
979031.7777777778
979031.7777777778
979031.7777777778
979031.7777777778
979031.7777777778
979031.7777777778
979031.7777777778
979031.7777777778
979031.7777777778
979031.7777777778
979031.7777777778
979031.7777777778
979031.7777777778
979031.7777777778
979031.7777777778
979031.7777777778
979031.7777777778
979031.7777777778
979031.7777777778
979031.7777777778
979031.7777777778
979031.7777777778
979031.7777777778
979031.7777777778
979031.7777777778
979031.7777777778
979031.7777777778
979031.7777777778
979031.7777777778
979031.7777777778
979031.7777777778
979031.7777777778
979031.7777777778
979031.7777777778
979031.7777777778
979031.7777777778
979031.7777777778
979031.7777777778
979031.7777777778
979031.7777777778
979031.7777777778
979031.7777777778
979031.7777777778
979031.7777777778
979031.7777777778
979031.7777777778
979031.7777777778
979031.7777777778
979031.7777777778
979031.7777777778
979031.7777777778
979031.7777777778
979031.7777777778
979031.7777777778
979031.7777777778
979031.7777777778
979031.7777777778
979031.7777777778
979031.7777777778
979031.7777777778
979031.7777777778
979031.7777777778
979031.7777777778
979031.7777777778
979031.7777777778
979031.7777777778
979031.7777777778
979031.7777777778
979031.7777777778
979031.7777777778
979031.7777777778
979031.7777777778
979031.7777777778
979031.7777777778
979031.7777777778
979031.7777777778
979031.7777777778
979031.7777777778
979031.7777777778
979031.7777777778
979031.7777777778
979031.7777777778
979031.7777777778
979031.7777777778
979031.7777777778
979031.7777777778
979031.7777777778
979031.7777777778
979031.7777777778
979031.7777777778
979031.7777777778
979031.7777777778
979031.7777777778
979031.7777777778
979031.7777777778
979031.7777777778
979031.7777777778
979031.7777777778
979031.7777777778
979031.7777777778
979031.7777777778
979031.7777777778
979031.7777777778
979031.7777777778
979031.7777777778
979031.7777777778
979031.7777777778
979031.7777777778
979031.7777777778
979031.7777777778
979031.7777777778
979031.7777777778
979031.7777777778
979031.7777777778
979031.7777777778
979031.7777777778
979031.7777777778
979031.7777777778
979031.7777777778
979031.7777777778
979031.7777777778
979031.7777777778
979031.7777777778
979031.7777777778
979031.7777777778
979031.7777777778
979031.7777777778
979031.7777777778
979031.7777777778
979031.7777777778
979031.7777777778
979031.7777777778
979031.7777777778
979031.7777777778
979031.7777777778
979031.7777777778
979031.7777777778
979031.7777777778
979031.7777777778
979031.7777777778
979031.7777777778
979031.7777777778
979031.7777777778
979031.7777777778
979031.7777777778
979031.7777777778
979031.7777777778
979031.7777777778
979031.7777777778
979031.7777777778
979031.7777777778
979031.7777777778
979031.7777777778
979031.7777777778
979031.7777777778
979031.7777777778
979031.7777777778
979031.7777777778
979031.7777777778
979031.7777777778
979031.7777777778
979031.7777777778
979031.7777777778
979031.7777777778
979031.7777777778
979031.7777777778
979031.7777777778
979031.7777777778
979031.7777777778
979031.7777777778
979031.7777777778
979031.7777777778
979031.7777777778
979031.7777777778
979031.7777777778
979031.7777777778
979031.7777777778
979031.7777777778
979031.7777777778
979031.7777777778
979031.7777777778
979031.7777777778
979031.7777777778
979031.7777777778
979031.7777777778
979031.7777777778
979031.7777777778
979031.7777777778
979031.7777777778
979031.7777777778
979031.7777777778
979031.7777777778
979031.7777777778
979031.7777777778
979031.7777777778
979031.7777777778
979031.7777777778
979031.7777777778
979031.7777777778
979031.7777777778
979031.7777777778
979031.7777777778
979031.7777777778
979031.7777777778
979031.7777777778
979031.7777777778
979031.7777777778
979031.7777777778
979031.7777777778
979031.7777777778
979031.7777777778
979031.7777777778
979031.7777777778
979031.7777777778
979031.7777777778
979031.7777777778
979031.7777777778
979031.7777777778
979031.7777777778
979031.7777777778
979031.7777777778
979031.7777777778
979031.7777777778
979031.7777777778
979031.7777777778
979031.7777777778
979031.7777777778
979031.7777777778
979031.7777777778
979031.7777777778
979031.7777777778
979031.7777777778
979031.7777777778
979031.7777777778
979031.7777777778
979031.7777777778
979031.7777777778
979031.7777777778
979031.7777777778
979031.7777777778
979031.7777777778
979031.7777777778
979031.7777777778
979031.7777777778
979031.7777777778
979031.7777777778
979031.7777777778
979031.7777777778
979031.7777777778
979031.7777777778
979031.7777777778
979031.7777777778
979031.7777777778
979031.7777777778
979031.7777777778
979031.7777777778
979031.7777777778
979031.7777777778
979031.7777777778
979031.7777777778
979031.7777777778
979031.7777777778
979031.7777777778
979031.7777777778
979031.7777777778
979031.7777777778
979031.7777777778
979031.7777777778
979031.7777777778
979031.7777777778
979031.7777777778
979031.7777777778
979031.7777777778
979031.7777777778
979031.7777777778
979031.7777777778
979031.7777777778
979031.7777777778
979031.7777777778
979031.7777777778
979031.7777777778
979031.7777777778
979031.7777777778
979031.7777777778
979031.7777777778
979031.7777777778
979031.7777777778
979031.7777777778
979031.7777777778
979031.7777777778
979031.7777777778
979031.7777777778
979031.7777777778
979031.7777777778
979031.7777777778
979031.7777777778
979031.7777777778
979031.7777777778
979031.7777777778
979031.7777777778
979031.7777777778
979031.7777777778
979031.7777777778
979031.7777777778
979031.7777777778
979031.7777777778
979031.7777777778
979031.7777777778
979031.7777777778
979031.7777777778
979031.7777777778
979031.7777777778
979031.7777777778
979031.7777777778
979031.7777777778
979031.7777777778
979031.7777777778
979031.7777777778
979031.7777777778
979031.7777777778
979031.7777777778
979031.7777777778
979031.7777777778
979031.7777777778
979031.7777777778
979031.7777777778
979031.7777777778
979031.7777777778
979031.7777777778
979031.7777777778
979031.7777777778
979031.7777777778
979031.7777777778
979031.7777777778
979031.7777777778
979031.7777777778
979031.7777777778
979031.7777777778
979031.7777777778
979031.7777777778
979031.7777777778
979031.7777777778
979031.7777777778
979031.7777777778
979031.7777777778
979031.7777777778
979031.7777777778
979031.7777777778
979031.7777777778
979031.7777777778
979031.7777777778
979031.7777777778
979031.7777777778
979031.7777777778
979031.7777777778
979031.7777777778
979031.7777777778
979031.7777777778
979031.7777777778
979031.7777777778
979031.7777777778
979031.7777777778
979031.7777777778
979031.7777777778
979031.7777777778
979031.7777777778
979031.7777777778
979031.7777777778
979031.7777777778
979031.7777777778
979031.7777777778
979031.7777777778
979031.7777777778
979031.7777777778
979031.7777777778
979031.7777777778
979031.7777777778
979031.7777777778
979031.7777777778
979031.7777777778
979031.7777777778
979031.7777777778
979031.7777777778
979031.7777777778
979031.7777777778
979031.7777777778
979031.7777777778
979031.7777777778
979031.7777777778
979031.7777777778
979031.7777777778
979031.7777777778
979031.7777777778
979031.7777777778
979031.7777777778
979031.7777777778
979031.7777777778
979031.7777777778
979031.7777777778
979031.7777777778
979031.7777777778
979031.7777777778
979031.7777777778
979031.7777777778
979031.7777777778
979031.7777777778
979031.7777777778
979031.7777777778
979031.7777777778
979031.7777777778
979031.7777777778
979031.7777777778
979031.7777777778
979031.7777777778
979031.7777777778
979031.7777777778
979031.7777777778
979031.7777777778
979031.7777777778
979031.7777777778
979031.7777777778
979031.7777777778
979031.7777777778
979031.7777777778
979031.7777777778
979031.7777777778
979031.7777777778
979031.7777777778
979031.7777777778
979031.7777777778
979031.7777777778
979031.7777777778
979031.7777777778
979031.7777777778
979031.7777777778
979031.7777777778
979031.7777777778
979031.7777777778
979031.7777777778
979031.7777777778
979031.7777777778
979031.7777777778
979031.7777777778
979031.7777777778
979031.7777777778
979031.7777777778
979031.7777777778
979031.7777777778
979031.7777777778
979031.7777777778
979031.7777777778
979031.7777777778
979031.7777777778
979031.7777777778
979031.7777777778
979031.7777777778
979031.7777777778
979031.7777777778
979031.7777777778
979031.7777777778
979031.7777777778
979031.7777777778
979031.7777777778
979031.7777777778
979031.7777777778
979031.7777777778
979031.7777777778
979031.7777777778
979031.7777777778
979031.7777777778
979031.7777777778
979031.7777777778
979031.7777777778
979031.7777777778
979031.7777777778
979031.7777777778
979031.7777777778
979031.7777777778
979031.7777777778
979031.7777777778
979031.7777777778
979031.7777777778
979031.7777777778
979031.7777777778
979031.7777777778
979031.7777777778
979031.7777777778
979031.7777777778
979031.7777777778
979031.7777777778
979031.7777777778
979031.7777777778
979031.7777777778
979031.7777777778
979031.7777777778
979031.7777777778
979031.7777777778
979031.7777777778
979031.7777777778
979031.7777777778
979031.7777777778
979031.7777777778
979031.7777777778
979031.7777777778
979031.7777777778
979031.7777777778
979031.7777777778
979031.7777777778
979031.7777777778
979031.7777777778
979031.7777777778
979031.7777777778
979031.7777777778
979031.7777777778
979031.7777777778
979031.7777777778
979031.7777777778
979031.7777777778
979031.7777777778
979031.7777777778
979031.7777777778
979031.7777777778
979031.7777777778
979031.7777777778
979031.7777777778
979031.7777777778
979031.7777777778
979031.7777777778
979031.7777777778
979031.7777777778
979031.7777777778
979031.7777777778
979031.7777777778
979031.7777777778
979031.7777777778
979031.7777777778
979031.7777777778
979031.7777777778
979031.7777777778
979031.7777777778
979031.7777777778
979031.7777777778
979031.7777777778
979031.7777777778
979031.7777777778
979031.7777777778
979031.7777777778
979031.7777777778
979031.7777777778
979031.7777777778
979031.7777777778
979031.7777777778
979031.7777777778
979031.7777777778
979031.7777777778
979031.7777777778
979031.7777777778
979031.7777777778
979031.7777777778
979031.7777777778
979031.7777777778
979031.7777777778
979031.7777777778
979031.7777777778
979031.7777777778
979031.7777777778
979031.7777777778
979031.7777777778
979031.7777777778
979031.7777777778
979031.7777777778
979031.7777777778
979031.7777777778
979031.7777777778
979031.7777777778
979031.7777777778
979031.7777777778
979031.7777777778
979031.7777777778
979031.7777777778
979031.7777777778
979031.7777777778
979031.7777777778
979031.7777777778
979031.7777777778
979031.7777777778
979031.7777777778
979031.7777777778
979031.7777777778
979031.7777777778
979031.7777777778
979031.7777777778
979031.7777777778
979031.7777777778
979031.7777777778
979031.7777777778
979031.7777777778
979031.7777777778
979031.7777777778
979031.7777777778
979031.7777777778
979031.7777777778
979031.7777777778
979031.7777777778
979031.7777777778
979031.7777777778
979031.7777777778
979031.7777777778
979031.7777777778
979031.7777777778
979031.7777777778
979031.7777777778
979031.7777777778
979031.7777777778
979031.7777777778
979031.7777777778
979031.7777777778
979031.7777777778
979031.7777777778
979031.7777777778
979031.7777777778
979031.7777777778
979031.7777777778
979031.7777777778
979031.7777777778
979031.7777777778
979031.7777777778
979031.7777777778
979031.7777777778
979031.7777777778
979031.7777777778
979031.7777777778
979031.7777777778
979031.7777777778
979031.7777777778
979031.7777777778
979031.7777777778
979031.7777777778
979031.7777777778
979031.7777777778
979031.7777777778
979031.7777777778
979031.7777777778
979031.7777777778
979031.7777777778
979031.7777777778
979031.7777777778
979031.7777777778
979031.7777777778
979031.7777777778
979031.7777777778
979031.7777777778
979031.7777777778
979031.7777777778
979031.7777777778
979031.7777777778
979031.7777777778
979031.7777777778
979031.7777777778
979031.7777777778
979031.7777777778
979031.7777777778
979031.7777777778
979031.7777777778
979031.7777777778
979031.7777777778
979031.7777777778
979031.7777777778
979031.7777777778
979031.7777777778
979031.7777777778
979031.7777777778
979031.7777777778
979031.7777777778
979031.7777777778
979031.7777777778
979031.7777777778
979031.7777777778
979031.7777777778
979031.7777777778
979031.7777777778
979031.7777777778
979031.7777777778
979031.7777777778
979031.7777777778
979031.7777777778
979031.7777777778
979031.7777777778
979031.7777777778
979031.7777777778
979031.7777777778
979031.7777777778
979031.7777777778
979031.7777777778
979031.7777777778
979031.7777777778
979031.7777777778
979031.7777777778
979031.7777777778
979031.7777777778
979031.7777777778
979031.7777777778
979031.7777777778
979031.7777777778
979031.7777777778
979031.7777777778
979031.7777777778
979031.7777777778
979031.7777777778
979031.7777777778
979031.7777777778
979031.7777777778
979031.7777777778
979031.7777777778
979031.7777777778
979031.7777777778
979031.7777777778
979031.7777777778
979031.7777777778
979031.7777777778
979031.7777777778
979031.7777777778
979031.7777777778
979031.7777777778
979031.7777777778
979031.7777777778
979031.7777777778
979031.7777777778
979031.7777777778
979031.7777777778
979031.7777777778
979031.7777777778
979031.7777777778
979031.7777777778
979031.7777777778
979031.7777777778
979031.7777777778
979031.7777777778
979031.7777777778
979031.7777777778
979031.7777777778
979031.7777777778
979031.7777777778
979031.7777777778
979031.7777777778
979031.7777777778
979031.7777777778
979031.7777777778
979031.7777777778
979031.7777777778
979031.7777777778
979031.7777777778
979031.7777777778
979031.7777777778
979031.7777777778
979031.7777777778
979031.7777777778
979031.7777777778
979031.7777777778
979031.7777777778
979031.7777777778
979031.7777777778
979031.7777777778
979031.7777777778



The list of best values first execution 

2116.0
784.0
784.0
784.0
784.0
784.0
784.0
784.0
784.0
784.0
784.0
784.0
784.0
784.0
784.0
784.0
784.0
784.0
784.0
784.0
784.0
784.0
784.0
784.0
784.0
784.0
784.0
784.0
784.0
784.0
784.0
784.0
784.0
784.0
784.0
784.0
784.0
784.0
784.0
784.0
784.0
784.0
784.0
784.0
784.0
784.0
784.0
784.0
784.0
784.0
784.0
784.0
784.0
784.0
784.0
784.0
784.0
784.0
784.0
784.0
784.0
784.0
784.0
784.0
784.0
784.0
784.0
784.0
784.0
784.0
784.0
784.0
784.0
784.0
784.0
784.0
784.0
784.0
784.0
784.0
784.0
784.0
784.0
784.0
784.0
784.0
784.0
784.0
784.0
784.0
784.0
784.0
784.0
784.0
784.0
784.0
784.0
784.0
784.0
784.0
784.0
784.0
784.0
784.0
784.0
784.0
784.0
784.0
784.0
784.0
784.0
784.0
784.0
784.0
784.0
784.0
784.0
784.0
784.0
784.0
784.0
784.0
784.0
784.0
784.0
784.0
784.0
784.0
784.0
784.0
784.0
784.0
784.0
784.0
784.0
784.0
784.0
784.0
784.0
784.0
784.0
784.0
784.0
784.0
784.0
784.0
784.0
784.0
784.0
784.0
784.0
784.0
784.0
784.0
784.0
784.0
784.0
784.0
784.0
784.0
784.0
784.0
784.0
784.0
784.0
784.0
784.0
784.0
784.0
784.0
784.0
784.0
784.0
784.0
784.0
784.0
784.0
784.0
784.0
784.0
784.0
784.0
784.0
784.0
784.0
784.0
784.0
784.0
784.0
784.0
784.0
784.0
784.0
784.0
784.0
784.0
784.0
784.0
784.0
784.0
784.0
784.0
784.0
784.0
784.0
784.0
784.0
784.0
784.0
784.0
784.0
784.0
784.0
784.0
784.0
784.0
784.0
784.0
784.0
784.0
784.0
784.0
784.0
784.0
784.0
784.0
784.0
784.0
784.0
784.0
784.0
784.0
784.0
784.0
784.0
784.0
784.0
784.0
784.0
784.0
784.0
784.0
784.0
784.0
784.0
784.0
784.0
784.0
784.0
784.0
784.0
784.0
784.0
784.0
784.0
784.0
784.0
784.0
784.0
784.0
784.0
784.0
784.0
784.0
784.0
784.0
784.0
784.0
784.0
784.0
784.0
784.0
784.0
784.0
784.0
784.0
784.0
784.0
784.0
784.0
784.0
784.0
784.0
784.0
784.0
784.0
784.0
784.0
784.0
784.0
784.0
784.0
784.0
784.0
784.0
784.0
784.0
784.0
784.0
784.0
784.0
784.0
784.0
784.0
784.0
784.0
784.0
784.0
784.0
784.0
784.0
784.0
784.0
784.0
784.0
784.0
784.0
784.0
784.0
784.0
784.0
784.0
784.0
784.0
784.0
784.0
784.0
784.0
784.0
784.0
784.0
784.0
784.0
784.0
784.0
784.0
784.0
784.0
784.0
784.0
784.0
784.0
784.0
784.0
784.0
784.0
784.0
784.0
784.0
784.0
784.0
784.0
784.0
784.0
784.0
784.0
784.0
784.0
784.0
784.0
784.0
784.0
784.0
784.0
784.0
784.0
784.0
784.0
784.0
784.0
784.0
784.0
784.0
784.0
784.0
784.0
784.0
784.0
784.0
784.0
784.0
784.0
784.0
784.0
784.0
784.0
784.0
784.0
784.0
784.0
784.0
784.0
784.0
784.0
784.0
784.0
784.0
784.0
784.0
784.0
784.0
784.0
784.0
784.0
784.0
784.0
784.0
784.0
784.0
784.0
784.0
784.0
784.0
784.0
784.0
784.0
784.0
784.0
784.0
784.0
784.0
784.0
784.0
784.0
784.0
784.0
784.0
784.0
784.0
784.0
784.0
784.0
784.0
784.0
784.0
784.0
784.0
784.0
784.0
784.0
784.0
784.0
784.0
784.0
784.0
784.0
784.0
784.0
784.0
784.0
784.0
784.0
784.0
784.0
784.0
784.0
784.0
784.0
784.0
784.0
784.0
784.0
784.0
784.0
784.0
784.0
784.0
784.0
784.0
784.0
784.0
784.0
784.0
784.0
784.0
784.0
784.0
784.0
784.0
784.0
784.0
784.0
784.0
784.0
784.0
784.0
784.0
784.0
784.0
784.0
784.0
784.0
784.0
784.0
784.0
784.0
784.0
784.0
784.0
784.0
784.0
784.0
784.0
784.0
784.0
784.0
784.0
784.0
784.0
784.0
784.0
784.0
784.0
784.0
784.0
784.0
784.0
784.0
784.0
784.0
784.0
784.0
784.0
784.0
784.0
784.0
784.0
784.0
784.0
784.0
784.0
784.0
784.0
784.0
784.0
784.0
784.0
784.0
784.0
784.0
784.0
784.0
784.0
784.0
784.0
784.0
784.0
784.0
784.0
784.0
784.0
784.0
784.0
784.0
784.0
784.0
784.0
784.0
784.0
784.0
784.0
784.0
784.0
784.0
784.0
784.0
784.0
784.0
784.0
784.0
784.0
784.0
784.0
784.0
784.0
784.0
784.0
784.0
784.0
784.0
784.0
784.0
784.0
784.0
784.0
784.0
784.0
784.0
784.0
784.0
784.0
784.0
784.0
784.0
784.0
784.0
784.0
784.0
784.0
784.0
784.0
784.0
784.0
784.0
784.0
784.0
784.0
784.0
784.0
784.0
784.0
784.0
784.0
784.0
784.0
784.0
784.0
784.0
784.0
784.0
784.0
784.0
784.0
784.0
784.0
784.0
784.0
784.0
784.0
784.0
784.0
784.0
784.0
784.0
784.0
784.0
784.0
784.0
784.0
784.0
784.0
784.0
784.0
784.0
784.0
784.0
784.0
784.0
784.0
784.0
784.0
784.0
784.0
784.0
784.0
784.0
784.0
784.0
784.0
784.0
784.0
784.0
784.0
784.0
784.0
784.0
784.0
784.0
784.0
784.0
784.0
784.0
784.0
784.0
784.0
784.0
784.0
784.0
784.0
784.0
784.0
784.0
784.0
784.0
784.0
784.0
784.0
784.0
784.0
784.0
784.0
784.0
784.0
784.0
784.0
784.0
784.0
784.0
784.0
784.0
784.0
784.0
784.0
784.0
784.0
784.0
784.0
784.0
784.0
784.0
784.0
784.0
784.0
784.0
784.0
784.0
784.0
784.0
784.0
784.0
784.0
784.0
784.0
784.0
784.0
784.0
784.0
784.0
784.0
784.0
784.0
784.0
784.0
784.0
784.0
784.0
784.0
784.0
784.0
784.0
784.0
784.0
784.0
784.0
784.0
784.0
784.0
784.0
784.0
784.0
784.0
784.0
784.0
784.0
784.0
784.0
784.0
784.0
784.0
784.0
784.0
784.0
784.0
784.0
784.0
784.0
784.0
784.0
784.0
784.0
784.0
784.0
784.0
784.0
784.0
784.0
784.0
784.0
784.0
784.0
784.0
784.0
784.0
784.0
784.0
784.0
784.0
784.0
784.0
784.0
784.0
784.0
784.0
784.0
784.0
784.0
784.0
784.0
784.0
784.0
784.0
784.0
784.0
784.0
784.0
784.0
784.0
784.0
784.0
784.0
784.0
784.0
784.0
784.0
784.0
784.0
784.0
784.0
784.0
784.0
784.0
784.0
784.0
784.0
784.0
784.0
784.0
784.0
784.0
784.0
784.0
784.0
784.0
784.0
784.0
784.0
784.0
784.0
784.0
784.0
784.0
784.0
784.0
784.0
784.0
784.0
784.0
784.0
784.0
784.0
784.0
784.0
784.0
784.0
784.0
784.0
784.0
784.0
784.0
784.0
784.0
784.0
784.0
784.0
784.0
784.0
784.0
784.0
784.0
784.0
784.0
784.0
784.0
784.0
784.0
784.0
784.0
784.0
784.0
784.0



The list of values average 

1401018.8755555563
653026.917777778
639823.2911111113
643411.6711111112
646452.3088888889
648878.3222222223
647507.7533333334
638799.1311111111
651910.3622222223
651125.2355555557
669423.9822222223
648442.9911111112
637569.4355555556
634822.0955555558
646240.1400000001
644661.4644444445
647040.6733333333
646418.3311111112
660262.5511111113
656477.8977777779
667248.8577777781
658973.1844444445
646418.9111111112
647897.7044444445
646844.9288888889
645901.7400000001
662561.4577777779
636461.6666666667
635315.22
636512.2600000001
636173.6000000002
639224.0422222223
641239.4400000001
637578.3200000001
640832.3
627178.8711111111
639091.9444444445
652864.5488888889
641133.9888888889
639621.02
638440.3355555555
639591.4600000002
638258.7777777779
633023.1711111112
633411.1733333333
631444.0133333334
630767.2466666668
628365.2533333335
628056.7955555558
629297.3133333335
626895.0177777779
624827.4155555556
622434.8244444445
623937.6288888889
625559.0288888889
603852.4244444445
628643.9844444445
621075.8777777778
614270.8155555555
609824.8333333335
608686.2133333335
612664.2022222223
608832.7444444445
604154.3022222223
607706.1377777779
608946.8177777779
606531.9400000001
609983.1422222223
590863.9000000003
600521.237777778
595370.4933333334
610039.8844444447
608198.4711111113
611380.4044444447
613446.0755555558
613847.4511111113
610998.3755555558
608608.3377777779
610275.4777777779
608117.3600000001
610239.5555555557
609454.7688888891
611350.0222222223
613912.4644444446
624981.4111111112
613415.8955555555
610757.9266666669
612971.0488888889
612401.5733333332
611879.3622222223
606678.4755555555
603364.9755555557
605571.5333333334
606583.7444444445
609505.8022222224
602762.1533333334
599820.6822222224
605915.3311111112
605887.5844444445
611268.6933333335
606019.2400000001
618486.8333333335
606049.7200000002
605309.168888889
606513.0666666669
607841.7266666668
607976.4200000002
606785.6222222224
607367.3000000002
606178.9777777779
606172.277777778
606968.8933333335
603633.2177777779
606206.057777778
601167.3400000002
599647.5888888892
598551.6711111112
601071.1533333336
596916.0022222224
604557.8666666668
605905.1066666668
598985.8400000002
596327.6555555557
598714.1533333336
598021.5511111112
600050.0622222224
599433.4555555558
599468.8466666669
606106.637777778
595762.1333333335
595744.4622222224
596057.2755555557
599334.1044444446
595718.0066666668
596377.8488888891
604943.4088888891
600136.0155555557
605680.1355555558
595285.1511111112
599497.4600000002
599412.6066666669
597389.3088888892
605597.2311111112
598540.8622222224
594742.7844444446
593575.3688888891
596489.6044444445
594246.9400000002
593556.3000000002
599520.037777778
597610.0333333334
599023.9266666668
598330.5866666668
599480.2911111113
598426.1755555557
599082.3222222225
601722.8400000002
600227.697777778
601174.2377777781
599507.8733333335
599655.2711111114
595021.8022222224
595481.9422222223
599951.6533333336
597289.0644444446
596832.6711111113
598814.1755555557
596212.777777778
595665.2066666668
596457.388888889
597375.4266666669
598992.6422222224
595068.8444444446
590689.9511111113
581728.1666666669
575643.8755555557
575907.508888889
573256.2333333335
573609.908888889
573559.1400000001
573256.2333333335
575284.0911111112
575119.5733333335
575269.2288888891
576458.2755555557
576449.3533333335
575907.508888889
575916.4311111112
573732.8111111112
575634.9533333335
571855.2711111113
571846.3488888891
575360.9244444446
576182.2844444446
575762.3133333335
575089.8422222224
581554.417777778
573361.7800000001
575089.8422222224
573605.4244444446
572429.2955555557
568520.6400000002
570777.328888889
570643.4622222224
576734.217777778
569435.1733333335
573817.0200000003
571523.2733333335
568100.137777778
568124.688888889
569152.4355555556
568133.6111111112
566429.797777778
568124.688888889
568133.6111111112
568124.688888889
568124.688888889
569090.9200000002
569208.208888889
568886.6622222224
571769.3044444445
566225.9955555557
563909.2777777779
565072.7711111113
563742.4000000001
562194.1822222223
563897.9955555557
565270.5333333334
563939.7777777779
557834.928888889
559782.248888889
583887.7133333335
595154.0555555557
594510.6622222223
593883.7222222224
593888.1622222223
594365.3600000001
591939.9488888889
591852.5466666665
593479.2177777778
594219.3
592234.8311111112
590911.04
600003.3911111113
591752.0466666667
594703.1177777778
596866.388888889
595541.128888889
593099.8800000001
604488.9111111113
613684.5600000002
609867.857777778
613576.8155555557
610809.1644444446
611571.7644444447
614520.3688888891
608710.7244444446
609447.9355555557
608447.2511111114
607835.1111111114
607826.1888888892
607826.1888888892
606450.7511111113
608136.7200000002
607826.1888888892
604286.8066666669
602084.3888888891
600427.6088888891
605105.3022222224
603834.1444444447
602497.6933333335
604188.8666666668
605728.0355555558
604056.7866666667
605648.2200000002
605283.9533333336
604290.4022222224
600449.4355555557
605585.2422222224
603713.7866666669
604814.3422222224
603693.7022222225
604419.017777778
605779.2711111113
604217.4644444446
604832.9177777779
603094.5266666668
604557.5533333336
602630.3955555557
599627.1066666669
602627.1155555558
602627.1155555558
601311.8022222224
601964.997777778
602358.4311111113
602636.037777778
602296.5000000002
604338.7666666668
589205.0977777779
606234.7244444446
605841.2911111113
604894.7511111113
604885.828888889
602901.8822222224
597851.8288888889
598770.9222222223
598770.9222222223
600169.328888889
599384.1311111113
600160.4066666669
598942.9111111113
598933.9888888891
598543.3177777779
598161.568888889
581417.3644444445
598072.5066666668
598041.9800000001
597748.5644444446
597761.9755555557
597467.9911111111
597000.8377777779
597761.9755555557
597730.6644444446
580178.0333333336
580089.3666666668
562977.0022222223
579411.157777778
547874.6622222223
548154.6666666667
546938.0866666668
548145.7444444445
548556.0555555556
547874.6622222223
549168.1955555556
549177.1177777778
547874.6622222223
548185.1933333334
545924.2088888889
547650.6111111112
548578.6266666667
549770.64
549478.7266666667
548643.1888888889
548815.1777777778
549590.8777777778
548806.2555555556
548815.1777777778
549348.1000000001
548503.348888889
549054.1155555557
549590.8777777778
548806.2555555556
548815.1777777778
548806.2555555556
548806.2555555556
548817.0244444445
549105.3133333335
548200.4422222223
549046.7244444445
547715.1733333333
550008.3377777778
550615.5311111112
550443.5422222222
545903.7288888888
550615.5311111112
550606.608888889
550606.608888889
550615.5311111112
550606.608888889
548847.5311111112
549687.5155555556
550609.0422222223
548191.2933333335
548984.8377777778
546983.6355555557
546983.6355555557
547385.9911111112
546377.8222222223
546983.6355555557
545068.5666666667
546983.6355555557
546983.6355555557
546992.5577777779
546983.6355555557
546983.6355555557
547525.1644444446
546983.6355555557
546983.6355555557
546330.4400000001
548941.7866666667
546983.6355555557
547525.1644444446
546983.6355555557
546055.6200000001
546992.5577777779
546983.6355555557
546983.6355555557
546992.5577777779
546983.6355555557
546680.7288888891
544994.7600000001
546983.6355555557
546820.5688888889
546992.5577777779
546983.6355555557
546983.6355555557
546992.5577777779
546985.4822222223
546983.6355555557
546231.42
546983.6355555557
546983.6355555557
546689.6511111113
547992.1244444445
546222.4977777778
546233.2666666667
546222.4977777778
546983.6355555557
545668.3222222223
546820.5688888889
546321.5177777779
546064.5422222223
546055.6200000001
546377.8222222223
547263.64
545559.8266666668
546983.6355555557
546992.5577777779
546983.6355555557
546983.6355555557
547525.1644444446
547527.9133333334
547525.4800000001
546992.5577777779
546983.6355555557
547254.7177777778
547371.6555555556
545288.7444444445
542619.7955555556
543439.7088888889
544626.6266666667
542203.5844444445
541524.7288888888
541038.7444444444
541700.8622222223
540226.7444444444
540044.1644444444
541700.8622222223
541711.6311111111
541700.8622222223
542314.0711111112
541709.7844444445
539887.4266666666
540450.5244444445
539698.3088888888
539689.3866666666
538928.2488888889
537339.7355555554
539541.4577777777
538271.3155555555
538636.1111111111
538928.2488888889
538928.2488888889
538937.1711111111
538928.2488888889
539568.8955555556
538331.3577777777
538625.3422222222
536658.3422222221
540020.86
538928.2488888889
536658.3422222221
532398.5333333332
532118.5288888888
532903.151111111
532127.451111111
532651.1355555555
532118.5288888888
532127.451111111
532651.1355555555
533183.7422222222
534267.1155555554
533726.7022222221
533716.3488888888
533725.271111111
533718.1955555555
533716.3488888888
533725.271111111
535046.5088888889
535287.44
536079.1377777776
536070.2155555554
536341.2977777777
536079.1377777776
536070.2155555554
536070.2155555554
536079.1377777776
536380.5177777777
536070.2155555554
536079.1377777776
536070.2155555554
533073.8666666666
534384.2466666666
536070.2155555554
536070.2155555554
536079.1377777776
536742.6866666665
536070.2155555554
537034.5999999999
536070.2155555554
536070.2155555554
536079.1377777776
536070.2155555554
537013.7688888888
536623.1488888888
536070.2155555554
536070.2155555554
534926.091111111
536070.2155555554
536070.2155555554
535776.231111111
536070.2155555554
537153.9044444443
536079.1377777776
535767.3088888888
536070.2155555554
536751.6088888887
534025.3755555555
536742.6866666665
536079.1377777776
536612.0599999999
534745.98
536372.4822222221
535408.0977777777
534745.98
536751.6088888887
535535.6333333333
536070.2155555554
536079.1377777776
536070.2155555554
536070.2155555554
536079.1377777776
536070.2155555554
537296.7599999999
536620.9822222221
536463.6488888888
536070.2155555554
536079.1377777776
536612.0599999999
536070.2155555554
536079.1377777776
536070.2155555554
538936.6022222221
538945.5244444443
538936.6022222221
538936.6022222221
538283.4066666665
538936.6022222221
538936.6022222221
538945.5244444443
538936.6022222221
539207.6844444444
540290.4666666666
538936.6022222221
538936.6022222221
538945.5244444443
538936.6022222221
538936.6022222221
539338.9577777777
538667.9177777776
539330.0355555555
540125.8244444443
540789.3733333332
540116.9022222221
540125.8244444443
540116.9022222221
540116.9022222221
540396.9066666666
540116.9022222221
540730.111111111
540125.8244444443
540116.9022222221
540116.9022222221
540125.8244444443
540658.7466666666
540116.9022222221
540739.0333333332
540116.9022222221
541461.8444444443
541037.2333333333
540116.9022222221
540116.9022222221
540125.8244444443
540116.9022222221
539813.9955555554
540125.8244444443
540116.9022222221
540116.9022222221
540125.8244444443
540791.2199999999
540120.5955555554
540127.671111111
541402.5822222221
541831.4088888888
541845.871111111
542139.8555555554
542681.7
542148.7777777776
542410.9377777777
542682.0199999999
542690.6222222222
540986.8088888888
542139.8555555554
542148.7777777776
542139.8555555554
540825.9888888887
542690.9422222221
542139.8555555554
542410.9377777777
537064.1044444443
537055.1822222221
537055.1822222221
537064.1044444443
537055.1822222221
537055.1822222221
537064.1044444443
537055.1822222221
537055.1822222221
537064.1044444443
537055.1822222221
537668.391111111
537064.1044444443
537055.1822222221
538138.8711111111
537605.9488888888
537055.1822222221
537055.1822222221
537064.1044444443
537055.1822222221
537055.1822222221
537064.1044444443
537055.1822222221
537055.1822222221
536407.171111111
537055.1822222221
537055.1822222221
537064.1044444443
537055.1822222221
537055.1822222221
537064.1044444443
537326.2644444444
537326.2644444444
537677.3133333332
537055.1822222221
537055.1822222221
537064.1044444443
537055.1822222221
537055.1822222221
536136.0888888888
533609.0177777776
534271.1355555555
534280.0577777777
534884.3444444443
534271.1355555555
534280.0577777777
534151.1822222221
534271.1355555555
534280.0577777777
534271.1355555555
534812.9799999999
534280.0577777777
534271.1355555555
534884.3444444443
535506.4755555554
535497.5533333332
536110.7622222222
536119.6844444444
535448.6444444443
536110.7622222222
536390.7666666666
536381.8444444444
536381.8444444444
536119.6844444444
535448.6444444443
536110.7622222222
536119.6844444444
536110.7622222222
536110.7622222222
536119.6844444444
536110.7622222222
536110.7622222222
536119.6844444444
536110.7622222222
536110.7622222222
536119.6844444444
535807.8555555556
536110.7622222222
536119.6844444444
536110.7622222222
536110.7622222222
536119.6844444444
536652.6066666666
536110.7622222222
536119.6844444444
536110.7622222222
536110.7622222222
536119.6844444444
536110.7622222222
535807.8555555556
536119.6844444444
536110.7622222222
536110.7622222222
536119.6844444444
536110.7622222222
536110.7622222222
536119.6844444444
536110.7622222222
536110.7622222222
536119.6844444444
536110.7622222222
536110.7622222222
536119.6844444444
536110.7622222222
536110.7622222222
536119.6844444444
536110.7622222222
536110.7622222222
536119.6844444444
536110.7622222222
536110.7622222222
536119.6844444444
535448.6444444443
536110.7622222222
536119.6844444444
536110.7622222222
536110.7622222222
536119.6844444444
536110.7622222222
536381.8444444444
536119.6844444444
536381.8444444444
536110.7622222222
536119.6844444444
536110.7622222222
536381.8444444444
536119.6844444444
536381.8444444444
536110.7622222222
536119.6844444444
536110.7622222222
536110.7622222222
536119.6844444444
536110.7622222222
535504.9488888889
535513.8711111111
536113.1955555555
536110.7622222222
536932.6111111111
536381.8444444444
536110.7622222222
536119.6844444444
536110.7622222222
536110.7622222222
536119.6844444444
536110.7622222222
536110.7622222222
536119.6844444444
536110.7622222222
536110.7622222222
534795.4488888888
533821.5022222222
533215.6888888889
533224.6111111111
533215.6888888889
533757.8533333333
533224.6111111111
533215.6888888889
533215.6888888889
533224.6111111111
533215.6888888889
533215.6888888889
533766.4555555555
533215.6888888889
533215.6888888889
533224.6111111111
533215.6888888889
533215.6888888889
533224.6111111111
533215.6888888889
533215.6888888889
533224.6111111111
533215.6888888889
533215.6888888889
533766.4555555555
533757.5333333333
534299.3777777777
534308.2999999999
533215.6888888889
533215.6888888889
533495.6933333332
533757.8533333333
533757.8533333333
533766.7755555555
533215.6888888889
533215.6888888889
533224.6111111111
533215.6888888889
533215.6888888889
533224.6111111111
533215.6888888889
533215.6888888889
533224.6111111111
533215.6888888889
533215.6888888889
533224.6111111111
533215.6888888889
533215.6888888889
533224.6111111111
533215.6888888889
533486.771111111
533224.6111111111
533215.6888888889
533215.6888888889
533224.6111111111
533215.6888888889
533215.6888888889
533224.6111111111
533215.6888888889
533215.6888888889
533224.6111111111
534299.3777777777
534841.2222222221
534850.1444444443
534841.2222222221
534841.2222222221
534850.1444444443
534841.2222222221
534841.2222222221
534850.1444444443
534841.2222222221
534841.2222222221
534850.1444444443
534841.2222222221
534841.2222222221
534850.1444444443
534841.2222222221
534841.2222222221
534850.1444444443
534841.2222222221
534841.2222222221
534850.1444444443
534841.2222222221
535112.3044444444
535663.391111111
535654.4688888888
535654.4688888888
535663.391111111
535654.4688888888
535654.4688888888
535663.391111111
535654.4688888888
535654.4688888888
535663.391111111
535654.4688888888
535654.4688888888
535663.391111111
535654.4688888888
535654.4688888888
535663.391111111
535654.4688888888
535654.4688888888
535663.391111111
535654.4688888888
535654.4688888888
535663.391111111
535654.4688888888
535654.4688888888
535663.391111111
535654.4688888888
535654.4688888888



The list of best values average 

9292.56
6064.88
6203.2
6392.28
6392.28
6392.28
6407.160000000001
6407.160000000001
6407.160000000001
6407.160000000001
6407.160000000001
6407.160000000001
6407.160000000001
6407.160000000001
6407.160000000001
6407.160000000001
6407.160000000001
6407.160000000001
6407.160000000001
6407.160000000001
6407.160000000001
6558.080000000001
6558.080000000001
6558.080000000001
6558.080000000001
6558.080000000001
6558.080000000001
6558.080000000001
6604.160000000001
6638.080000000001
6638.080000000001
6638.080000000001
6638.080000000001
6638.080000000001
6638.080000000001
6638.080000000001
6638.080000000001
6638.080000000001
6638.080000000001
6638.080000000001
6638.080000000001
6638.080000000001
6638.080000000001
6638.080000000001
6638.080000000001
6713.56
6713.56
6713.56
6713.56
6713.56
6713.56
6713.56
6713.56
6713.56
6713.56
6713.56
6713.56
6713.56
6713.56
6729.840000000001
6729.840000000001
6729.840000000001
6729.840000000001
6729.840000000001
6729.840000000001
6729.840000000001
6729.840000000001
6729.840000000001
6729.840000000001
6729.840000000001
6729.840000000001
6729.840000000001
6729.840000000001
6729.840000000001
6729.840000000001
6729.840000000001
6729.840000000001
7129.200000000001
7129.200000000001
7129.200000000001
7129.200000000001
7129.200000000001
7129.200000000001
7129.200000000001
7129.200000000001
7129.200000000001
7129.200000000001
7129.200000000001
7129.200000000001
7129.200000000001
7129.200000000001
7218.840000000001
7218.840000000001
7218.840000000001
7218.840000000001
7218.840000000001
7218.840000000001
7218.840000000001
7568.0
7568.0
7568.0
7568.0
7568.0
7568.0
7568.0
7568.0
7568.0
7568.0
7568.0
7568.0
7568.0
7568.0
7568.0
7568.0
7568.0
7568.0
7568.0
7568.0
7568.0
7568.0
7568.0
7568.0
7568.0
7568.0
7568.0
7568.0
7568.0
7568.0
7568.0
7568.0
7568.0
7568.0
7568.0
7568.0
7568.0
7568.0
7568.0
7568.0
7568.0
7568.0
7568.0
7568.0
7568.0
7568.0
7568.0
7568.0
7568.0
7568.0
7568.0
7568.0
7568.0
7568.0
7568.0
7718.079999999999
7940.519999999999
7940.519999999999
8823.720000000001
8823.720000000001
8823.720000000001
8823.720000000001
8823.720000000001
8823.720000000001
8823.720000000001
8823.720000000001
8823.720000000001
8823.720000000001
8823.720000000001
8823.720000000001
8823.720000000001
8823.720000000001
8823.720000000001
8823.720000000001
8823.720000000001
8823.720000000001
8823.720000000001
8823.720000000001
8823.720000000001
8823.720000000001
8823.720000000001
8823.720000000001
8823.720000000001
8823.720000000001
8823.720000000001
8823.720000000001
8823.720000000001
8823.720000000001
8823.720000000001
8823.720000000001
8823.720000000001
8823.720000000001
8823.720000000001
8823.720000000001
8823.720000000001
8823.720000000001
8823.720000000001
8823.720000000001
8823.720000000001
8823.720000000001
8823.720000000001
8823.720000000001
8823.720000000001
8823.720000000001
8823.720000000001
8823.720000000001
8823.720000000001
8823.720000000001
8823.720000000001
8823.720000000001
8823.720000000001
8823.720000000001
8823.720000000001
8823.720000000001
8823.720000000001
8823.720000000001
8823.720000000001
8823.720000000001
8823.720000000001
8823.720000000001
8823.720000000001
8823.720000000001
8823.720000000001
8823.720000000001
8823.720000000001
8823.720000000001
8823.720000000001
8823.720000000001
8823.720000000001
8823.720000000001
8823.720000000001
8823.720000000001
8823.720000000001
8823.720000000001
8823.720000000001
8823.720000000001
8823.720000000001
8823.720000000001
8823.720000000001
8823.720000000001
8823.720000000001
8823.720000000001
8823.720000000001
8823.720000000001
8823.720000000001
8823.720000000001
8823.720000000001
8823.720000000001
8823.720000000001
8823.720000000001
8823.720000000001
8823.720000000001
8828.04
8828.04
8828.04
8828.04
8828.04
8828.04
8828.04
8828.04
8828.04
8828.04
8828.04
8828.04
8828.04
8828.04
8828.04
8828.04
8828.04
8828.04
8828.04
8828.04
8828.04
8828.04
8828.04
8828.04
8828.04
8828.04
8828.04
8828.04
8828.04
8828.04
8828.04
8828.04
8828.04
8828.04
8828.04
8828.04
8828.04
8828.04
8828.04
8828.04
8828.04
8828.04
8828.04
8828.04
8828.04
8828.04
8828.04
8828.04
8828.04
8828.04
8828.04
8828.04
8828.04
8828.04
8889.68
8889.68
8889.68
8889.68
8889.68
8889.68
8889.68
8889.68
8889.68
8889.68
8889.68
8889.68
8889.68
8889.68
8889.68
8889.68
8889.68
8889.68
9012.44
9012.44
9012.44
9012.44
9012.44
9012.44
9012.44
9012.44
9012.44
9012.44
9012.44
9012.44
9012.44
9012.44
9012.44
9012.44
9012.44
9012.44
9012.44
9012.44
9012.44
9012.44
9012.44
9012.44
9012.44
9012.44
9012.44
9012.44
9012.44
9012.44
9012.44
9012.44
9012.44
9012.44
9012.44
9012.44
9012.44
9012.44
9012.44
9012.44
9012.44
9012.44
9012.44
9012.44
9012.44
9012.44
9012.44
9012.44
9012.44
9012.44
9012.44
9012.44
9012.44
9012.44
9012.44
9012.44
9012.44
9012.44
9012.44
9012.44
9012.44
9012.44
9012.44
9012.44
9012.44
9012.44
9012.44
9012.44
9012.44
9012.44
9012.44
9012.44
9012.44
9012.44
9012.44
9012.44
9012.44
9012.44
9012.44
9012.44
9012.44
9012.44
9012.44
9012.44
9012.44
9012.44
9012.44
9012.44
9012.44
9012.44
9012.44
9012.44
9012.44
9012.44
9012.44
9012.44
9012.44
9012.44
9012.44
9012.44
9012.44
9012.44
9012.44
9012.44
9012.44
9012.44
9012.44
9012.44
9012.44
9012.44
9012.44
9012.44
9012.44
9012.44
9012.44
9012.44
9012.44
9012.44
9012.44
9012.44
9012.44
9012.44
9012.44
9012.44
9012.44
9012.44
9012.44
9012.44
9012.44
9012.44
9018.16
9018.16
9018.16
9018.16
9062.96
9062.96
9062.96
9062.96
9062.96
9062.96
9062.96
9062.96
9062.96
9062.96
9062.96
9062.96
9062.96
9062.96
9062.96
9062.96
9062.96
9062.96
9062.96
9062.96
9062.96
9062.96
9062.96
9062.96
9062.96
9062.96
9062.96
9062.96
9062.96
9062.96
9062.96
9062.96
9062.96
9062.96
9062.96
9062.96
9062.96
9062.96
9062.96
9062.96
9062.96
9062.96
9062.96
9062.96
9062.96
9062.96
9062.96
9062.96
9062.96
9062.96
9062.96
9062.96
9062.96
9062.96
9062.96
9062.96
9062.96
9062.96
9062.96
9062.96
9062.96
9062.96
9062.96
9062.96
9062.96
9062.96
9062.96
9062.96
9062.96
9062.96
9062.96
9062.96
9062.96
9062.96
9062.96
9062.96
9062.96
9062.96
9062.96
9062.96
9062.96
9062.96
9062.96
9062.96
9062.96
9062.96
9062.96
9062.96
9062.96
9062.96
9062.96
9062.96
9062.96
9062.96
9062.96
9062.96
9062.96
9062.96
9062.96
9062.96
9062.96
9062.96
9062.96
9062.96
9062.96
9062.96
9062.96
9062.96
9062.96
9062.96
9062.96
9062.96
9062.96
9062.96
9062.96
9062.96
9062.96
9062.96
9062.96
9062.96
9062.96
9062.96
9062.96
9062.96
9062.96
9062.96
9062.96
9062.96
9062.96
9062.96
9062.96
9062.96
9062.96
9062.96
9062.96
9062.96
9062.96
9062.96
9062.96
9062.96
9062.96
9062.96
9062.96
9062.96
9062.96
9062.96
9062.96
9062.96
9237.8
9237.8
9237.8
9237.8
9237.8
9237.8
9237.8
9237.8
9237.8
9237.8
9237.8
9237.8
9237.8
9237.8
9237.8
9237.8
9237.8
9237.8
9237.8
9237.8
9237.8
9237.8
9237.8
9237.8
9237.8
9237.8
9237.8
9237.8
9237.8
9237.8
9237.8
9237.8
9237.8
9237.8
9237.8
9237.8
9237.8
9237.8
9237.8
9237.8
9237.8
9237.8
9237.8
9237.8
9237.8
9237.8
9237.8
9237.8
9237.8
9237.8
9237.8
9237.8
9237.8
9237.8
9237.8
9237.8
9237.8
9237.8
9237.8
9237.8
9237.8
9237.8
9237.8
9237.8
9237.8
9237.8
9237.8
9237.8
9237.8
9237.8
9237.8
9237.8
9237.8
9237.8
9237.8
9237.8
9237.8
9237.8
9237.8
9237.8
9237.8
9237.8
9237.8
9237.8
9237.8
9237.8
9237.8
9237.8
9237.8
9237.8
9237.8
9237.8
9237.8
9237.8
9237.8
9237.8
9237.8
9237.8
9237.8
9237.8
9237.8
9237.8
9237.8
9237.8
9237.8
9237.8
9237.8
9237.8
9237.8
9237.8
9237.8
9237.8
9237.8
9237.8
9237.8
9237.8
9237.8
9237.8
9237.8
9237.8
9237.8
9237.8
9237.8
9237.8
9237.8
9237.8
9237.8
9237.8
9237.8
9237.8
9237.8
9237.8
9237.8
9237.8
9237.8
9237.8
9237.8
9237.8
9237.8
9237.8
9237.8
9237.8
9237.8
9237.8
9237.8
9237.8
9237.8
9237.8
9237.8
9237.8
9237.8
9237.8
9237.8
9237.8
9237.8
9237.8
9237.8
9237.8
9237.8
9237.8
9237.8
9237.8
9237.8
9237.8
9237.8
9237.8
9276.68
9276.68
9276.68
9276.68
9276.68
9276.68
9276.68
9276.68
9276.68
9276.68
9276.68
9276.68
9276.68
9276.68
9276.68
9276.68
9276.68
9276.68
9276.68
9276.68
9276.68
9276.68
9276.68
9276.68
9276.68
9276.68
9276.68
9276.68
9276.68
9276.68
9276.68
9276.68
9276.68
9276.68
9276.68
9276.68
9276.68
9276.68
9276.68
9276.68
9276.68
9276.68
9276.68
9276.68
9276.68
9276.68
9276.68
9276.68
9276.68
9276.68
9276.68
9276.68
9276.68
9276.68
9276.68
9276.68
9276.68
9276.68
9276.68
9276.68
9276.68
9276.68
9276.68
9276.68
9276.68
9276.68
9276.68
9276.68
9276.68
9276.68
9276.68
9276.68
9276.68
9276.68
9276.68
9276.68
9276.68
9276.68
9276.68
9276.68
9276.68
9276.68
9276.68
9576.199999999999
9576.199999999999
9576.199999999999
9576.199999999999
9576.199999999999
9576.199999999999
9576.199999999999
9576.199999999999
9576.199999999999
9576.199999999999
9576.199999999999
9576.199999999999
9576.199999999999
9576.199999999999
9576.199999999999
9576.199999999999
9576.199999999999
9576.199999999999
9576.199999999999
9576.199999999999
9576.199999999999
9576.199999999999
9576.199999999999
9576.199999999999
9576.199999999999
9576.199999999999
9576.199999999999
