----------Report of simulation of Path Integral Quantum Monte Carlo-----------
The number of considered Spin 200
The considered Annealing Duration 25
The considered Annealing Number 100
The considered T 1.0
The considered Gamma0 1.0
The considered Number Of Replica 10
The solution found [ 1  1  1 -1  1  1 -1 -1  1  1 -1  1 -1  1  1 -1 -1  1  1 -1 -1  1 -1 -1
 -1  1 -1 -1 -1  1 -1  1  1 -1 -1  1 -1  1 -1 -1  1 -1 -1 -1  1  1  1 -1
 -1  1 -1  1  1 -1 -1 -1 -1  1 -1 -1 -1 -1  1 -1  1 -1  1 -1  1  1  1 -1
  1  1  1 -1 -1  1  1  1 -1  1  1 -1  1  1 -1 -1  1 -1  1 -1 -1  1 -1  1
  1 -1  1  1  1 -1 -1  1 -1  1 -1  1  1  1  1 -1 -1  1 -1  1 -1 -1 -1  1
 -1  1  1 -1  1  1 -1  1 -1 -1 -1  1 -1  1  1 -1  1 -1 -1  1 -1  1  1 -1
 -1 -1 -1  1  1 -1 -1  1  1 -1 -1 -1 -1  1  1  1  1  1 -1  1  1 -1  1 -1
  1  1 -1 -1  1 -1  1  1  1 -1  1  1  1  1 -1 -1  1  1  1 -1  1 -1 -1 -1
 -1  1  1 -1 -1  1 -1  1]
The value found 0.0
The Success probability is 0.98
The average value is 0.08
The total execution time is 326.12862944602966
The average time for execution is 3.2612853598594667
The average time for system update is 0.1294752950668335
The average time for replica update is 0.012947227916717529
The average time for spin update is 6.450571622848511e-05
The list of values found 

0.0
0.0
0.0
0.0
0.0
0.0
0.0
0.0
0.0
0.0
0.0
0.0
0.0
0.0
0.0
0.0
0.0
0.0
0.0
0.0
0.0
0.0
0.0
0.0
0.0
0.0
0.0
0.0
0.0
0.0
0.0
4.0
0.0
0.0
0.0
0.0
0.0
0.0
0.0
0.0
0.0
0.0
0.0
0.0
0.0
0.0
0.0
0.0
0.0
0.0
0.0
0.0
0.0
0.0
0.0
0.0
0.0
0.0
0.0
0.0
0.0
0.0
0.0
0.0
0.0
0.0
0.0
0.0
0.0
0.0
0.0
4.0
0.0
0.0
0.0
0.0
0.0
0.0
0.0
0.0
0.0
0.0
0.0
0.0
0.0
0.0
0.0
0.0
0.0
0.0
0.0
0.0
0.0
0.0
0.0
0.0
0.0
0.0
0.0
0.0



The list of values first execution 

454.8
139.2
102.0
42.8
20.0
26.8
34.4
42.4
13.2
10.0
10.0
13.2
10.4
9.2
12.4
9.2
9.2
9.2
9.2
9.2
9.2
9.2
9.2
9.2
9.2



The list of best values first execution 

4.0
0.0
0.0
0.0
0.0
0.0
0.0
0.0
0.0
0.0
0.0
0.0
0.0
0.0
0.0
0.0
0.0
0.0
0.0
0.0
0.0
0.0
0.0
0.0
0.0



The list of values average 

366.872
204.87599999999992
78.36399999999998
48.004
32.115999999999985
26.079999999999988
19.595999999999997
20.099999999999998
16.135999999999996
13.019999999999996
12.399999999999999
11.127999999999995
10.843999999999994
11.643999999999997
10.115999999999994
10.219999999999995
10.375999999999992
10.259999999999994
10.059999999999993
9.623999999999997
10.055999999999996
9.731999999999992
9.775999999999996
9.763999999999996
9.575999999999993



The list of best values average 

4.160000000000001
1.5200000000000002
0.8800000000000002
0.64
0.4799999999999999
0.5199999999999999
0.5599999999999999
0.68
0.6
0.6
0.6
0.6
0.64
0.64
0.6
0.6
0.6
0.6
0.5599999999999999
0.6
0.6
0.64
0.64
0.6
0.6
