----------Report of simulation of Quantum Parallel Tempering - Population Annealing v1-----------
The number of considered Spin200
The considered Annealing Duration 800
The considered Annealing Number 100
The considered T 1.0
The considered Gamma0 1.0
The considered Number Of Replica 3
The considered Number Of System Tempering 3
The considered Number Of System Population 3
The solution found [ 1  1  1  1  1  1  1  1  1  1  1  1  1  1  1  1 -1 -1 -1  1  1 -1 -1  1
  1 -1 -1  1 -1 -1 -1  1 -1 -1  1 -1 -1 -1 -1 -1  1 -1 -1 -1 -1 -1  1  1
 -1  1 -1  1 -1 -1  1  1 -1  1  1 -1 -1  1  1 -1  1 -1  1 -1  1  1  1  1
  1 -1  1  1  1  1 -1 -1  1  1  1  1  1 -1 -1  1  1 -1  1  1 -1 -1 -1 -1
 -1  1 -1 -1  1  1 -1  1  1  1 -1 -1 -1  1 -1 -1 -1  1 -1 -1  1  1 -1 -1
 -1  1  1  1  1  1 -1  1  1  1 -1  1  1  1 -1 -1 -1 -1 -1 -1 -1  1 -1  1
 -1 -1 -1  1 -1 -1  1  1  1  1 -1  1  1  1  1 -1  1 -1 -1 -1 -1  1  1  1
 -1  1  1 -1  1  1 -1  1 -1 -1  1 -1  1  1 -1  1  1 -1  1  1  1 -1  1  1
  1  1 -1 -1 -1 -1  1  1]
The value found 1.0
The Success probability is 0.01
The average value is 2183.48
The total execution time is 19738.66338968277
The average time for execution is 197.3866328382492
The average time for all systems update is 0.24665754594802858
The average time for system tempering update is 0.04122888166209062
The average time for system population update is 9819.26680612564
The average time for replica update is 0.013689947315719393
The average time for spin update is 6.819401458981965e-05
The list of values found 

2601.0
289.0
9.0
1.0
81.0
289.0
289.0
3721.0
841.0
961.0
361.0
49.0
1225.0
441.0
729.0
729.0
529.0
529.0
121.0
121.0
25.0
169.0
2401.0
2809.0
225.0
289.0
6241.0
23409.0
625.0
25.0
729.0
81.0
19881.0
81.0
4225.0
9.0
2401.0
25.0
841.0
529.0
2809.0
169.0
4489.0
14641.0
225.0
121.0
1681.0
169.0
1.0
121.0
1.0
1369.0
49.0
169.0
1521.0
49.0
1369.0
2401.0
169.0
529.0
1849.0
121.0
2209.0
121.0
1089.0
529.0
169.0
625.0
121.0
9.0
49.0
169.0
625.0
1849.0
1369.0
22201.0
8649.0
25.0
19881.0
1.0
6241.0
225.0
961.0
625.0
4225.0
25.0
625.0
1089.0
25.0
225.0
9.0
19321.0
121.0
1681.0
625.0
2401.0
441.0
6561.0
225.0
49.0



The list of values first execution 

1494991.2222222222
1418205.888888889
1930254.7777777778
1930254.7777777778
1930254.7777777778
1930254.7777777778
1930254.7777777778
1930254.7777777778
1930254.7777777778
1930254.7777777778
1930254.7777777778
1930254.7777777778
1930254.7777777778
1930254.7777777778
1930254.7777777778
1930254.7777777778
1930254.7777777778
1930254.7777777778
1930254.7777777778
1930254.7777777778
1930254.7777777778
1930254.7777777778
1930254.7777777778
1930254.7777777778
1930254.7777777778
1930254.7777777778
1930254.7777777778
1930254.7777777778
1930254.7777777778
1930254.7777777778
1930254.7777777778
1930254.7777777778
1930254.7777777778
1930254.7777777778
1930254.7777777778
1930254.7777777778
1930254.7777777778
1930254.7777777778
1930254.7777777778
1930254.7777777778
1930254.7777777778
1930254.7777777778
1930254.7777777778
1930254.7777777778
1930254.7777777778
1930254.7777777778
1930254.7777777778
1930254.7777777778
1930254.7777777778
1930254.7777777778
1930254.7777777778
1930254.7777777778
1930254.7777777778
1930254.7777777778
1930254.7777777778
1930254.7777777778
1930254.7777777778
1930254.7777777778
1930254.7777777778
1930254.7777777778
1930254.7777777778
1930254.7777777778
1930254.7777777778
1930254.7777777778
1930254.7777777778
1930254.7777777778
1930254.7777777778
1930254.7777777778
1930254.7777777778
1930254.7777777778
1930254.7777777778
1930254.7777777778
1930254.7777777778
1930254.7777777778
1930254.7777777778
1930254.7777777778
1930254.7777777778
1930254.7777777778
1930254.7777777778
1930254.7777777778
1930254.7777777778
1930254.7777777778
1930254.7777777778
1930254.7777777778
1930254.7777777778
1930254.7777777778
1930254.7777777778
1930254.7777777778
1930254.7777777778
1930254.7777777778
1930254.7777777778
1930254.7777777778
1930254.7777777778
1930254.7777777778
1930254.7777777778
1930254.7777777778
1930254.7777777778
1930254.7777777778
1930254.7777777778
1930254.7777777778
1930254.7777777778
1930254.7777777778
1930254.7777777778
1930254.7777777778
1930254.7777777778
1930254.7777777778
1930254.7777777778
1930254.7777777778
1930254.7777777778
1930254.7777777778
1930254.7777777778
1930254.7777777778
1930254.7777777778
1930254.7777777778
1930254.7777777778
1930254.7777777778
1930254.7777777778
1930254.7777777778
1930254.7777777778
1930254.7777777778
1930254.7777777778
1930254.7777777778
1930254.7777777778
1930254.7777777778
1930254.7777777778
1930254.7777777778
1930254.7777777778
1930254.7777777778
1930254.7777777778
1930254.7777777778
1930254.7777777778
1930254.7777777778
1930254.7777777778
1930254.7777777778
1930254.7777777778
1930254.7777777778
1930254.7777777778
1930254.7777777778
1930254.7777777778
1930254.7777777778
1930254.7777777778
1930254.7777777778
1930254.7777777778
1930254.7777777778
1930254.7777777778
1930254.7777777778
1930254.7777777778
1930254.7777777778
1930254.7777777778
1930254.7777777778
1930254.7777777778
1930254.7777777778
1930254.7777777778
1930254.7777777778
1930254.7777777778
1930254.7777777778
1930254.7777777778
1930254.7777777778
1930254.7777777778
1930254.7777777778
1930254.7777777778
1930254.7777777778
1930254.7777777778
1930254.7777777778
1930254.7777777778
1930254.7777777778
1930254.7777777778
1930254.7777777778
1930254.7777777778
1930254.7777777778
1930254.7777777778
1930254.7777777778
1930254.7777777778
1930254.7777777778
1930254.7777777778
1930254.7777777778
1930254.7777777778
1930254.7777777778
1930254.7777777778
1930254.7777777778
1930254.7777777778
1930254.7777777778
1930254.7777777778
1930254.7777777778
1930254.7777777778
1930254.7777777778
1930254.7777777778
1930254.7777777778
1930254.7777777778
1930254.7777777778
1930254.7777777778
1930254.7777777778
1930254.7777777778
1930254.7777777778
1930254.7777777778
1930254.7777777778
1930254.7777777778
1930254.7777777778
1930254.7777777778
1930254.7777777778
1930254.7777777778
1930254.7777777778
1930254.7777777778
1930254.7777777778
1930254.7777777778
1930254.7777777778
1930254.7777777778
1930254.7777777778
1930254.7777777778
1930254.7777777778
1930254.7777777778
1930254.7777777778
1930254.7777777778
1930254.7777777778
1930254.7777777778
1930254.7777777778
1930254.7777777778
1930254.7777777778
1930254.7777777778
1930254.7777777778
1930254.7777777778
1930254.7777777778
1930254.7777777778
1930254.7777777778
1930254.7777777778
1930254.7777777778
1930254.7777777778
1930254.7777777778
1930254.7777777778
1930254.7777777778
1930254.7777777778
1930254.7777777778
1930254.7777777778
1930254.7777777778
1930254.7777777778
1930254.7777777778
1930254.7777777778
1930254.7777777778
1930254.7777777778
1930254.7777777778
1930254.7777777778
1930254.7777777778
1930254.7777777778
1930254.7777777778
1930254.7777777778
1930254.7777777778
1930254.7777777778
1930254.7777777778
1930254.7777777778
1930254.7777777778
1930254.7777777778
1930254.7777777778
1930254.7777777778
1930254.7777777778
1930254.7777777778
1930254.7777777778
1930254.7777777778
1930254.7777777778
1930254.7777777778
1930254.7777777778
1930254.7777777778
1930254.7777777778
1930254.7777777778
1930254.7777777778
1930254.7777777778
1930254.7777777778
1930254.7777777778
1930254.7777777778
1930254.7777777778
1930254.7777777778
1930254.7777777778
1930254.7777777778
1930254.7777777778
1930254.7777777778
1930254.7777777778
1930254.7777777778
1930254.7777777778
1930254.7777777778
1930254.7777777778
1930254.7777777778
1930254.7777777778
1930254.7777777778
1930254.7777777778
1930254.7777777778
1930254.7777777778
1930254.7777777778
1930254.7777777778
1930254.7777777778
1930254.7777777778
1930254.7777777778
1930254.7777777778
1930254.7777777778
1930254.7777777778
1930254.7777777778
1930254.7777777778
1930254.7777777778
1930254.7777777778
1930254.7777777778
1930254.7777777778
1930254.7777777778
1930254.7777777778
1930254.7777777778
1930254.7777777778
1930254.7777777778
1930254.7777777778
1930254.7777777778
1930254.7777777778
1930254.7777777778
1930254.7777777778
1930254.7777777778
1930254.7777777778
1930254.7777777778
1930254.7777777778
1930254.7777777778
1930254.7777777778
1930254.7777777778
1930254.7777777778
1930254.7777777778
1930254.7777777778
1930254.7777777778
1930254.7777777778
1930254.7777777778
1930254.7777777778
1930254.7777777778
1930254.7777777778
1930254.7777777778
1930254.7777777778
1930254.7777777778
1930254.7777777778
1930254.7777777778
1930254.7777777778
1930254.7777777778
1930254.7777777778
1930254.7777777778
1930254.7777777778
1930254.7777777778
1930254.7777777778
1930254.7777777778
1930254.7777777778
1930254.7777777778
1930254.7777777778
1930254.7777777778
1930254.7777777778
1930254.7777777778
1930254.7777777778
1930254.7777777778
1930254.7777777778
1930254.7777777778
1930254.7777777778
1930254.7777777778
1930254.7777777778
1930254.7777777778
1930254.7777777778
1930254.7777777778
1930254.7777777778
1930254.7777777778
1930254.7777777778
1930254.7777777778
1930254.7777777778
1930254.7777777778
1930254.7777777778
1930254.7777777778
1930254.7777777778
1930254.7777777778
1930254.7777777778
1930254.7777777778
1930254.7777777778
1930254.7777777778
1930254.7777777778
1930254.7777777778
1930254.7777777778
1930254.7777777778
1930254.7777777778
1930254.7777777778
1930254.7777777778
1930254.7777777778
1930254.7777777778
1930254.7777777778
1930254.7777777778
1930254.7777777778
1930254.7777777778
1930254.7777777778
1930254.7777777778
1930254.7777777778
1930254.7777777778
1930254.7777777778
1930254.7777777778
1930254.7777777778
1930254.7777777778
1930254.7777777778
1930254.7777777778
1930254.7777777778
1930254.7777777778
1930254.7777777778
1930254.7777777778
1930254.7777777778
1930254.7777777778
1930254.7777777778
1930254.7777777778
1930254.7777777778
1930254.7777777778
1930254.7777777778
1930254.7777777778
1930254.7777777778
1930254.7777777778
1930254.7777777778
1930254.7777777778
1930254.7777777778
1930254.7777777778
1930254.7777777778
1930254.7777777778
1930254.7777777778
1930254.7777777778
1930254.7777777778
1930254.7777777778
1930254.7777777778
1930254.7777777778
1930254.7777777778
1930254.7777777778
1930254.7777777778
1930254.7777777778
1930254.7777777778
1930254.7777777778
1930254.7777777778
1930254.7777777778
1930254.7777777778
1930254.7777777778
1930254.7777777778
1930254.7777777778
1930254.7777777778
1930254.7777777778
1930254.7777777778
1930254.7777777778
1930254.7777777778
1930254.7777777778
1930254.7777777778
1930254.7777777778
1930254.7777777778
1930254.7777777778
1930254.7777777778
1930254.7777777778
1930254.7777777778
1930254.7777777778
1930254.7777777778
1930254.7777777778
1930254.7777777778
1930254.7777777778
1930254.7777777778
1930254.7777777778
1930254.7777777778
1930254.7777777778
1930254.7777777778
1930254.7777777778
1930254.7777777778
1930254.7777777778
1930254.7777777778
1930254.7777777778
1930254.7777777778
1930254.7777777778
1930254.7777777778
1930254.7777777778
1930254.7777777778
1930254.7777777778
1930254.7777777778
1930254.7777777778
1930254.7777777778
1930254.7777777778
1930254.7777777778
1930254.7777777778
1930254.7777777778
1930254.7777777778
1930254.7777777778
1930254.7777777778
1930254.7777777778
1930254.7777777778
1930254.7777777778
1930254.7777777778
1930254.7777777778
1930254.7777777778
1930254.7777777778
1930254.7777777778
1930254.7777777778
1930254.7777777778
1930254.7777777778
1930254.7777777778
1930254.7777777778
1930254.7777777778
1930254.7777777778
1930254.7777777778
1930254.7777777778
1930254.7777777778
1930254.7777777778
1930254.7777777778
1930254.7777777778
1930254.7777777778
1930254.7777777778
1930254.7777777778
1930254.7777777778
1930254.7777777778
1930254.7777777778
1930254.7777777778
1930254.7777777778
1930254.7777777778
1930254.7777777778
1930254.7777777778
1930254.7777777778
1930254.7777777778
1930254.7777777778
1930254.7777777778
1930254.7777777778
1930254.7777777778
1930254.7777777778
1930254.7777777778
1930254.7777777778
1930254.7777777778
1930254.7777777778
1930254.7777777778
1930254.7777777778
1930254.7777777778
1930254.7777777778
1930254.7777777778
1930254.7777777778
1930254.7777777778
1930254.7777777778
1930254.7777777778
1930254.7777777778
1930254.7777777778
1930254.7777777778
1930254.7777777778
1930254.7777777778
1930254.7777777778
1930254.7777777778
1930254.7777777778
1930254.7777777778
1930254.7777777778
1930254.7777777778
1930254.7777777778
1930254.7777777778
1930254.7777777778
1930254.7777777778
1930254.7777777778
1930254.7777777778
1930254.7777777778
1930254.7777777778
1930254.7777777778
1930254.7777777778
1930254.7777777778
1930254.7777777778
1930254.7777777778
1930254.7777777778
1930254.7777777778
1930254.7777777778
1930254.7777777778
1930254.7777777778
1930254.7777777778
1930254.7777777778
1930254.7777777778
1930254.7777777778
1930254.7777777778
1930254.7777777778
1930254.7777777778
1930254.7777777778
1930254.7777777778
1930254.7777777778
1930254.7777777778
1930254.7777777778
1930254.7777777778
1930254.7777777778
1930254.7777777778
1930254.7777777778
1930254.7777777778
1930254.7777777778
1930254.7777777778
1930254.7777777778
1930254.7777777778
1930254.7777777778
1930254.7777777778
1930254.7777777778
1930254.7777777778
1930254.7777777778
1930254.7777777778
1930254.7777777778
1930254.7777777778
1930254.7777777778
1930254.7777777778
1930254.7777777778
1930254.7777777778
1930254.7777777778
1930254.7777777778
1930254.7777777778
1930254.7777777778
1930254.7777777778
1930254.7777777778
1930254.7777777778
1930254.7777777778
1930254.7777777778
1930254.7777777778
1930254.7777777778
1930254.7777777778
1930254.7777777778
1930254.7777777778
1930254.7777777778
1930254.7777777778
1930254.7777777778
1930254.7777777778
1930254.7777777778
1930254.7777777778
1930254.7777777778
1930254.7777777778
1930254.7777777778
1930254.7777777778
1930254.7777777778
1930254.7777777778
1930254.7777777778
1930254.7777777778
1930254.7777777778
1930254.7777777778
1930254.7777777778
1930254.7777777778
1930254.7777777778
1930254.7777777778
1930254.7777777778
1930254.7777777778
1930254.7777777778
1930254.7777777778
1930254.7777777778
1930254.7777777778
1930254.7777777778
1930254.7777777778
1930254.7777777778
1930254.7777777778
1930254.7777777778
1930254.7777777778
1930254.7777777778
1930254.7777777778
1930254.7777777778
1930254.7777777778
1930254.7777777778
1930254.7777777778
1930254.7777777778
1930254.7777777778
1930254.7777777778
1930254.7777777778
1930254.7777777778
1930254.7777777778
1930254.7777777778
1930254.7777777778
1930254.7777777778
1930254.7777777778
1930254.7777777778
1930254.7777777778
1930254.7777777778
1930254.7777777778
1930254.7777777778
1930254.7777777778
1930254.7777777778
1930254.7777777778
1930254.7777777778
1930254.7777777778
1930254.7777777778
1930254.7777777778
1930254.7777777778
1930254.7777777778
1930254.7777777778
1930254.7777777778
1930254.7777777778
1930254.7777777778
1930254.7777777778
1930254.7777777778
1930254.7777777778
1930254.7777777778
1930254.7777777778
1930254.7777777778
1930254.7777777778
1930254.7777777778
1930254.7777777778
1930254.7777777778
1930254.7777777778
1930254.7777777778
1930254.7777777778
1930254.7777777778
1930254.7777777778
1930254.7777777778
1930254.7777777778
1930254.7777777778
1930254.7777777778
1930254.7777777778
1930254.7777777778
1930254.7777777778
1930254.7777777778
1930254.7777777778
1930254.7777777778
1930254.7777777778
1930254.7777777778
1930254.7777777778
1930254.7777777778
1930254.7777777778
1930254.7777777778
1930254.7777777778
1930254.7777777778
1930254.7777777778
1930254.7777777778
1930254.7777777778
1930254.7777777778
1930254.7777777778
1930254.7777777778
1930254.7777777778
1930254.7777777778
1930254.7777777778
1930254.7777777778
1930254.7777777778
1930254.7777777778
1930254.7777777778
1930254.7777777778
1930254.7777777778
1930254.7777777778
1930254.7777777778
1930254.7777777778
1930254.7777777778
1930254.7777777778
1930254.7777777778
1930254.7777777778
1930254.7777777778
1930254.7777777778
1930254.7777777778
1930254.7777777778
1930254.7777777778
1930254.7777777778
1930254.7777777778
1930254.7777777778
1930254.7777777778
1930254.7777777778
1930254.7777777778
1930254.7777777778
1930254.7777777778
1930254.7777777778
1930254.7777777778
1930254.7777777778
1930254.7777777778
1930254.7777777778
1930254.7777777778
1930254.7777777778
1930254.7777777778
1930254.7777777778
1930254.7777777778
1930254.7777777778
1930254.7777777778
1930254.7777777778
1930254.7777777778
1930254.7777777778
1930254.7777777778
1930254.7777777778
1930254.7777777778
1930254.7777777778
1930254.7777777778
1930254.7777777778
1930254.7777777778
1930254.7777777778
1930254.7777777778
1930254.7777777778
1930254.7777777778
1930254.7777777778
1930254.7777777778
1930254.7777777778
1930254.7777777778
1930254.7777777778
1930254.7777777778
1930254.7777777778
1930254.7777777778
1930254.7777777778
1930254.7777777778
1930254.7777777778
1930254.7777777778
1930254.7777777778
1930254.7777777778
1930254.7777777778
1930254.7777777778
1930254.7777777778
1930254.7777777778
1930254.7777777778
1930254.7777777778
1930254.7777777778
1930254.7777777778
1930254.7777777778
1930254.7777777778
1930254.7777777778
1930254.7777777778
1930254.7777777778
1930254.7777777778
1930254.7777777778
1930254.7777777778
1930254.7777777778
1930254.7777777778
1930254.7777777778
1930254.7777777778
1930254.7777777778
1930254.7777777778
1930254.7777777778
1930254.7777777778
1930254.7777777778



The list of best values first execution 

2601.0
2601.0
2601.0
2601.0
2601.0
2601.0
2601.0
2601.0
2601.0
2601.0
2601.0
2601.0
2601.0
2601.0
2601.0
2601.0
2601.0
2601.0
2601.0
2601.0
2601.0
2601.0
2601.0
2601.0
2601.0
2601.0
2601.0
2601.0
2601.0
2601.0
2601.0
2601.0
2601.0
2601.0
2601.0
2601.0
2601.0
2601.0
2601.0
2601.0
2601.0
2601.0
2601.0
2601.0
2601.0
2601.0
2601.0
2601.0
2601.0
2601.0
2601.0
2601.0
2601.0
2601.0
2601.0
2601.0
2601.0
2601.0
2601.0
2601.0
2601.0
2601.0
2601.0
2601.0
2601.0
2601.0
2601.0
2601.0
2601.0
2601.0
2601.0
2601.0
2601.0
2601.0
2601.0
2601.0
2601.0
2601.0
2601.0
2601.0
2601.0
2601.0
2601.0
2601.0
2601.0
2601.0
2601.0
2601.0
2601.0
2601.0
2601.0
2601.0
2601.0
2601.0
2601.0
2601.0
2601.0
2601.0
2601.0
2601.0
2601.0
2601.0
2601.0
2601.0
2601.0
2601.0
2601.0
2601.0
2601.0
2601.0
2601.0
2601.0
2601.0
2601.0
2601.0
2601.0
2601.0
2601.0
2601.0
2601.0
2601.0
2601.0
2601.0
2601.0
2601.0
2601.0
2601.0
2601.0
2601.0
2601.0
2601.0
2601.0
2601.0
2601.0
2601.0
2601.0
2601.0
2601.0
2601.0
2601.0
2601.0
2601.0
2601.0
2601.0
2601.0
2601.0
2601.0
2601.0
2601.0
2601.0
2601.0
2601.0
2601.0
2601.0
2601.0
2601.0
2601.0
2601.0
2601.0
2601.0
2601.0
2601.0
2601.0
2601.0
2601.0
2601.0
2601.0
2601.0
2601.0
2601.0
2601.0
2601.0
2601.0
2601.0
2601.0
2601.0
2601.0
2601.0
2601.0
2601.0
2601.0
2601.0
2601.0
2601.0
2601.0
2601.0
2601.0
2601.0
2601.0
2601.0
2601.0
2601.0
2601.0
2601.0
2601.0
2601.0
2601.0
2601.0
2601.0
2601.0
2601.0
2601.0
2601.0
2601.0
2601.0
2601.0
2601.0
2601.0
2601.0
2601.0
2601.0
2601.0
2601.0
2601.0
2601.0
2601.0
2601.0
2601.0
2601.0
2601.0
2601.0
2601.0
2601.0
2601.0
2601.0
2601.0
2601.0
2601.0
2601.0
2601.0
2601.0
2601.0
2601.0
2601.0
2601.0
2601.0
2601.0
2601.0
2601.0
2601.0
2601.0
2601.0
2601.0
2601.0
2601.0
2601.0
2601.0
2601.0
2601.0
2601.0
2601.0
2601.0
2601.0
2601.0
2601.0
2601.0
2601.0
2601.0
2601.0
2601.0
2601.0
2601.0
2601.0
2601.0
2601.0
2601.0
2601.0
2601.0
2601.0
2601.0
2601.0
2601.0
2601.0
2601.0
2601.0
2601.0
2601.0
2601.0
2601.0
2601.0
2601.0
2601.0
2601.0
2601.0
2601.0
2601.0
2601.0
2601.0
2601.0
2601.0
2601.0
2601.0
2601.0
2601.0
2601.0
2601.0
2601.0
2601.0
2601.0
2601.0
2601.0
2601.0
2601.0
2601.0
2601.0
2601.0
2601.0
2601.0
2601.0
2601.0
2601.0
2601.0
2601.0
2601.0
2601.0
2601.0
2601.0
2601.0
2601.0
2601.0
2601.0
2601.0
2601.0
2601.0
2601.0
2601.0
2601.0
2601.0
2601.0
2601.0
2601.0
2601.0
2601.0
2601.0
2601.0
2601.0
2601.0
2601.0
2601.0
2601.0
2601.0
2601.0
2601.0
2601.0
2601.0
2601.0
2601.0
2601.0
2601.0
2601.0
2601.0
2601.0
2601.0
2601.0
2601.0
2601.0
2601.0
2601.0
2601.0
2601.0
2601.0
2601.0
2601.0
2601.0
2601.0
2601.0
2601.0
2601.0
2601.0
2601.0
2601.0
2601.0
2601.0
2601.0
2601.0
2601.0
2601.0
2601.0
2601.0
2601.0
2601.0
2601.0
2601.0
2601.0
2601.0
2601.0
2601.0
2601.0
2601.0
2601.0
2601.0
2601.0
2601.0
2601.0
2601.0
2601.0
2601.0
2601.0
2601.0
2601.0
2601.0
2601.0
2601.0
2601.0
2601.0
2601.0
2601.0
2601.0
2601.0
2601.0
2601.0
2601.0
2601.0
2601.0
2601.0
2601.0
2601.0
2601.0
2601.0
2601.0
2601.0
2601.0
2601.0
2601.0
2601.0
2601.0
2601.0
2601.0
2601.0
2601.0
2601.0
2601.0
2601.0
2601.0
2601.0
2601.0
2601.0
2601.0
2601.0
2601.0
2601.0
2601.0
2601.0
2601.0
2601.0
2601.0
2601.0
2601.0
2601.0
2601.0
2601.0
2601.0
2601.0
2601.0
2601.0
2601.0
2601.0
2601.0
2601.0
2601.0
2601.0
2601.0
2601.0
2601.0
2601.0
2601.0
2601.0
2601.0
2601.0
2601.0
2601.0
2601.0
2601.0
2601.0
2601.0
2601.0
2601.0
2601.0
2601.0
2601.0
2601.0
2601.0
2601.0
2601.0
2601.0
2601.0
2601.0
2601.0
2601.0
2601.0
2601.0
2601.0
2601.0
2601.0
2601.0
2601.0
2601.0
2601.0
2601.0
2601.0
2601.0
2601.0
2601.0
2601.0
2601.0
2601.0
2601.0
2601.0
2601.0
2601.0
2601.0
2601.0
2601.0
2601.0
2601.0
2601.0
2601.0
2601.0
2601.0
2601.0
2601.0
2601.0
2601.0
2601.0
2601.0
2601.0
2601.0
2601.0
2601.0
2601.0
2601.0
2601.0
2601.0
2601.0
2601.0
2601.0
2601.0
2601.0
2601.0
2601.0
2601.0
2601.0
2601.0
2601.0
2601.0
2601.0
2601.0
2601.0
2601.0
2601.0
2601.0
2601.0
2601.0
2601.0
2601.0
2601.0
2601.0
2601.0
2601.0
2601.0
2601.0
2601.0
2601.0
2601.0
2601.0
2601.0
2601.0
2601.0
2601.0
2601.0
2601.0
2601.0
2601.0
2601.0
2601.0
2601.0
2601.0
2601.0
2601.0
2601.0
2601.0
2601.0
2601.0
2601.0
2601.0
2601.0
2601.0
2601.0
2601.0
2601.0
2601.0
2601.0
2601.0
2601.0
2601.0
2601.0
2601.0
2601.0
2601.0
2601.0
2601.0
2601.0
2601.0
2601.0
2601.0
2601.0
2601.0
2601.0
2601.0
2601.0
2601.0
2601.0
2601.0
2601.0
2601.0
2601.0
2601.0
2601.0
2601.0
2601.0
2601.0
2601.0
2601.0
2601.0
2601.0
2601.0
2601.0
2601.0
2601.0
2601.0
2601.0
2601.0
2601.0
2601.0
2601.0
2601.0
2601.0
2601.0
2601.0
2601.0
2601.0
2601.0
2601.0
2601.0
2601.0
2601.0
2601.0
2601.0
2601.0
2601.0
2601.0
2601.0
2601.0
2601.0
2601.0
2601.0
2601.0
2601.0
2601.0
2601.0
2601.0
2601.0
2601.0
2601.0
2601.0
2601.0
2601.0
2601.0
2601.0
2601.0
2601.0
2601.0
2601.0
2601.0
2601.0
2601.0
2601.0
2601.0
2601.0
2601.0
2601.0
2601.0
2601.0
2601.0
2601.0
2601.0
2601.0
2601.0
2601.0
2601.0
2601.0
2601.0
2601.0
2601.0
2601.0
2601.0
2601.0
2601.0
2601.0
2601.0
2601.0
2601.0
2601.0
2601.0
2601.0
2601.0
2601.0
2601.0
2601.0
2601.0
2601.0
2601.0
2601.0
2601.0
2601.0
2601.0
2601.0
2601.0
2601.0
2601.0
2601.0
2601.0
2601.0
2601.0
2601.0
2601.0
2601.0
2601.0
2601.0
2601.0
2601.0
2601.0
2601.0
2601.0
2601.0
2601.0
2601.0
2601.0
2601.0
2601.0
2601.0
2601.0
2601.0
2601.0
2601.0
2601.0
2601.0
2601.0
2601.0
2601.0
2601.0
2601.0
2601.0
2601.0
2601.0
2601.0
2601.0
2601.0
2601.0
2601.0
2601.0
2601.0
2601.0
2601.0
2601.0
2601.0
2601.0
2601.0
2601.0
2601.0
2601.0
2601.0
2601.0
2601.0
2601.0
2601.0
2601.0
2601.0
2601.0
2601.0
2601.0
2601.0
2601.0
2601.0
2601.0
2601.0
2601.0
2601.0
2601.0
2601.0
2601.0
2601.0
2601.0
2601.0
2601.0
2601.0
2601.0
2601.0
2601.0
2601.0



The list of values average 

1811806.4488888886
1132415.2444444445
1097600.542222222
1094487.4755555557
1092581.7555555555
1091894.0133333332
1091860.0133333334
1091859.0133333334
1091894.0133333332
1091860.0133333334
1091859.0133333334
1091894.0133333332
1091860.0133333334
1091859.0133333334
1091895.68
1091860.0133333334
1091859.0133333334
1091894.0133333332
1091860.0133333334
1091859.0133333334
1091894.0133333332
1091860.0133333334
1091859.0133333334
1091894.0133333332
1091860.0133333334
1091859.0133333334
1091894.0133333332
1091860.0133333334
1091859.0133333334
1091895.3466666664
1091860.0133333334
1091859.0133333334
1091895.68
1091860.0133333334
1091859.0133333334
1091783.9999999998
1091750.0
1091748.9999999998
1091783.9999999998
1091750.0
1091748.9999999998
1091783.9999999998
1091750.0
1091748.9999999998
1091783.9999999998
1091750.0
1091748.9999999998
1091785.3333333333
1091750.0
1091748.9999999998
1091783.9999999998
1091750.0
1091748.9999999998
1091783.9999999998
1091750.0
1091748.9999999998
1091783.9999999998
1091751.6666666667
1091748.9999999998
1091783.9999999998
1091750.0
1091748.9999999998
1091783.9999999998
1091750.0
1091748.9999999998
1091783.9999999998
1091750.0
1091748.9999999998
1091783.9999999998
1091750.0
1091748.9999999998
1091783.9999999998
1091751.6666666667
1091748.9999999998
1091783.9999999998
1091750.0
1091748.9999999998
1091783.9999999998
1091750.0
1091748.9999999998
1091783.9999999998
1091750.0
1091748.9999999998
1091783.9999999998
1091750.0
1091748.9999999998
1091783.9999999998
1091761.6666666667
1091750.9999999998
1091785.3333333333
1091750.0
1091748.9999999998
1091783.9999999998
1091750.0
1091748.9999999998
1091783.9999999998
1091750.0
1091748.9999999998
1091783.9999999998
1091750.0
1091748.9999999998
1091783.9999999998
1091750.0
1091748.9999999998
1091783.9999999998
1091750.0
1091748.9999999998
1091783.9999999998
1091750.0
1091748.9999999998
1091783.9999999998
1091750.0
1091748.9999999998
1091783.9999999998
1091750.0
1091748.9999999998
1091783.9999999998
1091750.0
1091748.9999999998
1091783.9999999998
1091750.0
1091748.9999999998
1091783.9999999998
1091750.0
1091748.9999999998
1091783.9999999998
1091750.0
1091748.9999999998
1091783.9999999998
1091750.0
1091748.9999999998
1091783.9999999998
1091750.0
1091748.9999999998
1091783.9999999998
1091750.0
1091748.9999999998
1091783.9999999998
1091750.0
1091748.9999999998
1091783.9999999998
1091750.0
1091748.9999999998
1091783.9999999998
1091750.0
1091748.9999999998
1091783.9999999998
1091750.0
1091748.9999999998
1091783.9999999998
1091750.0
1091748.9999999998
1091786.3333333333
1091750.0
1091748.9999999998
1091783.9999999998
1091750.0
1091748.9999999998
1091783.9999999998
1091750.0
1091748.9999999998
1091783.9999999998
1091750.0
1091748.9999999998
1091783.9999999998
1091750.0
1091748.9999999998
1091783.9999999998
1091750.0
1091748.9999999998
1091783.9999999998
1091750.0
1091748.9999999998
1091785.3333333333
1091750.0
1091748.9999999998
1091785.3333333333
1091750.0
1091748.9999999998
1091785.3333333333
1091750.0
1091748.9999999998
1091783.9999999998
1091750.0
1091748.9999999998
1091785.3333333333
1091750.0
1091748.9999999998
1091783.9999999998
1091750.0
1091748.9999999998
1091783.9999999998
1091750.0
1091748.9999999998
1091783.9999999998
1091750.0
1091748.9999999998
1091783.9999999998
1091750.0
1091748.9999999998
1091783.9999999998
1091750.0
1091748.9999999998
1091783.9999999998
1091750.0
1091748.9999999998
1091783.9999999998
1091750.0
1091748.9999999998
1091783.9999999998
1091750.0
1091748.9999999998
1091783.9999999998
1091750.0
1091748.9999999998
1091783.9999999998
1091750.0
1091748.9999999998
1091783.9999999998
1091750.0
1091750.6666666663
1091783.9999999998
1091750.0
1091748.9999999998
1091783.9999999998
1091750.0
1091748.9999999998
1091783.9999999998
1091750.0
1091748.9999999998
1091783.9999999998
1091750.0
1091748.9999999998
1091783.9999999998
1091750.0
1091748.9999999998
1091783.9999999998
1091750.0
1091748.9999999998
1091783.9999999998
1091750.0
1091748.9999999998
1091783.9999999998
1091750.0
1091748.9999999998
1091783.9999999998
1091750.0
1091748.9999999998
1091783.9999999998
1091750.0
1091748.9999999998
1091783.9999999998
1091750.0
1091748.9999999998
1091783.9999999998
1091750.0
1091748.9999999998
1091785.6666666665
1091751.6666666667
1091748.9999999998
1091783.9999999998
1091750.0
1091748.9999999998
1091783.9999999998
1091750.0
1091748.9999999998
1091783.9999999998
1091750.0
1091748.9999999998
1091783.9999999998
1091750.0
1091774.9999999998
1091783.9999999998
1091750.0
1091748.9999999998
1091783.9999999998
1091750.0
1091748.9999999998
1091783.9999999998
1091750.0
1091748.9999999998
1091785.6666666665
1091750.0
1091748.9999999998
1091783.9999999998
1091751.6666666667
1091748.9999999998
1091783.9999999998
1091750.0
1091748.9999999998
1091785.3333333333
1091750.0
1091748.9999999998
1091783.9999999998
1091750.0
1091748.9999999998
1091783.9999999998
1091750.0
1091748.9999999998
1091783.9999999998
1091750.0
1091748.9999999998
1091783.9999999998
1091750.0
1091748.9999999998
1091783.9999999998
1091750.0
1091748.9999999998
1091783.9999999998
1091750.0
1091748.9999999998
1091783.9999999998
1091750.0
1091748.9999999998
1091783.9999999998
1091750.0
1091750.3333333333
1091785.6666666665
1091750.0
1091748.9999999998
1091783.9999999998
1091750.0
1091748.9999999998
1091783.9999999998
1091750.0
1091748.9999999998
1091783.9999999998
1091750.0
1091748.9999999998
1091783.9999999998
1091750.0
1091748.9999999998
1091783.9999999998
1091750.0
1091748.9999999998
1091783.9999999998
1091751.6666666667
1091748.9999999998
1091783.9999999998
1091750.0
1091748.9999999998
1091809.9999999998
1091751.6666666667
1091774.9999999998
1091783.9999999998
1091750.0
1091750.9999999998
1091783.9999999998
1091750.0
1091748.9999999998
1091785.3333333333
1091750.0
1091774.9999999998
1091783.9999999998
1091750.0
1091748.9999999998
1091783.9999999998
1091750.0
1091748.9999999998
1091783.9999999998
1091750.0
1091748.9999999998
1091783.9999999998
1091750.0
1091748.9999999998
1091785.3333333333
1091750.0
1091748.9999999998
1091785.3333333333
1091750.0
1091748.9999999998
1091783.9999999998
1091750.0
1091748.9999999998
1091783.9999999998
1091750.0
1091748.9999999998
1091783.9999999998
1091750.0
1091748.9999999998
1091783.9999999998
1091750.0
1091748.9999999998
1091783.9999999998
1091750.0
1091748.9999999998
1091783.9999999998
1091750.0
1091748.9999999998
1091783.9999999998
1091750.0
1091774.9999999998
1091783.9999999998
1091750.0
1091748.9999999998
1091783.9999999998
1091750.0
1091748.9999999998
1091809.9999999998
1091750.0
1091748.9999999998
1091783.9999999998
1091750.0
1091748.9999999998
1091783.9999999998
1091750.0
1091748.9999999998
1091783.9999999998
1091750.0
1091748.9999999998
1091783.9999999998
1091750.0
1091748.9999999998
1091783.9999999998
1091750.0
1091774.9999999998
1091783.9999999998
1091750.0
1091748.9999999998
1091785.6666666665
1091750.0
1091748.9999999998
1091809.9999999998
1091750.0
1091748.9999999998
1091785.3333333333
1091750.0
1091748.9999999998
1091783.9999999998
1091750.0
1091748.9999999998
1091783.9999999998
1091750.0
1091748.9999999998
1091783.9999999998
1091750.0
1091748.9999999998
1091783.9999999998
1091750.0
1091748.9999999998
1091783.9999999998
1091750.0
1091748.9999999998
1091783.9999999998
1091750.0
1091748.9999999998
1091783.9999999998
1091750.0
1091748.9999999998
1091785.6666666665
1091750.0
1091748.9999999998
1091783.9999999998
1091750.0
1091748.9999999998
1091785.3333333333
1091750.0
1091748.9999999998
1091783.9999999998
1091750.0
1091748.9999999998
1091783.9999999998
1091750.0
1091748.9999999998
1091783.9999999998
1091750.0
1091748.9999999998
1091783.9999999998
1091750.0
1091748.9999999998
1091783.9999999998
1091750.0
1091748.9999999998
1091783.9999999998
1091750.0
1091748.9999999998
1091783.9999999998
1091750.0
1091748.9999999998
1091783.9999999998
1091750.0
1091748.9999999998
1091783.9999999998
1091750.0
1091748.9999999998
1091783.9999999998
1091750.0
1091748.9999999998
1091785.3333333333
1091750.0
1091748.9999999998
1091783.9999999998
1091750.0
1091748.9999999998
1091783.9999999998
1091750.0
1091748.9999999998
1091783.9999999998
1091750.0
1091748.9999999998
1091783.9999999998
1091750.0
1091748.9999999998
1091783.9999999998
1091750.0
1091748.9999999998
1091783.9999999998
1091750.0
1091748.9999999998
1091783.9999999998
1091750.0
1091748.9999999998
1091783.9999999998
1091751.6666666667
1091748.9999999998
1091783.9999999998
1091750.0
1091748.9999999998
1091783.9999999998
1091750.0
1091748.9999999998
1091783.9999999998
1091750.0
1091748.9999999998
1091783.9999999998
1091750.0
1091748.9999999998
1091783.9999999998
1091750.0
1091748.9999999998
1091783.9999999998
1091750.0
1091748.9999999998
1091783.9999999998
1091750.0
1091748.9999999998
1091783.9999999998
1091750.0
1091748.9999999998
1091783.9999999998
1091750.0
1091748.9999999998
1091783.9999999998
1091750.0
1091748.9999999998
1091783.9999999998
1091750.0
1091748.9999999998
1091783.9999999998
1091750.0
1091748.9999999998
1091783.9999999998
1091750.0
1091750.9999999998
1091783.9999999998
1091750.0
1091748.9999999998
1091783.9999999998
1091750.0
1091748.9999999998
1091783.9999999998
1091750.0
1091748.9999999998
1091783.9999999998
1091750.0
1091750.3333333333
1091783.9999999998
1091750.0
1091748.9999999998
1091783.9999999998
1091750.0
1091748.9999999998
1091783.9999999998
1091750.0
1091748.9999999998
1091783.9999999998
1091750.0
1091748.9999999998
1091783.9999999998
1091750.0
1091748.9999999998
1091783.9999999998
1091750.0
1091748.9999999998
1091783.9999999998
1091750.0
1091748.9999999998
1091809.9999999998
1091750.0
1091748.9999999998
1091783.9999999998
1091750.0
1091748.9999999998
1091783.9999999998
1091750.0
1091748.9999999998
1091783.9999999998
1091750.0
1091748.9999999998
1091783.9999999998
1091750.0
1091748.9999999998
1091783.9999999998
1091750.0
1091748.9999999998
1091783.9999999998
1091750.0
1091748.9999999998
1091783.9999999998
1091750.0
1091748.9999999998
1091785.3333333333
1091750.0
1091748.9999999998
1091783.9999999998
1091750.0
1091748.9999999998
1091809.9999999998
1091750.0
1091748.9999999998
1091783.9999999998
1091750.0
1091748.9999999998
1091783.9999999998
1091750.0
1091748.9999999998
1091785.3333333333
1091750.0
1091748.9999999998
1091783.9999999998
1091750.0
1091748.9999999998
1091783.9999999998
1091750.0
1091748.9999999998
1091783.9999999998
1091751.6666666667
1091748.9999999998
1091783.9999999998
1091751.6666666667
1091748.9999999998
1091783.9999999998
1091750.0
1091748.9999999998
1091783.9999999998
1091751.6666666667
1091748.9999999998
1091783.9999999998
1091750.0
1091748.9999999998
1091783.9999999998
1091750.0
1091748.9999999998
1091783.9999999998
1091750.0
1091748.9999999998
1091783.9999999998
1091750.0
1091748.9999999998
1091783.9999999998
1091750.0
1091748.9999999998
1091783.9999999998
1091750.0
1091748.9999999998
1091783.9999999998
1091750.0
1091748.9999999998
1091783.9999999998
1091750.0
1091748.9999999998
1091783.9999999998
1091750.0
1091748.9999999998
1091783.9999999998
1091750.0
1091748.9999999998
1091783.9999999998
1091750.0
1091748.9999999998
1091783.9999999998
1091750.0
1091748.9999999998
1091783.9999999998
1091750.0
1091750.3333333333
1091783.9999999998
1091750.0
1091748.9999999998
1091783.9999999998
1091750.0
1091748.9999999998
1091809.9999999998
1091750.0
1091748.9999999998
1091783.9999999998
1091750.0
1091748.9999999998
1091783.9999999998
1091750.0
1091748.9999999998
1091783.9999999998
1091750.0
1091748.9999999998
1091783.9999999998
1091750.0
1091748.9999999998
1091783.9999999998
1091750.0
1091748.9999999998
1091783.9999999998
1091750.0
1091748.9999999998
1091783.9999999998
1091750.0
1091748.9999999998
1091783.9999999998
1091750.0
1091748.9999999998
1091785.3333333333
1091750.0
1091748.9999999998
1091783.9999999998
1091750.0
1091748.9999999998
1091783.9999999998
1091750.0
1091748.9999999998
1091783.9999999998
1091750.0
1091748.9999999998
1091783.9999999998
1091750.0
1091748.9999999998
1091783.9999999998
1091750.0
1091748.9999999998
1091783.9999999998
1091750.0
1091748.9999999998
1091783.9999999998
1091750.0
1091748.9999999998
1091783.9999999998
1091750.0
1091774.9999999998
1091783.9999999998
1091750.0
1091748.9999999998
1091783.9999999998
1091750.0
1091748.9999999998
1091783.9999999998
1091750.0
1091748.9999999998
1091783.9999999998
1091750.0
1091748.9999999998
1091783.9999999998
1091750.0
1091748.9999999998
1091783.9999999998
1091750.0
1091748.9999999998
1091783.9999999998
1091750.0
1091748.9999999998
1091785.3333333333
1091750.0
1091748.9999999998
1091783.9999999998
1091751.6666666667
1091748.9999999998
1091783.9999999998
1091750.0
1091748.9999999998
1091783.9999999998
1091750.0
1091748.9999999998
1091783.9999999998
1091750.0
1091748.9999999998
1091783.9999999998
1091750.0
1091748.9999999998
1091809.9999999998
1091750.0
1091748.9999999998
1091783.9999999998
1091750.0
1091748.9999999998
1091785.6666666665
1091750.0
1091748.9999999998
1091783.9999999998
1091750.0
1091750.3333333333
1091783.9999999998
1091750.0
1091748.9999999998



The list of best values average 

3891.3200000000014634.3600000000015984.9200000000017298.2800000000017578.44000000000058099.727298.2800000000017578.44000000000058099.727298.2800000000017578.44000000000058099.727298.2800000000017578.44000000000058099.727298.2800000000017578.44000000000058099.727298.2800000000017578.44000000000058099.727298.2800000000017578.44000000000058099.727298.2800000000017578.44000000000058099.727298.2800000000017578.44000000000058099.727298.2800000000017578.44000000000058099.727298.2800000000017578.44000000000058099.727298.2800000000017578.44000000000058099.727298.2800000000017578.44000000000058099.727298.2800000000017578.44000000000058099.727298.2800000000017578.44000000000058099.727298.2800000000017578.44000000000058099.727298.2800000000017578.44000000000058099.727298.2800000000017578.44000000000058099.727328.2800000000017578.44000000000058099.727298.2800000000017578.44000000000058099.727298.2800000000017578.44000000000058099.727298.2800000000017578.44000000000058099.727298.2800000000017578.44000000000058099.727328.2800000000017578.44000000000058099.727298.2800000000017578.44000000000058099.727298.2800000000017578.44000000000058099.727298.2800000000017578.44000000000058099.727298.2800000000017578.44000000000058099.727225.4800000000017589.1600000000018099.727298.2800000000017578.44000000000058099.727298.2800000000017578.44000000000058099.727298.2800000000017578.44000000000058099.727298.2800000000017578.44000000000058099.727298.2800000000017578.44000000000058099.727298.2800000000017578.44000000000058099.727298.2800000000017578.44000000000058099.727298.2800000000017578.44000000000058099.727298.2800000000017578.44000000000058099.727298.2800000000017578.44000000000058099.727298.2800000000017578.44000000000058099.727298.2800000000017578.44000000000058099.727298.2800000000017578.44000000000058099.727298.2800000000017578.44000000000058099.727298.2800000000017578.44000000000058099.727298.2800000000017578.44000000000058099.727298.2800000000017578.44000000000058099.727298.2800000000017578.44000000000058099.727298.2800000000017578.44000000000058099.727298.2800000000017578.44000000000058099.727298.2800000000017578.44000000000058099.727298.2800000000017578.44000000000058099.727298.2800000000017578.44000000000058099.727298.2800000000017578.44000000000058099.727298.2800000000017578.44000000000058099.727298.2800000000017578.44000000000058099.727298.2800000000017578.44000000000058099.727298.2800000000017578.44000000000058099.727298.2800000000017578.44000000000058099.727298.2800000000017578.44000000000058099.727298.2800000000017578.44000000000058099.727298.2800000000017578.44000000000058099.727298.2800000000017578.44000000000058099.727298.2800000000017578.44000000000058099.727298.2800000000017578.44000000000058099.727298.2800000000017578.44000000000058099.727298.2800000000017578.44000000000058099.727298.2800000000017578.44000000000058099.727298.2800000000017578.44000000000058099.727298.2800000000017578.44000000000058099.727298.2800000000017578.44000000000058099.727298.2800000000017578.44000000000058099.727298.2800000000017578.44000000000058099.727298.2800000000017578.44000000000058099.727298.2800000000017578.44000000000058099.727298.2800000000017578.44000000000058099.727298.2800000000017578.44000000000058099.727298.2800000000017578.44000000000058099.727298.2800000000017578.44000000000058099.727298.2800000000017578.44000000000058099.727298.2800000000017578.44000000000058099.727298.2800000000017578.44000000000058099.727298.2800000000017578.44000000000058099.727298.2800000000017578.44000000000058099.727298.2800000000017578.44000000000058099.727298.2800000000017578.44000000000058099.727328.2800000000017578.44000000000058099.727298.2800000000017578.44000000000058099.727298.2800000000017578.44000000000058099.727298.2800000000017578.44000000000058099.727298.2800000000017578.44000000000058099.727298.2800000000017578.44000000000058099.727298.2800000000017578.44000000000058099.727298.2800000000017578.44000000000058099.727298.2800000000017578.44000000000058099.727328.2800000000017578.44000000000058099.727298.2800000000017578.44000000000058099.727298.2800000000017578.44000000000058099.727298.2800000000017578.44000000000058099.727298.2800000000017578.44000000000058099.727298.2800000000017578.44000000000058099.727298.2800000000017578.44000000000058099.727298.2800000000017578.44000000000058099.727298.2800000000017578.44000000000058099.727298.2800000000017578.44000000000058099.727298.2800000000017578.44000000000058099.727298.2800000000017578.44000000000058099.727298.2800000000017578.44000000000058099.727298.2800000000017578.44000000000058099.727298.2800000000017578.44000000000058099.727298.2800000000017578.44000000000058099.727298.2800000000017578.44000000000058099.727328.2800000000017578.44000000000058099.727298.2800000000017578.44000000000058238.67328.2800000000017578.44000000000058099.727298.2800000000017589.1600000000018099.727298.2800000000017578.44000000000058099.727298.2800000000017578.44000000000058099.727298.2800000000017578.44000000000058099.727298.2800000000017578.44000000000058099.727298.2800000000017578.44000000000058099.727298.2800000000017578.44000000000058099.727298.2800000000017578.44000000000058099.727298.2800000000017578.44000000000058099.727298.2800000000017578.44000000000058099.727298.2800000000017578.44000000000058099.727298.2800000000017578.44000000000058099.727298.2800000000017578.44000000000058099.727298.2800000000017578.44000000000058099.727298.2800000000017578.44000000000058099.727298.2800000000017578.44000000000058099.727298.2800000000017578.44000000000058099.727298.2800000000017578.44000000000058238.67298.2800000000017578.44000000000058099.727298.2800000000017578.44000000000058099.727298.2800000000017578.44000000000058099.727298.2800000000017578.44000000000058099.727298.2800000000017578.44000000000058099.727298.2800000000017578.44000000000058099.727298.2800000000017578.44000000000058099.727298.2800000000017578.44000000000058238.67298.2800000000017578.44000000000058099.727298.2800000000017578.44000000000058099.727298.2800000000017578.44000000000058099.727298.2800000000017578.44000000000058099.727298.2800000000017578.44000000000058099.727298.2800000000017578.44000000000058099.727298.2800000000017578.44000000000058099.727298.2800000000017578.44000000000058099.727298.2800000000017578.44000000000058099.727298.2800000000017578.44000000000058099.727298.2800000000017578.44000000000058099.727298.2800000000017578.44000000000058099.727298.2800000000017578.44000000000058099.727298.2800000000017578.44000000000058099.727298.2800000000017578.44000000000058099.727298.2800000000017578.44000000000058099.727298.2800000000017578.44000000000058099.727298.2800000000017578.44000000000058099.727298.2800000000017578.44000000000058099.727298.2800000000017578.44000000000058099.727298.2800000000017578.44000000000058099.727298.2800000000017578.44000000000058099.727298.2800000000017578.44000000000058099.727298.2800000000017578.44000000000058099.727298.2800000000017578.44000000000058099.727298.2800000000017578.44000000000058099.727298.2800000000017578.44000000000058099.727298.2800000000017578.44000000000058099.727298.2800000000017578.44000000000058099.727298.2800000000017578.44000000000058099.727328.2800000000017578.44000000000058099.727298.2800000000017578.44000000000058099.727298.2800000000017578.44000000000058099.727298.2800000000017578.44000000000058099.727298.2800000000017578.44000000000058099.727298.2800000000017578.44000000000058099.727298.2800000000017578.44000000000058099.727298.2800000000017578.44000000000058099.727298.2800000000017578.44000000000058099.727298.2800000000017578.44000000000058099.727298.2800000000017578.44000000000058099.727298.2800000000017578.44000000000058099.727298.2800000000017578.44000000000058099.727298.2800000000017589.1600000000018099.727298.2800000000017578.44000000000058099.727298.2800000000017578.44000000000058099.727298.2800000000017578.44000000000058099.727298.2800000000017578.44000000000058099.727298.2800000000017578.44000000000058099.727298.2800000000017578.44000000000058099.727298.2800000000017578.44000000000058099.727298.2800000000017578.44000000000058099.727298.2800000000017578.44000000000058099.727298.2800000000017578.44000000000058099.727298.2800000000017578.44000000000058238.67298.2800000000017578.44000000000058099.727298.2800000000017578.44000000000058099.727298.2800000000017578.44000000000058099.727298.2800000000017578.44000000000058099.727298.2800000000017578.44000000000058099.727298.2800000000017578.44000000000058099.727298.2800000000017578.44000000000058099.727298.2800000000017578.44000000000058099.727298.2800000000017578.44000000000058099.727298.2800000000017578.44000000000058238.67298.2800000000017578.44000000000058099.727298.2800000000017578.44000000000058099.727298.2800000000017578.44000000000058099.727298.2800000000017578.44000000000058099.727298.2800000000017578.44000000000058099.727298.2800000000017578.44000000000058099.727328.2800000000017578.44000000000058099.727328.2800000000017578.44000000000058099.727298.2800000000017578.44000000000058099.727328.2800000000017578.44000000000058099.727298.2800000000017578.44000000000058099.727298.2800000000017578.44000000000058099.727298.2800000000017578.44000000000058099.727298.2800000000017578.44000000000058099.727298.2800000000017578.44000000000058099.727298.2800000000017578.44000000000058099.727298.2800000000017578.44000000000058099.727298.2800000000017578.44000000000058099.727298.2800000000017578.44000000000058099.727298.2800000000017578.44000000000058099.727298.2800000000017578.44000000000058099.727298.2800000000017578.44000000000058099.727298.2800000000017578.44000000000058099.727298.2800000000017578.44000000000058099.727298.2800000000017578.44000000000058238.67298.2800000000017578.44000000000058099.727298.2800000000017578.44000000000058099.727298.2800000000017578.44000000000058099.727298.2800000000017578.44000000000058099.727298.2800000000017578.44000000000058099.727298.2800000000017578.44000000000058099.727298.2800000000017578.44000000000058099.727298.2800000000017578.44000000000058099.727298.2800000000017578.44000000000058099.727298.2800000000017578.44000000000058099.727298.2800000000017578.44000000000058099.727298.2800000000017578.44000000000058099.727298.2800000000017578.44000000000058099.727298.2800000000017578.44000000000058099.727298.2800000000017578.44000000000058099.727298.2800000000017578.44000000000058099.727298.2800000000017578.44000000000058099.727298.2800000000017578.44000000000058099.727298.2800000000017578.44000000000058099.727298.2800000000017578.44000000000058099.727298.2800000000017578.44000000000058099.727298.2800000000017578.44000000000058099.727298.2800000000017578.44000000000058099.727298.2800000000017578.44000000000058099.727298.2800000000017578.44000000000058099.727298.2800000000017578.44000000000058099.727328.2800000000017578.44000000000058099.727298.2800000000017578.44000000000058099.727298.2800000000017578.44000000000058099.727298.2800000000017578.44000000000058099.727298.2800000000017578.44000000000058238.67298.2800000000017578.44000000000058099.727298.2800000000017578.44000000000058099.727298.2800000000017578.44000000000058099.727298.2800000000017578.44000000000058099.727298.2800000000017578.4400000000005