----------Report of simulation of Quantum Parallel Tempering - Population Annealing v2-----------
The number of considered Spin70
The considered Annealing Duration 280
The considered Annealing Number 100
The considered T 1.0
The considered Gamma0 1.0
The considered Number Of Replica 3
The considered Number Of System Tempering 3
The considered Number Of System Population 3
The solution found [ 1. -1. -1. -1. -1. -1. -1. -1. -1. -1. -1. -1. -1. -1.  1. -1.  1. -1.
  1.  1.  1. -1. -1.  1.  1. -1.  1. -1.  1.  1. -1. -1.  1. -1. -1.  1.
 -1.  1. -1.  1.  1.  1.  1. -1.  1. -1.  1.  1. -1.  1. -1. -1.  1.  1.
  1. -1. -1. -1. -1. -1.  1. -1. -1.  1.  1.  1. -1.  1.  1.  1.]
The value found 4.0
The Success probability is 0.03
The average value is 3123.96
The total execution time is 843.2649266719818
The average time for execution is 8.432648439407348
The average time for all systems update is 0.030077177609716142
The average time for system tempering update is 0.005058796740713574
The average time for system population update is 411.90971279144287
The average time for replica update is 0.00166004046040868
The average time for spin update is 2.3464171848599872e-05
The list of values found 

24964.0
256.0
64.0
900.0
1444.0
28900.0
2304.0
144.0
64.0
15876.0
400.0
196.0
36.0
576.0
576.0
2304.0
1296.0
4.0
900.0
16.0
100.0
484.0
3844.0
900.0
36.0
2916.0
144.0
4096.0
4.0
8464.0
784.0
400.0
1156.0
36.0
5776.0
100.0
7056.0
196.0
5776.0
4096.0
4356.0
19600.0
8836.0
6724.0
256.0
2916.0
1024.0
484.0
4096.0
196.0
1444.0
1444.0
2916.0
324.0
900.0
3136.0
1156.0
3136.0
144.0
12544.0
576.0
1444.0
11236.0
1600.0
36.0
100.0
1600.0
196.0
484.0
196.0
196.0
400.0
36.0
21316.0
5476.0
7744.0
4096.0
324.0
2916.0
900.0
16.0
1296.0
64.0
12100.0
144.0
196.0
676.0
2500.0
9604.0
3364.0
1024.0
36.0
7744.0
4096.0
400.0
3844.0
16.0
784.0
4.0
400.0



The list of values first execution 

3989273.111111111
761291.7777777778
803400.0
803400.0
803400.0
803400.0
803400.0
803400.0
803400.0
803400.0
803400.0
803400.0
803400.0
803400.0
803400.0
803400.0
803400.0
803400.0
803400.0
803400.0
803400.0
803400.0
803400.0
803400.0
803400.0
803400.0
803400.0
803400.0
803400.0
628273.3333333334
803400.0
803400.0
803400.0
803400.0
803400.0
803400.0
803400.0
803400.0
803400.0
715836.6666666666
715836.6666666666
540710.0
540710.0
540710.0
540710.0
540710.0
540710.0
540710.0
540710.0
540710.0
540710.0
540710.0
540710.0
540710.0
540710.0
540710.0
540710.0
540710.0
540710.0
540710.0
540710.0
540710.0
540710.0
540710.0
540710.0
540710.0
540710.0
540710.0
540710.0
540710.0
540710.0
540710.0
540710.0
540710.0
540710.0
540710.0
540710.0
540710.0
540710.0
540710.0
540710.0
540710.0
540710.0
540710.0
540710.0
540710.0
540710.0
540710.0
540710.0
540710.0
540710.0
540710.0
540710.0
540710.0
540710.0
540710.0
540710.0
540710.0
540710.0
540710.0
540710.0
540710.0
540710.0
540710.0
540710.0
540710.0
540710.0
540710.0
540710.0
540710.0
540710.0
540710.0
540710.0
540710.0
540710.0
540710.0
540710.0
540710.0
540710.0
540710.0
540710.0
540710.0
540710.0
540710.0
540710.0
540710.0
540710.0
540710.0
540710.0
540710.0
540710.0
540710.0
540710.0
540710.0
540710.0
540710.0
540710.0
540710.0
540710.0
540710.0
540710.0
540710.0
540710.0
540710.0
540710.0
540710.0
540710.0
540710.0
540710.0
540710.0
540710.0
540710.0
540710.0
540710.0
540710.0
540710.0
540710.0
540710.0
540710.0
540710.0
540710.0
540710.0
540710.0
540710.0
540710.0
540710.0
540710.0
540710.0
540710.0
540710.0
540710.0
540710.0
540710.0
540710.0
540710.0
540710.0
540710.0
540710.0
540710.0
540710.0
540710.0
540710.0
540710.0
540710.0
540710.0
540710.0
540710.0
540710.0
540710.0
540710.0
540710.0
540710.0
540710.0
540710.0
540710.0
540710.0
540710.0
540710.0
540710.0
540710.0
540710.0
540710.0
540710.0
540710.0
540710.0
540710.0
540710.0
540710.0
540710.0
540710.0
540710.0
540710.0
540710.0
540710.0
540710.0
540710.0
540710.0
540710.0
540710.0
540710.0
540710.0
540710.0
540710.0
540710.0
540710.0
540710.0
540710.0
540710.0
540710.0
540710.0
540710.0
540710.0
540710.0
540710.0
540710.0
540710.0
540710.0
540710.0
540710.0
540710.0
540710.0
540710.0
540710.0
540710.0
540710.0
540710.0
540710.0
540710.0
540710.0
540710.0
540710.0
540710.0
540710.0
540710.0
540710.0
540710.0
540710.0
540710.0
540710.0
540710.0
540710.0
540710.0
540710.0
540710.0
540710.0
540710.0
540710.0
540710.0
540710.0
540710.0
540710.0
540710.0
540710.0
540710.0
540710.0
540710.0
540710.0
540710.0
540710.0
540710.0



The list of best values first execution 

158404.0
24964.0
24964.0
24964.0
24964.0
24964.0
24964.0
24964.0
24964.0
24964.0
24964.0
24964.0
24964.0
24964.0
24964.0
24964.0
24964.0
24964.0
24964.0
24964.0
24964.0
24964.0
24964.0
24964.0
24964.0
24964.0
24964.0
24964.0
24964.0
24964.0
24964.0
24964.0
24964.0
24964.0
24964.0
24964.0
24964.0
24964.0
24964.0
24964.0
24964.0
24964.0
24964.0
24964.0
24964.0
24964.0
24964.0
24964.0
24964.0
24964.0
24964.0
24964.0
24964.0
24964.0
24964.0
24964.0
24964.0
24964.0
24964.0
24964.0
24964.0
24964.0
24964.0
24964.0
24964.0
24964.0
24964.0
24964.0
24964.0
24964.0
24964.0
24964.0
24964.0
24964.0
24964.0
24964.0
24964.0
24964.0
24964.0
24964.0
24964.0
24964.0
24964.0
24964.0
24964.0
24964.0
24964.0
24964.0
24964.0
24964.0
24964.0
24964.0
24964.0
24964.0
24964.0
24964.0
24964.0
24964.0
24964.0
24964.0
24964.0
24964.0
24964.0
24964.0
24964.0
24964.0
24964.0
24964.0
24964.0
24964.0
24964.0
24964.0
24964.0
24964.0
24964.0
24964.0
24964.0
24964.0
24964.0
24964.0
24964.0
24964.0
24964.0
24964.0
24964.0
24964.0
24964.0
24964.0
24964.0
24964.0
24964.0
24964.0
24964.0
24964.0
24964.0
24964.0
24964.0
24964.0
24964.0
24964.0
24964.0
24964.0
24964.0
24964.0
24964.0
24964.0
24964.0
24964.0
24964.0
24964.0
24964.0
24964.0
24964.0
24964.0
24964.0
24964.0
24964.0
24964.0
24964.0
24964.0
24964.0
24964.0
24964.0
24964.0
24964.0
24964.0
24964.0
24964.0
24964.0
24964.0
24964.0
24964.0
24964.0
24964.0
24964.0
24964.0
24964.0
24964.0
24964.0
24964.0
24964.0
24964.0
24964.0
24964.0
24964.0
24964.0
24964.0
24964.0
24964.0
24964.0
24964.0
24964.0
24964.0
24964.0
24964.0
24964.0
24964.0
24964.0
24964.0
24964.0
24964.0
24964.0
24964.0
24964.0
24964.0
24964.0
24964.0
24964.0
24964.0
24964.0
24964.0
24964.0
24964.0
24964.0
24964.0
24964.0
24964.0
24964.0
24964.0
24964.0
24964.0
24964.0
24964.0
24964.0
24964.0
24964.0
24964.0
24964.0
24964.0
24964.0
24964.0
24964.0
24964.0
24964.0
24964.0
24964.0
24964.0
24964.0
24964.0
24964.0
24964.0
24964.0
24964.0
24964.0
24964.0
24964.0
24964.0
24964.0
24964.0
24964.0
24964.0
24964.0
24964.0
24964.0
24964.0
24964.0
24964.0
24964.0
24964.0
24964.0
24964.0
24964.0
24964.0
24964.0
24964.0
24964.0
24964.0
24964.0
24964.0
24964.0
24964.0
24964.0
24964.0
24964.0
24964.0
24964.0
24964.0
24964.0
24964.0
24964.0



The list of values average 

14216198.979999999
3805647.093333335
3432128.5666666673
3286377.8488888894
3235476.655555556
3320304.9622222227
3365942.7488888893
3386070.1177777783
3317949.6400000006
3353202.433333334
3292141.4755555564
3277690.6822222224
3279457.902222223
3275089.706666668
3263970.1355555565
3281942.8177777785
3299724.513333334
3280174.497777778
3194068.6066666674
3140109.844444445
3294936.702222224
3266799.713333335
3257052.5888888906
3216209.104444446
3318850.7866666676
3263566.1555555565
3286205.2666666675
3122819.4466666677
3131613.3377777785
3156902.4844444455
3156444.9200000004
3159302.100000001
3162840.2933333344
3103299.751111112
3104011.9688888895
3121051.046666668
3134078.7977777785
3096315.5066666673
3110216.6511111115
3111277.724444445
3112547.0800000005
3115798.708888889
3139495.5888888896
3099320.162222223
3167785.757777778
3023791.851111111
3088679.962222223
3118997.235555556
3129474.4466666672
3140709.062222223
3197410.277777778
3131025.977777778
3131146.0288888896
3157021.377777778
3130843.5533333337
3134794.362222223
3098761.2022222225
3127443.506666667
3022630.9111111113
3132996.8288888894
3131404.8222222226
3128222.7533333334
3135277.891111111
3112678.197777778
3101452.746666666
3106972.1288888883
3121629.379999999
3104638.6355555546
3097260.9399999995
3125507.0488888887
3152483.151111111
3139050.004444444
3138569.4555555554
3137316.9977777773
3107963.653333333
3128668.4288888886
3131089.7911111107
3139535.144444444
3113220.5822222214
3132186.8377777766
3176389.755555555
3068815.88
3063696.3822222217
3067057.6177777774
3106470.7755555543
3177083.2933333325
3182019.8422222217
3185778.113333333
3087531.5288888877
3108086.5044444436
3072692.5155555545
3105375.8266666657
3154537.9399999995
3043131.919999999
3045002.5422222214
3045789.1022222214
3058985.917777777
3066502.7199999993
3087231.49111111
3125082.3577777767
3127947.044444443
3112367.23111111
3151118.0266666654
3090928.704444444
3104609.9688888877
3111617.3844444435
3073107.0288888877
3194602.4022222213
3173555.075555554
3069932.142222221
3181316.7799999984
3170790.45111111
3170796.873333332
3171518.8244444435
3180777.9955555545
3185322.9155555544
3196807.4622222213
3191061.008888888
3182977.637777777
3178400.4644444436
3192644.8622222207
3166720.1888888874
3182238.615555554
3189196.202222221
3102704.606666665
3236000.288888887
3202891.486666666
3176047.1511111096
3181526.2488888875
3170983.6888888874
3195231.922222221
3148778.0288888877
3197543.915555554
3149405.5022222213
3184685.7533333325
3158411.839999999
3144858.933333332
3098952.3644444435
3083079.679999999
3091386.559999999
3118167.53111111
3065899.0177777763
3069360.406666666
3105352.226666665
3073549.6577777765
2925573.3777777767
2978959.7377777766
3091162.2066666656
3012837.6155555537
2850963.39111111
2989322.933333332
2844032.9111111104
2854074.2733333325
2851271.1622222215
2888948.815555555
2843357.668888889
2864216.1466666665
2830895.2288888884
2834461.9244444435
2834461.9244444435
2834468.3466666657
2845385.0133333327
2846920.9977777773
2846754.182222222
2832155.8999999994
2841987.355555555
2843408.346666666
2837990.293333333
2906533.257777777
2948965.2577777766
2917961.9133333326
2917410.5511111105
2899060.744444444
2906996.5844444437
2911022.9844444436
2913301.0199999986
2997960.3644444435
2955813.6044444437
2895002.8888888885
2898209.7888888884
2958803.6466666656
2853199.5977777774
2827813.364444444
2816130.035555555
2837298.726666666
2884217.646666666
2841981.4399999995
2905317.508888888
2883559.862222221
2831037.9466666663
2841504.482222222
2833736.8399999994
2829737.6488888883
2824923.157777777
2811222.995555555
2826572.9511111104
2826579.3733333326
2762787.457777777
2773522.686666666
2678887.053333333
2680865.1066666665
2632097.42
2708670.48
2632095.5377777778
2597325.3177777776
2637277.7755555552
2633368.0977777774
2650201.582222222
2675051.4777777777
2667070.2177777775
2668448.8266666667
2657979.973333333
2657973.551111111
2702756.753333333
2702763.175555555
2667402.6466666665
2667149.317777778
2665188.006666667
2665181.5844444446
2686687.348888889
2726576.6999999997
2826458.535555555
2800009.4466666663
2805976.4933333327
2799298.7688888884
2840076.613333333
2801416.317777777
2815428.766666666
2801503.1577777774
2794429.0199999996
2794422.5977777774
2792024.2177777775
2799853.364444444
2799846.9422222218
2801211.548888888
2835686.057777777
2778645.624444444
2815908.9666666663
2825028.4644444436
2817296.948888888
2799621.5577777773
2817078.693333333
2817072.2711111107
2817072.2711111107
2817642.746666666
2815767.9311111104
2786372.3599999994
2829547.555555555
2816490.9511111104
2817261.6422222215
2830571.526666666
2837077.6555555547
2836609.9244444435
2829306.3799999994
2864702.664444444
2837338.297777777
2836616.988888888
2830473.977777777
2836609.9244444435
2836616.3466666657
2835116.2133333324
2836609.9244444435
2861590.435555555
2839378.3666666658
2869598.7999999993
2893033.2244444434
2905575.097777777
2854359.842222221
2867748.7488888884
2869683.735555555
2847140.7844444434
2847111.899999999
2847833.8511111103
2844901.0888888882
2862609.5977777774
2846876.07111111
2847105.477777777
2847301.27111111
2847294.848888888
2845449.262222221



The list of best values average 

85204.75999999998
4123.000000000001
3703.8
3736.56
3736.56
3736.56
3736.56
3736.56
3736.56
3736.56
3736.56
3736.56
3736.56
3736.56
3756.56
3756.56
3756.56
3756.56
3756.56
3756.56
3756.56
4224.5599999999995
4593.16
4597.84
4597.84
4642.639999999999
4642.639999999999
4642.639999999999
4916.359999999999
4916.359999999999
5037.799999999999
5037.799999999999
5037.799999999999
5037.799999999999
5037.799999999999
5037.799999999999
5037.799999999999
5037.799999999999
5037.799999999999
5037.799999999999
5037.799999999999
5037.799999999999
5037.799999999999
5037.799999999999
5037.799999999999
5037.799999999999
5037.799999999999
5037.799999999999
5037.799999999999
5037.799999999999
5037.799999999999
5037.799999999999
5037.799999999999
5037.799999999999
5037.799999999999
5037.799999999999
5037.799999999999
5037.799999999999
5037.799999999999
5037.799999999999
5037.799999999999
5037.799999999999
5037.799999999999
5502.920000000001
5502.920000000001
5502.920000000001
5502.920000000001
5502.920000000001
5502.920000000001
5502.920000000001
5502.920000000001
5502.920000000001
5502.920000000001
5502.920000000001
5502.920000000001
5502.920000000001
5502.920000000001
5502.920000000001
5557.440000000001
5557.440000000001
5557.440000000001
5557.440000000001
5557.440000000001
5557.440000000001
5557.440000000001
5557.440000000001
5557.440000000001
5557.440000000001
5557.440000000001
5557.440000000001
5578.560000000001
5578.560000000001
5578.560000000001
5578.560000000001
5578.560000000001
5578.560000000001
5578.560000000001
5578.560000000001
5578.560000000001
5578.560000000001
5578.560000000001
5578.560000000001
5578.560000000001
5578.560000000001
5578.560000000001
5578.560000000001
5578.560000000001
5578.560000000001
5578.560000000001
5578.560000000001
5578.560000000001
5578.560000000001
5578.560000000001
5578.560000000001
5578.560000000001
5578.560000000001
5847.160000000002
5847.160000000002
5847.160000000002
5847.160000000002
5847.160000000002
5847.160000000002
5847.160000000002
5847.160000000002
5850.040000000002
5850.040000000002
5850.040000000002
5850.040000000002
5850.040000000002
5850.040000000002
5850.040000000002
5850.040000000002
5850.040000000002
5850.040000000002
5850.040000000002
5850.040000000002
5850.040000000002
5850.040000000002
5970.3600000000015
5970.3600000000015
5970.3600000000015
5970.3600000000015
5970.3600000000015
5970.3600000000015
5970.3600000000015
5970.3600000000015
5970.3600000000015
5970.3600000000015
6091.200000000002
6091.200000000002
6091.200000000002
6104.840000000002
6104.840000000002
6104.840000000002
6104.840000000002
6104.840000000002
6104.840000000002
6104.840000000002
6104.840000000002
6104.840000000002
6104.840000000002
6104.840000000002
6104.840000000002
6104.840000000002
6104.840000000002
6104.840000000002
6104.840000000002
6104.840000000002
6104.840000000002
6104.840000000002
6104.840000000002
6104.840000000002
6104.840000000002
6104.840000000002
6104.840000000002
6104.840000000002
6104.840000000002
6104.840000000002
6104.840000000002
6104.840000000002
6104.840000000002
6104.840000000002
6104.840000000002
6104.840000000002
6104.840000000002
6104.840000000002
6104.840000000002
6104.840000000002
6104.840000000002
6104.840000000002
6104.840000000002
6104.840000000002
6450.760000000002
6450.760000000002
6450.760000000002
6450.760000000002
6450.760000000002
6450.760000000002
6450.760000000002
6450.760000000002
6450.760000000002
6450.760000000002
6450.760000000002
6450.760000000002
6450.760000000002
6450.760000000002
6450.760000000002
6450.760000000002
6450.760000000002
6450.760000000002
6450.760000000002
6450.760000000002
6450.760000000002
6450.760000000002
6450.760000000002
6450.760000000002
6450.760000000002
6450.760000000002
6450.760000000002
6450.760000000002
6450.760000000002
6450.760000000002
6450.760000000002
6450.760000000002
6450.760000000002
6450.760000000002
6450.760000000002
6450.760000000002
6450.760000000002
6450.760000000002
6450.760000000002
6450.760000000002
6450.760000000002
6450.760000000002
6450.760000000002
6450.760000000002
6450.760000000002
6450.760000000002
6450.760000000002
6450.760000000002
6450.760000000002
6450.760000000002
6450.760000000002
6450.760000000002
6450.760000000002
6450.760000000002
6450.760000000002
6450.760000000002
6450.760000000002
6450.760000000002
6450.760000000002
6450.760000000002
6616.400000000002
6616.400000000002
6616.400000000002
6616.400000000002
6616.400000000002
6616.400000000002
6616.400000000002
6616.400000000002
6616.400000000002
6616.400000000002
6616.400000000002
6616.400000000002
6616.400000000002
6616.400000000002
6616.400000000002
6616.400000000002
6616.400000000002
6616.400000000002
6616.400000000002
6616.400000000002
6616.400000000002
6616.400000000002
6616.400000000002
6616.400000000002
6616.400000000002
6616.400000000002
6616.400000000002
6616.400000000002
