----------Report of simulation of Quantum Parallel Tempering - Population Annealing v1-----------
The number of considered Spin170
The considered Annealing Duration 680
The considered Annealing Number 100
The considered T 1.0
The considered Gamma0 1.0
The considered Number Of Replica 3
The considered Number Of System Tempering 3
The considered Number Of System Population 3
The solution found [-1 -1 -1 -1 -1 -1 -1 -1 -1 -1  1 -1 -1 -1  1  1  1 -1  1  1  1 -1 -1 -1
 -1  1  1  1 -1 -1  1 -1 -1  1  1 -1 -1  1 -1  1  1  1 -1 -1 -1 -1 -1  1
  1  1  1  1  1  1 -1  1 -1 -1 -1 -1 -1  1  1  1 -1  1 -1 -1  1 -1  1  1
  1 -1  1 -1 -1 -1 -1  1  1 -1  1  1 -1 -1 -1  1 -1  1  1 -1  1 -1 -1  1
  1  1 -1  1 -1  1  1  1  1 -1 -1  1 -1  1  1  1  1 -1  1  1 -1 -1  1  1
  1  1  1 -1 -1 -1 -1 -1  1 -1  1 -1 -1  1  1 -1  1  1 -1 -1 -1  1 -1  1
 -1 -1  1 -1  1  1 -1  1 -1  1 -1  1  1  1 -1  1  1  1 -1  1 -1 -1 -1 -1
  1  1]
The value found 1.0
The Success probability is 0.01
The average value is 10645.88
The total execution time is 12208.764268636703
The average time for execution is 122.08764166593552
The average time for all systems update is 0.17946335019784815
The average time for system tempering update is 0.03004394318776972
The average time for system population update is 6059.349822282791
The average time for replica update is 0.009957319903412675
The average time for spin update is 5.831569532438775e-05
The list of values found 

169.0
529.0
1849.0
22801.0
56169.0
21609.0
10609.0
10201.0
1369.0
2601.0
10201.0
121.0
4225.0
68121.0
9801.0
4225.0
729.0
361.0
2601.0
5625.0
49.0
37249.0
2401.0
57121.0
6241.0
39601.0
1369.0
1.0
5041.0
361.0
8281.0
9801.0
17161.0
7569.0
1089.0
4761.0
289.0
121.0
27225.0
2401.0
100489.0
1.0
6561.0
5929.0
49.0
3969.0
289.0
7569.0
1849.0
25.0
26569.0
8281.0
38025.0
225.0
46225.0
18769.0
441.0
1521.0
1225.0
25.0
441.0
16129.0
3249.0
20449.0
441.0
3249.0
1089.0
1681.0
18769.0
3969.0
21025.0
1225.0
2401.0
7225.0
1849.0
1849.0
5041.0
1.0
38809.0
19321.0
225.0
9025.0
529.0
19321.0
529.0
15625.0
25.0
2025.0
169.0
8649.0
16641.0
1089.0
289.0
49.0
3025.0
4489.0
5041.0
2401.0
1521.0
75625.0



The list of values first execution 

4586245.888888889
1456154.3333333333
1291563.2222222222
1291563.2222222222
1291563.2222222222
1291563.2222222222
1291563.2222222222
1291563.2222222222
1291563.2222222222
1291563.2222222222
1291563.2222222222
1291563.2222222222
1291563.2222222222
1291563.2222222222
1291563.2222222222
1291563.2222222222
1291563.2222222222
1291563.2222222222
1291563.2222222222
1291563.2222222222
1291563.2222222222
1291563.2222222222
1291563.2222222222
1291563.2222222222
1291563.2222222222
1291563.2222222222
1291563.2222222222
1291563.2222222222
1291563.2222222222
1291563.2222222222
1291563.2222222222
1291563.2222222222
1291563.2222222222
1291563.2222222222
1291563.2222222222
1291563.2222222222
1291563.2222222222
1291563.2222222222
1291563.2222222222
1291563.2222222222
1291563.2222222222
1291563.2222222222
1291563.2222222222
1291563.2222222222
1291563.2222222222
1291563.2222222222
1291563.2222222222
1291563.2222222222
1291563.2222222222
1291563.2222222222
1291563.2222222222
1291563.2222222222
1291563.2222222222
1291563.2222222222
1291563.2222222222
1291563.2222222222
1291563.2222222222
1291563.2222222222
1291563.2222222222
1291563.2222222222
1291563.2222222222
1291563.2222222222
1291563.2222222222
1291563.2222222222
1291563.2222222222
1291563.2222222222
1291563.2222222222
1291563.2222222222
1291563.2222222222
1291563.2222222222
1291563.2222222222
1291563.2222222222
1291563.2222222222
1291563.2222222222
1291563.2222222222
1291563.2222222222
1291563.2222222222
1291563.2222222222
1291563.2222222222
1291563.2222222222
1291563.2222222222
1291563.2222222222
1291563.2222222222
1291563.2222222222
1291563.2222222222
1291563.2222222222
1291563.2222222222
1291563.2222222222
1291563.2222222222
1291563.2222222222
1291563.2222222222
1291563.2222222222
1291563.2222222222
1291563.2222222222
1291563.2222222222
1291563.2222222222
1291563.2222222222
1291563.2222222222
1291563.2222222222
1291563.2222222222
1291563.2222222222
1291563.2222222222
1291563.2222222222
1291563.2222222222
1291563.2222222222
1291563.2222222222
1291563.2222222222
1291563.2222222222
1291563.2222222222
1291563.2222222222
1291563.2222222222
1291563.2222222222
1291563.2222222222
1291563.2222222222
1291563.2222222222
1291563.2222222222
1291563.2222222222
1291563.2222222222
1291563.2222222222
1291563.2222222222
1291563.2222222222
1291563.2222222222
1291563.2222222222
1291563.2222222222
1291563.2222222222
1291563.2222222222
1291563.2222222222
1291563.2222222222
1291563.2222222222
1291563.2222222222
1291563.2222222222
1291563.2222222222
1291563.2222222222
1291563.2222222222
1291563.2222222222
1291563.2222222222
1291563.2222222222
1291563.2222222222
1291563.2222222222
1291563.2222222222
1291563.2222222222
1291563.2222222222
1291563.2222222222
1291563.2222222222
1291563.2222222222
1291563.2222222222
1291563.2222222222
1291563.2222222222
1291563.2222222222
1291563.2222222222
1291563.2222222222
1291563.2222222222
1291563.2222222222
1291563.2222222222
1291563.2222222222
1291563.2222222222
1291563.2222222222
1291563.2222222222
1291563.2222222222
1291563.2222222222
1291563.2222222222
1291563.2222222222
1291563.2222222222
1291563.2222222222
1291563.2222222222
1291563.2222222222
1291563.2222222222
1291563.2222222222
1291563.2222222222
1291563.2222222222
1291563.2222222222
1291563.2222222222
1291563.2222222222
1291563.2222222222
1291563.2222222222
1291563.2222222222
1291563.2222222222
1291563.2222222222
1291563.2222222222
1291563.2222222222
1291563.2222222222
1291563.2222222222
1291563.2222222222
1291563.2222222222
1291563.2222222222
1291563.2222222222
1291563.2222222222
1291563.2222222222
1291563.2222222222
1291563.2222222222
1291563.2222222222
1291563.2222222222
1291563.2222222222
1291563.2222222222
1291563.2222222222
1291563.2222222222
1291563.2222222222
1291563.2222222222
1291563.2222222222
1291563.2222222222
1291563.2222222222
1291563.2222222222
1291563.2222222222
1291563.2222222222
1291563.2222222222
1291563.2222222222
1291563.2222222222
1291563.2222222222
1291563.2222222222
1291563.2222222222
1291563.2222222222
1291563.2222222222
1291563.2222222222
1291563.2222222222
1291563.2222222222
1291563.2222222222
1291563.2222222222
1291563.2222222222
1291563.2222222222
1291563.2222222222
1291563.2222222222
1291563.2222222222
1291563.2222222222
1291563.2222222222
1291563.2222222222
1291563.2222222222
1291563.2222222222
1291563.2222222222
1291563.2222222222
1291563.2222222222
1291563.2222222222
1291563.2222222222
1291563.2222222222
1291563.2222222222
1291563.2222222222
1291563.2222222222
1291563.2222222222
1291563.2222222222
1291563.2222222222
1291563.2222222222
1291563.2222222222
1291563.2222222222
1291563.2222222222
1291563.2222222222
1291563.2222222222
1291563.2222222222
1291563.2222222222
1291563.2222222222
1291563.2222222222
1291563.2222222222
1291563.2222222222
1291563.2222222222
1291563.2222222222
1291563.2222222222
1291563.2222222222
1291563.2222222222
1291563.2222222222
1291563.2222222222
1291563.2222222222
1291563.2222222222
1291563.2222222222
1291563.2222222222
1291563.2222222222
1291563.2222222222
1291563.2222222222
1291563.2222222222
1291563.2222222222
1291563.2222222222
1291563.2222222222
1291563.2222222222
1291563.2222222222
1291563.2222222222
1291563.2222222222
1291563.2222222222
1291563.2222222222
1291563.2222222222
1291563.2222222222
1291563.2222222222
1291563.2222222222
1291563.2222222222
1291563.2222222222
1291563.2222222222
1291563.2222222222
1291563.2222222222
1291563.2222222222
1291563.2222222222
1291563.2222222222
1291563.2222222222
1291563.2222222222
1291563.2222222222
1291563.2222222222
1291563.2222222222
1291563.2222222222
1291563.2222222222
1291563.2222222222
1291563.2222222222
1291563.2222222222
1291563.2222222222
1291563.2222222222
1291563.2222222222
1291563.2222222222
1291563.2222222222
1291563.2222222222
1291563.2222222222
1291563.2222222222
1291563.2222222222
1291563.2222222222
1291563.2222222222
1291563.2222222222
1291563.2222222222
1291563.2222222222
1291563.2222222222
1291563.2222222222
1291563.2222222222
1291563.2222222222
1291563.2222222222
1291563.2222222222
1291563.2222222222
1291563.2222222222
1291563.2222222222
1291563.2222222222
1291563.2222222222
1291563.2222222222
1291563.2222222222
1291563.2222222222
1291563.2222222222
1291563.2222222222
1291563.2222222222
1291563.2222222222
1291563.2222222222
1291563.2222222222
1291563.2222222222
1291563.2222222222
1291563.2222222222
1291563.2222222222
1291563.2222222222
1291563.2222222222
1291563.2222222222
1291563.2222222222
1291563.2222222222
1291563.2222222222
1291563.2222222222
1291563.2222222222
1291563.2222222222
1291563.2222222222
1291563.2222222222
1291563.2222222222
1291563.2222222222
1291563.2222222222
1291563.2222222222
1291563.2222222222
1291563.2222222222
1291563.2222222222
1291563.2222222222
1291563.2222222222
1291563.2222222222
1291563.2222222222
1291563.2222222222
1291563.2222222222
1291563.2222222222
1291563.2222222222
1291563.2222222222
1291563.2222222222
1291563.2222222222
1291563.2222222222
1291563.2222222222
1291563.2222222222
1291563.2222222222
1291563.2222222222
1291563.2222222222
1291563.2222222222
1291563.2222222222
1291563.2222222222
1291563.2222222222
1291563.2222222222
1291563.2222222222
1291563.2222222222
1291563.2222222222
1291563.2222222222
1291563.2222222222
1291563.2222222222
1291563.2222222222
1291563.2222222222
1291563.2222222222
1291563.2222222222
1291563.2222222222
1291563.2222222222
1291563.2222222222
1291563.2222222222
1291563.2222222222
1291563.2222222222
1291563.2222222222
1291563.2222222222
1291563.2222222222
1291563.2222222222
1291563.2222222222
1291563.2222222222
1291563.2222222222
1291563.2222222222
1291563.2222222222
1291563.2222222222
1291563.2222222222
1291563.2222222222
1291563.2222222222
1291563.2222222222
1291563.2222222222
1291563.2222222222
1291563.2222222222
1291563.2222222222
1291563.2222222222
1291563.2222222222
1291563.2222222222
1291563.2222222222
1291563.2222222222
1291563.2222222222
1291563.2222222222
1291563.2222222222
1291563.2222222222
1291563.2222222222
1291563.2222222222
1291563.2222222222
1291563.2222222222
1291563.2222222222
1291563.2222222222
1291563.2222222222
1291563.2222222222
1291563.2222222222
1291563.2222222222
1291563.2222222222
1291563.2222222222
1291563.2222222222
1291563.2222222222
1291563.2222222222
1291563.2222222222
1291563.2222222222
1291563.2222222222
1291563.2222222222
1291563.2222222222
1291563.2222222222
1291563.2222222222
1291563.2222222222
1291563.2222222222
1291563.2222222222
1291563.2222222222
1291563.2222222222
1291563.2222222222
1291563.2222222222
1291563.2222222222
1291563.2222222222
1291563.2222222222
1291563.2222222222
1291563.2222222222
1291563.2222222222
1291563.2222222222
1291563.2222222222
1291563.2222222222
1291563.2222222222
1291563.2222222222
1291563.2222222222
1291563.2222222222
1291563.2222222222
1291563.2222222222
1291563.2222222222
1291563.2222222222
1291563.2222222222
1291563.2222222222
1291563.2222222222
1291563.2222222222
1291563.2222222222
1291563.2222222222
1291563.2222222222
1291563.2222222222
1291563.2222222222
1291563.2222222222
1291563.2222222222
1291563.2222222222
1291563.2222222222
1291563.2222222222
1291563.2222222222
1291563.2222222222
1291563.2222222222
1291563.2222222222
1291563.2222222222
1291563.2222222222
1291563.2222222222
1291563.2222222222
1291563.2222222222
1291563.2222222222
1291563.2222222222
1291563.2222222222
1291563.2222222222
1291563.2222222222
1291563.2222222222
1291563.2222222222
1291563.2222222222
1291563.2222222222
1291563.2222222222
1291563.2222222222
1291563.2222222222
1291563.2222222222
1291563.2222222222
1291563.2222222222
1291563.2222222222
1291563.2222222222
1291563.2222222222
1291563.2222222222
1291563.2222222222
1291563.2222222222
1291563.2222222222
1291563.2222222222
1291563.2222222222
1291563.2222222222
1291563.2222222222
1291563.2222222222
1291563.2222222222
1291563.2222222222
1291563.2222222222
1291563.2222222222
1291563.2222222222
1291563.2222222222
1291563.2222222222
1291563.2222222222
1291563.2222222222
1291563.2222222222
1291563.2222222222
1291563.2222222222
1291563.2222222222
1291563.2222222222
1291563.2222222222
1291563.2222222222
1291563.2222222222
1291563.2222222222
1291563.2222222222
1291563.2222222222
1291563.2222222222
1291563.2222222222
1291563.2222222222
1291563.2222222222
1291563.2222222222
1291563.2222222222
1291563.2222222222
1291563.2222222222
1291563.2222222222
1291563.2222222222
1291563.2222222222
1291563.2222222222
1291563.2222222222
1291563.2222222222
1291563.2222222222
1291563.2222222222
1291563.2222222222
1291563.2222222222
1291563.2222222222
1291563.2222222222
1291563.2222222222
1291563.2222222222
1291563.2222222222
1291563.2222222222
1291563.2222222222
1291563.2222222222
1291563.2222222222
1291563.2222222222
1291563.2222222222
1291563.2222222222
1291563.2222222222
1291563.2222222222
1291563.2222222222
1291563.2222222222
1291563.2222222222
1291563.2222222222
1291563.2222222222
1291563.2222222222
1291563.2222222222
1291563.2222222222
1291563.2222222222
1291563.2222222222
1291563.2222222222
1291563.2222222222
1291563.2222222222
1291563.2222222222
1291563.2222222222
1291563.2222222222
1291563.2222222222
1291563.2222222222
1291563.2222222222
1291563.2222222222
1291563.2222222222
1291563.2222222222
1291563.2222222222
1291563.2222222222
1291563.2222222222
1291563.2222222222
1291563.2222222222
1291563.2222222222
1291563.2222222222
1291563.2222222222
1291563.2222222222
1291563.2222222222
1291563.2222222222
1291563.2222222222
1291563.2222222222
1291563.2222222222
1291563.2222222222
1291563.2222222222
1291563.2222222222
1291563.2222222222
1291563.2222222222
1291563.2222222222
1291563.2222222222
1291563.2222222222
1291563.2222222222
1291563.2222222222
1291563.2222222222
1291563.2222222222
1291563.2222222222
1291563.2222222222
1291563.2222222222
1291563.2222222222
1291563.2222222222
1291563.2222222222
1291563.2222222222
1291563.2222222222
1291563.2222222222
1291563.2222222222
1291563.2222222222
1291563.2222222222
1291563.2222222222
1291563.2222222222
1291563.2222222222
1291563.2222222222
1291563.2222222222
1291563.2222222222
1291563.2222222222
1291563.2222222222
1291563.2222222222
1291563.2222222222
1291563.2222222222
1291563.2222222222
1291563.2222222222
1291563.2222222222
1291563.2222222222
1291563.2222222222
1291563.2222222222
1291563.2222222222
1291563.2222222222
1291563.2222222222
1291563.2222222222
1291563.2222222222
1291563.2222222222
1291563.2222222222
1291563.2222222222
1291563.2222222222
1291563.2222222222
1291563.2222222222
1291563.2222222222
1291563.2222222222
1291563.2222222222
1291563.2222222222
1291563.2222222222
1291563.2222222222
1291563.2222222222
1291563.2222222222
1291563.2222222222
1291563.2222222222
1291563.2222222222
1291563.2222222222
1291563.2222222222
1291563.2222222222
1291563.2222222222
1291563.2222222222
1291563.2222222222
1291563.2222222222
1291563.2222222222
1291563.2222222222
1291563.2222222222
1291563.2222222222
1291563.2222222222
1291563.2222222222
1291563.2222222222
1291563.2222222222



The list of best values first execution 

20449.0
169.0
169.0
169.0
169.0
169.0
169.0
169.0
169.0
169.0
169.0
169.0
169.0
169.0
169.0
169.0
169.0
169.0
169.0
169.0
169.0
169.0
169.0
169.0
169.0
169.0
169.0
169.0
169.0
169.0
169.0
169.0
169.0
169.0
169.0
169.0
169.0
169.0
169.0
169.0
169.0
169.0
169.0
169.0
169.0
169.0
169.0
169.0
169.0
169.0
169.0
169.0
169.0
169.0
169.0
169.0
169.0
169.0
169.0
169.0
169.0
169.0
169.0
169.0
169.0
169.0
169.0
169.0
169.0
169.0
169.0
169.0
169.0
169.0
169.0
169.0
169.0
169.0
169.0
169.0
169.0
169.0
169.0
169.0
169.0
169.0
169.0
169.0
169.0
169.0
169.0
169.0
169.0
169.0
169.0
169.0
169.0
169.0
169.0
169.0
169.0
169.0
169.0
169.0
169.0
169.0
169.0
169.0
169.0
169.0
169.0
169.0
169.0
169.0
169.0
169.0
169.0
169.0
169.0
169.0
169.0
169.0
169.0
169.0
169.0
169.0
169.0
169.0
169.0
169.0
169.0
169.0
169.0
169.0
169.0
169.0
169.0
169.0
169.0
169.0
169.0
169.0
169.0
169.0
169.0
169.0
169.0
169.0
169.0
169.0
169.0
169.0
169.0
169.0
169.0
169.0
169.0
169.0
169.0
169.0
169.0
169.0
169.0
169.0
169.0
169.0
169.0
169.0
169.0
169.0
169.0
169.0
169.0
169.0
169.0
169.0
169.0
169.0
169.0
169.0
169.0
169.0
169.0
169.0
169.0
169.0
169.0
169.0
169.0
169.0
169.0
169.0
169.0
169.0
169.0
169.0
169.0
169.0
169.0
169.0
169.0
169.0
169.0
169.0
169.0
169.0
169.0
169.0
169.0
169.0
169.0
169.0
169.0
169.0
169.0
169.0
169.0
169.0
169.0
169.0
169.0
169.0
169.0
169.0
169.0
169.0
169.0
169.0
169.0
169.0
169.0
169.0
169.0
169.0
169.0
169.0
169.0
169.0
169.0
169.0
169.0
169.0
169.0
169.0
169.0
169.0
169.0
169.0
169.0
169.0
169.0
169.0
169.0
169.0
169.0
169.0
169.0
169.0
169.0
169.0
169.0
169.0
169.0
169.0
169.0
169.0
169.0
169.0
169.0
169.0
169.0
169.0
169.0
169.0
169.0
169.0
169.0
169.0
169.0
169.0
169.0
169.0
169.0
169.0
169.0
169.0
169.0
169.0
169.0
169.0
169.0
169.0
169.0
169.0
169.0
169.0
169.0
169.0
169.0
169.0
169.0
169.0
169.0
169.0
169.0
169.0
169.0
169.0
169.0
169.0
169.0
169.0
169.0
169.0
169.0
169.0
169.0
169.0
169.0
169.0
169.0
169.0
169.0
169.0
169.0
169.0
169.0
169.0
169.0
169.0
169.0
169.0
169.0
169.0
169.0
169.0
169.0
169.0
169.0
169.0
169.0
169.0
169.0
169.0
169.0
169.0
169.0
169.0
169.0
169.0
169.0
169.0
169.0
169.0
169.0
169.0
169.0
169.0
169.0
169.0
169.0
169.0
169.0
169.0
169.0
169.0
169.0
169.0
169.0
169.0
169.0
169.0
169.0
169.0
169.0
169.0
169.0
169.0
169.0
169.0
169.0
169.0
169.0
169.0
169.0
169.0
169.0
169.0
169.0
169.0
169.0
169.0
169.0
169.0
169.0
169.0
169.0
169.0
169.0
169.0
169.0
169.0
169.0
169.0
169.0
169.0
169.0
169.0
169.0
169.0
169.0
169.0
169.0
169.0
169.0
169.0
169.0
169.0
169.0
169.0
169.0
169.0
169.0
169.0
169.0
169.0
169.0
169.0
169.0
169.0
169.0
169.0
169.0
169.0
169.0
169.0
169.0
169.0
169.0
169.0
169.0
169.0
169.0
169.0
169.0
169.0
169.0
169.0
169.0
169.0
169.0
169.0
169.0
169.0
169.0
169.0
169.0
169.0
169.0
169.0
169.0
169.0
169.0
169.0
169.0
169.0
169.0
169.0
169.0
169.0
169.0
169.0
169.0
169.0
169.0
169.0
169.0
169.0
169.0
169.0
169.0
169.0
169.0
169.0
169.0
169.0
169.0
169.0
169.0
169.0
169.0
169.0
169.0
169.0
169.0
169.0
169.0
169.0
169.0
169.0
169.0
169.0
169.0
169.0
169.0
169.0
169.0
169.0
169.0
169.0
169.0
169.0
169.0
169.0
169.0
169.0
169.0
169.0
169.0
169.0
169.0
169.0
169.0
169.0
169.0
169.0
169.0
169.0
169.0
169.0
169.0
169.0
169.0
169.0
169.0
169.0
169.0
169.0
169.0
169.0
169.0
169.0
169.0
169.0
169.0
169.0
169.0
169.0
169.0
169.0
169.0
169.0
169.0
169.0
169.0
169.0
169.0
169.0
169.0
169.0
169.0
169.0
169.0
169.0
169.0
169.0
169.0
169.0
169.0
169.0
169.0
169.0
169.0
169.0
169.0
169.0
169.0
169.0
169.0
169.0
169.0
169.0
169.0
169.0
169.0
169.0
169.0
169.0
169.0
169.0
169.0
169.0
169.0
169.0
169.0
169.0
169.0
169.0
169.0
169.0
169.0
169.0
169.0
169.0
169.0
169.0
169.0
169.0
169.0
169.0
169.0
169.0
169.0
169.0
169.0
169.0
169.0
169.0
169.0
169.0
169.0
169.0
169.0
169.0
169.0
169.0
169.0
169.0
169.0
169.0
169.0
169.0
169.0
169.0
169.0
169.0
169.0
169.0
169.0
169.0
169.0
169.0
169.0
169.0
169.0
169.0
169.0
169.0
169.0
169.0
169.0
169.0
169.0
169.0
169.0
169.0
169.0
169.0
169.0
169.0
169.0
169.0
169.0
169.0
169.0
169.0
169.0
169.0
169.0
169.0
169.0
169.0
169.0
169.0
169.0
169.0
169.0
169.0
169.0
169.0



The list of values average 

4970730.43111111
1912351.5066666664
1904408.0533333337
1922866.0266666675
1920016.1511111117
1906839.8933333342
1906839.8933333342
1906853.013333334
1906833.3333333342
1906833.3333333342
1906848.6400000008
1906833.3333333342
1906833.3333333342
1906848.6400000008
1906833.3333333342
1906833.3333333342
1906848.6400000008
1906833.3333333342
1906833.3333333342
1906848.6400000008
1906833.3333333342
1906833.3333333342
1906848.6400000008
1906833.3333333342
1906833.3333333342
1906848.6400000008
1906833.3333333342
1906833.3333333342
1906848.6400000008
1906833.3333333342
1906833.3333333342
1906848.6400000008
1906833.3333333342
1906833.3333333342
1906848.6400000008
1906833.3333333342
1906833.3333333342
1906848.6400000008
1906833.3333333342
1906833.3333333342
1906848.6400000008
1906833.3333333342
1906833.3333333342
1906848.6400000008
1906833.3333333342
1906833.3333333342
1906848.6400000008
1906833.3333333342
1906833.3333333342
1906848.6400000008
1906833.3333333342
1906833.3333333342
1906848.6400000008
1906833.3333333342
1906833.3333333342
1906848.6400000008
1906833.3333333342
1906833.3333333342
1906848.6400000008
1906833.3333333342
1906833.3333333342
1906848.6400000008
1906833.3333333342
1906833.3333333342
1906848.6400000008
1906833.3333333342
1906833.3333333342
1906848.6400000008
1906833.3333333342
1906833.3333333342
1906848.6400000008
1906833.3333333342
1906833.3333333342
1906848.6400000008
1906833.3333333342
1906833.3333333342
1906848.6400000008
1906833.3333333342
1906833.3333333342
1906848.6400000008
1906833.3333333342
1906833.3333333342
1906848.6400000008
1906833.3333333342
1906833.3333333342
1906848.6400000008
1906833.3333333342
1906833.3333333342
1906848.6400000008
1906833.3333333342
1906833.3333333342
1906848.6400000008
1906833.3333333342
1906833.3333333342
1906848.6400000008
1906833.3333333342
1906833.3333333342
1906848.6400000008
1906833.3333333342
1906833.3333333342
1906848.6400000008
1906833.3333333342
1906833.3333333342
1906848.6400000008
1906833.3333333342
1906833.3333333342
1906848.6400000008
1906833.3333333342
1906833.3333333342
1906848.6400000008
1906833.3333333342
1906833.3333333342
1906848.6400000008
1906833.3333333342
1906833.3333333342
1906848.6400000008
1906833.3333333342
1906833.3333333342
1906848.6400000008
1906833.3333333342
1906833.3333333342
1906848.6400000008
1906833.3333333342
1906833.3333333342
1906848.6400000008
1906833.3333333342
1906833.3333333342
1906848.6400000008
1906833.3333333342
1906833.3333333342
1906848.6400000008
1906833.3333333342
1906833.3333333342
1906848.6400000008
1906833.3333333342
1906833.3333333342
1906848.6400000008
1906833.3333333342
1906833.3333333342
1906848.6400000008
1906833.3333333342
1906833.3333333342
1906848.6400000008
1906833.3333333342
1906833.3333333342
1906848.6400000008
1906833.3333333342
1906833.3333333342
1906848.6400000008
1906833.3333333342
1906833.3333333342
1906848.6400000008
1906833.3333333342
1906833.3333333342
1906848.6400000008
1906833.3333333342
1906833.3333333342
1906848.6400000008
1906833.3333333342
1906833.3333333342
1906848.6400000008
1906833.3333333342
1906833.3333333342
1906848.6400000008
1906833.3333333342
1906833.3333333342
1906848.6400000008
1906833.3333333342
1906833.3333333342
1906848.6400000008
1906833.3333333342
1906833.3333333342
1906848.6400000008
1906833.3333333342
1906833.3333333342
1906848.6400000008
1906833.3333333342
1906833.3333333342
1906848.6400000008
1906833.3333333342
1906833.3333333342
1906848.6400000008
1906833.3333333342
1906833.3333333342
1906848.6400000008
1906833.3333333342
1906833.3333333342
1906848.6400000008
1906833.3333333342
1906833.3333333342
1906848.6400000008
1906833.3333333342
1906833.3333333342
1906848.6400000008
1906833.3333333342
1906833.3333333342
1906848.6400000008
1906833.3333333342
1906833.3333333342
1906848.6400000008
1906833.3333333342
1906833.3333333342
1906848.6400000008
1906833.3333333342
1906833.3333333342
1906848.6400000008
1906833.3333333342
1906833.3333333342
1906848.6400000008
1906833.3333333342
1906833.3333333342
1906848.6400000008
1906833.3333333342
1906833.3333333342
1906848.6400000008
1906833.3333333342
1906833.3333333342
1906848.6400000008
1906833.3333333342
1906833.3333333342
1906848.6400000008
1906833.3333333342
1906833.3333333342
1906848.6400000008
1906833.3333333342
1906833.3333333342
1906848.6400000008
1906833.3333333342
1906833.3333333342
1906848.6400000008
1906833.3333333342
1906833.3333333342
1906848.6400000008
1906833.3333333342
1906833.3333333342
1906848.6400000008
1906833.3333333342
1906833.3333333342
1906848.6400000008
1906833.3333333342
1906833.3333333342
1906848.6400000008
1906833.3333333342
1906833.3333333342
1906848.6400000008
1906833.3333333342
1906833.3333333342
1906848.6400000008
1906833.3333333342
1906833.3333333342
1906848.6400000008
1906833.3333333342
1906833.3333333342
1906848.6400000008
1906833.3333333342
1906833.3333333342
1906848.6400000008
1906833.3333333342
1906833.3333333342
1906848.6400000008
1906833.3333333342
1906833.3333333342
1906848.6400000008
1906833.3333333342
1906833.3333333342
1906848.6400000008
1906833.3333333342
1906833.3333333342
1906848.6400000008
1906833.3333333342
1906833.3333333342
1906848.6400000008
1906833.3333333342
1906833.3333333342
1906848.6400000008
1906833.3333333342
1906833.3333333342
1906848.6400000008
1906833.3333333342
1906833.3333333342
1906848.6400000008
1906833.3333333342
1906833.3333333342
1906848.6400000008
1906833.3333333342
1906833.3333333342
1906848.6400000008
1906833.3333333342
1906833.3333333342
1906848.6400000008
1906833.3333333342
1906833.3333333342
1906848.6400000008
1906833.3333333342
1906833.3333333342
1906848.6400000008
1906833.3333333342
1906833.3333333342
1906848.6400000008
1906833.3333333342
1906833.3333333342
1906848.6400000008
1906833.3333333342
1906833.3333333342
1906848.6400000008
1906833.3333333342
1906833.3333333342
1906848.6400000008
1906833.3333333342
1906833.3333333342
1906848.6400000008
1906833.3333333342
1906833.3333333342
1906848.6400000008
1906833.3333333342
1906833.3333333342
1906848.6400000008
1906833.3333333342
1906833.3333333342
1906848.6400000008
1906833.3333333342
1906833.3333333342
1906848.6400000008
1906833.3333333342
1906833.3333333342
1906848.6400000008
1906833.3333333342
1906833.3333333342
1906848.6400000008
1906833.3333333342
1906833.3333333342
1906848.6400000008
1906833.3333333342
1906833.3333333342
1906848.6400000008
1906833.3333333342
1906833.3333333342
1906848.6400000008
1906833.3333333342
1906833.3333333342
1906848.6400000008
1906833.3333333342
1906833.3333333342
1906848.6400000008
1906833.3333333342
1906833.3333333342
1906848.6400000008
1906833.3333333342
1906833.3333333342
1906848.6400000008
1906833.3333333342
1906833.3333333342
1906848.6400000008
1906833.3333333342
1906833.3333333342
1906848.6400000008
1906833.3333333342
1906833.3333333342
1906848.6400000008
1906833.3333333342
1906833.3333333342
1906848.6400000008
1906833.3333333342
1906833.3333333342
1906848.6400000008
1906833.3333333342
1906833.3333333342
1906848.6400000008
1906833.3333333342
1906833.3333333342
1906848.6400000008
1906833.3333333342
1906833.3333333342
1906848.6400000008
1906833.3333333342
1906833.3333333342
1906848.6400000008
1906833.3333333342
1906833.3333333342
1906848.6400000008
1906833.3333333342
1906833.3333333342
1906848.6400000008
1906833.3333333342
1906833.3333333342
1906848.6400000008
1906833.3333333342
1906833.3333333342
1906848.6400000008
1906833.3333333342
1906833.3333333342
1906848.6400000008
1906833.3333333342
1906833.3333333342
1906848.6400000008
1906833.3333333342
1906833.3333333342
1906848.6400000008
1906833.3333333342
1906833.3333333342
1906848.6400000008
1906833.3333333342
1906833.3333333342
1906848.6400000008
1906833.3333333342
1906833.3333333342
1906848.6400000008
1906833.3333333342
1906833.3333333342
1906848.6400000008
1906833.3333333342
1906833.3333333342
1906848.6400000008
1906833.3333333342
1906833.3333333342
1906848.6400000008
1906833.3333333342
1906833.3333333342
1906848.6400000008
1906833.3333333342
1906833.3333333342
1906848.6400000008
1906833.3333333342
1906833.3333333342
1906848.6400000008
1906833.3333333342
1906833.3333333342
1906848.6400000008
1906833.3333333342
1906833.3333333342
1906848.6400000008
1906833.3333333342
1906833.3333333342
1906848.6400000008
1906833.3333333342
1906833.3333333342
1906848.6400000008
1906833.3333333342
1906833.3333333342
1906848.6400000008
1906833.3333333342
1906833.3333333342
1906848.6400000008
1906833.3333333342
1906833.3333333342
1906848.6400000008
1906833.3333333342
1906833.3333333342
1906848.6400000008
1906833.3333333342
1906833.3333333342
1906848.6400000008
1906833.3333333342
1906833.3333333342
1906848.6400000008
1906833.3333333342
1906833.3333333342
1906848.6400000008
1906833.3333333342
1906833.3333333342
1906848.6400000008
1906833.3333333342
1906833.3333333342
1906848.6400000008
1906833.3333333342
1906833.3333333342
1906848.6400000008
1906833.3333333342
1906833.3333333342
1906848.6400000008
1906833.3333333342
1906833.3333333342
1906848.6400000008
1906833.3333333342
1906833.3333333342
1906848.6400000008
1906833.3333333342
1906833.3333333342
1906848.6400000008
1906833.3333333342
1906833.3333333342
1906848.6400000008
1906833.3333333342
1906833.3333333342
1906848.6400000008
1906833.3333333342
1906833.3333333342
1906848.6400000008
1906833.3333333342
1906833.3333333342
1906848.6400000008
1906833.3333333342
1906833.3333333342
1906848.6400000008
1906833.3333333342
1906833.3333333342
1906848.6400000008
1906833.3333333342
1906833.3333333342
1906848.6400000008
1906833.3333333342
1906833.3333333342
1906848.6400000008
1906833.3333333342
1906833.3333333342
1906848.6400000008
1906833.3333333342
1906833.3333333342
1906848.6400000008
1906833.3333333342
1906833.3333333342
1906848.6400000008
1906833.3333333342
1906833.3333333342
1906848.6400000008
1906833.3333333342
1906833.3333333342
1906848.6400000008
1906833.3333333342
1906833.3333333342
1906848.6400000008
1906833.3333333342
1906833.3333333342
1906848.6400000008
1906833.3333333342
1906833.3333333342
1906848.6400000008
1906833.3333333342
1906833.3333333342
1906848.6400000008
1906833.3333333342
1906833.3333333342
1906848.6400000008
1906833.3333333342
1906833.3333333342
1906848.6400000008
1906833.3333333342
1906833.3333333342
1906848.6400000008
1906833.3333333342
1906833.3333333342
1906848.6400000008
1906833.3333333342
1906833.3333333342
1906848.6400000008
1906833.3333333342
1906833.3333333342
1906848.6400000008
1906833.3333333342
1906833.3333333342
1906848.6400000008
1906833.3333333342
1906833.3333333342
1906848.6400000008
1906833.3333333342
1906833.3333333342
1906848.6400000008
1906833.3333333342
1906833.3333333342
1906848.6400000008
1906833.3333333342
1906833.3333333342
1906848.6400000008
1906833.3333333342
1906833.3333333342
1906848.6400000008
1906833.3333333342
1906833.3333333342
1906848.6400000008
1906833.3333333342
1906833.3333333342
1906848.6400000008
1906833.3333333342
1906833.3333333342
1906848.6400000008
1906833.3333333342
1906833.3333333342
1906848.6400000008
1906833.3333333342
1906833.3333333342
1906848.6400000008
1906833.3333333342
1906833.3333333342
1906848.6400000008
1906833.3333333342
1906833.3333333342
1906848.6400000008
1906833.3333333342
1906833.3333333342
1906848.6400000008
1906833.3333333342
1906833.3333333342
1906848.6400000008
1906833.3333333342
1906833.3333333342
1906848.6400000008
1906833.3333333342
1906833.3333333342
1906848.6400000008
1906833.3333333342
1906833.3333333342
1906848.6400000008
1906833.3333333342
1906833.3333333342
1906848.6400000008
1906833.3333333342
1906833.3333333342
1906848.6400000008
1906833.3333333342
1906833.3333333342
1906848.6400000008
1906833.3333333342
1906833.3333333342
1906848.6400000008
1906833.3333333342
1906833.3333333342
1906848.6400000008
1906833.3333333342
1906833.3333333342
1906848.6400000008
1906833.3333333342
1906833.3333333342
1906848.6400000008
1906833.3333333342
1906833.3333333342
1906848.6400000008
1906833.3333333342
1906833.3333333342
1906848.6400000008
1906833.3333333342
1906833.3333333342
1906848.6400000008
1906833.3333333342
1906833.3333333342
1906848.6400000008
1906833.3333333342
1906833.3333333342
1906848.6400000008
1906833.3333333342
1906833.3333333342
1906848.6400000008
1906833.3333333342
1906833.3333333342
1906848.6400000008
1906833.3333333342
1906833.3333333342
1906848.6400000008
1906833.3333333342
1906833.3333333342
1906848.6400000008
1906833.3333333342
1906833.3333333342
1906848.6400000008
1906833.3333333342
1906833.3333333342
1906848.6400000008
1906833.3333333342
1906833.3333333342
1906848.6400000008
1906833.3333333342
1906833.3333333342
1906848.6400000008
1906833.3333333342
1906833.3333333342
1906848.6400000008
1906833.3333333342
1906833.3333333342
1906848.6400000008
1906833.3333333342
1906833.3333333342
1906848.6400000008
1906833.3333333342
1906833.3333333342
1906848.6400000008
1906833.3333333342
1906833.3333333342
1906848.6400000008
1906833.3333333342
1906833.3333333342
1906848.6400000008



The list of best values average 

15114.19999999999714152.11999999999916989.4817052.617066.3617066.3617066.3617066.3617066.3617066.3617066.3617066.3617066.3617066.3617066.3617066.3617066.3617066.3617066.3617066.3617066.3617066.3617066.3617066.3617066.3617066.3617066.3617066.3617066.3617066.3617066.3617066.3617066.3617066.3617066.3617066.3617066.3617066.3617066.3617066.3617066.3617066.3617066.3617066.3617066.3617066.3617066.3617066.3617066.3617066.3617066.3617066.3617066.3617066.3617066.3617066.3617066.3617066.3617066.3617066.3617066.3617066.3617066.3617066.3617066.3617066.3617066.3617066.3617066.3617066.3617066.3617066.3617066.3617066.3617066.3617066.3617066.3617066.3617066.3617066.3617066.3617066.3617066.3617066.3617066.3617066.3617066.3617066.3617066.3617066.3617066.3617066.3617066.3617066.3617066.3617066.3617066.3617066.3617066.3617066.3617066.3617066.3617066.3617066.3617066.3617066.3617066.3617066.3617066.3617066.3617066.3617066.3617066.3617066.3617066.3617066.3617066.3617066.3617066.3617066.3617066.3617066.3617066.3617066.3617066.3617066.3617066.3617066.3617066.3617066.3617066.3617066.3617066.3617066.3617066.3617066.3617066.3617066.3617066.3617066.3617066.3617066.3617066.3617066.3617066.3617066.3617066.3617066.3617066.3617066.3617066.3617066.3617066.3617066.3617066.3617066.3617066.3617066.3617066.3617066.3617066.3617066.3617066.3617066.3617066.3617066.3617066.3617066.3617066.3617066.3617066.3617066.3617066.3617066.3617066.3617066.3617066.3617066.3617066.3617066.3617066.3617066.3617066.3617066.3617066.3617066.3617066.3617066.3617066.3617066.3617066.3617066.3617066.3617066.3617066.3617066.3617066.3617066.3617066.3617066.3617066.3617066.3617066.3617066.3617066.3617066.3617066.3617066.3617066.3617066.3617066.3617066.3617066.3617066.3617066.3617066.3617066.3617066.3617066.3617066.3617066.3617066.3617066.3617066.3617066.3617066.3617066.3617066.3617066.3617066.3617066.3617066.3617066.3617066.3617066.3617066.3617066.3617066.3617066.3617066.3617066.3617066.3617066.3617066.3617066.3617066.3617066.3617066.3617066.3617066.3617066.3617066.3617066.3617066.3617066.3617066.3617066.3617066.3617066.3617066.3617066.3617066.3617066.3617066.3617066.3617066.3617066.3617066.3617066.3617066.3617066.3617066.3617066.3617066.3617066.3617066.3617066.3617066.3617066.3617066.3617066.3617066.3617066.3617066.3617066.3617066.3617066.3617066.3617066.3617066.3617066.3617066.3617066.3617066.3617066.3617066.3617066.3617066.3617066.3617066.3617066.3617066.3617066.3617066.3617066.3617066.3617066.3617066.3617066.3617066.3617066.3617066.3617066.3617066.3617066.3617066.3617066.3617066.3617066.3617066.3617066.3617066.3617066.3617066.3617066.3617066.3617066.3617066.3617066.3617066.3617066.3617066.3617066.3617066.3617066.3617066.3617066.3617066.3617066.3617066.3617066.3617066.3617066.3617066.3617066.3617066.3617066.3617066.3617066.3617066.3617066.3617066.3617066.3617066.3617066.3617066.3617066.3617066.3617066.3617066.3617066.3617066.3617066.3617066.3617066.3617066.3617066.3617066.3617066.3617066.3617066.3617066.3617066.3617066.3617066.3617066.3617066.3617066.3617066.3617066.3617066.3617066.3617066.3617066.3617066.3617066.3617066.3617066.3617066.3617066.3617066.3617066.3617066.3617066.3617066.3617066.3617066.3617066.3617066.3617066.3617066.3617066.3617066.3617066.3617066.3617066.3617066.3617066.3617066.3617066.3617066.3617066.3617066.3617066.3617066.3617066.3617066.3617066.3617066.3617066.3617066.3617066.3617066.3617066.3617066.3617066.3617066.3617066.3617066.3617066.3617066.3617066.3617066.3617066.3617066.3617066.3617066.3617066.3617066.3617066.3617066.3617066.3617066.3617066.3617066.3617066.3617066.3617066.3617066.3617066.3617066.3617066.3617066.3617066.3617066.3617066.3617066.3617066.3617066.3617066.3617066.3617066.3617066.3617066.3617066.3617066.3617066.3617066.3617066.3617066.3617066.3617066.3617066.3617066.3617066.3617066.3617066.3617066.3617066.3617066.3617066.3617066.3617066.3617066.3617066.3617066.3617066.3617066.3617066.3617066.3617066.3617066.3617066.3617066.3617066.3617066.3617066.3617066.3617066.3617066.3617066.3617066.3617066.3617066.3617066.3617066.3617066.3617066.3617066.3617066.3617066.3617066.3617066.3617066.3617066.3617066.3617066.3617066.3617066.3617066.3617066.3617066.3617066.3617066.3617066.3617066.3617066.3617066.3617066.3617066.3617066.3617066.3617066.3617066.3617066.3617066.3617066.3617066.3617066.3617066.3617066.3617066.3617066.3617066.3617066.3617066.3617066.3617066.3617066.3617066.3617066.3617066.3617066.3617066.3617066.3617066.3617066.3617066.3617066.3617066.3617066.3617066.3617066.3617066.3617066.3617066.3617066.3617066.3617066.3617066.3617066.3617066.3617066.3617066.3617066.3617066.3617066.3617066.3617066.3617066.3617066.3617066.3617066.3617066.3617066.3617066.3617066.3617066.3617066.3617066.3617066.3617066.3617066.3617066.3617066.3617066.3617066.3617066.3617066.3617066.3617066.3617066.3617066.3617066.3617066.3617066.3617066.3617066.3617066.3617066.3617066.3617066.3617066.3617066.3617066.3617066.3617066.3617066.3617066.3617066.3617066.3617066.3617066.3617066.3617066.3617066.3617066.3617066.3617066.3617066.3617066.3617066.3617066.3617066.3617066.3617066.3617066.3617066.3617066.3617066.3617066.3617066.3617066.3617066.3617066.3617066.3617066.3617066.3617066.3617066.3617066.3617066.3617066.3617066.3617066.3617066.3617066.3617066.3617066.3617066.3617066.3617066.3617066.3617066.3617066.3617066.3617066.3617066.3617066.3617066.3617066.3617066.3617066.3617066.3617066.3617066.3617066.3617066.3617066.3617066.36