----------Report of simulation of Quantum Parallel Tempering - Population Annealing v1-----------
The number of considered Spin190
The considered Annealing Duration 760
The considered Annealing Number 100
The considered T 1.0
The considered Gamma0 1.0
The considered Number Of Replica 3
The considered Number Of System Tempering 3
The considered Number Of System Population 3
The solution found [ 1  1  1  1  1  1  1  1  1  1  1  1  1  1  1 -1  1  1  1  1  1  1  1 -1
 -1  1 -1 -1 -1 -1 -1 -1 -1 -1 -1  1 -1  1 -1 -1 -1  1 -1  1 -1 -1 -1 -1
 -1  1  1 -1  1 -1  1  1 -1  1  1 -1  1  1 -1 -1  1  1 -1 -1 -1 -1  1  1
  1  1  1 -1 -1  1  1 -1 -1 -1 -1 -1 -1  1 -1  1 -1 -1  1 -1  1 -1 -1 -1
  1 -1 -1 -1 -1  1  1 -1  1 -1 -1  1  1 -1 -1 -1  1 -1 -1  1  1 -1 -1 -1
 -1  1 -1  1  1 -1 -1 -1  1  1  1 -1 -1  1  1 -1 -1  1  1  1  1  1 -1 -1
  1 -1  1 -1  1  1 -1 -1  1  1  1 -1  1  1  1 -1  1  1  1  1  1  1  1 -1
 -1 -1 -1  1 -1  1 -1 -1 -1  1 -1 -1  1 -1 -1 -1 -1  1  1  1 -1  1]
The value found 0.0
The Success probability is 0.07
The average value is 3151.08
The total execution time is 17145.089484214783
The average time for execution is 171.45089386224745
The average time for all systems update is 0.22551577010280208
The average time for system tempering update is 0.03775185399724726
The average time for system population update is 8514.007454156876
The average time for replica update is 0.012515202485155641
The average time for spin update is 6.561422013032983e-05
The list of values found 

12996.0
324.0
4.0
4.0
3844.0
1296.0
576.0
256.0
3844.0
324.0
3364.0
2116.0
16.0
4.0
4.0
5476.0
4356.0
1296.0
196.0
0.0
13924.0
6400.0
2304.0
3136.0
2704.0
36.0
6084.0
8100.0
2500.0
400.0
144.0
900.0
144.0
484.0
64.0
14400.0
64.0
17424.0
1444.0
16.0
26896.0
5476.0
36.0
16.0
4096.0
16.0
11664.0
36.0
5476.0
11664.0
900.0
64.0
144.0
1936.0
676.0
0.0
36.0
4096.0
900.0
400.0
17956.0
3844.0
29584.0
1600.0
484.0
900.0
1156.0
1296.0
784.0
26244.0
36.0
2500.0
784.0
400.0
576.0
484.0
256.0
1024.0
1296.0
256.0
16.0
484.0
144.0
100.0
1156.0
100.0
100.0
676.0
1444.0
4096.0
256.0
1296.0
64.0
676.0
16.0
16.0
5476.0
7744.0
196.0
4096.0



The list of values first execution 

2316499.3333333335
1449074.4444444445
1374946.4444444445
1374946.4444444445
1374946.4444444445
1374946.4444444445
1374946.4444444445
1374946.4444444445
1374946.4444444445
1374946.4444444445
1374946.4444444445
1374946.4444444445
1374946.4444444445
1374946.4444444445
1374946.4444444445
1374946.4444444445
1374946.4444444445
1374946.4444444445
1374946.4444444445
1374946.4444444445
1374946.4444444445
1374946.4444444445
1374946.4444444445
1374946.4444444445
1374946.4444444445
1374946.4444444445
1374946.4444444445
1374946.4444444445
1374946.4444444445
1374946.4444444445
1374946.4444444445
1374946.4444444445
1374946.4444444445
1374946.4444444445
1374946.4444444445
1374946.4444444445
1374946.4444444445
1374946.4444444445
1374946.4444444445
1374946.4444444445
1374946.4444444445
1374946.4444444445
1374946.4444444445
1374946.4444444445
1374946.4444444445
1374946.4444444445
1374946.4444444445
1374946.4444444445
1374946.4444444445
1374946.4444444445
1374946.4444444445
1374946.4444444445
1374946.4444444445
1374946.4444444445
1374946.4444444445
1374946.4444444445
1374946.4444444445
1374946.4444444445
1374946.4444444445
1374946.4444444445
1374946.4444444445
1374946.4444444445
1374946.4444444445
1374946.4444444445
1374946.4444444445
1374946.4444444445
1374946.4444444445
1374946.4444444445
1374946.4444444445
1374946.4444444445
1374946.4444444445
1374946.4444444445
1374946.4444444445
1374946.4444444445
1374946.4444444445
1374946.4444444445
1374946.4444444445
1374946.4444444445
1374946.4444444445
1374946.4444444445
1374946.4444444445
1374946.4444444445
1374946.4444444445
1374946.4444444445
1374946.4444444445
1374946.4444444445
1374946.4444444445
1374946.4444444445
1374946.4444444445
1374946.4444444445
1374946.4444444445
1374946.4444444445
1374946.4444444445
1374946.4444444445
1374946.4444444445
1374946.4444444445
1374946.4444444445
1374946.4444444445
1374946.4444444445
1374946.4444444445
1374946.4444444445
1374946.4444444445
1374946.4444444445
1374946.4444444445
1374946.4444444445
1374946.4444444445
1374946.4444444445
1374946.4444444445
1374946.4444444445
1374946.4444444445
1374946.4444444445
1374946.4444444445
1374946.4444444445
1374946.4444444445
1374946.4444444445
1374946.4444444445
1374946.4444444445
1374946.4444444445
1374946.4444444445
1374946.4444444445
1374946.4444444445
1374946.4444444445
1374946.4444444445
1374946.4444444445
1374946.4444444445
1374946.4444444445
1374946.4444444445
1374946.4444444445
1374946.4444444445
1374946.4444444445
1374946.4444444445
1374946.4444444445
1374946.4444444445
1374946.4444444445
1374946.4444444445
1374946.4444444445
1374946.4444444445
1374946.4444444445
1374946.4444444445
1374946.4444444445
1374946.4444444445
1374946.4444444445
1374946.4444444445
1374946.4444444445
1374946.4444444445
1374946.4444444445
1374946.4444444445
1374946.4444444445
1374946.4444444445
1374946.4444444445
1374946.4444444445
1374946.4444444445
1374946.4444444445
1374946.4444444445
1374946.4444444445
1374946.4444444445
1374946.4444444445
1374946.4444444445
1374946.4444444445
1374946.4444444445
1374946.4444444445
1374946.4444444445
1374946.4444444445
1374946.4444444445
1374946.4444444445
1374946.4444444445
1374946.4444444445
1374946.4444444445
1374946.4444444445
1374946.4444444445
1374946.4444444445
1374946.4444444445
1374946.4444444445
1374946.4444444445
1374946.4444444445
1374946.4444444445
1374946.4444444445
1374946.4444444445
1374946.4444444445
1374946.4444444445
1374946.4444444445
1374946.4444444445
1374946.4444444445
1374946.4444444445
1374946.4444444445
1374946.4444444445
1374946.4444444445
1374946.4444444445
1374946.4444444445
1374946.4444444445
1374946.4444444445
1374946.4444444445
1374946.4444444445
1374946.4444444445
1374946.4444444445
1374946.4444444445
1374946.4444444445
1374946.4444444445
1374946.4444444445
1374946.4444444445
1374946.4444444445
1374946.4444444445
1374946.4444444445
1374946.4444444445
1374946.4444444445
1374946.4444444445
1374946.4444444445
1374946.4444444445
1374946.4444444445
1374946.4444444445
1374946.4444444445
1374946.4444444445
1374946.4444444445
1374946.4444444445
1374946.4444444445
1374946.4444444445
1374946.4444444445
1374946.4444444445
1374946.4444444445
1374946.4444444445
1374946.4444444445
1374946.4444444445
1374946.4444444445
1374946.4444444445
1374946.4444444445
1374946.4444444445
1374946.4444444445
1374946.4444444445
1374946.4444444445
1374946.4444444445
1374946.4444444445
1374946.4444444445
1374946.4444444445
1374946.4444444445
1374946.4444444445
1374946.4444444445
1374946.4444444445
1374946.4444444445
1374946.4444444445
1374946.4444444445
1374946.4444444445
1374946.4444444445
1374946.4444444445
1374946.4444444445
1374946.4444444445
1374946.4444444445
1374946.4444444445
1374946.4444444445
1374946.4444444445
1374946.4444444445
1374946.4444444445
1374946.4444444445
1374946.4444444445
1374946.4444444445
1374946.4444444445
1374946.4444444445
1374946.4444444445
1374946.4444444445
1374946.4444444445
1374946.4444444445
1374946.4444444445
1374946.4444444445
1374946.4444444445
1374946.4444444445
1374946.4444444445
1374946.4444444445
1374946.4444444445
1374946.4444444445
1374946.4444444445
1374946.4444444445
1374946.4444444445
1374946.4444444445
1374946.4444444445
1374946.4444444445
1374946.4444444445
1374946.4444444445
1374946.4444444445
1374946.4444444445
1374946.4444444445
1374946.4444444445
1374946.4444444445
1374946.4444444445
1374946.4444444445
1374946.4444444445
1374946.4444444445
1374946.4444444445
1374946.4444444445
1374946.4444444445
1374946.4444444445
1374946.4444444445
1374946.4444444445
1374946.4444444445
1374946.4444444445
1374946.4444444445
1374946.4444444445
1374946.4444444445
1374946.4444444445
1374946.4444444445
1374946.4444444445
1374946.4444444445
1374946.4444444445
1374946.4444444445
1374946.4444444445
1374946.4444444445
1374946.4444444445
1374946.4444444445
1374946.4444444445
1374946.4444444445
1374946.4444444445
1374946.4444444445
1374946.4444444445
1374946.4444444445
1374946.4444444445
1374946.4444444445
1374946.4444444445
1374946.4444444445
1374946.4444444445
1374946.4444444445
1374946.4444444445
1374946.4444444445
1374946.4444444445
1374946.4444444445
1374946.4444444445
1374946.4444444445
1374946.4444444445
1374946.4444444445
1374946.4444444445
1374946.4444444445
1374946.4444444445
1374946.4444444445
1374946.4444444445
1374946.4444444445
1374946.4444444445
1374946.4444444445
1374946.4444444445
1374946.4444444445
1374946.4444444445
1374946.4444444445
1374946.4444444445
1374946.4444444445
1374946.4444444445
1374946.4444444445
1374946.4444444445
1374946.4444444445
1374946.4444444445
1374946.4444444445
1374946.4444444445
1374946.4444444445
1374946.4444444445
1374946.4444444445
1374946.4444444445
1374946.4444444445
1374946.4444444445
1374946.4444444445
1374946.4444444445
1374946.4444444445
1374946.4444444445
1374946.4444444445
1374946.4444444445
1374946.4444444445
1374946.4444444445
1374946.4444444445
1374946.4444444445
1374946.4444444445
1374946.4444444445
1374946.4444444445
1374946.4444444445
1374946.4444444445
1374946.4444444445
1374946.4444444445
1374946.4444444445
1374946.4444444445
1374946.4444444445
1374946.4444444445
1374946.4444444445
1374946.4444444445
1374946.4444444445
1374946.4444444445
1374946.4444444445
1374946.4444444445
1374946.4444444445
1374946.4444444445
1374946.4444444445
1374946.4444444445
1374946.4444444445
1374946.4444444445
1374946.4444444445
1374946.4444444445
1374946.4444444445
1374946.4444444445
1374946.4444444445
1374946.4444444445
1374946.4444444445
1374946.4444444445
1374946.4444444445
1374946.4444444445
1374946.4444444445
1374946.4444444445
1374946.4444444445
1374946.4444444445
1374946.4444444445
1374946.4444444445
1374946.4444444445
1374946.4444444445
1374946.4444444445
1374946.4444444445
1374946.4444444445
1374946.4444444445
1374946.4444444445
1374946.4444444445
1374946.4444444445
1374946.4444444445
1374946.4444444445
1374946.4444444445
1374946.4444444445
1374946.4444444445
1374946.4444444445
1374946.4444444445
1374946.4444444445
1374946.4444444445
1374946.4444444445
1374946.4444444445
1374946.4444444445
1374946.4444444445
1374946.4444444445
1374946.4444444445
1374946.4444444445
1374946.4444444445
1374946.4444444445
1374946.4444444445
1374946.4444444445
1374946.4444444445
1374946.4444444445
1374946.4444444445
1374946.4444444445
1374946.4444444445
1374946.4444444445
1374946.4444444445
1374946.4444444445
1374946.4444444445
1374946.4444444445
1374946.4444444445
1374946.4444444445
1374946.4444444445
1374946.4444444445
1374946.4444444445
1374946.4444444445
1374946.4444444445
1374946.4444444445
1374946.4444444445
1374946.4444444445
1374946.4444444445
1374946.4444444445
1374946.4444444445
1374946.4444444445
1374946.4444444445
1374946.4444444445
1374946.4444444445
1374946.4444444445
1374946.4444444445
1374946.4444444445
1374946.4444444445
1374946.4444444445
1374946.4444444445
1374946.4444444445
1374946.4444444445
1374946.4444444445
1374946.4444444445
1374946.4444444445
1374946.4444444445
1374946.4444444445
1374946.4444444445
1374946.4444444445
1374946.4444444445
1374946.4444444445
1374946.4444444445
1374946.4444444445
1374946.4444444445
1374946.4444444445
1374946.4444444445
1374946.4444444445
1374946.4444444445
1374946.4444444445
1374946.4444444445
1374946.4444444445
1374946.4444444445
1374946.4444444445
1374946.4444444445
1374946.4444444445
1374946.4444444445
1374946.4444444445
1374946.4444444445
1374946.4444444445
1374946.4444444445
1374946.4444444445
1374946.4444444445
1374946.4444444445
1374946.4444444445
1374946.4444444445
1374946.4444444445
1374946.4444444445
1374946.4444444445
1374946.4444444445
1374946.4444444445
1374946.4444444445
1374946.4444444445
1374946.4444444445
1374946.4444444445
1374946.4444444445
1374946.4444444445
1374946.4444444445
1374946.4444444445
1374946.4444444445
1374946.4444444445
1374946.4444444445
1374946.4444444445
1374946.4444444445
1374946.4444444445
1374946.4444444445
1374946.4444444445
1374946.4444444445
1374946.4444444445
1374946.4444444445
1374946.4444444445
1374946.4444444445
1374946.4444444445
1374946.4444444445
1374946.4444444445
1374946.4444444445
1374946.4444444445
1374946.4444444445
1374946.4444444445
1374946.4444444445
1374946.4444444445
1374946.4444444445
1374946.4444444445
1374946.4444444445
1374946.4444444445
1374946.4444444445
1374946.4444444445
1374946.4444444445
1374946.4444444445
1374946.4444444445
1374946.4444444445
1374946.4444444445
1374946.4444444445
1374946.4444444445
1374946.4444444445
1374946.4444444445
1374946.4444444445
1374946.4444444445
1374946.4444444445
1374946.4444444445
1374946.4444444445
1374946.4444444445
1374946.4444444445
1374946.4444444445
1374946.4444444445
1374946.4444444445
1374946.4444444445
1374946.4444444445
1374946.4444444445
1374946.4444444445
1374946.4444444445
1374946.4444444445
1374946.4444444445
1374946.4444444445
1374946.4444444445
1374946.4444444445
1374946.4444444445
1374946.4444444445
1374946.4444444445
1374946.4444444445
1374946.4444444445
1374946.4444444445
1374946.4444444445
1374946.4444444445
1374946.4444444445
1374946.4444444445
1374946.4444444445
1374946.4444444445
1374946.4444444445
1374946.4444444445
1374946.4444444445
1374946.4444444445
1374946.4444444445
1374946.4444444445
1374946.4444444445
1374946.4444444445
1374946.4444444445
1374946.4444444445
1374946.4444444445
1374946.4444444445
1374946.4444444445
1374946.4444444445
1374946.4444444445
1374946.4444444445
1374946.4444444445
1374946.4444444445
1374946.4444444445
1374946.4444444445
1374946.4444444445
1374946.4444444445
1374946.4444444445
1374946.4444444445
1374946.4444444445
1374946.4444444445
1374946.4444444445
1374946.4444444445
1374946.4444444445
1374946.4444444445
1374946.4444444445
1374946.4444444445
1374946.4444444445
1374946.4444444445
1374946.4444444445
1374946.4444444445
1374946.4444444445
1374946.4444444445
1374946.4444444445
1374946.4444444445
1374946.4444444445
1374946.4444444445
1374946.4444444445
1374946.4444444445
1374946.4444444445
1374946.4444444445
1374946.4444444445
1374946.4444444445
1374946.4444444445
1374946.4444444445
1374946.4444444445
1374946.4444444445
1374946.4444444445
1374946.4444444445
1374946.4444444445
1374946.4444444445
1374946.4444444445
1374946.4444444445
1374946.4444444445
1374946.4444444445
1374946.4444444445
1374946.4444444445
1374946.4444444445
1374946.4444444445
1374946.4444444445
1374946.4444444445
1374946.4444444445
1374946.4444444445
1374946.4444444445
1374946.4444444445
1374946.4444444445
1374946.4444444445
1374946.4444444445
1374946.4444444445
1374946.4444444445
1374946.4444444445
1374946.4444444445
1374946.4444444445
1374946.4444444445
1374946.4444444445
1374946.4444444445
1374946.4444444445
1374946.4444444445
1374946.4444444445
1374946.4444444445
1374946.4444444445
1374946.4444444445
1374946.4444444445
1374946.4444444445
1374946.4444444445
1374946.4444444445
1374946.4444444445
1374946.4444444445
1374946.4444444445
1374946.4444444445
1374946.4444444445
1374946.4444444445
1374946.4444444445
1374946.4444444445
1374946.4444444445
1374946.4444444445
1374946.4444444445
1374946.4444444445
1374946.4444444445
1374946.4444444445
1374946.4444444445
1374946.4444444445
1374946.4444444445
1374946.4444444445
1374946.4444444445
1374946.4444444445
1374946.4444444445
1374946.4444444445
1374946.4444444445
1374946.4444444445
1374946.4444444445
1374946.4444444445
1374946.4444444445
1374946.4444444445
1374946.4444444445
1374946.4444444445
1374946.4444444445
1374946.4444444445
1374946.4444444445
1374946.4444444445
1374946.4444444445
1374946.4444444445
1374946.4444444445
1374946.4444444445
1374946.4444444445
1374946.4444444445
1374946.4444444445
1374946.4444444445
1374946.4444444445
1374946.4444444445
1374946.4444444445
1374946.4444444445
1374946.4444444445
1374946.4444444445
1374946.4444444445
1374946.4444444445
1374946.4444444445
1374946.4444444445
1374946.4444444445
1374946.4444444445
1374946.4444444445
1374946.4444444445
1374946.4444444445
1374946.4444444445
1374946.4444444445
1374946.4444444445
1374946.4444444445
1374946.4444444445
1374946.4444444445
1374946.4444444445
1374946.4444444445
1374946.4444444445
1374946.4444444445
1374946.4444444445
1374946.4444444445
1374946.4444444445
1374946.4444444445
1374946.4444444445
1374946.4444444445
1374946.4444444445
1374946.4444444445
1374946.4444444445
1374946.4444444445
1374946.4444444445
1374946.4444444445
1374946.4444444445
1374946.4444444445
1374946.4444444445
1374946.4444444445
1374946.4444444445
1374946.4444444445
1374946.4444444445
1374946.4444444445
1374946.4444444445



The list of best values first execution 

12996.0
15376.0
15376.0
15376.0
15376.0
15376.0
15376.0
15376.0
15376.0
15376.0
15376.0
15376.0
15376.0
15376.0
15376.0
15376.0
15376.0
15376.0
15376.0
15376.0
15376.0
15376.0
15376.0
15376.0
15376.0
15376.0
15376.0
15376.0
15376.0
15376.0
15376.0
15376.0
15376.0
15376.0
15376.0
15376.0
15376.0
15376.0
15376.0
15376.0
15376.0
15376.0
15376.0
15376.0
15376.0
15376.0
15376.0
15376.0
15376.0
15376.0
15376.0
15376.0
15376.0
15376.0
15376.0
15376.0
15376.0
15376.0
15376.0
15376.0
15376.0
15376.0
15376.0
15376.0
15376.0
15376.0
15376.0
15376.0
15376.0
15376.0
15376.0
15376.0
15376.0
15376.0
15376.0
15376.0
15376.0
15376.0
15376.0
15376.0
15376.0
15376.0
15376.0
15376.0
15376.0
15376.0
15376.0
15376.0
15376.0
15376.0
15376.0
15376.0
15376.0
15376.0
15376.0
15376.0
15376.0
15376.0
15376.0
15376.0
15376.0
15376.0
15376.0
15376.0
15376.0
15376.0
15376.0
15376.0
15376.0
15376.0
15376.0
15376.0
15376.0
15376.0
15376.0
15376.0
15376.0
15376.0
15376.0
15376.0
15376.0
15376.0
15376.0
15376.0
15376.0
15376.0
15376.0
15376.0
15376.0
15376.0
15376.0
15376.0
15376.0
15376.0
15376.0
15376.0
15376.0
15376.0
15376.0
15376.0
15376.0
15376.0
15376.0
15376.0
15376.0
15376.0
15376.0
15376.0
15376.0
15376.0
15376.0
15376.0
15376.0
15376.0
15376.0
15376.0
15376.0
15376.0
15376.0
15376.0
15376.0
15376.0
15376.0
15376.0
15376.0
15376.0
15376.0
15376.0
15376.0
15376.0
15376.0
15376.0
15376.0
15376.0
15376.0
15376.0
15376.0
15376.0
15376.0
15376.0
15376.0
15376.0
15376.0
15376.0
15376.0
15376.0
15376.0
15376.0
15376.0
15376.0
15376.0
15376.0
15376.0
15376.0
15376.0
15376.0
15376.0
15376.0
15376.0
15376.0
15376.0
15376.0
15376.0
15376.0
15376.0
15376.0
15376.0
15376.0
15376.0
15376.0
15376.0
15376.0
15376.0
15376.0
15376.0
15376.0
15376.0
15376.0
15376.0
15376.0
15376.0
15376.0
15376.0
15376.0
15376.0
15376.0
15376.0
15376.0
15376.0
15376.0
15376.0
15376.0
15376.0
15376.0
15376.0
15376.0
15376.0
15376.0
15376.0
15376.0
15376.0
15376.0
15376.0
15376.0
15376.0
15376.0
15376.0
15376.0
15376.0
15376.0
15376.0
15376.0
15376.0
15376.0
15376.0
15376.0
15376.0
15376.0
15376.0
15376.0
15376.0
15376.0
15376.0
15376.0
15376.0
15376.0
15376.0
15376.0
15376.0
15376.0
15376.0
15376.0
15376.0
15376.0
15376.0
15376.0
15376.0
15376.0
15376.0
15376.0
15376.0
15376.0
15376.0
15376.0
15376.0
15376.0
15376.0
15376.0
15376.0
15376.0
15376.0
15376.0
15376.0
15376.0
15376.0
15376.0
15376.0
15376.0
15376.0
15376.0
15376.0
15376.0
15376.0
15376.0
15376.0
15376.0
15376.0
15376.0
15376.0
15376.0
15376.0
15376.0
15376.0
15376.0
15376.0
15376.0
15376.0
15376.0
15376.0
15376.0
15376.0
15376.0
15376.0
15376.0
15376.0
15376.0
15376.0
15376.0
15376.0
15376.0
15376.0
15376.0
15376.0
15376.0
15376.0
15376.0
15376.0
15376.0
15376.0
15376.0
15376.0
15376.0
15376.0
15376.0
15376.0
15376.0
15376.0
15376.0
15376.0
15376.0
15376.0
15376.0
15376.0
15376.0
15376.0
15376.0
15376.0
15376.0
15376.0
15376.0
15376.0
15376.0
15376.0
15376.0
15376.0
15376.0
15376.0
15376.0
15376.0
15376.0
15376.0
15376.0
15376.0
15376.0
15376.0
15376.0
15376.0
15376.0
15376.0
15376.0
15376.0
15376.0
15376.0
15376.0
15376.0
15376.0
15376.0
15376.0
15376.0
15376.0
15376.0
15376.0
15376.0
15376.0
15376.0
15376.0
15376.0
15376.0
15376.0
15376.0
15376.0
15376.0
15376.0
15376.0
15376.0
15376.0
15376.0
15376.0
15376.0
15376.0
15376.0
15376.0
15376.0
15376.0
15376.0
15376.0
15376.0
15376.0
15376.0
15376.0
15376.0
15376.0
15376.0
15376.0
15376.0
15376.0
15376.0
15376.0
15376.0
15376.0
15376.0
15376.0
15376.0
15376.0
15376.0
15376.0
15376.0
15376.0
15376.0
15376.0
15376.0
15376.0
15376.0
15376.0
15376.0
15376.0
15376.0
15376.0
15376.0
15376.0
15376.0
15376.0
15376.0
15376.0
15376.0
15376.0
15376.0
15376.0
15376.0
15376.0
15376.0
15376.0
15376.0
15376.0
15376.0
15376.0
15376.0
15376.0
15376.0
15376.0
15376.0
15376.0
15376.0
15376.0
15376.0
15376.0
15376.0
15376.0
15376.0
15376.0
15376.0
15376.0
15376.0
15376.0
15376.0
15376.0
15376.0
15376.0
15376.0
15376.0
15376.0
15376.0
15376.0
15376.0
15376.0
15376.0
15376.0
15376.0
15376.0
15376.0
15376.0
15376.0
15376.0
15376.0
15376.0
15376.0
15376.0
15376.0
15376.0
15376.0
15376.0
15376.0
15376.0
15376.0
15376.0
15376.0
15376.0
15376.0
15376.0
15376.0
15376.0
15376.0
15376.0
15376.0
15376.0
15376.0
15376.0
15376.0
15376.0
15376.0
15376.0
15376.0
15376.0
15376.0
15376.0
15376.0
15376.0
15376.0
15376.0
15376.0
15376.0
15376.0
15376.0
15376.0
15376.0
15376.0
15376.0
15376.0
15376.0
15376.0
15376.0
15376.0
15376.0
15376.0
15376.0
15376.0
15376.0
15376.0
15376.0
15376.0
15376.0
15376.0
15376.0
15376.0
15376.0
15376.0
15376.0
15376.0
15376.0
15376.0
15376.0
15376.0
15376.0
15376.0
15376.0
15376.0
15376.0
15376.0
15376.0
15376.0
15376.0
15376.0
15376.0
15376.0
15376.0
15376.0
15376.0
15376.0
15376.0
15376.0
15376.0
15376.0
15376.0
15376.0
15376.0
15376.0
15376.0
15376.0
15376.0
15376.0
15376.0
15376.0
15376.0
15376.0
15376.0
15376.0
15376.0
15376.0
15376.0
15376.0
15376.0
15376.0
15376.0
15376.0
15376.0
15376.0
15376.0
15376.0
15376.0
15376.0
15376.0
15376.0
15376.0
15376.0
15376.0
15376.0
15376.0
15376.0
15376.0
15376.0
15376.0
15376.0
15376.0
15376.0
15376.0
15376.0
15376.0
15376.0
15376.0
15376.0
15376.0
15376.0
15376.0
15376.0
15376.0
15376.0
15376.0
15376.0
15376.0
15376.0
15376.0
15376.0
15376.0
15376.0
15376.0
15376.0
15376.0
15376.0
15376.0
15376.0
15376.0
15376.0
15376.0
15376.0
15376.0
15376.0
15376.0
15376.0
15376.0
15376.0
15376.0
15376.0
15376.0
15376.0
15376.0
15376.0
15376.0
15376.0
15376.0
15376.0
15376.0
15376.0
15376.0
15376.0
15376.0
15376.0
15376.0
15376.0
15376.0
15376.0
15376.0
15376.0
15376.0
15376.0
15376.0
15376.0
15376.0
15376.0
15376.0
15376.0
15376.0
15376.0
15376.0
15376.0
15376.0
15376.0
15376.0
15376.0
15376.0
15376.0
15376.0
15376.0
15376.0
15376.0
15376.0
15376.0
15376.0
15376.0
15376.0
15376.0
15376.0
15376.0
15376.0
15376.0
15376.0
15376.0
15376.0
15376.0
15376.0
15376.0
15376.0
15376.0
15376.0
15376.0
15376.0
15376.0
15376.0
15376.0
15376.0
15376.0
15376.0
15376.0
15376.0
15376.0
15376.0
15376.0
15376.0
15376.0
15376.0
15376.0
15376.0
15376.0
15376.0
15376.0
15376.0
15376.0
15376.0
15376.0
15376.0
15376.0



The list of values average 

1922144.6444444451
1249056.5088888889
1156473.8733333335
1147861.4533333336
1159169.5577777782
1159140.7800000003
1159181.848888889
1159164.9088888892
1159143.495555556
1159164.908888889
1159156.9644444447
1159146.4088888892
1159181.3222222223
1159152.517777778
1159141.3088888894
1159164.908888889
1159156.9644444447
1159146.4088888892
1159181.3222222223
1159153.2466666668
1159141.3088888894
1159164.908888889
1159156.9644444447
1159146.4088888892
1159181.3222222223
1159152.517777778
1159141.3088888894
1159189.4444444447
1159156.9644444447
1159146.4088888892
1159205.857777778
1159152.517777778
1159141.3088888894
1159164.908888889
1159156.9644444447
1159146.4088888892
1159181.3222222223
1159152.517777778
1159141.3088888894
1159164.908888889
1159156.9644444447
1159146.4088888892
1159181.3222222223
1159153.2466666668
1159141.3088888894
1159164.908888889
1159156.9644444447
1159146.4088888892
1159181.3222222223
1159152.517777778
1159141.3088888894
1159164.908888889
1159156.9644444447
1159146.4088888892
1159182.0511111112
1159152.517777778
1159141.3088888894
1159164.908888889
1159156.9644444447
1159146.4088888892
1159181.3222222223
1159152.517777778
1159141.3088888894
1159189.4444444447
1159156.9644444447
1159146.4088888892
1159181.3222222223
1159152.517777778
1159141.3088888894
1159171.9955555557
1159162.9977777782
1159140.7800000003
1159169.66
1159158.8755555558
1159146.9377777784
1159176.5711111112
1159151.3355555558
1159140.7800000003
1159169.66
1159158.8755555558
1159146.9377777784
1159178.0288888891
1159151.3355555558
1159140.7800000003
1159169.66
1159158.146666667
1159146.9377777784
1159176.5711111112
1159151.3355555558
1159140.7800000003
1159199.8244444446
1159164.1800000002
1159141.3088888894
1159164.908888889
1159156.9644444447
1159146.4088888892
1159181.3222222223
1159153.9755555557
1159141.3088888894
1159164.908888889
1159156.9644444447
1159146.4088888892
1159181.3222222223
1159152.517777778
1159141.3088888894
1159164.908888889
1159156.9644444447
1159146.4088888892
1159181.3222222223
1159153.2466666668
1159141.3088888894
1159164.908888889
1159156.9644444447
1159146.4088888892
1159181.3222222223
1159153.2466666668
1159141.3088888894
1159170.537777778
1159162.9977777782
1159140.7800000003
1159169.66
1159158.146666667
1159146.9377777784
1159176.5711111112
1159151.3355555558
1159140.7800000003
1159176.017777778
1159164.1800000002
1159141.3088888894
1159164.908888889
1159156.9644444447
1159146.4088888892
1159182.0511111112
1159152.517777778
1159141.3088888894
1159164.908888889
1159157.6933333338
1159146.4088888892
1159181.3222222223
1159152.517777778
1159141.3088888894
1159170.537777778
1159162.9977777782
1159140.7800000003
1159175.288888889
1159164.1800000002
1159141.3088888894
1159195.0733333337
1159163.726666667
1159140.7800000003
1159175.288888889
1159164.1800000002
1159141.3088888894
1159164.908888889
1159156.9644444447
1159146.4088888892
1159181.3222222223
1159152.517777778
1159141.3088888894
1159164.908888889
1159156.9644444447
1159146.4088888892
1159181.3222222223
1159152.517777778
1159141.3088888894
1159164.908888889
1159156.9644444447
1159146.4088888892
1159181.3222222223
1159152.517777778
1159141.3088888894
1159164.908888889
1159156.9644444447
1159146.4088888892
1159181.3222222223
1159152.517777778
1159141.3088888894
1159170.537777778
1159162.9977777782
1159140.7800000003
1159169.66
1159158.146666667
1159146.9377777784
1159178.757777778
1159151.3355555558
1159140.7800000003
1159175.288888889
1159165.637777778
1159141.3088888894
1159170.537777778
1159162.9977777782
1159140.7800000003
1159175.288888889
1159164.1800000002
1159141.3088888894
1159171.9955555557
1159162.9977777782
1159140.7800000003
1159169.66
1159158.146666667
1159146.9377777784
1159201.106666667
1159151.3355555558
1159140.7800000003
1159175.288888889
1159164.1800000002
1159141.3088888894
1159170.537777778
1159162.9977777782
1159140.7800000003
1159169.66
1159158.8755555558
1159146.9377777784
1159201.106666667
1159151.3355555558
1159140.7800000003
1159175.288888889
1159164.9088888892
1159141.3088888894
1159164.908888889
1159156.9644444447
1159146.4088888892
1159181.3222222223
1159153.2466666668
1159141.3088888894
1159164.908888889
1159157.6933333338
1159146.4088888892
1159181.3222222223
1159154.7044444447
1159141.3088888894
1159166.3666666667
1159156.9644444447
1159146.4088888892
1159181.3222222223
1159153.2466666668
1159141.3088888894
1159164.908888889
1159156.9644444447
1159146.4088888892
1159181.3222222223
1159152.517777778
1159141.3088888894
1159164.908888889
1159156.9644444447
1159146.4088888892
1159181.3222222223
1159152.517777778
1159141.3088888894
1159164.908888889
1159156.9644444447
1159146.4088888892
1159181.3222222223
1159152.517777778
1159141.3088888894
1159164.908888889
1159156.9644444447
1159146.4088888892
1159181.3222222223
1159152.517777778
1159141.3088888894
1159170.537777778
1159162.9977777782
1159140.7800000003
1159169.66
1159158.8755555558
1159146.9377777784
1159177.3000000003
1159151.3355555558
1159140.7800000003
1159175.288888889
1159164.9088888892
1159141.3088888894
1159164.908888889
1159156.9644444447
1159146.4088888892
1159182.78
1159152.517777778
1159141.3088888894
1159164.908888889
1159156.9644444447
1159146.4088888892
1159181.3222222223
1159152.517777778
1159141.3088888894
1159164.908888889
1159156.9644444447
1159146.4088888892
1159182.78
1159153.2466666668
1159141.3088888894
1159164.908888889
1159156.9644444447
1159146.4088888892
1159181.3222222223
1159152.517777778
1159141.3088888894
1159164.908888889
1159156.9644444447
1159146.4088888892
1159181.3222222223
1159152.517777778
1159141.3088888894
1159164.908888889
1159156.9644444447
1159146.4088888892
1159181.3222222223
1159152.517777778
1159141.3088888894
1159165.6377777779
1159156.9644444447
1159146.4088888892
1159181.3222222223
1159152.517777778
1159141.3088888894
1159164.908888889
1159157.6933333338
1159146.4088888892
1159181.3222222223
1159152.517777778
1159141.3088888894
1159170.537777778
1159162.9977777782
1159140.7800000003
1159169.66
1159158.146666667
1159146.9377777784
1159176.5711111112
1159151.3355555558
1159140.7800000003
1159175.288888889
1159165.637777778
1159141.3088888894
1159164.908888889
1159156.9644444447
1159146.4088888892
1159182.78
1159153.9755555557
1159141.3088888894
1159164.908888889
1159156.9644444447
1159146.4088888892
1159181.3222222223
1159152.517777778
1159141.3088888894
1159170.537777778
1159162.9977777782
1159140.7800000003
1159175.288888889
1159164.1800000002
1159141.3088888894
1159170.537777778
1159165.1844444447
1159140.7800000003
1159169.66
1159159.6044444446
1159146.9377777784
1159176.5711111112
1159151.3355555558
1159140.7800000003
1159175.288888889
1159164.1800000002
1159141.3088888894
1159164.908888889
1159156.9644444447
1159146.4088888892
1159181.3222222223
1159152.517777778
1159141.3088888894
1159164.908888889
1159156.9644444447
1159146.4088888892
1159181.3222222223
1159152.517777778
1159141.3088888894
1159164.908888889
1159159.1511111115
1159146.4088888892
1159181.3222222223
1159152.517777778
1159141.3088888894
1159170.537777778
1159162.9977777782
1159140.7800000003
1159169.66
1159158.146666667
1159146.9377777784
1159176.5711111112
1159151.3355555558
1159140.7800000003
1159169.66
1159158.8755555558
1159146.9377777784
1159176.5711111112
1159152.0644444448
1159140.7800000003
1159175.288888889
1159164.1800000002
1159141.3088888894
1159170.537777778
1159163.726666667
1159140.7800000003
1159175.288888889
1159164.1800000002
1159141.3088888894
1159164.908888889
1159156.9644444447
1159146.4088888892
1159182.78
1159152.517777778
1159141.3088888894
1159171.9955555557
1159162.9977777782
1159140.7800000003
1159169.66
1159159.6044444446
1159146.9377777784
1159176.5711111112
1159151.3355555558
1159140.7800000003
1159176.7466666668
1159164.1800000002
1159141.3088888894
1159170.537777778
1159163.726666667
1159140.7800000003
1159169.66
1159158.146666667
1159146.9377777784
1159176.5711111112
1159151.3355555558
1159140.7800000003
1159175.288888889
1159164.1800000002
1159141.3088888894
1159164.908888889
1159156.9644444447
1159146.4088888892
1159181.3222222223
1159152.517777778
1159141.3088888894
1159164.908888889
1159157.6933333338
1159146.4088888892
1159181.3222222223
1159153.2466666668
1159141.3088888894
1159170.537777778
1159163.726666667
1159140.7800000003
1159175.288888889
1159164.1800000002
1159141.3088888894
1159164.908888889
1159157.6933333338
1159146.4088888892
1159205.857777778
1159152.517777778
1159141.3088888894
1159164.908888889
1159156.9644444447
1159146.4088888892
1159182.78
1159153.2466666668
1159141.3088888894
1159164.908888889
1159156.9644444447
1159146.4088888892
1159181.3222222223
1159153.2466666668
1159141.3088888894
1159164.908888889
1159156.9644444447
1159146.4088888892
1159181.3222222223
1159152.517777778
1159141.3088888894
1159164.908888889
1159157.6933333338
1159146.4088888892
1159181.3222222223
1159152.517777778
1159141.3088888894
1159170.537777778
1159162.9977777782
1159140.7800000003
1159169.66
1159158.8755555558
1159146.9377777784
1159176.5711111112
1159152.0644444448
1159140.7800000003
1159176.7466666668
1159164.1800000002
1159141.3088888894
1159164.908888889
1159156.9644444447
1159146.4088888892
1159181.3222222223
1159152.517777778
1159141.3088888894
1159170.537777778
1159163.726666667
1159140.7800000003
1159169.66
1159158.146666667
1159146.9377777784
1159176.5711111112
1159151.3355555558
1159140.7800000003
1159169.66
1159158.146666667
1159146.9377777784
1159176.5711111112
1159151.3355555558
1159140.7800000003
1159175.288888889
1159164.1800000002
1159141.3088888894
1159164.908888889
1159156.9644444447
1159146.4088888892
1159181.3222222223
1159153.2466666668
1159141.3088888894
1159164.908888889
1159156.9644444447
1159146.4088888892
1159182.78
1159152.517777778
1159141.3088888894
1159170.537777778
1159163.726666667
1159140.7800000003
1159169.66
1159158.8755555558
1159146.9377777784
1159176.5711111112
1159152.0644444448
1159140.7800000003
1159169.66
1159158.8755555558
1159146.9377777784
1159176.5711111112
1159151.3355555558
1159140.7800000003
1159169.66
1159158.146666667
1159146.9377777784
1159176.5711111112
1159151.3355555558
1159140.7800000003
1159171.1177777778
1159158.146666667
1159146.9377777784
1159176.5711111112
1159151.3355555558
1159140.7800000003
1159169.66
1159158.146666667
1159146.9377777784
1159176.5711111112
1159151.3355555558
1159140.7800000003
1159169.66
1159158.146666667
1159146.9377777784
1159176.5711111112
1159151.3355555558
1159140.7800000003
1159169.66
1159158.8755555558
1159146.9377777784
1159176.5711111112
1159151.3355555558
1159140.7800000003
1159169.66
1159158.146666667
1159146.9377777784
1159176.5711111112
1159151.3355555558
1159140.7800000003
1159169.66
1159158.146666667
1159146.9377777784
1159176.5711111112
1159151.3355555558
1159140.7800000003
1159169.66
1159158.146666667
1159146.9377777784
1159176.5711111112
1159151.3355555558
1159140.7800000003
1159169.66
1159158.8755555558
1159146.9377777784
1159176.5711111112
1159152.0644444448
1159140.7800000003
1159175.288888889
1159164.1800000002
1159141.3088888894
1159164.908888889
1159156.9644444447
1159146.4088888892
1159181.3222222223
1159152.517777778
1159141.3088888894
1159164.908888889
1159156.9644444447
1159146.4088888892
1159181.3222222223
1159152.517777778
1159141.3088888894
1159164.908888889
1159156.9644444447
1159146.4088888892
1159205.857777778
1159152.517777778
1159141.3088888894
1159170.537777778
1159162.9977777782
1159140.7800000003
1159169.66
1159158.8755555558
1159146.9377777784
1159177.3000000003
1159151.3355555558
1159140.7800000003
1159175.288888889
1159164.9088888892
1159141.3088888894
1159170.537777778
1159162.9977777782
1159140.7800000003
1159169.66
1159158.146666667
1159146.9377777784
1159176.5711111112
1159151.3355555558
1159140.7800000003
1159176.7466666668
1159164.1800000002
1159141.3088888894
1159170.537777778
1159162.9977777782
1159140.7800000003
1159169.66
1159158.8755555558
1159146.9377777784
1159176.5711111112
1159151.3355555558
1159140.7800000003
1159169.66
1159158.146666667
1159146.9377777784
1159176.5711111112
1159152.0644444448
1159140.7800000003
1159169.66
1159158.146666667
1159146.9377777784
1159177.3000000003
1159151.3355555558
1159140.7800000003
1159176.7466666668
1159164.1800000002
1159141.3088888894
1159164.908888889
1159156.9644444447
1159146.4088888892
1159181.3222222223
1159152.517777778
1159141.3088888894
1159170.537777778
1159162.9977777782
1159140.7800000003
1159175.288888889
1159164.1800000002
1159141.3088888894
1159164.908888889
1159157.6933333338
1159146.4088888892
1159181.3222222223
1159152.517777778
1159141.3088888894
1159164.908888889
1159156.9644444447
1159146.4088888892
1159181.3222222223
1159152.517777778
1159141.3088888894
1159164.908888889
1159156.9644444447
1159146.4088888892
1159181.3222222223
1159152.517777778
1159141.3088888894
1159164.908888889
1159156.9644444447
1159146.4088888892
1159181.3222222223
1159152.517777778
1159141.3088888894
1159164.908888889
1159156.9644444447
1159146.4088888892
1159181.3222222223
1159153.2466666668
1159141.3088888894
1159166.3666666667
1159156.9644444447
1159146.4088888892
1159181.3222222223
1159153.2466666668
1159141.3088888894
1159170.537777778
1159163.726666667
1159140.7800000003
1159169.66
1159158.146666667
1159146.9377777784
1159176.5711111112
1159152.0644444448
1159140.7800000003
1159169.66
1159158.146666667
1159146.9377777784
1159176.5711111112
1159151.3355555558
1159140.7800000003
1159169.66
1159158.146666667
1159146.9377777784
1159176.5711111112
1159151.3355555558
1159140.7800000003
1159169.66
1159158.146666667
1159146.9377777784
1159176.5711111112
1159151.3355555558
1159140.7800000003
1159169.66
1159158.8755555558
1159146.9377777784
1159176.5711111112
1159151.3355555558
1159140.7800000003
1159169.66
1159158.8755555558
1159146.9377777784
1159201.106666667
1159152.0644444448
1159140.7800000003
1159175.288888889
1159164.1800000002
1159141.3088888894
1159164.908888889



The list of best values average 

8447.2799999999997954.285073.765155.6799999999995198.245182.045198.245198.245182.045182.045198.245198.245198.245182.045182.045182.045198.245198.245198.245182.045182.045182.045198.245198.245198.245182.045182.045182.045198.245198.245198.245182.045182.045182.045198.245198.245198.245182.045182.045182.045198.245198.245198.245182.045182.045182.045198.245198.245198.245182.045182.045182.045198.245198.245198.245182.045182.045182.045198.245198.245198.245182.045182.045182.045198.245198.245198.245182.045182.045198.245198.245182.045182.045198.245198.245198.245182.045182.045182.045198.245198.245198.245182.045182.045182.045198.245198.245198.245182.045182.045198.245198.245182.045182.045198.245198.245198.245182.045182.045182.045198.245198.245198.245182.045182.045182.045198.245198.245198.245182.045182.045182.045198.245198.245198.245182.045182.045198.245198.245182.045182.045198.245198.245198.245182.045182.045198.245198.245182.045182.045198.245198.245198.245182.045182.045182.045198.245198.245198.245182.045182.045198.245198.245182.045198.245198.245182.045198.245198.245182.045198.245198.245182.045182.045198.245198.245198.245182.045182.045182.045198.245198.245198.245182.045182.045182.045198.245198.245198.245182.045182.045182.045198.245198.245198.245182.045182.045198.245198.245182.045182.045198.245198.245198.245182.045182.045198.245198.245182.045198.245198.245182.045198.245198.245182.045198.245198.245182.045182.045198.245198.245198.245182.045182.045198.245198.245182.045198.245198.245182.045182.045198.245198.245198.245182.045182.045198.245198.245182.045182.045198.245198.245198.245182.045182.045182.045198.245198.245198.245182.045182.045182.045198.245198.245198.245182.045182.045182.045198.245198.245198.245182.045182.045182.045198.245198.245198.245182.045182.045182.045198.245198.245198.245182.045182.045182.045198.245198.245198.245182.045182.045198.245198.245182.045182.045198.245198.245198.245182.045182.045198.245198.245182.045182.045198.245198.245198.245182.045182.045182.045198.245198.245198.245182.045182.045182.045198.245198.245198.245182.045182.045182.045198.245198.245198.245182.045182.045182.045198.245198.245198.245182.045182.045182.045198.245198.245198.245182.045182.045182.045198.245198.245198.245182.045182.045182.045198.245198.245198.245182.045182.045198.245198.245182.045182.045198.245198.245198.245182.045182.045198.245198.245182.045182.045198.245198.245198.245182.045182.045182.045198.245198.245198.245182.045182.045198.245198.245182.045198.245198.245182.045198.245198.245182.045182.045198.245198.245198.245182.045182.045198.245198.245182.045182.045198.245198.245198.245182.045182.045182.045198.245198.245198.245182.045182.045182.045198.245198.245198.245182.045182.045198.245198.245182.045182.045198.245198.245198.245182.045182.045182.045198.245198.245198.245182.045182.045198.245198.245182.045198.245198.245182.045198.245198.245182.045182.045198.245198.245198.245182.045182.045198.245198.245182.045182.045198.245198.245198.245182.045182.045198.245198.245182.045198.245198.245182.045182.045198.245198.245198.245182.045182.045198.245198.245182.045182.045198.245198.245198.245182.045182.045182.045198.245198.245198.245182.045182.045198.245198.245182.045198.245198.245182.045182.045198.245198.245198.245182.045182.045182.045198.245198.245198.245182.045182.045182.045198.245198.245198.245182.045182.045182.045198.245198.245198.245182.045182.045182.045198.245198.245198.245182.045182.045198.245198.245182.045182.045198.245198.245198.245182.045182.045198.245198.245182.045182.045198.245198.245198.245182.045182.045198.245198.245182.045182.045198.245198.245198.245182.045182.045182.045198.245198.245198.245182.045182.045198.245198.245182.045182.045198.245198.245198.245182.045182.045182.045198.245198.245198.245182.045182.045198.245198.245182.045182.045198.245198.245198.245182.045182.045182.045198.245198.245198.245182.045182.045182.045198.245198.245198.245182.045182.045182.045198.245198.245198.245182.045182.045182.045198.245198.245198.245182.045182.045182.045198.245198.245198.245182.045182.045182.045198.245198.245198.245182.045182.045182.045198.245198.245198.245182.045182.045182.045198.245198.245198.245182.045182.045182.045198.245198.245198.245182.045182.045182.045198.245198.245198.245182.045182.045198.245198.245182.045182.045198.245198.245198.245182.045182.045182.045198.245198.245198.245182.045182.045182.045198.245198.245198.245182.045182.045198.245198.245182.045182.045198.245198.245198.245182.045182.045198.245198.245182.045198.245198.245182.045182.045198.245198.245198.245182.045182.045198.245198.245182.045198.245198.245182.045182.045198.245198.245198.245182.045182.045182.045198.245198.245198.245182.045182.045182.045198.245198.245198.245182.045182.045198.245198.245182.045182.045198.245198.245198.245182.045182.045198.245198.245182.045198.245198.245182.045182.045198.245198.245198.245182.045182.045182.045198.245198.245198.245182.045182.045182.045198.245198.245198.245182.045182.045182.045198.245198.245198.245182.045182.045182.045198.245198.245198.245182.045182.045182.045198.245198.245198.245182.045182.045198.245198.245182.045182.045198.245198.245198.245182.045182.045182.045198.245198.245198.245182.045182.045182.045198.245198.245198.245182.045182.045182.045198.245198.245198.245182.045182.045182.045198.245198.245198.245182.045182.045182.045198.245198.245198.245182.045182.045198.245198.245182.045182.04