----------Report of simulation of Quantum Parallel Tempering - Population Annealing v1-----------
The number of considered Spin50
The considered Annealing Duration 200
The considered Annealing Number 100
The considered T 1.0
The considered Gamma0 1.0
The considered Number Of Replica 3
The considered Number Of System Tempering 3
The considered Number Of System Population 3
The solution found [ 1  1  1  1  1  1  1  1  1  1  1  1 -1 -1  1  1 -1 -1 -1 -1  1  1 -1 -1
 -1  1 -1  1  1 -1 -1  1 -1 -1  1 -1 -1  1 -1  1 -1 -1 -1 -1 -1  1  1 -1
 -1 -1]
The value found 0.0
The Success probability is 0.01
The average value is 7557.48
The total execution time is 325.857990026474
The average time for execution is 3.25857923746109
The average time for all systems update is 0.01625468910932541
The average time for system tempering update is 0.0027493419845898946
The average time for system population update is 156.60087704658508
The average time for replica update is 0.0008928253637419806
The average time for spin update is 1.7600110279189217e-05
The list of values found 

196.0
2704.0
4.0
16.0
50176.0
2500.0
676.0
196.0
576.0
2116.0
2704.0
2916.0
10000.0
2704.0
1936.0
900.0
676.0
7056.0
21904.0
100.0
676.0
30276.0
576.0
1444.0
1764.0
12100.0
5776.0
1024.0
40804.0
16.0
2916.0
3364.0
900.0
256.0
2304.0
7744.0
16.0
3844.0
6724.0
784.0
5476.0
1296.0
144.0
1764.0
900.0
2500.0
5776.0
17424.0
2304.0
256.0
64.0
0.0
2500.0
5184.0
1444.0
484.0
4624.0
4624.0
1444.0
15376.0
26896.0
144.0
4.0
31684.0
13924.0
11236.0
26896.0
4.0
34596.0
4096.0
91204.0
4900.0
400.0
676.0
24336.0
8836.0
7744.0
1764.0
3600.0
6084.0
4900.0
64.0
900.0
784.0
144.0
28900.0
2304.0
12544.0
72900.0
256.0
0.0
64.0
100.0
2500.0
4624.0
2500.0
2304.0
0.0
64.0
13924.0



The list of values first execution 

23541179.111111112
16604613.777777778
14719548.222222222
14630508.222222222
14630508.222222222
14630508.222222222
14630508.222222222
14630508.222222222
14630508.222222222
14630508.222222222
14630508.222222222
14630508.222222222
14630508.222222222
14630508.222222222
14630508.222222222
14630508.222222222
14630508.222222222
14630508.222222222
14630508.222222222
14630508.222222222
14630508.222222222
14630508.222222222
14630508.222222222
14630508.222222222
14630508.222222222
14630508.222222222
14630508.222222222
14630508.222222222
14630508.222222222
14630508.222222222
14630508.222222222
14630508.222222222
14630508.222222222
14630508.222222222
14630508.222222222
14630508.222222222
14630508.222222222
14630508.222222222
14630508.222222222
14630508.222222222
14630508.222222222
14630508.222222222
14630508.222222222
14630508.222222222
14630508.222222222
14630508.222222222
14630508.222222222
14630508.222222222
14630508.222222222
14630508.222222222
14630508.222222222
14630508.222222222
14630508.222222222
14630508.222222222
14630508.222222222
14630508.222222222
14630508.222222222
14630508.222222222
14630508.222222222
14630508.222222222
14630508.222222222
14630508.222222222
14630508.222222222
14630508.222222222
14630508.222222222
14630508.222222222
14630508.222222222
14630508.222222222
14630508.222222222
14630508.222222222
14630508.222222222
14630508.222222222
14630508.222222222
14630508.222222222
14630508.222222222
14630508.222222222
14630508.222222222
14630508.222222222
14630508.222222222
14630508.222222222
14630508.222222222
14630508.222222222
14630508.222222222
14630508.222222222
14630508.222222222
14630508.222222222
14630508.222222222
14630508.222222222
14630508.222222222
14630508.222222222
14630508.222222222
14630508.222222222
14630508.222222222
14630508.222222222
14630508.222222222
14630508.222222222
14630508.222222222
14630508.222222222
14630508.222222222
14630508.222222222
14630508.222222222
14630508.222222222
14630508.222222222
14630508.222222222
14630508.222222222
14630508.222222222
14630508.222222222
14630508.222222222
14630508.222222222
14630508.222222222
14630508.222222222
14630508.222222222
14630508.222222222
14630508.222222222
14630508.222222222
14630508.222222222
14630508.222222222
14630508.222222222
14630508.222222222
14630508.222222222
14630508.222222222
14630508.222222222
14630508.222222222
14630508.222222222
14630508.222222222
14630508.222222222
14630508.222222222
14630508.222222222
14630508.222222222
14630508.222222222
14630508.222222222
14630508.222222222
14630508.222222222
14630508.222222222
14630508.222222222
14630508.222222222
14630508.222222222
14630508.222222222
14630508.222222222
14630508.222222222
14630508.222222222
14630508.222222222
14630508.222222222
14630508.222222222
14630508.222222222
14630508.222222222
14630508.222222222
14630508.222222222
14630508.222222222
14630508.222222222
14630508.222222222
14630508.222222222
14630508.222222222
14630508.222222222
14630508.222222222
14630508.222222222
14630508.222222222
14630508.222222222
14630508.222222222
14630508.222222222
14630508.222222222
14630508.222222222
14630508.222222222
14630508.222222222
14630508.222222222
14630508.222222222
14630508.222222222
14630508.222222222
14630508.222222222
14630508.222222222
14630508.222222222
14630508.222222222
14630508.222222222
14630508.222222222
14630508.222222222
14630508.222222222
14630508.222222222
14630508.222222222
14630508.222222222
14630508.222222222
14630508.222222222
14630508.222222222
14630508.222222222
14630508.222222222
14630508.222222222
14630508.222222222
14630508.222222222
14630508.222222222
14630508.222222222
14630508.222222222
14630508.222222222
14630508.222222222
14630508.222222222
14630508.222222222
14630508.222222222
14630508.222222222
14630508.222222222
14630508.222222222
14630508.222222222
14630508.222222222



The list of best values first execution 

196.0
196.0
196.0
196.0
196.0
196.0
196.0
196.0
196.0
196.0
196.0
196.0
196.0
196.0
196.0
196.0
196.0
196.0
196.0
196.0
196.0
196.0
196.0
196.0
196.0
196.0
196.0
196.0
196.0
196.0
196.0
196.0
196.0
196.0
196.0
196.0
196.0
196.0
196.0
196.0
196.0
196.0
196.0
196.0
196.0
196.0
196.0
196.0
196.0
196.0
196.0
196.0
196.0
196.0
196.0
196.0
196.0
196.0
196.0
196.0
196.0
196.0
196.0
196.0
196.0
196.0
196.0
196.0
196.0
196.0
196.0
196.0
196.0
196.0
196.0
196.0
196.0
196.0
196.0
196.0
196.0
196.0
196.0
196.0
196.0
196.0
196.0
196.0
196.0
196.0
196.0
196.0
196.0
196.0
196.0
196.0
196.0
196.0
196.0
196.0
196.0
196.0
196.0
196.0
196.0
196.0
196.0
196.0
196.0
196.0
196.0
196.0
196.0
196.0
196.0
196.0
196.0
196.0
196.0
196.0
196.0
196.0
196.0
196.0
196.0
196.0
196.0
196.0
196.0
196.0
196.0
196.0
196.0
196.0
196.0
196.0
196.0
196.0
196.0
196.0
196.0
196.0
196.0
196.0
196.0
196.0
196.0
196.0
196.0
196.0
196.0
196.0
196.0
196.0
196.0
196.0
196.0
196.0
196.0
196.0
196.0
196.0
196.0
196.0
196.0
196.0
196.0
196.0
196.0
196.0
196.0
196.0
196.0
196.0
196.0
196.0
196.0
196.0
196.0
196.0
196.0
196.0
196.0
196.0
196.0
196.0
196.0
196.0
196.0
196.0
196.0
196.0
196.0
196.0
196.0
196.0
196.0
196.0
196.0
196.0



The list of values average 

18784330.02888889
7248291.277777773
6956386.408888889
7104802.27111111
7005724.066666667
7005724.066666667
7005724.066666667
7005724.066666667
7005724.066666667
7005724.066666667
7005724.066666667
7005724.066666667
7005724.066666667
7005724.066666667
7005724.066666667
7005724.066666667
7005724.066666667
7005724.066666667
7005724.066666667
7005724.066666667
7005724.066666667
7005724.066666667
7005724.066666667
7005724.066666667
7005724.066666667
7005724.066666667
7005724.066666667
7005724.066666667
7005724.066666667
7005724.066666667
7005724.066666667
7005724.066666667
7005724.066666667
7005724.066666667
7005724.066666667
7005724.066666667
7005724.066666667
7005724.066666667
7005724.066666667
7005724.066666667
7005724.066666667
7005724.066666667
7005724.066666667
7005724.066666667
7005724.066666667
7005724.066666667
7005724.066666667
7005724.066666667
7005724.066666667
7005724.066666667
7005724.066666667
7005724.066666667
7005724.066666667
7005724.066666667
7005724.066666667
7005724.066666667
7005724.066666667
7005724.066666667
7005724.066666667
7005724.066666667
7005724.066666667
7005724.066666667
7005724.066666667
7005724.066666667
7005724.066666667
7005724.066666667
7005724.066666667
7005724.066666667
7005724.066666667
7005724.066666667
7005724.066666667
7005724.066666667
7005724.066666667
7005724.066666667
7005724.066666667
7005724.066666667
7005724.066666667
7005724.066666667
7005724.066666667
7005724.066666667
7005724.066666667
7005724.066666667
7005724.066666667
7005724.066666667
7005724.066666667
7005724.066666667
7005724.066666667
7005724.066666667
7005724.066666667
7005724.066666667
7005724.066666667
7005724.066666667
7005724.066666667
7005724.066666667
7005724.066666667
7005724.066666667
7005724.066666667
7005724.066666667
7005724.066666667
7005724.066666667
7005724.066666667
7005724.066666667
7005724.066666667
7005724.066666667
7005724.066666667
7005724.066666667
7005724.066666667
7005724.066666667
7005724.066666667
7005724.066666667
7005724.066666667
7005724.066666667
7005724.066666667
7005724.066666667
7005724.066666667
7005724.066666667
7005724.066666667
7005724.066666667
7005724.066666667
7005724.066666667
7005724.066666667
7005724.066666667
7005724.066666667
7005724.066666667
7005724.066666667
7005724.066666667
7005724.066666667
7005724.066666667
7005724.066666667
7005724.066666667
7005724.066666667
7005724.066666667
7005724.066666667
7005724.066666667
7005724.066666667
7005724.066666667
7005724.066666667
7005724.066666667
7005724.066666667
7005724.066666667
7005724.066666667
7005724.066666667
7005724.066666667
7005724.066666667
7005724.066666667
7005724.066666667
7005724.066666667
7005724.066666667
7005724.066666667
7005724.066666667
7005724.066666667
7005724.066666667
7005724.066666667
7005724.066666667
7005724.066666667
7005724.066666667
7005724.066666667
7005724.066666667
7005724.066666667
7005724.066666667
7005724.066666667
7005724.066666667
7005724.066666667
7005724.066666667
7005724.066666667
7005724.066666667
7005724.066666667
7005724.066666667
7005724.066666667
7005724.066666667
7005724.066666667
7005724.066666667
7005724.066666667
7005724.066666667
7005724.066666667
7005724.066666667
7005724.066666667
7005724.066666667
7005724.066666667
7005724.066666667
7005724.066666667
7005724.066666667
7005724.066666667
7005724.066666667
7005724.066666667
7005724.066666667
7005724.066666667
7005724.066666667
7005724.066666667
7005724.066666667
7005724.066666667
7005724.066666667
7005724.066666667
7005724.066666667
7005724.066666667
7005724.066666667
7005724.066666667
7005724.066666667
7005724.066666667
7005724.066666667



The list of best values average 

18861.2000000000049476.23999999999811771.11999999999912201.31999999999812201.31999999999812201.31999999999812201.31999999999812201.31999999999812201.31999999999812201.31999999999812201.31999999999812201.31999999999812201.31999999999812201.31999999999812201.31999999999812201.31999999999812201.31999999999812201.31999999999812201.31999999999812201.31999999999812201.31999999999812201.31999999999812201.31999999999812201.31999999999812201.31999999999812201.31999999999812201.31999999999812201.31999999999812201.31999999999812201.31999999999812201.31999999999812201.31999999999812201.31999999999812201.31999999999812201.31999999999812201.31999999999812201.31999999999812201.31999999999812201.31999999999812201.31999999999812201.31999999999812201.31999999999812201.31999999999812201.31999999999812201.31999999999812201.31999999999812201.31999999999812201.31999999999812201.31999999999812201.31999999999812201.31999999999812201.31999999999812201.31999999999812201.31999999999812201.31999999999812201.31999999999812201.31999999999812201.31999999999812201.31999999999812201.31999999999812201.31999999999812201.31999999999812201.31999999999812201.31999999999812201.31999999999812201.31999999999812201.31999999999812201.31999999999812201.31999999999812201.31999999999812201.31999999999812201.31999999999812201.31999999999812201.31999999999812201.31999999999812201.31999999999812201.31999999999812201.31999999999812201.31999999999812201.31999999999812201.31999999999812201.31999999999812201.31999999999812201.31999999999812201.31999999999812201.31999999999812201.31999999999812201.31999999999812201.31999999999812201.31999999999812201.31999999999812201.31999999999812201.31999999999812201.31999999999812201.31999999999812201.31999999999812201.31999999999812201.31999999999812201.31999999999812201.31999999999812201.31999999999812201.31999999999812201.31999999999812201.31999999999812201.31999999999812201.31999999999812201.31999999999812201.31999999999812201.31999999999812201.31999999999812201.31999999999812201.31999999999812201.31999999999812201.31999999999812201.31999999999812201.31999999999812201.31999999999812201.31999999999812201.31999999999812201.31999999999812201.31999999999812201.31999999999812201.31999999999812201.31999999999812201.31999999999812201.31999999999812201.31999999999812201.31999999999812201.31999999999812201.31999999999812201.31999999999812201.31999999999812201.31999999999812201.31999999999812201.31999999999812201.31999999999812201.31999999999812201.31999999999812201.31999999999812201.31999999999812201.31999999999812201.31999999999812201.31999999999812201.31999999999812201.31999999999812201.31999999999812201.31999999999812201.31999999999812201.31999999999812201.31999999999812201.31999999999812201.31999999999812201.31999999999812201.31999999999812201.31999999999812201.31999999999812201.31999999999812201.31999999999812201.31999999999812201.31999999999812201.31999999999812201.31999999999812201.31999999999812201.31999999999812201.31999999999812201.31999999999812201.31999999999812201.31999999999812201.31999999999812201.31999999999812201.31999999999812201.31999999999812201.31999999999812201.31999999999812201.31999999999812201.31999999999812201.31999999999812201.31999999999812201.31999999999812201.31999999999812201.31999999999812201.31999999999812201.31999999999812201.31999999999812201.31999999999812201.31999999999812201.31999999999812201.31999999999812201.31999999999812201.31999999999812201.31999999999812201.31999999999812201.31999999999812201.31999999999812201.31999999999812201.31999999999812201.31999999999812201.31999999999812201.31999999999812201.319999999998