----------Report of simulation of Quantum Parallel Tempering - Population Annealing v2-----------
The number of considered Spin230
The considered Annealing Duration 920
The considered Annealing Number 100
The considered T 1.0
The considered Gamma0 1.0
The considered Number Of Replica 3
The considered Number Of System Tempering 3
The considered Number Of System Population 3
The solution found [ 1.  1.  1.  1.  1.  1. -1.  1.  1.  1.  1.  1.  1. -1.  1. -1. -1.  1.
  1.  1.  1. -1.  1. -1.  1. -1.  1.  1. -1.  1.  1.  1. -1. -1. -1.  1.
  1.  1.  1.  1. -1. -1. -1.  1. -1.  1.  1.  1. -1. -1. -1. -1.  1. -1.
 -1. -1.  1. -1. -1.  1.  1.  1. -1. -1. -1. -1.  1.  1.  1. -1.  1. -1.
  1.  1. -1.  1.  1.  1.  1.  1.  1.  1. -1.  1.  1. -1.  1. -1.  1. -1.
  1.  1. -1. -1.  1.  1.  1. -1.  1.  1. -1.  1. -1.  1. -1. -1.  1. -1.
 -1.  1.  1. -1.  1.  1.  1.  1.  1.  1. -1. -1. -1.  1. -1.  1.  1. -1.
  1.  1. -1. -1. -1. -1.  1. -1. -1. -1. -1.  1. -1.  1. -1. -1. -1.  1.
 -1.  1. -1. -1.  1. -1.  1.  1. -1. -1.  1. -1.  1.  1. -1. -1. -1. -1.
 -1.  1. -1. -1. -1. -1.  1.  1.  1. -1. -1. -1. -1. -1. -1. -1. -1.  1.
  1.  1.  1. -1. -1. -1. -1. -1. -1.  1.  1. -1.  1. -1.  1.  1. -1.  1.
 -1.  1. -1. -1.  1. -1. -1.  1. -1. -1. -1. -1.  1.  1.  1. -1.  1.  1.
  1.  1.  1.  1. -1.  1. -1. -1.  1. -1. -1.  1.  1.  1.]
The value found 0.0
The Success probability is 0.07
The average value is 4553.88
The total execution time is 29262.456423044205
The average time for execution is 292.6245629906654
The average time for all systems update is 0.3179940815671631
The average time for system tempering update is 0.05331579552871594
The average time for system population update is 14516.520596265793
The average time for replica update is 0.01765149480709131
The average time for spin update is 7.648503698425818e-05
The list of values found 

2116.0
3136.0
36.0
16.0
256.0
4.0
2704.0
196.0
1156.0
7056.0
676.0
324.0
576.0
900.0
64.0
196.0
1296.0
64.0
36.0
3600.0
4.0
1296.0
1764.0
4.0
1600.0
784.0
1600.0
1296.0
1600.0
64.0
64.0
0.0
1600.0
324.0
16.0
676.0
784.0
256.0
64.0
676.0
1600.0
6724.0
1936.0
2500.0
4.0
196.0
676.0
4.0
306916.0
400.0
16.0
2304.0
1024.0
2500.0
1764.0
1296.0
196.0
4356.0
1600.0
324.0
256.0
900.0
16.0
1024.0
144.0
256.0
400.0
484.0
17956.0
400.0
784.0
4.0
1444.0
1600.0
2500.0
16.0
676.0
16.0
2916.0
100.0
36.0
64.0
784.0
324.0
64.0
576.0
784.0
900.0
36.0
576.0
14884.0
2116.0
4.0
2304.0
484.0
4624.0
64.0
576.0
6084.0
12996.0



The list of values first execution 

2159966.222222222
1468260.6666666667
1468260.6666666667
1468260.6666666667
1468260.6666666667
1468260.6666666667
1468260.6666666667
1165250.0
1468260.6666666667
1468260.6666666667
1468260.6666666667
1468260.6666666667
1468260.6666666667
1468260.6666666667
1468260.6666666667
1468260.6666666667
1468260.6666666667
1468260.6666666667
1468260.6666666667
1468260.6666666667
1468260.6666666667
1468260.6666666667
1468260.6666666667
1468260.6666666667
1468260.6666666667
1468260.6666666667
1468260.6666666667
1468260.6666666667
1468260.6666666667
1468260.6666666667
1468260.6666666667
1468260.6666666667
1468260.6666666667
1468260.6666666667
1468260.6666666667
1468260.6666666667
1468260.6666666667
1468260.6666666667
1468260.6666666667
1468260.6666666667
1468260.6666666667
1468260.6666666667
1468260.6666666667
1468260.6666666667
1468260.6666666667
1468260.6666666667
1468260.6666666667
1468260.6666666667
1468260.6666666667
1468260.6666666667
1468260.6666666667
1468260.6666666667
1468260.6666666667
1468260.6666666667
1468260.6666666667
1468260.6666666667
1468260.6666666667
1468260.6666666667
1468260.6666666667
1468260.6666666667
1468260.6666666667
1468260.6666666667
1468260.6666666667
1468260.6666666667
1468260.6666666667
1468260.6666666667
1468260.6666666667
1468260.6666666667
1468260.6666666667
1468260.6666666667
1468260.6666666667
862239.3333333334
1165250.0
1468260.6666666667
1468260.6666666667
1468260.6666666667
1468260.6666666667
1468260.6666666667
1468260.6666666667
1468260.6666666667
1165250.0
1468260.6666666667
1468260.6666666667
1468260.6666666667
1468260.6666666667
1468260.6666666667
1468260.6666666667
1468260.6666666667
1468260.6666666667
1468260.6666666667
1468260.6666666667
1468260.6666666667
1468260.6666666667
1468260.6666666667
1468260.6666666667
1468260.6666666667
1468260.6666666667
1468260.6666666667
1468260.6666666667
1468260.6666666667
1468260.6666666667
1468260.6666666667
1468260.6666666667
1468260.6666666667
1468260.6666666667
1468260.6666666667
1468260.6666666667
1468260.6666666667
1468260.6666666667
1468260.6666666667
1468260.6666666667
1468260.6666666667
1468260.6666666667
1468260.6666666667
1468260.6666666667
1468260.6666666667
1468260.6666666667
1468260.6666666667
1468260.6666666667
1468260.6666666667
1468260.6666666667
1468260.6666666667
1468260.6666666667
1468260.6666666667
1468260.6666666667
1468260.6666666667
1468260.6666666667
1468260.6666666667
1468260.6666666667
1468260.6666666667
1468260.6666666667
1468260.6666666667
1468260.6666666667
1468260.6666666667
1468260.6666666667
1468260.6666666667
1165250.0
559228.6666666666
559228.6666666666
559228.6666666666
559228.6666666666
559228.6666666666
559228.6666666666
559228.6666666666
559228.6666666666
559228.6666666666
559228.6666666666
559228.6666666666
559228.6666666666
559228.6666666666
559228.6666666666
559228.6666666666
559228.6666666666
559228.6666666666
559228.6666666666
559228.6666666666
559228.6666666666
559228.6666666666
559228.6666666666
559228.6666666666
559228.6666666666
559228.6666666666
559228.6666666666
559228.6666666666
559228.6666666666
559228.6666666666
559228.6666666666
559228.6666666666
559228.6666666666
559228.6666666666
559228.6666666666
559228.6666666666
559228.6666666666
559228.6666666666
559228.6666666666
559228.6666666666
559228.6666666666
559228.6666666666
559228.6666666666
559228.6666666666
559228.6666666666
559228.6666666666
559228.6666666666
559228.6666666666
559228.6666666666
559228.6666666666
559228.6666666666
559228.6666666666
559228.6666666666
559228.6666666666
559228.6666666666
559228.6666666666
559228.6666666666
559228.6666666666
559228.6666666666
559228.6666666666
559228.6666666666
559228.6666666666
559228.6666666666
559228.6666666666
559228.6666666666
559228.6666666666
559228.6666666666
559228.6666666666
559228.6666666666
559228.6666666666
559228.6666666666
559228.6666666666
559228.6666666666
559228.6666666666
559228.6666666666
559228.6666666666
559228.6666666666
559228.6666666666
559228.6666666666
559228.6666666666
559228.6666666666
559228.6666666666
559228.6666666666
559228.6666666666
559228.6666666666
559228.6666666666
559228.6666666666
559228.6666666666
559228.6666666666
559228.6666666666
559228.6666666666
559228.6666666666
559228.6666666666
559228.6666666666
559228.6666666666
559228.6666666666
559228.6666666666
559228.6666666666
559228.6666666666
559228.6666666666
559228.6666666666
559228.6666666666
559228.6666666666
559228.6666666666
559228.6666666666
559228.6666666666
559228.6666666666
559228.6666666666
559228.6666666666
559228.6666666666
559228.6666666666
559228.6666666666
559228.6666666666
559228.6666666666
559228.6666666666
559228.6666666666
559228.6666666666
559228.6666666666
559228.6666666666
559228.6666666666
559228.6666666666
559228.6666666666
559228.6666666666
559228.6666666666
559228.6666666666
559228.6666666666
559228.6666666666
559228.6666666666
559228.6666666666
559228.6666666666
559228.6666666666
559228.6666666666
559228.6666666666
559228.6666666666
559228.6666666666
559228.6666666666
559228.6666666666
559228.6666666666
559228.6666666666
559228.6666666666
559228.6666666666
559228.6666666666
559228.6666666666
559228.6666666666
559228.6666666666
559228.6666666666
559228.6666666666
559228.6666666666
559228.6666666666
559228.6666666666
559228.6666666666
559228.6666666666
559228.6666666666
559228.6666666666
559228.6666666666
559228.6666666666
559228.6666666666
559228.6666666666
559228.6666666666
559228.6666666666
559228.6666666666
559228.6666666666
559228.6666666666
559228.6666666666
559228.6666666666
559228.6666666666
559228.6666666666
559228.6666666666
559228.6666666666
559228.6666666666
559228.6666666666
559228.6666666666
559228.6666666666
559228.6666666666
559228.6666666666
559228.6666666666
559228.6666666666
559228.6666666666
559228.6666666666
559228.6666666666
559228.6666666666
559228.6666666666
559228.6666666666
559228.6666666666
559228.6666666666
559228.6666666666
559228.6666666666
559228.6666666666
559228.6666666666
559228.6666666666
559228.6666666666
559228.6666666666
559228.6666666666
559228.6666666666
559228.6666666666
559228.6666666666
559228.6666666666
559228.6666666666
559228.6666666666
559228.6666666666
559228.6666666666
559228.6666666666
559228.6666666666
559228.6666666666
559228.6666666666
559228.6666666666
559228.6666666666
559228.6666666666
559228.6666666666
559228.6666666666
559228.6666666666
559228.6666666666
559228.6666666666
559228.6666666666
559228.6666666666
559228.6666666666
559228.6666666666
559228.6666666666
559228.6666666666
559228.6666666666
559228.6666666666
559228.6666666666
559228.6666666666
559228.6666666666
559228.6666666666
559228.6666666666
559228.6666666666
559228.6666666666
559228.6666666666
559228.6666666666
559228.6666666666
559228.6666666666
559228.6666666666
559228.6666666666
559228.6666666666
559228.6666666666
559228.6666666666
559228.6666666666
559228.6666666666
559228.6666666666
559228.6666666666
559228.6666666666
559228.6666666666
559228.6666666666
559228.6666666666
559228.6666666666
559228.6666666666
559228.6666666666
559228.6666666666
559228.6666666666
559228.6666666666
559228.6666666666
559228.6666666666
559228.6666666666
559228.6666666666
559228.6666666666
559228.6666666666
559228.6666666666
559228.6666666666
559228.6666666666
559228.6666666666
559228.6666666666
559228.6666666666
559228.6666666666
559228.6666666666
559228.6666666666
559228.6666666666
559228.6666666666
559228.6666666666
559228.6666666666
559228.6666666666
559228.6666666666
559228.6666666666
559228.6666666666
559228.6666666666
559228.6666666666
559228.6666666666
559228.6666666666
559228.6666666666
559228.6666666666
559228.6666666666
559228.6666666666
559228.6666666666
559228.6666666666
559228.6666666666
559228.6666666666
559228.6666666666
559228.6666666666
559228.6666666666
559228.6666666666
559228.6666666666
559228.6666666666
559228.6666666666
559228.6666666666
559228.6666666666
559228.6666666666
559228.6666666666
559228.6666666666
559228.6666666666
559228.6666666666
559228.6666666666
559228.6666666666
559228.6666666666
559228.6666666666
559228.6666666666
559228.6666666666
559228.6666666666
559228.6666666666
559228.6666666666
559228.6666666666
559228.6666666666
559228.6666666666
559228.6666666666
559228.6666666666
559228.6666666666
559228.6666666666
559228.6666666666
559228.6666666666
559228.6666666666
559228.6666666666
559228.6666666666
559228.6666666666
559228.6666666666
559228.6666666666
559228.6666666666
559228.6666666666
559228.6666666666
559228.6666666666
559228.6666666666
559228.6666666666
559228.6666666666
559228.6666666666
559228.6666666666
559228.6666666666
559228.6666666666
559228.6666666666
559228.6666666666
559228.6666666666
559228.6666666666
559228.6666666666
559228.6666666666
559228.6666666666
559228.6666666666
559228.6666666666
559228.6666666666
559228.6666666666
559228.6666666666
559228.6666666666
559228.6666666666
559228.6666666666
559228.6666666666
559228.6666666666
559228.6666666666
559228.6666666666
559228.6666666666
559228.6666666666
559228.6666666666
559228.6666666666
559228.6666666666
559228.6666666666
559228.6666666666
559228.6666666666
559228.6666666666
559228.6666666666
559228.6666666666
559228.6666666666
559228.6666666666
559228.6666666666
559228.6666666666
559228.6666666666
559228.6666666666
559228.6666666666
559228.6666666666
559228.6666666666
559228.6666666666
559228.6666666666
559228.6666666666
559228.6666666666
559228.6666666666
559228.6666666666
559228.6666666666
559228.6666666666
559228.6666666666
559228.6666666666
559228.6666666666
559228.6666666666
559228.6666666666
559228.6666666666
559228.6666666666
559228.6666666666
559228.6666666666
559228.6666666666
559228.6666666666
559228.6666666666
559228.6666666666
559228.6666666666
559228.6666666666
559228.6666666666
559228.6666666666
559228.6666666666
559228.6666666666
559228.6666666666
559228.6666666666
559228.6666666666
559228.6666666666
559228.6666666666
559228.6666666666
559228.6666666666
559228.6666666666
559228.6666666666
559228.6666666666
559228.6666666666
559228.6666666666
559228.6666666666
559228.6666666666
559228.6666666666
559228.6666666666
559228.6666666666
559228.6666666666
559228.6666666666
559228.6666666666
559228.6666666666
559228.6666666666
559228.6666666666
559228.6666666666
559228.6666666666
559228.6666666666
559228.6666666666
559228.6666666666
559228.6666666666
559228.6666666666
559228.6666666666
559228.6666666666
559228.6666666666
559228.6666666666
559228.6666666666
559228.6666666666
559228.6666666666
559228.6666666666
559228.6666666666
559228.6666666666
559228.6666666666
559228.6666666666
559228.6666666666
559228.6666666666
559228.6666666666
559228.6666666666
559228.6666666666
559228.6666666666
559228.6666666666
559228.6666666666
559228.6666666666
559228.6666666666
559228.6666666666
559228.6666666666
559228.6666666666
559228.6666666666
559228.6666666666
559228.6666666666
559228.6666666666
559228.6666666666
559228.6666666666
559228.6666666666
559228.6666666666
559228.6666666666
559228.6666666666
559228.6666666666
559228.6666666666
559228.6666666666
559228.6666666666
559228.6666666666
559228.6666666666
559228.6666666666
559228.6666666666
559228.6666666666
559228.6666666666
559228.6666666666
559228.6666666666
559228.6666666666
559228.6666666666
559228.6666666666
559228.6666666666
559228.6666666666
559228.6666666666
559228.6666666666
559228.6666666666
559228.6666666666
559228.6666666666
559228.6666666666
559228.6666666666
559228.6666666666
559228.6666666666
559228.6666666666
559228.6666666666
559228.6666666666
559228.6666666666
559228.6666666666
559228.6666666666
559228.6666666666
559228.6666666666
559228.6666666666
559228.6666666666
559228.6666666666
559228.6666666666
559228.6666666666
559228.6666666666
559228.6666666666
559228.6666666666
559228.6666666666
559228.6666666666
559228.6666666666
559228.6666666666
559228.6666666666
559228.6666666666
559228.6666666666
559228.6666666666
559228.6666666666
559228.6666666666
559228.6666666666
559228.6666666666
559228.6666666666
559228.6666666666
559228.6666666666
559228.6666666666
559228.6666666666
559228.6666666666
559228.6666666666
559228.6666666666
559228.6666666666
559228.6666666666
559228.6666666666
559228.6666666666
559228.6666666666
559228.6666666666
559228.6666666666
559228.6666666666
559228.6666666666
559228.6666666666
559228.6666666666
559228.6666666666
559228.6666666666
559228.6666666666
559228.6666666666
559228.6666666666
559228.6666666666
559228.6666666666
559228.6666666666
559228.6666666666
559228.6666666666
559228.6666666666
559228.6666666666
559228.6666666666
559228.6666666666
559228.6666666666
559228.6666666666
559228.6666666666
559228.6666666666
559228.6666666666
559228.6666666666
559228.6666666666
559228.6666666666
559228.6666666666
559228.6666666666
559228.6666666666
559228.6666666666
559228.6666666666
559228.6666666666
559228.6666666666
559228.6666666666
559228.6666666666
559228.6666666666
559228.6666666666
559228.6666666666
559228.6666666666
559228.6666666666
559228.6666666666
559228.6666666666
559228.6666666666
559228.6666666666
559228.6666666666
559228.6666666666
559228.6666666666
559228.6666666666
559228.6666666666
559228.6666666666
559228.6666666666
559228.6666666666
559228.6666666666
559228.6666666666
559228.6666666666
559228.6666666666
559228.6666666666
559228.6666666666
559228.6666666666
559228.6666666666
559228.6666666666
559228.6666666666
559228.6666666666
559228.6666666666
559228.6666666666
559228.6666666666
559228.6666666666
559228.6666666666
559228.6666666666
559228.6666666666
559228.6666666666
559228.6666666666
559228.6666666666
559228.6666666666
559228.6666666666
559228.6666666666
559228.6666666666
559228.6666666666
559228.6666666666
559228.6666666666
559228.6666666666
559228.6666666666
559228.6666666666
559228.6666666666
559228.6666666666
559228.6666666666
559228.6666666666
559228.6666666666
559228.6666666666
559228.6666666666
559228.6666666666
559228.6666666666
559228.6666666666
559228.6666666666
559228.6666666666
559228.6666666666
559228.6666666666
559228.6666666666
559228.6666666666
559228.6666666666
559228.6666666666
559228.6666666666
559228.6666666666
559228.6666666666
559228.6666666666
559228.6666666666
559228.6666666666
559228.6666666666
559228.6666666666
559228.6666666666
559228.6666666666
559228.6666666666
559228.6666666666
559228.6666666666
559228.6666666666
559228.6666666666
559228.6666666666
559228.6666666666
559228.6666666666
559228.6666666666
559228.6666666666
559228.6666666666
559228.6666666666
559228.6666666666
559228.6666666666
559228.6666666666
559228.6666666666
559228.6666666666
559228.6666666666
559228.6666666666
559228.6666666666
559228.6666666666
559228.6666666666
559228.6666666666
559228.6666666666
559228.6666666666
559228.6666666666
559228.6666666666
559228.6666666666
559228.6666666666
559228.6666666666
559228.6666666666
559228.6666666666
559228.6666666666
559228.6666666666
559228.6666666666
559228.6666666666
559228.6666666666
559228.6666666666
559228.6666666666
559228.6666666666
559228.6666666666
559228.6666666666
559228.6666666666
559228.6666666666
559228.6666666666
559228.6666666666
559228.6666666666
559228.6666666666
559228.6666666666
559228.6666666666
559228.6666666666
559228.6666666666
559228.6666666666
559228.6666666666
559228.6666666666
559228.6666666666
559228.6666666666
559228.6666666666
559228.6666666666
559228.6666666666
559228.6666666666
559228.6666666666
559228.6666666666
559228.6666666666
559228.6666666666
559228.6666666666
559228.6666666666
559228.6666666666
559228.6666666666
559228.6666666666
559228.6666666666
559228.6666666666
559228.6666666666
559228.6666666666
559228.6666666666
559228.6666666666
559228.6666666666
559228.6666666666
559228.6666666666
559228.6666666666
559228.6666666666
559228.6666666666
559228.6666666666
559228.6666666666
559228.6666666666
559228.6666666666
559228.6666666666
559228.6666666666
559228.6666666666
559228.6666666666
559228.6666666666
559228.6666666666
559228.6666666666
559228.6666666666
559228.6666666666
559228.6666666666
559228.6666666666
559228.6666666666
559228.6666666666
559228.6666666666
559228.6666666666
559228.6666666666
559228.6666666666
559228.6666666666
559228.6666666666
559228.6666666666
559228.6666666666
559228.6666666666
559228.6666666666
559228.6666666666
559228.6666666666
559228.6666666666
559228.6666666666
559228.6666666666
559228.6666666666
559228.6666666666
559228.6666666666
559228.6666666666
559228.6666666666
559228.6666666666
559228.6666666666
559228.6666666666
559228.6666666666
559228.6666666666
559228.6666666666
559228.6666666666
559228.6666666666
559228.6666666666
559228.6666666666
559228.6666666666
559228.6666666666
559228.6666666666
559228.6666666666
559228.6666666666
559228.6666666666
559228.6666666666
559228.6666666666
559228.6666666666



The list of best values first execution 

25600.0
2116.0
2116.0
2116.0
2116.0
2116.0
2116.0
2116.0
2116.0
2116.0
2116.0
2116.0
2116.0
2116.0
2116.0
2116.0
2116.0
2116.0
2116.0
2116.0
2116.0
2116.0
2116.0
2116.0
2116.0
2116.0
2116.0
2116.0
2116.0
2116.0
2116.0
2116.0
2116.0
2116.0
2116.0
2116.0
2116.0
2116.0
2116.0
2116.0
2116.0
2116.0
2116.0
2116.0
2116.0
2116.0
2116.0
2116.0
2116.0
2116.0
2116.0
2116.0
2116.0
2116.0
2116.0
2116.0
2116.0
2116.0
2116.0
2116.0
2116.0
2116.0
2116.0
2116.0
2116.0
2116.0
2116.0
2116.0
2116.0
2116.0
2116.0
2116.0
2116.0
2116.0
2116.0
2116.0
2116.0
2116.0
2116.0
2116.0
2116.0
2116.0
2116.0
2116.0
2116.0
2116.0
2116.0
2116.0
2116.0
2116.0
2116.0
2116.0
2116.0
2116.0
2116.0
2116.0
2116.0
2116.0
2116.0
2116.0
2116.0
2116.0
2116.0
2116.0
2116.0
2116.0
2116.0
2116.0
2116.0
2116.0
2116.0
2116.0
2116.0
2116.0
2116.0
2116.0
2116.0
2116.0
2116.0
2116.0
2116.0
2116.0
2116.0
2116.0
2116.0
2116.0
2116.0
2116.0
2116.0
2116.0
2116.0
2116.0
2116.0
2116.0
2116.0
2116.0
2116.0
2116.0
2116.0
2116.0
2116.0
2116.0
2116.0
2116.0
2116.0
2116.0
2116.0
2116.0
2116.0
2116.0
2116.0
2116.0
2116.0
2116.0
2116.0
2116.0
2116.0
2116.0
2116.0
2116.0
2116.0
2116.0
2116.0
2116.0
2116.0
2116.0
2116.0
2116.0
2116.0
2116.0
2116.0
2116.0
2116.0
2116.0
2116.0
2116.0
2116.0
2116.0
2116.0
2116.0
2116.0
2116.0
2116.0
2116.0
2116.0
2116.0
2116.0
2116.0
2116.0
2116.0
2116.0
2116.0
2116.0
2116.0
2116.0
2116.0
2116.0
2116.0
2116.0
2116.0
2116.0
2116.0
2116.0
2116.0
2116.0
2116.0
2116.0
2116.0
2116.0
2116.0
2116.0
2116.0
2116.0
2116.0
2116.0
2116.0
2116.0
2116.0
2116.0
2116.0
2116.0
2116.0
2116.0
2116.0
2116.0
2116.0
2116.0
2116.0
2116.0
2116.0
2116.0
2116.0
2116.0
2116.0
2116.0
2116.0
2116.0
2116.0
2116.0
2116.0
2116.0
2116.0
2116.0
2116.0
2116.0
2116.0
2116.0
2116.0
2116.0
2116.0
2116.0
2116.0
2116.0
2116.0
2116.0
2116.0
2116.0
2116.0
2116.0
2116.0
2116.0
2116.0
2116.0
2116.0
2116.0
2116.0
2116.0
2116.0
2116.0
2116.0
2116.0
2116.0
2116.0
2116.0
2116.0
2116.0
2116.0
2116.0
2116.0
2116.0
2116.0
2116.0
2116.0
2116.0
2116.0
2116.0
2116.0
2116.0
2116.0
2116.0
2116.0
2116.0
2116.0
2116.0
2116.0
2116.0
2116.0
2116.0
2116.0
2116.0
2116.0
2116.0
2116.0
2116.0
2116.0
2116.0
2116.0
2116.0
2116.0
2116.0
2116.0
2116.0
2116.0
2116.0
2116.0
2116.0
2116.0
2116.0
2116.0
2116.0
2116.0
2116.0
2116.0
2116.0
2116.0
2116.0
2116.0
2116.0
2116.0
2116.0
2116.0
2116.0
2116.0
2116.0
2116.0
2116.0
2116.0
2116.0
2116.0
2116.0
2116.0
2116.0
2116.0
2116.0
2116.0
2116.0
2116.0
2116.0
2116.0
2116.0
2116.0
2116.0
2116.0
2116.0
2116.0
2116.0
2116.0
2116.0
2116.0
2116.0
2116.0
2116.0
2116.0
2116.0
2116.0
2116.0
2116.0
2116.0
2116.0
2116.0
2116.0
2116.0
2116.0
2116.0
2116.0
2116.0
2116.0
2116.0
2116.0
2116.0
2116.0
2116.0
2116.0
2116.0
2116.0
2116.0
2116.0
2116.0
2116.0
2116.0
2116.0
2116.0
2116.0
2116.0
2116.0
2116.0
2116.0
2116.0
2116.0
2116.0
2116.0
2116.0
2116.0
2116.0
2116.0
2116.0
2116.0
2116.0
2116.0
2116.0
2116.0
2116.0
2116.0
2116.0
2116.0
2116.0
2116.0
2116.0
2116.0
2116.0
2116.0
2116.0
2116.0
2116.0
2116.0
2116.0
2116.0
2116.0
2116.0
2116.0
2116.0
2116.0
2116.0
2116.0
2116.0
2116.0
2116.0
2116.0
2116.0
2116.0
2116.0
2116.0
2116.0
2116.0
2116.0
2116.0
2116.0
2116.0
2116.0
2116.0
2116.0
2116.0
2116.0
2116.0
2116.0
2116.0
2116.0
2116.0
2116.0
2116.0
2116.0
2116.0
2116.0
2116.0
2116.0
2116.0
2116.0
2116.0
2116.0
2116.0
2116.0
2116.0
2116.0
2116.0
2116.0
2116.0
2116.0
2116.0
2116.0
2116.0
2116.0
2116.0
2116.0
2116.0
2116.0
2116.0
2116.0
2116.0
2116.0
2116.0
2116.0
2116.0
2116.0
2116.0
2116.0
2116.0
2116.0
2116.0
2116.0
2116.0
2116.0
2116.0
2116.0
2116.0
2116.0
2116.0
2116.0
2116.0
2116.0
2116.0
2116.0
2116.0
2116.0
2116.0
2116.0
2116.0
2116.0
2116.0
2116.0
2116.0
2116.0
2116.0
2116.0
2116.0
2116.0
2116.0
2116.0
2116.0
2116.0
2116.0
2116.0
2116.0
2116.0
2116.0
2116.0
2116.0
2116.0
2116.0
2116.0
2116.0
2116.0
2116.0
2116.0
2116.0
2116.0
2116.0
2116.0
2116.0
2116.0
2116.0
2116.0
2116.0
2116.0
2116.0
2116.0
2116.0
2116.0
2116.0
2116.0
2116.0
2116.0
2116.0
2116.0
2116.0
2116.0
2116.0
2116.0
2116.0
2116.0
2116.0
2116.0
2116.0
2116.0
2116.0
2116.0
2116.0
2116.0
2116.0
2116.0
2116.0
2116.0
2116.0
2116.0
2116.0
2116.0
2116.0
2116.0
2116.0
2116.0
2116.0
2116.0
2116.0
2116.0
2116.0
2116.0
2116.0
2116.0
2116.0
2116.0
2116.0
2116.0
2116.0
2116.0
2116.0
2116.0
2116.0
2116.0
2116.0
2116.0
2116.0
2116.0
2116.0
2116.0
2116.0
2116.0
2116.0
2116.0
2116.0
2116.0
2116.0
2116.0
2116.0
2116.0
2116.0
2116.0
2116.0
2116.0
2116.0
2116.0
2116.0
2116.0
2116.0
2116.0
2116.0
2116.0
2116.0
2116.0
2116.0
2116.0
2116.0
2116.0
2116.0
2116.0
2116.0
2116.0
2116.0
2116.0
2116.0
2116.0
2116.0
2116.0
2116.0
2116.0
2116.0
2116.0
2116.0
2116.0
2116.0
2116.0
2116.0
2116.0
2116.0
2116.0
2116.0
2116.0
2116.0
2116.0
2116.0
2116.0
2116.0
2116.0
2116.0
2116.0
2116.0
2116.0
2116.0
2116.0
2116.0
2116.0
2116.0
2116.0
2116.0
2116.0
2116.0
2116.0
2116.0
2116.0
2116.0
2116.0
2116.0
2116.0
2116.0
2116.0
2116.0
2116.0
2116.0
2116.0
2116.0
2116.0
2116.0
2116.0
2116.0
2116.0
2116.0
2116.0
2116.0
2116.0
2116.0
2116.0
2116.0
2116.0
2116.0
2116.0
2116.0
2116.0
2116.0
2116.0
2116.0
2116.0
2116.0
2116.0
2116.0
2116.0
2116.0
2116.0
2116.0
2116.0
2116.0
2116.0
2116.0
2116.0
2116.0
2116.0
2116.0
2116.0
2116.0
2116.0
2116.0
2116.0
2116.0
2116.0
2116.0
2116.0
2116.0
2116.0
2116.0
2116.0
2116.0
2116.0
2116.0
2116.0
2116.0
2116.0
2116.0
2116.0
2116.0
2116.0
2116.0
2116.0
2116.0
2116.0
2116.0
2116.0
2116.0
2116.0
2116.0
2116.0
2116.0
2116.0
2116.0
2116.0
2116.0
2116.0
2116.0
2116.0
2116.0
2116.0
2116.0
2116.0
2116.0
2116.0
2116.0
2116.0
2116.0
2116.0
2116.0
2116.0
2116.0
2116.0
2116.0
2116.0
2116.0
2116.0
2116.0
2116.0
2116.0
2116.0
2116.0
2116.0
2116.0
2116.0
2116.0
2116.0
2116.0
2116.0
2116.0
2116.0
2116.0
2116.0
2116.0
2116.0
2116.0
2116.0
2116.0
2116.0
2116.0
2116.0
2116.0
2116.0
2116.0
2116.0
2116.0
2116.0
2116.0
2116.0
2116.0
2116.0
2116.0
2116.0
2116.0
2116.0
2116.0
2116.0
2116.0
2116.0
2116.0
2116.0
2116.0
2116.0
2116.0
2116.0
2116.0
2116.0
2116.0
2116.0
2116.0
2116.0
2116.0
2116.0
2116.0
2116.0
2116.0
2116.0
2116.0
2116.0
2116.0
2116.0
2116.0
2116.0
2116.0
2116.0
2116.0
2116.0
2116.0
2116.0
2116.0
2116.0
2116.0
2116.0
2116.0
2116.0
2116.0
2116.0
2116.0
2116.0
2116.0
2116.0
2116.0
2116.0
2116.0
2116.0
2116.0
2116.0
2116.0
2116.0
2116.0
2116.0
2116.0
2116.0
2116.0
2116.0
2116.0
2116.0
2116.0
2116.0
2116.0
2116.0
2116.0
2116.0
2116.0
2116.0
2116.0
2116.0
2116.0
2116.0
2116.0
2116.0
2116.0
2116.0
2116.0
2116.0
2116.0
2116.0
2116.0
2116.0
2116.0
2116.0
2116.0
2116.0
2116.0



The list of values average 

2166471.648888889
1156541.7222222222
1138223.6133333337
1148949.2666666673
1153335.8377777783
1145352.8644444454
1156189.897777778
1155208.1533333343
1158338.0555555562
1159383.3888888892
1168873.8311111117
1160571.3466666674
1158699.2511111116
1163864.102222223
1162119.800000001
1183033.915555556
1175849.4244444452
1178181.5800000008
1183790.4511111116
1166925.34888889
1180563.171111112
1193215.5933333342
1185573.4644444454
1180580.2555555564
1179637.5244444448
1193632.5577777787
1218816.7866666676
1195092.0066666673
1192938.060000001
1190441.4688888895
1194306.595555556
1199238.9933333343
1195058.6444444454
1203443.2688888896
1201319.3800000006
1186130.922222223
1202394.2088888895
1209473.324444445
1205444.7955555562
1211829.2577777784
1198537.4377777786
1198282.8266666674
1203611.522222223
1199059.024444445
1212005.5066666673
1214470.4955555561
1206159.5333333341
1203623.6288888897
1216849.6200000006
1211056.3888888895
1206239.1422222229
1213638.9577777784
1223710.855555556
1220397.3422222228
1216579.4222222224
1215324.6400000004
1218265.724444445
1217811.8600000003
1206348.3333333342
1218087.426666667
1216247.9288888893
1217487.1955555559
1224162.8911111115
1215986.964444445
1218010.0533333337
1214786.4400000004
1218344.9133333333
1214715.8422222226
1218725.1933333338
1219251.6933333338
1211851.6244444451
1208330.9288888893
1208707.568888889
1209540.7288888893
1211303.4622222225
1210779.4822222225
1213506.1488888892
1209785.6711111113
1204907.246666667
1210402.9688888893
1211564.1377777779
1215127.2733333337
1208560.0911111115
1203899.7577777782
1204397.055555556
1204068.0377777782
1210418.4555555556
1197143.5711111114
1201276.5800000003
1200799.726666667
1203497.6533333338
1202831.208888889
1197542.557777778
1187156.8644444447
1198297.446666667
1208388.5533333335
1208550.1644444445
1208457.977777778
1215759.3044444441
1202736.0955555558
1202539.971111111
1196753.0088888893
1201281.0822222221
1192580.2911111116
1195300.346666667
1201473.4644444445
1199358.077777778
1194473.9511111113
1197329.5844444446
1200927.1688888888
1204616.291111111
1203741.2444444445
1208692.371111111
1206691.1866666665
1199436.6511111113
1202257.0711111112
1194008.388888889
1198254.0733333337
1204199.928888889
1207315.44
1211281.1533333333
1201393.0755555558
1202012.0533333335
1203182.1422222222
1214005.54
1212140.4022222222
1204139.777777778
1204570.6377777779
1208599.04
1201423.0288888891
1216213.4733333334
1207987.0111111111
1213227.8800000001
1216302.4066666667
1203060.548888889
1196407.497777778
1189982.146666667
1190419.8755555558
1188396.2844444446
1186058.6866666668
1190379.1911111113
1186766.0466666669
1186539.1333333335
1185730.8022222226
1188632.215555556
1194367.06
1179849.6422222224
1191387.911111111
1187589.475555556
1188295.4755555557
1190906.74
1191896.4200000004
1191026.8755555556
1193576.0622222223
1198144.3111111112
1193105.6555555556
1184306.7133333336
1194203.4866666666
1194875.2955555555
1188941.3222222223
1183542.5333333334
1190594.2000000002
1192275.4177777779
1188969.1577777779
1189724.6177777778
1187539.3444444444
1184770.16
1190261.6044444444
1192827.1244444442
1187862.0755555558
1179142.8133333335
1180178.7844444443
1180774.3333333335
1180698.6177777778
1179990.28
1175416.7688888889
1177914.0777777778
1181329.8133333332
1182714.6266666667
1183528.4933333334
1188924.2711111112
1181798.6355555556
1180697.4266666668
1184572.7755555555
1185798.4888888889
1198185.7711111112
1183213.188888889
1188713.022222222
1180402.5466666669
1171392.482222222
1178799.9644444445
1185673.4200000002
1185729.8644444447
1186110.5
1186437.9133333333
1188591.668888889
1190042.9622222222
1192083.9222222222
1184112.8044444446
1194582.8066666666
1190538.6355555556
1190023.7622222223
1194992.66
1191197.0377777778
1194201.0577777778
1193403.433333333
1199938.633333333
1201596.7133333331
1208591.0711111107
1201946.6199999999
1202493.7799999998
1205872.7977777773
1212663.9155555554
1217858.6844444443
1229722.0599999998
1226973.053333333
1230422.8866666667
1235690.0799999994
1233945.9711111109
1219322.2933333332
1220573.6755555554
1220105.9733333334
1222007.608888889
1224721.4377777774
1213286.2866666666
1212186.4755555557
1204774.0577777775
1211034.6355555556
1217874.4466666668
1222665.5155555552
1228835.7711111107
1211272.668888889
1219260.882222222
1218036.564444444
1214714.1444444444
1213168.3133333332
1213206.073333333
1215773.9355555554
1216199.4666666663
1220245.8466666664
1210600.828888889
1216975.9488888886
1218516.9311111108
1218413.8488888887
1217795.051111111
1216860.6066666667
1216924.2155555557
1216537.5222222216
1222891.3599999999
1218425.351111111
1216898.724444444
1216819.062222222
1216894.1733333333
1208403.5111111107
1216890.0999999996
1216858.922222222
1204286.4733333334
1203082.0955555553
1205589.3044444446
1205619.1888888888
1205541.7844444446
1205171.3577777776
1203580.1133333333
1205536.9311111108
1209713.8888888892
1208646.3488888885
1204162.34
1205600.5044444446
1203038.2711111112
1211339.2555555552
1207102.7955555555
1207141.2488888889
1210392.311111111
1208045.0888888887
1199213.7222222222
1197862.6866666663
1206158.0844444444
1209193.2333333334
1205529.8377777778
1205604.948888889
1205258.0022222223
1202136.7511111111
1208242.8288888892
1197341.3399999999
1199228.2844444446
1206608.948888889
1208616.1666666665
1208551.171111111
1208607.1711111113
1212196.3199999998
1208781.3044444446
1208974.0644444446
1208580.0866666664
1208514.6466666665
1208955.3622222224
1205378.7955555553
1206494.34
1209560.5955555555
1208888.08
1209765.8133333335
1206291.4444444445
1202869.082222222
1205097.1111111112
1205071.0288888891
1205040.948888889
1204976.8422222221
1206272.451111111
1207150.6133333333
1207258.3488888887
1200315.3733333335
1206702.393333333
1200746.3911111113
1207691.6666666667
1207528.4488888888
1208942.8644444442
1207498.1377777779
1207488.822222222
1203823.2933333335
1207334.7
1205604.404444444
1204045.462222222
1205465.7288888888
1194852.7511111111
1207446.0666666664
1207502.5111111111
1207541.3377777776
1211331.8399999996
1208998.8644444444
1208479.177777778
1208118.2799999998
1209095.1155555558
1210620.7866666666
1221839.2066666663
1213008.2999999998
1215116.3244444444
1224757.5022222218
1203563.9177777779
1209853.1377777774
1209757.5644444444
1210160.4311111113
1211747.7688888889
1207093.6600000001
1210194.9555555556
1208956.7866666666
1210122.724444444
1197144.5333333337
1209468.4222222222
1210139.4711111109
1216879.9155555556
1210204.0755555555
1212138.0311111107
1212208.697777778
1208710.3177777776
1207523.717777778
1212197.942222222
1211861.7777777775
1209945.2933333332
1212022.682222222
1212022.7533333334
1209557.4311111108
1205384.4844444443
1199556.0577777778
1205796.7244444445
1207534.631111111
1205850.9555555554
1198362.3199999998
1210192.648888889
1213737.0222222223
1214468.2266666663
1213735.6177777778
1209074.9777777777
1212880.8866666667
1211182.3866666665
1211146.1244444442
1207449.573333333
1210743.9066666667
1210560.682222222
1212331.4444444445
1212582.7822222223
1217283.348888889
1218437.3088888887
1208824.5333333332
1211162.4155555554
1212313.5955555555
1210538.2822222223
1210151.1444444442
1215491.6111111108
1210564.9844444445
1204227.5
1200402.4755555554
1204434.668888889
1198043.511111111
1206898.1155555553
1203234.4822222223
1208858.0288888887
1212146.0222222218
1210371.153333333
1212085.202222222
1214197.371111111
1214253.3711111112
1212920.4822222223
1216501.5
1216243.8022222223
1214288.9977777777
1211760.4888888889
1214253.3711111112
1214253.8866666667
1214173.7799999998
1214230.2244444445
1214289.4422222222
1210125.2999999996
1214661.722222222
1220567.8555555553
1216017.413333333
1214231.042222222
1214289.4422222222
1214197.371111111
1214253.3711111112
1214638.5155555555
1212365.7844444443
1219179.477777778
1221713.322222222
1218226.973333333
1221691.9177777776
1221663.0999999996
1218895.5888888887
1221654.1044444444
1221715.9888888886
1221621.251111111
1221659.4022222222
1223226.3488888885
1223767.1577777774
1224789.562222222
1223280.1977777774
1215286.291111111
1221677.2511111111
1224812.4066666663
1221597.6599999997
1221654.1044444444
1228416.8777777774
1221620.8066666664
1221665.3044444444
1221685.7666666666
1221610.051111111
1223248.0377777775
1221691.0999999996
1221609.3044444441
1221665.7488888889
1221685.322222222
1223460.4755555554
1221654.1044444444
1219677.2866666662
1219417.0111111107
1221691.9177777776
1219945.3155555553
1219879.8755555553
1221636.2555555555
1219493.455555555
1221602.513333333
1213142.0333333332
1221671.0999999996
1228311.8288888885
1222623.4466666665
1224577.5088888886
1224481.4911111107
1225157.5177777777
1218339.742222222
1224481.793333333
1224652.4799999997
1225197.091111111
1224481.4911111107
1224537.491111111
1226407.4888888886
1226637.9
1226694.3444444442
1228409.6644444442
1230030.9866666666
1230087.8755555553
1230107.893333333
1229365.6977777774
1229421.6977777777
1228794.0444444441
1229364.9511111106
1230596.2577777775
1228898.9355555554
1229874.524444444
1229949.6355555553
1241673.8599999994
1226403.0066666661
1232975.8244444444
1234600.273333333
1229892.8177777776
1227912.7822222218
1229988.9777777775
1237668.751111111
1236649.848888889
1229968.5333333327
1233027.0133333332
1227185.3177777773
1223830.3111111107
1227127.6822222217
1228542.3688888885
1228561.9422222218
1228486.6711111106
1228542.6711111108
1228582.3866666663
1228485.9244444438
1228541.924444444
1228565.9422222218
1223856.4222222217
1226824.8866666665
1228583.275555555
1228485.4799999997
1228542.3688888885
1229637.2888888884
1231710.933333333
1231767.3777777774
1231806.6488888883
1231710.1866666663
1231766.631111111
1239659.9999999998
1239137.8577777776
1235354.042222222
1235392.8688888885
1239136.6666666663
1239638.2044444443
1239658.6666666665
1239814.2266666666
1239870.6711111108
1238786.702222222
1239581.7599999995
1239638.2044444443
1236264.833333333
1236188.6733333329
1236233.1711111108
1239686.666666666
1239593.7066666663
1239646.524444444
1239617.7066666665
1239552.2666666666
1229688.8266666664
1239685.7777777775
1236583.0777777776
1246351.928888889
1239650.222222222
1232783.3377777776
1232839.3377777773
1229506.0555555553
1228966.6688888886
1225967.6399999997
1235670.873333333
1224078.742222222
1218642.6777777777
1218797.8088888885
1218585.9311111106
1216924.1466666665
1223645.9422222218
1225270.162222222
1218643.9399999997
1216477.2644444439
1218586.375555555
1218624.082222222
1215632.582222222
1218568.384444444
1218643.4955555552
1220179.0488888887
1218585.486666666
1216905.853333333
1215211.6422222215
1218568.384444444
1215208.371111111
1212347.433333333
1218139.9488888883
1218624.082222222
1218644.9888888886
1216364.5888888887
1216553.053333333
1214268.9888888886
1214172.9711111106
1214228.9711111109
1217950.773333333
1218581.753333333
1218626.6955555554
1214276.5444444441
1218575.104444444
1218650.2155555552
1218650.3577777776
1218601.3622222217
1209593.4755555552
1209652.2488888884
1209559.7333333332
1209616.622222222
1209616.2488888884
1209537.031111111
1209147.493333333
1207934.464444444
1209560.6222222217
1209598.3288888885
1209598.844444444
1209518.293333333
1209594.2933333332
1203317.2888888884
1196000.0711111107
1196947.1466666665
1190612.702222222
1190533.484444444
1190589.9288888888
1190648.2577777775
1190556.6311111108
1193588.5377777778
1197296.631111111
1192011.8466666667
1190590.3022222223
1192146.2466666666
1192053.2866666664
1190594.782222222
1190710.713333333
1190514.7466666666
1190144.764444444
1190648.2577777775
1196812.871111111
1190612.631111111
1184000.4266666663
1183902.4711111109
1182641.4133333333
1182699.3688888885
1182607.2977777778
1182677.9644444445
1182650.48
1184080.8066666666
1182640.1511111108
1182699.3688888885
1180889.513333333
1182794.2688888889
1182649.1466666665
1182583.7066666665
1182640.1511111108
1182699.3688888885
1182607.2977777778
1182663.742222222
1182779.2288888888
1182815.8711111112
1183002.842222222
1181314.0533333332
1181237.093333333
1177857.9688888886
1177858.0399999996
1177777.933333333
1177834.3777777774
1177894.9288888886
1184503.3022222219
1177857.524444444
1177858.0399999996
1177777.933333333
1177816.0844444444
1177875.302222222
1177783.231111111
1177858.3422222221
1177860.706666666
1177777.933333333
1177834.3777777774
1177893.595555555
1184502.8577777774
1177857.524444444
1177857.595555555
1177759.6399999997
1184536.973333333
1177894.0399999996
1177801.0799999998
1177872.1911111106
1177842.9288888886
1177777.933333333
1177816.0844444444
1177875.302222222
1177783.231111111
1177873.0088888886
1177843.8177777776
1177777.933333333
1179313.184444444
1177875.7466666666
1177783.231111111
1177858.3422222221
1177858.484444444
1177778.3777777776
1177834.3777777774
1177893.595555555
1177801.5244444443
1177857.524444444
1177857.595555555
1177777.933333333
1180828.5777777776
1179391.1399999997
1177801.5244444443
1177857.9688888886
1177858.0399999996
1177777.933333333
1177816.0844444444
1177875.302222222
1179280.331111111
1179355.4422222218
1177860.7066666665
1177777.933333333
1177834.3777777774
1177893.1511111106
1177801.5244444443
1177845.5777777773
1178207.433333333
1178131.7177777775
1178169.8688888887
1178208.6955555552
1178112.2333333332
1178187.7888888884
1178206.9888888886
1178131.273333333
1178187.7177777777
1191630.5444444441
1191550.0822222221
1184887.4155555554
1191595.8777777776
1178131.273333333
1178175.771111111
1178234.5444444441
1178142.9177777774
1178181.0688888887
1178180.6955555552
1178101.0333333332
1178176.5888888885
1178234.9888888886
1178142.9177777774
1178168.6777777774
1178190.0288888887
1178113.424444444
1178188.5355555553
1178227.433333333
1178130.5266666666
1178186.9711111109
1178206.9888888886
1178132.162222222
1178169.4244444442
1181202.4511111109
1182603.9777777775
1182679.0888888887
1182699.622222222
1182622.5733333332
1182693.684444444
1182704.9555555554
1182621.8266666664
1182678.2711111107
1189400.0666666664
1182623.0177777777
1182679.0177777775
1182717.8444444444
1182621.8266666664
1182678.2711111107
1182699.1777777774
1182623.0177777777
1182660.724444444
1182700.44
1182603.533333333
1182679.0888888887
1182698.733333333
1182604.7244444443
1189384.3333333333
1182711.1777777774
1182634.2177777777
1182690.662222222
1182690.288888889
1182610.6266666665
1182667.0711111107
1182726.733333333
1182615.9244444442
1182691.0355555555
1182691.1777777774
1182611.071111111
1182667.0711111107
1182726.2888888884
1182633.7733333332
1182690.2177777775
1182691.6222222222
1182611.071111111
1182648.7777777778
1182707.551111111
1182615.9244444442
1189392.813333333
1182692.0666666664
1182610.6266666665
1182648.7777777778
1182707.9955555554
1182615.9244444442
1182691.48
1182690.288888889
1182611.071111111
1182681.7377777777
1182711.622222222
1182634.6622222222
1189406.662222222
1182676.511111111
1182611.071111111
1182667.0711111107
1182725.8444444444
1182634.2177777777
1182671.924444444
1182671.9955555554
1182592.333333333
1182667.8888888888
1182726.288888889
1182634.2177777777
1182690.2177777775
1182690.288888889
1182611.071111111
1182667.0711111107
1182726.2888888884
1182634.2177777777
1182671.924444444
1182672.44
1182592.7777777775
1182682.9999999998
1182712.9555555554
1182634.2177777777
1182672.3688888885
1182673.7733333332
1182592.333333333
1182667.8888888888
1182726.733333333
1182633.7733333332
1182690.662222222
1182691.1777777774
1182610.6266666665
1182667.0711111107
1182726.733333333
1182634.2177777777
1182690.2177777775
1182692.511111111
1182611.071111111
1182649.2222222222
1182707.551111111
1182617.2577777775
1182705.702222222
1182676.9555555554
1182610.6266666665
1182681.7377777777
1182711.622222222
1182634.2177777777
1182690.2177777775
1182691.1777777774
1182610.6266666665
1189368.8488888887
1182726.288888889
1182634.2177777777
1182671.924444444
1182671.9955555554
1182592.7777777775
1182667.8888888888
1182727.1777777777
1182634.6622222222
1182690.662222222
1182690.733333333
1182610.6266666665
1182667.0711111107
1182726.288888889
1182634.6622222222
1182690.2177777775
1182691.1777777774
1182610.6266666665
1182667.5155555552
1182726.2888888884
1182634.2177777777
1182690.2177777775
1182692.0666666667
1182610.6266666665
1182663.4444444443
1182693.3288888885
1182615.9244444442
1182691.0355555555
1182690.733333333
1182627.071111111
1182651.0711111107
1182726.733333333
1182634.2177777777
1182690.2177777775
1182691.1777777774
1182610.6266666665
1182667.5155555552
1182725.8444444444
1182634.6622222222
1182693.3822222222
1182683.622222222
1182623.0177777777
1182679.0177777775
1189422.2888888887
1182621.8266666664
1182678.2711111107
1182698.7333333334
1182623.0177777777
1182660.724444444
1182700.44
1182603.533333333
1182694.1999999997
1182683.622222222
1182623.4622222222
1182679.0177777775
1182717.8444444444
1182622.7155555554
1182678.2711111107
1189400.511111111
1182623.0177777777
1182679.0177777775
1182718.2888888884
1182621.8266666664
1182678.2711111107
1182698.288888889
1182623.0177777777
1182679.0177777775
1182717.8444444444
1182652.9377777774
1182678.2711111107
1182701.844444444
1182622.5733333332
1182660.724444444
1182699.9955555554



The list of best values average 

14909.8
5760.72
6969.4
7322.04
7075.92
7020.76
7281.04
7065.120000000001
7044.16
7155.88
7065.5199999999995
6977.24
7254.320000000001
7170.16
7083.32
7281.56
7158.6
7063.76
7258.160000000001
7175.44
7236.399999999999
7496.6799999999985
7233.959999999999
7242.239999999999
7460.639999999999
7353.919999999998
7377.6399999999985
7547.239999999999
7284.5199999999995
7263.56
7606.519999999999
7392.039999999999
7377.6399999999985
7481.36
7350.399999999999
7313.4400000000005
7590.5199999999995
7507.799999999998
7402.519999999999
7613.919999999999
7482.959999999998
7396.119999999999
7656.399999999999
7441.919999999999
7427.519999999999
7679.799999999998
7417.079999999999
7396.119999999999
7656.399999999999
7440.479999999999
7427.519999999999
7531.24
7401.719999999998
7321.44
7680.399999999999
7440.479999999999
7419.519999999999
7597.119999999999
7335.839999999999
7321.44
7590.5199999999995
7506.359999999998
7427.519999999999
7613.919999999999
7492.399999999999
7396.119999999999
7590.5199999999995
7506.359999999998
7419.519999999999
7613.919999999999
7484.399999999999
7396.119999999999
7614.5199999999995
7506.359999999998
7419.519999999999
7613.919999999999
7484.399999999999
7402.239999999999
7579.839999999999
7363.919999999999
7350.959999999999
7620.039999999999
7488.879999999999
7393.239999999999
7596.639999999999
7510.839999999998
7408.6399999999985
7620.039999999999
7487.439999999999
7393.239999999999
7620.639999999999
7512.279999999999
7408.6399999999985
7620.039999999999
7487.439999999999
7393.239999999999
7596.639999999999
7512.279999999999
7416.6399999999985
7620.039999999999
7487.439999999999
7302.5599999999995
7596.639999999999
7512.279999999999
7408.6399999999985
7537.36
7390.36
7310.5599999999995
7596.639999999999
7512.279999999999
7416.6399999999985
7685.919999999998
7421.5599999999995
7391.959999999999
7680.119999999999
7459.679999999999
7415.359999999999
7554.959999999999
7411.479999999999
7309.28
7614.24
7518.999999999999
7332.679999999999
7637.639999999999
7507.079999999999
7412.879999999999
7627.16
7539.919999999999
7428.279999999999
7650.5599999999995
7507.079999999999
7412.879999999999
7627.16
7516.079999999999
7436.279999999999
7650.5599999999995
7508.5199999999995
7412.879999999999
7693.039999999999
7464.599999999999
7428.279999999999
7716.439999999999
7442.64
7404.879999999999
7627.16
7530.479999999999
7436.279999999999
7740.439999999999
7441.2
7404.879999999999
7693.039999999999
7466.04
7436.279999999999
7567.879999999999
7424.399999999999
7322.2
7627.16
7525.519999999999
7428.279999999999
7650.5599999999995
7515.079999999999
7404.879999999999
7627.16
7531.919999999999
7436.279999999999
7650.5599999999995
7507.079999999999
7404.879999999999
7610.359999999999
7383.36
7353.599999999999
7650.5599999999995
7507.079999999999
7412.879999999999
7651.16
7531.919999999999
7436.279999999999
7740.439999999999
7441.2
7354.2
7627.16
7531.919999999999
7428.279999999999
7650.5599999999995
7507.079999999999
7404.879999999999
7693.039999999999
7474.04
7428.279999999999
7737.519999999999
7470.28
7425.959999999999
7648.24
7552.999999999999
7457.359999999999
7671.639999999999
7944.159999999999
7849.959999999999
7981.5599999999995
7871.919999999999
7790.679999999999
8087.639999999999
7944.159999999999
7841.959999999999
8064.24
7968.999999999999
10392.56
10614.839999999998
10484.36
10373.0
10595.279999999999
10501.2
10404.4
10618.679999999998
10476.36
10373.0
10595.279999999999
10501.2
10396.4
10620.479999999998
10463.76
10374.800000000001
10703.759999999998
10571.28
10480.880000000001
10727.159999999998
10548.04
10483.080000000002
10598.679999999998
10490.2
10399.800000000001
10704.759999999998
10548.04
10459.080000000002
10622.679999999998
10490.2
10399.800000000001
10704.759999999998
10548.04
10459.080000000002
10681.359999999999
10596.880000000001
10482.480000000001
10622.079999999998
10489.36
10376.400000000001
10681.359999999999
10571.44
10482.480000000001
10622.079999999998
10466.800000000001
10376.400000000001
10681.359999999999
10571.44
10482.480000000001
10704.759999999998
10548.04
10459.080000000002
10664.56
10422.88
10399.800000000001
10704.759999999998
10549.480000000001
10459.080000000002
10681.359999999999
10571.44
10482.480000000001
10687.96
10399.48
10376.400000000001
10681.359999999999
10572.880000000001
10482.480000000001
10687.96
10423.48
10376.400000000001
10681.359999999999
10572.880000000001
10399.800000000001
10704.759999999998
10548.04
10376.400000000001
10681.359999999999
10571.44
10482.480000000001
10770.64
10483.6
10459.080000000002
10681.359999999999
10571.44
10539.72
10745.2
10458.16
10433.64
10738.599999999999
10628.680000000002
10532.28
10837.239999999998
10681.960000000003
10591.560000000001
10731.159999999998
10621.24
10532.28
10903.119999999999
10616.080000000002
10591.560000000001
10813.839999999998
10703.92
10614.960000000001
10837.239999999998
10680.52
10591.560000000001
10879.72
10663.480000000001
10614.960000000001
10820.439999999999
10531.96
10508.880000000001
10879.72
10639.480000000001
10614.960000000001
10837.239999999998
10680.52
10591.560000000001
10813.839999999998
10705.360000000002
10614.960000000001
10837.239999999998
10680.52
10591.560000000001
10731.159999999998
10622.680000000002
10532.28
10837.239999999998
10680.52
10786.560000000001
11008.839999999998
10900.360000000002
10809.960000000001
10949.559999999998
10792.84
10703.880000000001
11074.72
10834.480000000001
10809.960000000001
11032.239999999998
10875.52
10786.560000000001
11074.72
10834.480000000001
10886.76
11174.92
10886.439999999999
10863.36
11151.52
10909.839999999998
10886.76
11109.039999999999
10953.760000000002
10863.36
11002.96
10917.039999999999
10804.08
11109.039999999999
10953.760000000002
10863.36
11068.84
10827.159999999998
10804.08
11109.039999999999
10953.760000000002
10863.36
11085.64
10975.72
10886.76
11109.039999999999
10953.760000000002
10863.36
11151.52
10909.839999999998
10886.76
11026.359999999999
10871.080000000002
10780.68
11085.64
10975.72
10804.08
11173.039999999999
10953.760000000002
10863.36
11085.64
10975.72
10886.76
11026.359999999999
10871.080000000002
10780.68
11085.64
10975.72
10886.76
11109.039999999999
10953.760000000002
10863.36
11085.64
10975.72
10886.76
11109.039999999999
10953.760000000002
10863.36
11085.64
10975.72
10886.76
11026.359999999999
10869.64
10780.68
11085.64
10975.72
10886.76
11109.039999999999
10953.760000000002
10863.36
11085.64
10975.72
10886.76
11174.92
10887.880000000001
10863.36
11085.64
10975.72
10886.76
11026.359999999999
10871.080000000002
10780.68
11085.64
10975.72
10886.76
11109.039999999999
10953.760000000002
10863.36
11085.64
10999.72
10886.76
11109.039999999999
10952.32
10863.36
11151.52
10911.28
10886.76
11109.039999999999
10952.32
10863.36
11085.64
10975.72
10886.76
11174.92
10887.880000000001
10863.36
11002.96
10893.039999999999
10804.08
11174.92
10886.439999999999
10863.36
11085.64
10977.160000000002
10886.76
11109.039999999999
10952.32
10863.36
11085.64
10977.160000000002
10886.76
11109.039999999999
10952.32
10868.640000000001
11090.92
10982.440000000002
10892.04
11114.32
10957.6
10868.640000000001
11090.92
10982.440000000002
10892.04
11031.64
10874.92
10785.960000000001
11090.92
10982.440000000002
10892.04
11114.32
10957.6
10868.640000000001
11090.92
11006.440000000002
10892.04
11114.32
10957.6
10868.640000000001
11207.519999999999
11099.04
11008.64
11230.919999999998
11074.199999999999
10985.24
11207.519999999999
11099.04
11008.64
11230.919999999998
11074.199999999999
10985.24
11207.519999999999
11123.04
11008.64
11230.919999999998
11074.199999999999
10985.24
11207.519999999999
11099.04
11008.64
11230.919999999998
11098.199999999999
10985.24
11207.519999999999
11099.04
11008.64
11230.919999999998
11074.199999999999
10985.24
11207.519999999999
11099.04
11008.64
11230.919999999998
11074.199999999999
10985.24
11207.519999999999
11097.599999999999
11008.64
11214.119999999999
10927.08
10902.56
11207.519999999999
11097.599999999999
11008.64
11230.919999999998
11075.640000000001
10985.24
11207.519999999999
11121.599999999999
11008.64
11230.919999999998
11074.199999999999
10985.24
11207.519999999999
11099.04
11008.64
11230.919999999998
11074.199999999999
10902.56
11207.519999999999
11099.04
11008.64
11148.239999999998
10991.519999999999
10902.56
11207.519999999999
11099.04
11008.64
11148.239999999998
10991.519999999999
10902.56
11207.519999999999
11099.04
11008.64
11148.239999999998
11015.519999999999
10902.56
11207.519999999999
11099.04
11008.64
11230.919999999998
11074.199999999999
10985.24
11207.519999999999
11097.599999999999
10925.96
11230.919999999998
11075.640000000001
10985.24
11210.4
11100.48
11011.52
11233.8
11078.519999999999
10988.12
11210.4
11100.48
11011.52
11151.119999999999
10995.840000000002
10905.44
11210.4
11100.48
11011.52
11233.8
11078.519999999999
10988.12
11210.4
11100.48
11011.52
11151.119999999999
10995.840000000002
10905.44
11210.4
11100.48
11011.52
11151.119999999999
10995.840000000002
10905.44
11210.4
11100.48
11011.52
11233.8
11117.72
10944.640000000001
11249.599999999997
11139.68
11050.719999999998
11338.879999999997
11075.839999999998
11027.319999999998
11249.599999999997
11139.68
11050.719999999998
11338.879999999997
11051.839999999998
11027.319999999998
11249.599999999997
11139.68
11050.719999999998
11272.999999999996
11117.72
11027.319999999998
11360.279999999997
11118.599999999999
11095.519999999997
11371.759999999998
11216.480000000001
11126.08
11348.359999999999
11262.439999999999
11149.48
11371.759999999998
11216.480000000001
11126.08
11265.679999999998
11155.759999999998
11066.8
11371.759999999998
11216.480000000001
11126.08
11348.359999999999
11238.439999999999
11149.48
11371.759999999998
11216.480000000001
11043.4
11348.359999999999
11238.439999999999
11149.48
11437.64
11150.6
11126.08
11265.679999999998
11155.759999999998
11066.8
11437.64
11150.6
11126.08
11265.679999999998
11155.759999999998
11066.8
11371.759999999998
11216.480000000001
11126.08
11348.359999999999
11238.439999999999
11149.48
11371.759999999998
11216.480000000001
11126.08
11348.359999999999
11238.439999999999
11149.48
11371.759999999998
11216.480000000001
11126.08
11265.679999999998
11155.759999999998
11066.8
11371.759999999998
11216.480000000001
11126.08
11348.359999999999
11238.439999999999
11149.48
11371.759999999998
11222.56
11133.6
11265.679999999998
11157.2
11066.8
11379.279999999999
11222.56
11133.6
11355.88
11247.399999999998
11157.0
11445.16
11156.679999999998
11133.6
11355.88
11245.96
11157.0
11289.079999999998
11133.800000000001
11043.4
11355.88
11245.96
11157.0
11289.079999999998
11156.359999999999
11043.4
11355.88
11247.399999999998
11157.0
11379.279999999999
11222.56
11133.6
11265.679999999998
11157.2
11066.8
11379.279999999999
11222.56
11133.6
11421.76
11205.519999999997
11157.0
11379.279999999999
11222.56
11133.6
11355.88
11247.399999999998
11157.0
11379.279999999999
11222.56
11133.6
11265.679999999998
11157.2
11066.8
11379.279999999999
11222.56
11043.4
11421.76
11180.079999999998
11157.0
11379.279999999999
11223.999999999998
11133.6
11355.88
11245.96
11066.8
11379.279999999999
11223.999999999998
11133.6
11355.88
11245.96
11157.0
11379.279999999999
11247.999999999998
11133.6
11265.679999999998
11155.759999999998
11066.8
11379.279999999999
11247.999999999998
11133.6
11265.679999999998
11155.759999999998
11066.8
11379.279999999999
11223.999999999998
11133.6
11421.76
11180.079999999998
11157.0
11445.16
11158.119999999997
11133.6
11355.88
11245.96
11157.0
11289.079999999998
11133.800000000001
11043.4
11355.88
11245.96
11157.0
11379.279999999999
11223.999999999998
11133.6
11355.88
11245.96
11157.0
11289.079999999998
11133.800000000001
11043.4
11421.76
11204.079999999998
11157.0
11289.079999999998
11157.800000000001
11043.4
11355.88
11245.96
11157.0
11379.279999999999
11223.999999999998
11133.6
11355.88
11245.96
11157.0
11379.279999999999
11247.999999999998
11133.6
11265.679999999998
11155.759999999998
11090.8
11445.16
11158.119999999997
11133.6
11421.76
11180.079999999998
11157.0
11379.279999999999
11223.999999999998
11133.6
11355.88
11245.96
11157.0
11289.079999999998
11133.800000000001
11043.4
11355.88
11269.96
11157.0
11379.279999999999
11223.999999999998
11133.6
11355.88
11245.96
11157.0
11379.279999999999
11223.999999999998
11133.6
11355.88
11245.96
11157.0
11379.279999999999
11247.999999999998
11133.6
11331.56
11089.879999999997
11066.8
11379.279999999999
11223.999999999998
11133.6
11355.88
11245.96
11157.0
11379.279999999999
11223.999999999998
11133.6
11355.88
11245.96
11157.0
11445.16
11156.679999999998
11133.6
11355.88
11271.399999999998
11157.0
11379.279999999999
11222.56
11133.6
11265.679999999998
11157.2
11066.8
11445.16
11156.679999999998
11133.6
11355.88
11247.399999999998
11157.0
11379.279999999999
11222.56
11133.6
11355.88
11247.399999999998
11157.0
11379.279999999999
11222.56
11133.6
11355.88
11247.399999999998
11157.0
11379.279999999999
11222.56
11133.6
11265.679999999998
11157.2
