----------Report of simulation of Quantum Population Annealing-----------
The number of considered Spin 210
The considered Annealing Duration 26
The considered Annealing Number 100
The considered T 1.0
The considered Gamma0 1.0
The considered Number Of Replica 2
The considered Number Of System 5
The solution found [ 1  1  1  1  1  1  1  1  1  1  1 -1  1 -1 -1 -1 -1  1 -1  1  1  1  1 -1
  1 -1 -1  1 -1  1  1  1  1  1  1  1  1 -1 -1 -1  1 -1 -1  1 -1 -1  1 -1
 -1 -1 -1  1  1 -1 -1  1  1  1 -1 -1  1  1  1 -1  1 -1  1  1  1 -1 -1 -1
  1  1  1 -1 -1 -1  1  1  1 -1  1 -1 -1  1 -1 -1  1 -1 -1  1 -1 -1  1 -1
  1 -1 -1 -1 -1 -1 -1  1  1  1 -1  1 -1 -1  1 -1  1 -1 -1 -1 -1 -1  1 -1
  1 -1  1  1  1 -1  1  1 -1  1 -1 -1  1 -1 -1  1 -1  1  1  1 -1  1 -1 -1
 -1 -1  1  1 -1 -1  1 -1  1 -1  1 -1  1 -1  1  1  1  1 -1  1  1 -1  1  1
 -1 -1 -1 -1 -1 -1  1 -1  1  1  1 -1 -1 -1 -1 -1 -1  1  1  1 -1 -1 -1  1
  1  1 -1 -1 -1  1 -1 -1 -1  1  1 -1  1 -1 -1  1 -1  1]
The value found 1.0
The Success probability is 1.0
The average value is 1.0
The total execution time is 380.250608921051
The average time for execution is 3.8025051665306093
The average time for all systems update is 0.14530782066858733
The average time for system update is 0.0290461889230288
The average time for replica update is 0.014522028271968548
The average time for spin update is 6.891078555976951e-05
The list of values found 

1.0
1.0
1.0
1.0
1.0
1.0
1.0
1.0
1.0
1.0
1.0
1.0
1.0
1.0
1.0
1.0
1.0
1.0
1.0
1.0
1.0
1.0
1.0
1.0
1.0
1.0
1.0
1.0
1.0
1.0
1.0
1.0
1.0
1.0
1.0
1.0
1.0
1.0
1.0
1.0
1.0
1.0
1.0
1.0
1.0
1.0
1.0
1.0
1.0
1.0
1.0
1.0
1.0
1.0
1.0
1.0
1.0
1.0
1.0
1.0
1.0
1.0
1.0
1.0
1.0
1.0
1.0
1.0
1.0
1.0
1.0
1.0
1.0
1.0
1.0
1.0
1.0
1.0
1.0
1.0
1.0
1.0
1.0
1.0
1.0
1.0
1.0
1.0
1.0
1.0
1.0
1.0
1.0
1.0
1.0
1.0
1.0
1.0
1.0
1.0



The list of values first execution 

75.4
29.0
7.4
8.2
57.0
14.6
15.4
1.0
1.0
1.0
1.0
1.0
1.0
1.0
1.0
1.0
1.0
1.0
1.0
1.0
1.0
1.0
1.0
1.0
1.0
1.0



The list of best values first execution 

1.0
1.0
1.0
1.0
1.0
1.0
1.0
1.0
1.0
1.0
1.0
1.0
1.0
1.0
1.0
1.0
1.0
1.0
1.0
1.0
1.0
1.0
1.0
1.0
1.0
1.0



The list of values average 

117.52800000000006
89.54399999999995
26.83200000000001
15.727999999999998
12.264000000000005
8.503999999999989
8.255999999999991
6.03199999999999
5.063999999999992
5.4559999999999915
4.759999999999991
4.623999999999992
4.4239999999999915
3.967999999999992
4.071999999999992
3.8239999999999923
3.759999999999992
3.855999999999992
3.823999999999992
3.679999999999993
3.887999999999992
3.7999999999999923
3.695999999999992
3.863999999999992
3.783999999999992
3.7199999999999926



The list of best values average 

3.7199999999999935
4.039999999999992
2.1999999999999984
2.9999999999999947
2.2799999999999985
2.519999999999997
2.0400000000000005
1.560000000000001
1.5600000000000007
1.5600000000000007
1.7200000000000009
1.7200000000000009
1.5600000000000007
1.7200000000000009
1.6400000000000008
1.7200000000000009
1.6400000000000008
1.7200000000000009
1.6400000000000008
1.7200000000000009
1.6400000000000008
1.7200000000000009
1.6400000000000008
1.7200000000000009
1.6400000000000008
1.7200000000000009
