----------Report of simulation of Quantum Parallel Tempering - Population Annealing v1-----------
The number of considered Spin220
The considered Annealing Duration 880
The considered Annealing Number 100
The considered T 1.0
The considered Gamma0 1.0
The considered Number Of Replica 3
The considered Number Of System Tempering 3
The considered Number Of System Population 3
The solution found [ 1  1  1  1  1  1 -1 -1  1  1 -1  1 -1 -1  1  1 -1  1 -1  1 -1  1 -1 -1
 -1  1  1  1 -1 -1 -1 -1 -1  1 -1  1  1  1  1 -1 -1  1  1  1  1  1 -1  1
 -1 -1 -1 -1 -1  1  1  1 -1  1 -1  1 -1 -1 -1 -1  1 -1  1  1  1  1  1 -1
  1  1  1 -1  1 -1  1 -1 -1  1 -1 -1  1 -1 -1 -1  1  1  1 -1 -1  1  1  1
  1 -1  1 -1 -1 -1  1  1 -1 -1 -1  1 -1  1 -1  1 -1  1 -1  1 -1  1 -1 -1
  1 -1  1 -1  1 -1  1  1  1  1  1  1 -1  1 -1 -1 -1  1  1  1 -1  1 -1 -1
  1  1 -1  1 -1  1  1 -1  1  1 -1 -1  1 -1 -1  1 -1 -1  1  1 -1 -1 -1 -1
  1 -1  1 -1 -1 -1 -1  1 -1 -1  1 -1  1 -1 -1 -1 -1  1  1 -1 -1  1 -1 -1
  1 -1 -1 -1 -1 -1  1 -1 -1  1 -1  1  1  1 -1  1 -1  1 -1  1  1 -1  1  1
 -1 -1 -1  1]
The value found 0.0
The Success probability is 0.02
The average value is 3259.92
The total execution time is 26033.15651679039
The average time for execution is 260.3315641570091
The average time for all systems update is 0.2957517581067302
The average time for system tempering update is 0.04946734827305331
The average time for system population update is 12946.082987308502
The average time for replica update is 0.016417136512470967
The average time for spin update is 7.436797139264773e-05
The list of values found 

4096.0
0.0
64.0
2500.0
5776.0
12544.0
16.0
4624.0
0.0
576.0
16.0
2304.0
3136.0
6400.0
4.0
144.0
1156.0
4.0
1444.0
324.0
0.0
1296.0
2500.0
100.0
784.0
1764.0
2116.0
1444.0
784.0
12996.0
1764.0
64.0
2304.0
324.0
2704.0
1024.0
324.0
64.0
17424.0
29584.0
256.0
16.0
64.0
1024.0
484.0
0.0
40000.0
1444.0
1764.0
4.0
0.0
676.0
4.0
4.0
1024.0
20736.0
144.0
784.0
1296.0
14884.0
1600.0
484.0
144.0
10000.0
24336.0
6084.0
16.0
676.0
4.0
900.0
784.0
8100.0
1936.0
2116.0
100.0
8464.0
3136.0
676.0
2304.0
3600.0
4.0
256.0
36.0
400.0
400.0
1444.0
1156.0
4.0
1764.0
4624.0
676.0
21316.0
1156.0
676.0
16.0
196.0
2304.0
1156.0
4.0
3844.0



The list of values first execution 

2332969.777777778
344274.44444444444
344274.44444444444
344274.44444444444
344274.44444444444
344274.44444444444
344274.44444444444
344274.44444444444
344274.44444444444
344274.44444444444
344274.44444444444
344274.44444444444
344274.44444444444
344274.44444444444
344274.44444444444
344274.44444444444
344274.44444444444
344274.44444444444
344274.44444444444
344274.44444444444
344274.44444444444
344274.44444444444
344274.44444444444
344274.44444444444
344274.44444444444
344274.44444444444
344274.44444444444
344274.44444444444
344274.44444444444
344274.44444444444
344274.44444444444
344274.44444444444
344274.44444444444
344274.44444444444
344274.44444444444
344274.44444444444
344274.44444444444
344274.44444444444
344274.44444444444
344274.44444444444
344274.44444444444
344274.44444444444
344274.44444444444
344274.44444444444
344274.44444444444
344274.44444444444
344274.44444444444
344274.44444444444
344274.44444444444
344274.44444444444
344274.44444444444
344274.44444444444
344274.44444444444
344274.44444444444
344274.44444444444
344274.44444444444
344274.44444444444
344274.44444444444
344274.44444444444
344274.44444444444
344274.44444444444
344274.44444444444
344274.44444444444
344274.44444444444
344274.44444444444
344274.44444444444
344274.44444444444
344274.44444444444
344274.44444444444
344274.44444444444
344274.44444444444
344274.44444444444
344274.44444444444
344274.44444444444
344274.44444444444
344274.44444444444
344274.44444444444
344274.44444444444
344274.44444444444
344274.44444444444
344274.44444444444
344274.44444444444
344274.44444444444
344274.44444444444
344274.44444444444
344274.44444444444
344274.44444444444
344274.44444444444
344274.44444444444
344274.44444444444
344274.44444444444
344274.44444444444
344274.44444444444
344274.44444444444
344274.44444444444
344274.44444444444
344274.44444444444
344274.44444444444
344274.44444444444
344274.44444444444
344274.44444444444
344274.44444444444
344274.44444444444
344274.44444444444
344274.44444444444
344274.44444444444
344274.44444444444
344274.44444444444
344274.44444444444
344274.44444444444
344274.44444444444
344274.44444444444
344274.44444444444
344274.44444444444
344274.44444444444
344274.44444444444
344274.44444444444
344274.44444444444
344274.44444444444
344274.44444444444
344274.44444444444
344274.44444444444
344274.44444444444
344274.44444444444
344274.44444444444
344274.44444444444
344274.44444444444
344274.44444444444
344274.44444444444
344274.44444444444
344274.44444444444
344274.44444444444
344274.44444444444
344274.44444444444
344274.44444444444
344274.44444444444
344274.44444444444
344274.44444444444
344274.44444444444
344274.44444444444
344274.44444444444
344274.44444444444
344274.44444444444
344274.44444444444
344274.44444444444
344274.44444444444
344274.44444444444
344274.44444444444
344274.44444444444
344274.44444444444
344274.44444444444
344274.44444444444
344274.44444444444
344274.44444444444
344274.44444444444
344274.44444444444
344274.44444444444
344274.44444444444
344274.44444444444
344274.44444444444
344274.44444444444
344274.44444444444
344274.44444444444
344274.44444444444
344274.44444444444
344274.44444444444
344274.44444444444
344274.44444444444
344274.44444444444
344274.44444444444
344274.44444444444
344274.44444444444
344274.44444444444
344274.44444444444
344274.44444444444
344274.44444444444
344274.44444444444
344274.44444444444
344274.44444444444
344274.44444444444
344274.44444444444
344274.44444444444
344274.44444444444
344274.44444444444
344274.44444444444
344274.44444444444
344274.44444444444
344274.44444444444
344274.44444444444
344274.44444444444
344274.44444444444
344274.44444444444
344274.44444444444
344274.44444444444
344274.44444444444
344274.44444444444
344274.44444444444
344274.44444444444
344274.44444444444
344274.44444444444
344274.44444444444
344274.44444444444
344274.44444444444
344274.44444444444
344274.44444444444
344274.44444444444
344274.44444444444
344274.44444444444
344274.44444444444
344274.44444444444
344274.44444444444
344274.44444444444
344274.44444444444
344274.44444444444
344274.44444444444
344274.44444444444
344274.44444444444
344274.44444444444
344274.44444444444
344274.44444444444
344274.44444444444
344274.44444444444
344274.44444444444
344274.44444444444
344274.44444444444
344274.44444444444
344274.44444444444
344274.44444444444
344274.44444444444
344274.44444444444
344274.44444444444
344274.44444444444
344274.44444444444
344274.44444444444
344274.44444444444
344274.44444444444
344274.44444444444
344274.44444444444
344274.44444444444
344274.44444444444
344274.44444444444
344274.44444444444
344274.44444444444
344274.44444444444
344274.44444444444
344274.44444444444
344274.44444444444
344274.44444444444
344274.44444444444
344274.44444444444
344274.44444444444
344274.44444444444
344274.44444444444
344274.44444444444
344274.44444444444
344274.44444444444
344274.44444444444
344274.44444444444
344274.44444444444
344274.44444444444
344274.44444444444
344274.44444444444
344274.44444444444
344274.44444444444
344274.44444444444
344274.44444444444
344274.44444444444
344274.44444444444
344274.44444444444
344274.44444444444
344274.44444444444
344274.44444444444
344274.44444444444
344274.44444444444
344274.44444444444
344274.44444444444
344274.44444444444
344274.44444444444
344274.44444444444
344274.44444444444
344274.44444444444
344274.44444444444
344274.44444444444
344274.44444444444
344274.44444444444
344274.44444444444
344274.44444444444
344274.44444444444
344274.44444444444
344274.44444444444
344274.44444444444
344274.44444444444
344274.44444444444
344274.44444444444
344274.44444444444
344274.44444444444
344274.44444444444
344274.44444444444
344274.44444444444
344274.44444444444
344274.44444444444
344274.44444444444
344274.44444444444
344274.44444444444
344274.44444444444
344274.44444444444
344274.44444444444
344274.44444444444
344274.44444444444
344274.44444444444
344274.44444444444
344274.44444444444
344274.44444444444
344274.44444444444
344274.44444444444
344274.44444444444
344274.44444444444
344274.44444444444
344274.44444444444
344274.44444444444
344274.44444444444
344274.44444444444
344274.44444444444
344274.44444444444
344274.44444444444
344274.44444444444
344274.44444444444
344274.44444444444
344274.44444444444
344274.44444444444
344274.44444444444
344274.44444444444
344274.44444444444
344274.44444444444
344274.44444444444
344274.44444444444
344274.44444444444
344274.44444444444
344274.44444444444
344274.44444444444
344274.44444444444
344274.44444444444
344274.44444444444
344274.44444444444
344274.44444444444
344274.44444444444
344274.44444444444
344274.44444444444
344274.44444444444
344274.44444444444
344274.44444444444
344274.44444444444
344274.44444444444
344274.44444444444
344274.44444444444
344274.44444444444
344274.44444444444
344274.44444444444
344274.44444444444
344274.44444444444
344274.44444444444
344274.44444444444
344274.44444444444
344274.44444444444
344274.44444444444
344274.44444444444
344274.44444444444
344274.44444444444
344274.44444444444
344274.44444444444
344274.44444444444
344274.44444444444
344274.44444444444
344274.44444444444
344274.44444444444
344274.44444444444
344274.44444444444
344274.44444444444
344274.44444444444
344274.44444444444
344274.44444444444
344274.44444444444
344274.44444444444
344274.44444444444
344274.44444444444
344274.44444444444
344274.44444444444
344274.44444444444
344274.44444444444
344274.44444444444
344274.44444444444
344274.44444444444
344274.44444444444
344274.44444444444
344274.44444444444
344274.44444444444
344274.44444444444
344274.44444444444
344274.44444444444
344274.44444444444
344274.44444444444
344274.44444444444
344274.44444444444
344274.44444444444
344274.44444444444
344274.44444444444
344274.44444444444
344274.44444444444
344274.44444444444
344274.44444444444
344274.44444444444
344274.44444444444
344274.44444444444
344274.44444444444
344274.44444444444
344274.44444444444
344274.44444444444
344274.44444444444
344274.44444444444
344274.44444444444
344274.44444444444
344274.44444444444
344274.44444444444
344274.44444444444
344274.44444444444
344274.44444444444
344274.44444444444
344274.44444444444
344274.44444444444
344274.44444444444
344274.44444444444
344274.44444444444
344274.44444444444
344274.44444444444
344274.44444444444
344274.44444444444
344274.44444444444
344274.44444444444
344274.44444444444
344274.44444444444
344274.44444444444
344274.44444444444
344274.44444444444
344274.44444444444
344274.44444444444
344274.44444444444
344274.44444444444
344274.44444444444
344274.44444444444
344274.44444444444
344274.44444444444
344274.44444444444
344274.44444444444
344274.44444444444
344274.44444444444
344274.44444444444
344274.44444444444
344274.44444444444
344274.44444444444
344274.44444444444
344274.44444444444
344274.44444444444
344274.44444444444
344274.44444444444
344274.44444444444
344274.44444444444
344274.44444444444
344274.44444444444
344274.44444444444
344274.44444444444
344274.44444444444
344274.44444444444
344274.44444444444
344274.44444444444
344274.44444444444
344274.44444444444
344274.44444444444
344274.44444444444
344274.44444444444
344274.44444444444
344274.44444444444
344274.44444444444
344274.44444444444
344274.44444444444
344274.44444444444
344274.44444444444
344274.44444444444
344274.44444444444
344274.44444444444
344274.44444444444
344274.44444444444
344274.44444444444
344274.44444444444
344274.44444444444
344274.44444444444
344274.44444444444
344274.44444444444
344274.44444444444
344274.44444444444
344274.44444444444
344274.44444444444
344274.44444444444
344274.44444444444
344274.44444444444
344274.44444444444
344274.44444444444
344274.44444444444
344274.44444444444
344274.44444444444
344274.44444444444
344274.44444444444
344274.44444444444
344274.44444444444
344274.44444444444
344274.44444444444
344274.44444444444
344274.44444444444
344274.44444444444
344274.44444444444
344274.44444444444
344274.44444444444
344274.44444444444
344274.44444444444
344274.44444444444
344274.44444444444
344274.44444444444
344274.44444444444
344274.44444444444
344274.44444444444
344274.44444444444
344274.44444444444
344274.44444444444
344274.44444444444
344274.44444444444
344274.44444444444
344274.44444444444
344274.44444444444
344274.44444444444
344274.44444444444
344274.44444444444
344274.44444444444
344274.44444444444
344274.44444444444
344274.44444444444
344274.44444444444
344274.44444444444
344274.44444444444
344274.44444444444
344274.44444444444
344274.44444444444
344274.44444444444
344274.44444444444
344274.44444444444
344274.44444444444
344274.44444444444
344274.44444444444
344274.44444444444
344274.44444444444
344274.44444444444
344274.44444444444
344274.44444444444
344274.44444444444
344274.44444444444
344274.44444444444
344274.44444444444
344274.44444444444
344274.44444444444
344274.44444444444
344274.44444444444
344274.44444444444
344274.44444444444
344274.44444444444
344274.44444444444
344274.44444444444
344274.44444444444
344274.44444444444
344274.44444444444
344274.44444444444
344274.44444444444
344274.44444444444
344274.44444444444
344274.44444444444
344274.44444444444
344274.44444444444
344274.44444444444
344274.44444444444
344274.44444444444
344274.44444444444
344274.44444444444
344274.44444444444
344274.44444444444
344274.44444444444
344274.44444444444
344274.44444444444
344274.44444444444
344274.44444444444
344274.44444444444
344274.44444444444
344274.44444444444
344274.44444444444
344274.44444444444
344274.44444444444
344274.44444444444
344274.44444444444
344274.44444444444
344274.44444444444
344274.44444444444
344274.44444444444
344274.44444444444
344274.44444444444
344274.44444444444
344274.44444444444
344274.44444444444
344274.44444444444
344274.44444444444
344274.44444444444
344274.44444444444
344274.44444444444
344274.44444444444
344274.44444444444
344274.44444444444
344274.44444444444
344274.44444444444
344274.44444444444
344274.44444444444
344274.44444444444
344274.44444444444
344274.44444444444
344274.44444444444
344274.44444444444
344274.44444444444
344274.44444444444
344274.44444444444
344274.44444444444
344274.44444444444
344274.44444444444
344274.44444444444
344274.44444444444
344274.44444444444
344274.44444444444
344274.44444444444
344274.44444444444
344274.44444444444
344274.44444444444
344274.44444444444
344274.44444444444
344274.44444444444
344274.44444444444
344274.44444444444
344274.44444444444
344274.44444444444
344274.44444444444
344274.44444444444
344274.44444444444
344274.44444444444
344274.44444444444
344274.44444444444
344274.44444444444
344274.44444444444
344274.44444444444
344274.44444444444
344274.44444444444
344274.44444444444
344274.44444444444
344274.44444444444
344274.44444444444
344274.44444444444
344274.44444444444
344274.44444444444
344274.44444444444
344274.44444444444
344274.44444444444
344274.44444444444
344274.44444444444
344274.44444444444
344274.44444444444
344274.44444444444
344274.44444444444
344274.44444444444
344274.44444444444
344274.44444444444
344274.44444444444
344274.44444444444
344274.44444444444
344274.44444444444
344274.44444444444
344274.44444444444
344274.44444444444
344274.44444444444
344274.44444444444
344274.44444444444
344274.44444444444
344274.44444444444
344274.44444444444
344274.44444444444
344274.44444444444
344274.44444444444
344274.44444444444
344274.44444444444
344274.44444444444
344274.44444444444
344274.44444444444
344274.44444444444
344274.44444444444
344274.44444444444
344274.44444444444
344274.44444444444
344274.44444444444
344274.44444444444
344274.44444444444
344274.44444444444
344274.44444444444
344274.44444444444
344274.44444444444
344274.44444444444
344274.44444444444
344274.44444444444
344274.44444444444
344274.44444444444
344274.44444444444
344274.44444444444
344274.44444444444
344274.44444444444
344274.44444444444
344274.44444444444
344274.44444444444
344274.44444444444
344274.44444444444
344274.44444444444
344274.44444444444
344274.44444444444
344274.44444444444
344274.44444444444
344274.44444444444
344274.44444444444
344274.44444444444
344274.44444444444
344274.44444444444
344274.44444444444
344274.44444444444
344274.44444444444
344274.44444444444
344274.44444444444
344274.44444444444
344274.44444444444
344274.44444444444
344274.44444444444
344274.44444444444
344274.44444444444
344274.44444444444
344274.44444444444
344274.44444444444
344274.44444444444
344274.44444444444
344274.44444444444
344274.44444444444
344274.44444444444
344274.44444444444
344274.44444444444
344274.44444444444
344274.44444444444
344274.44444444444
344274.44444444444
344274.44444444444
344274.44444444444
344274.44444444444
344274.44444444444
344274.44444444444
344274.44444444444
344274.44444444444
344274.44444444444
344274.44444444444
344274.44444444444
344274.44444444444
344274.44444444444
344274.44444444444
344274.44444444444
344274.44444444444
344274.44444444444
344274.44444444444
344274.44444444444
344274.44444444444
344274.44444444444
344274.44444444444
344274.44444444444
344274.44444444444
344274.44444444444
344274.44444444444
344274.44444444444
344274.44444444444
344274.44444444444
344274.44444444444
344274.44444444444
344274.44444444444
344274.44444444444
344274.44444444444
344274.44444444444
344274.44444444444
344274.44444444444
344274.44444444444
344274.44444444444
344274.44444444444
344274.44444444444
344274.44444444444
344274.44444444444
344274.44444444444
344274.44444444444
344274.44444444444
344274.44444444444
344274.44444444444
344274.44444444444
344274.44444444444
344274.44444444444
344274.44444444444
344274.44444444444
344274.44444444444
344274.44444444444
344274.44444444444
344274.44444444444
344274.44444444444
344274.44444444444
344274.44444444444
344274.44444444444
344274.44444444444
344274.44444444444
344274.44444444444
344274.44444444444
344274.44444444444
344274.44444444444
344274.44444444444
344274.44444444444
344274.44444444444
344274.44444444444
344274.44444444444
344274.44444444444
344274.44444444444
344274.44444444444
344274.44444444444
344274.44444444444
344274.44444444444
344274.44444444444
344274.44444444444
344274.44444444444
344274.44444444444
344274.44444444444
344274.44444444444
344274.44444444444
344274.44444444444
344274.44444444444
344274.44444444444
344274.44444444444
344274.44444444444
344274.44444444444
344274.44444444444
344274.44444444444
344274.44444444444
344274.44444444444
344274.44444444444
344274.44444444444
344274.44444444444
344274.44444444444
344274.44444444444
344274.44444444444
344274.44444444444
344274.44444444444
344274.44444444444
344274.44444444444
344274.44444444444
344274.44444444444
344274.44444444444
344274.44444444444
344274.44444444444
344274.44444444444
344274.44444444444
344274.44444444444
344274.44444444444
344274.44444444444
344274.44444444444
344274.44444444444
344274.44444444444



The list of best values first execution 

4096.0
4096.0
4096.0
4096.0
4096.0
4096.0
4096.0
4096.0
4096.0
4096.0
4096.0
4096.0
4096.0
4096.0
4096.0
4096.0
4096.0
4096.0
4096.0
4096.0
4096.0
4096.0
4096.0
4096.0
4096.0
4096.0
4096.0
4096.0
4096.0
4096.0
4096.0
4096.0
4096.0
4096.0
4096.0
4096.0
4096.0
4096.0
4096.0
4096.0
4096.0
4096.0
4096.0
4096.0
4096.0
4096.0
4096.0
4096.0
4096.0
4096.0
4096.0
4096.0
4096.0
4096.0
4096.0
4096.0
4096.0
4096.0
4096.0
4096.0
4096.0
4096.0
4096.0
4096.0
4096.0
4096.0
4096.0
4096.0
4096.0
4096.0
4096.0
4096.0
4096.0
4096.0
4096.0
4096.0
4096.0
4096.0
4096.0
4096.0
4096.0
4096.0
4096.0
4096.0
4096.0
4096.0
4096.0
4096.0
4096.0
4096.0
4096.0
4096.0
4096.0
4096.0
4096.0
4096.0
4096.0
4096.0
4096.0
4096.0
4096.0
4096.0
4096.0
4096.0
4096.0
4096.0
4096.0
4096.0
4096.0
4096.0
4096.0
4096.0
4096.0
4096.0
4096.0
4096.0
4096.0
4096.0
4096.0
4096.0
4096.0
4096.0
4096.0
4096.0
4096.0
4096.0
4096.0
4096.0
4096.0
4096.0
4096.0
4096.0
4096.0
4096.0
4096.0
4096.0
4096.0
4096.0
4096.0
4096.0
4096.0
4096.0
4096.0
4096.0
4096.0
4096.0
4096.0
4096.0
4096.0
4096.0
4096.0
4096.0
4096.0
4096.0
4096.0
4096.0
4096.0
4096.0
4096.0
4096.0
4096.0
4096.0
4096.0
4096.0
4096.0
4096.0
4096.0
4096.0
4096.0
4096.0
4096.0
4096.0
4096.0
4096.0
4096.0
4096.0
4096.0
4096.0
4096.0
4096.0
4096.0
4096.0
4096.0
4096.0
4096.0
4096.0
4096.0
4096.0
4096.0
4096.0
4096.0
4096.0
4096.0
4096.0
4096.0
4096.0
4096.0
4096.0
4096.0
4096.0
4096.0
4096.0
4096.0
4096.0
4096.0
4096.0
4096.0
4096.0
4096.0
4096.0
4096.0
4096.0
4096.0
4096.0
4096.0
4096.0
4096.0
4096.0
4096.0
4096.0
4096.0
4096.0
4096.0
4096.0
4096.0
4096.0
4096.0
4096.0
4096.0
4096.0
4096.0
4096.0
4096.0
4096.0
4096.0
4096.0
4096.0
4096.0
4096.0
4096.0
4096.0
4096.0
4096.0
4096.0
4096.0
4096.0
4096.0
4096.0
4096.0
4096.0
4096.0
4096.0
4096.0
4096.0
4096.0
4096.0
4096.0
4096.0
4096.0
4096.0
4096.0
4096.0
4096.0
4096.0
4096.0
4096.0
4096.0
4096.0
4096.0
4096.0
4096.0
4096.0
4096.0
4096.0
4096.0
4096.0
4096.0
4096.0
4096.0
4096.0
4096.0
4096.0
4096.0
4096.0
4096.0
4096.0
4096.0
4096.0
4096.0
4096.0
4096.0
4096.0
4096.0
4096.0
4096.0
4096.0
4096.0
4096.0
4096.0
4096.0
4096.0
4096.0
4096.0
4096.0
4096.0
4096.0
4096.0
4096.0
4096.0
4096.0
4096.0
4096.0
4096.0
4096.0
4096.0
4096.0
4096.0
4096.0
4096.0
4096.0
4096.0
4096.0
4096.0
4096.0
4096.0
4096.0
4096.0
4096.0
4096.0
4096.0
4096.0
4096.0
4096.0
4096.0
4096.0
4096.0
4096.0
4096.0
4096.0
4096.0
4096.0
4096.0
4096.0
4096.0
4096.0
4096.0
4096.0
4096.0
4096.0
4096.0
4096.0
4096.0
4096.0
4096.0
4096.0
4096.0
4096.0
4096.0
4096.0
4096.0
4096.0
4096.0
4096.0
4096.0
4096.0
4096.0
4096.0
4096.0
4096.0
4096.0
4096.0
4096.0
4096.0
4096.0
4096.0
4096.0
4096.0
4096.0
4096.0
4096.0
4096.0
4096.0
4096.0
4096.0
4096.0
4096.0
4096.0
4096.0
4096.0
4096.0
4096.0
4096.0
4096.0
4096.0
4096.0
4096.0
4096.0
4096.0
4096.0
4096.0
4096.0
4096.0
4096.0
4096.0
4096.0
4096.0
4096.0
4096.0
4096.0
4096.0
4096.0
4096.0
4096.0
4096.0
4096.0
4096.0
4096.0
4096.0
4096.0
4096.0
4096.0
4096.0
4096.0
4096.0
4096.0
4096.0
4096.0
4096.0
4096.0
4096.0
4096.0
4096.0
4096.0
4096.0
4096.0
4096.0
4096.0
4096.0
4096.0
4096.0
4096.0
4096.0
4096.0
4096.0
4096.0
4096.0
4096.0
4096.0
4096.0
4096.0
4096.0
4096.0
4096.0
4096.0
4096.0
4096.0
4096.0
4096.0
4096.0
4096.0
4096.0
4096.0
4096.0
4096.0
4096.0
4096.0
4096.0
4096.0
4096.0
4096.0
4096.0
4096.0
4096.0
4096.0
4096.0
4096.0
4096.0
4096.0
4096.0
4096.0
4096.0
4096.0
4096.0
4096.0
4096.0
4096.0
4096.0
4096.0
4096.0
4096.0
4096.0
4096.0
4096.0
4096.0
4096.0
4096.0
4096.0
4096.0
4096.0
4096.0
4096.0
4096.0
4096.0
4096.0
4096.0
4096.0
4096.0
4096.0
4096.0
4096.0
4096.0
4096.0
4096.0
4096.0
4096.0
4096.0
4096.0
4096.0
4096.0
4096.0
4096.0
4096.0
4096.0
4096.0
4096.0
4096.0
4096.0
4096.0
4096.0
4096.0
4096.0
4096.0
4096.0
4096.0
4096.0
4096.0
4096.0
4096.0
4096.0
4096.0
4096.0
4096.0
4096.0
4096.0
4096.0
4096.0
4096.0
4096.0
4096.0
4096.0
4096.0
4096.0
4096.0
4096.0
4096.0
4096.0
4096.0
4096.0
4096.0
4096.0
4096.0
4096.0
4096.0
4096.0
4096.0
4096.0
4096.0
4096.0
4096.0
4096.0
4096.0
4096.0
4096.0
4096.0
4096.0
4096.0
4096.0
4096.0
4096.0
4096.0
4096.0
4096.0
4096.0
4096.0
4096.0
4096.0
4096.0
4096.0
4096.0
4096.0
4096.0
4096.0
4096.0
4096.0
4096.0
4096.0
4096.0
4096.0
4096.0
4096.0
4096.0
4096.0
4096.0
4096.0
4096.0
4096.0
4096.0
4096.0
4096.0
4096.0
4096.0
4096.0
4096.0
4096.0
4096.0
4096.0
4096.0
4096.0
4096.0
4096.0
4096.0
4096.0
4096.0
4096.0
4096.0
4096.0
4096.0
4096.0
4096.0
4096.0
4096.0
4096.0
4096.0
4096.0
4096.0
4096.0
4096.0
4096.0
4096.0
4096.0
4096.0
4096.0
4096.0
4096.0
4096.0
4096.0
4096.0
4096.0
4096.0
4096.0
4096.0
4096.0
4096.0
4096.0
4096.0
4096.0
4096.0
4096.0
4096.0
4096.0
4096.0
4096.0
4096.0
4096.0
4096.0
4096.0
4096.0
4096.0
4096.0
4096.0
4096.0
4096.0
4096.0
4096.0
4096.0
4096.0
4096.0
4096.0
4096.0
4096.0
4096.0
4096.0
4096.0
4096.0
4096.0
4096.0
4096.0
4096.0
4096.0
4096.0
4096.0
4096.0
4096.0
4096.0
4096.0
4096.0
4096.0
4096.0
4096.0
4096.0
4096.0
4096.0
4096.0
4096.0
4096.0
4096.0
4096.0
4096.0
4096.0
4096.0
4096.0
4096.0
4096.0
4096.0
4096.0
4096.0
4096.0
4096.0
4096.0
4096.0
4096.0
4096.0
4096.0
4096.0
4096.0
4096.0
4096.0
4096.0
4096.0
4096.0
4096.0
4096.0
4096.0
4096.0
4096.0
4096.0
4096.0
4096.0
4096.0
4096.0
4096.0
4096.0
4096.0
4096.0
4096.0
4096.0
4096.0
4096.0
4096.0
4096.0
4096.0
4096.0
4096.0
4096.0
4096.0
4096.0
4096.0
4096.0
4096.0
4096.0
4096.0
4096.0
4096.0
4096.0
4096.0
4096.0
4096.0
4096.0
4096.0
4096.0
4096.0
4096.0
4096.0
4096.0
4096.0
4096.0
4096.0
4096.0
4096.0
4096.0
4096.0
4096.0
4096.0
4096.0
4096.0
4096.0
4096.0
4096.0
4096.0
4096.0
4096.0
4096.0
4096.0
4096.0
4096.0
4096.0
4096.0
4096.0
4096.0
4096.0
4096.0
4096.0
4096.0
4096.0
4096.0
4096.0
4096.0
4096.0
4096.0
4096.0
4096.0
4096.0
4096.0
4096.0
4096.0
4096.0
4096.0
4096.0
4096.0
4096.0
4096.0
4096.0
4096.0
4096.0
4096.0
4096.0
4096.0
4096.0
4096.0
4096.0
4096.0
4096.0
4096.0
4096.0
4096.0
4096.0
4096.0
4096.0
4096.0
4096.0
4096.0
4096.0
4096.0
4096.0
4096.0
4096.0
4096.0
4096.0
4096.0
4096.0
4096.0
4096.0
4096.0
4096.0
4096.0
4096.0
4096.0
4096.0
4096.0
4096.0
4096.0
4096.0
4096.0
4096.0
4096.0
4096.0
4096.0
4096.0
4096.0
4096.0
4096.0
4096.0
4096.0
4096.0
4096.0
4096.0
4096.0
4096.0
4096.0
4096.0



The list of values average 

1607833.833333334
639724.2622222222
617644.851111111
619284.7288888886
619653.3288888886
619642.782222222
619622.5044444442
619644.4044444441
620308.822222222
620288.5444444442
620310.4444444441
620308.822222222
620288.5444444442
620310.4444444441
620308.822222222
620288.5444444442
620310.4444444441
620308.822222222
620288.5444444442
620310.4444444441
620308.822222222
620288.5444444442
620310.4444444441
620308.822222222
620288.5444444442
620310.4444444441
620308.822222222
620288.5444444442
620310.4444444441
620308.822222222
620288.5444444442
620310.4444444441
620308.822222222
620288.5444444442
620310.4444444441
620308.822222222
620288.5444444442
620310.4444444441
620308.822222222
620288.5444444442
620310.4444444441
620308.822222222
620288.5444444442
620310.4444444441
620308.822222222
620288.5444444442
620310.4444444441
620308.822222222
620288.5444444442
620310.4444444441
620308.822222222
620288.5444444442
620310.4444444441
620308.822222222
620288.5444444442
620310.4444444441
620308.822222222
620288.5444444442
620310.4444444441
620308.822222222
620288.5444444442
620310.4444444441
620308.822222222
620288.5444444442
620310.4444444441
620308.822222222
620288.5444444442
620310.4444444441
620308.822222222
620288.5444444442
620310.4444444441
620308.822222222
620288.5444444442
620310.4444444441
620308.822222222
620288.5444444442
620310.4444444441
620308.822222222
620288.5444444442
620310.4444444441
620308.822222222
620288.5444444442
620310.4444444441
620308.822222222
620288.5444444442
620310.4444444441
620308.822222222
620288.5444444442
620310.4444444441
620308.822222222
620288.5444444442
620310.4444444441
620308.822222222
620288.5444444442
620310.4444444441
620308.822222222
620288.5444444442
620310.4444444441
620308.822222222
620288.5444444442
620310.4444444441
620308.822222222
620288.5444444442
620310.4444444441
620308.822222222
620288.5444444442
620310.4444444441
620308.822222222
620288.5444444442
620310.4444444441
620308.822222222
620288.5444444442
620310.4444444441
620308.822222222
620288.5444444442
620310.4444444441
620308.822222222
620288.5444444442
620310.4444444441
620308.822222222
620288.5444444442
620310.4444444441
620308.822222222
620288.5444444442
620310.4444444441
620308.822222222
620288.5444444442
620310.4444444441
620308.822222222
620288.5444444442
620310.4444444441
620308.822222222
620288.5444444442
620310.4444444441
620308.822222222
620288.5444444442
620310.4444444441
620308.822222222
620288.5444444442
620310.4444444441
620308.822222222
620288.5444444442
620310.4444444441
620308.822222222
620288.5444444442
620310.4444444441
620308.822222222
620288.5444444442
620310.4444444441
620308.822222222
620288.5444444442
620310.4444444441
620308.822222222
620288.5444444442
620310.4444444441
620308.822222222
620288.5444444442
620310.4444444441
620308.822222222
620288.5444444442
620310.4444444441
620308.822222222
620288.5444444442
620310.4444444441
620308.822222222
620288.5444444442
620310.4444444441
620308.822222222
620288.5444444442
620310.4444444441
620308.822222222
620288.5444444442
620310.4444444441
620308.822222222
620288.5444444442
620310.4444444441
620308.822222222
620288.5444444442
620310.4444444441
620308.822222222
620288.5444444442
620310.4444444441
620308.822222222
620288.5444444442
620310.4444444441
620308.822222222
620288.5444444442
620310.4444444441
620308.822222222
620288.5444444442
620310.4444444441
620308.822222222
620288.5444444442
620310.4444444441
620308.822222222
620288.5444444442
620310.4444444441
620308.822222222
620288.5444444442
620310.4444444441
620308.822222222
620288.5444444442
620310.4444444441
620308.822222222
620288.5444444442
620310.4444444441
620308.822222222
620288.5444444442
620310.4444444441
620308.822222222
620288.5444444442
620310.4444444441
620308.822222222
620288.5444444442
620310.4444444441
620308.822222222
620288.5444444442
620310.4444444441
620308.822222222
620288.5444444442
620310.4444444441
620308.822222222
620288.5444444442
620310.4444444441
620308.822222222
620288.5444444442
620310.4444444441
620308.822222222
620288.5444444442
620310.4444444441
620308.822222222
620288.5444444442
620310.4444444441
620308.822222222
620288.5444444442
620310.4444444441
620308.822222222
620288.5444444442
620310.4444444441
620308.822222222
620288.5444444442
620310.4444444441
620308.822222222
620288.5444444442
620310.4444444441
620308.822222222
620288.5444444442
620310.4444444441
620308.822222222
620288.5444444442
620310.4444444441
620308.822222222
620288.5444444442
620310.4444444441
620308.822222222
620288.5444444442
620310.4444444441
620308.822222222
620288.5444444442
620310.4444444441
620308.822222222
620288.5444444442
620310.4444444441
620308.822222222
620288.5444444442
620310.4444444441
620308.822222222
620288.5444444442
620310.4444444441
620308.822222222
620288.5444444442
620310.4444444441
620308.822222222
620288.5444444442
620310.4444444441
620308.822222222
620288.5444444442
620310.4444444441
620308.822222222
620288.5444444442
620310.4444444441
620308.822222222
620288.5444444442
620310.4444444441
620308.822222222
620288.5444444442
620310.4444444441
620308.822222222
620288.5444444442
620310.4444444441
620308.822222222
620288.5444444442
620310.4444444441
620308.822222222
620288.5444444442
620310.4444444441
620308.822222222
620288.5444444442
620310.4444444441
620308.822222222
620288.5444444442
620310.4444444441
620308.822222222
620288.5444444442
620310.4444444441
620308.822222222
620288.5444444442
620310.4444444441
620308.822222222
620288.5444444442
620310.4444444441
620308.822222222
620288.5444444442
620310.4444444441
620308.822222222
620288.5444444442
620310.4444444441
620308.822222222
620288.5444444442
620310.4444444441
620308.822222222
620288.5444444442
620310.4444444441
620308.822222222
620288.5444444442
620310.4444444441
620308.822222222
620288.5444444442
620310.4444444441
620308.822222222
620288.5444444442
620310.4444444441
620308.822222222
620288.5444444442
620310.4444444441
620308.822222222
620288.5444444442
620310.4444444441
620308.822222222
620288.5444444442
620310.4444444441
620308.822222222
620288.5444444442
620310.4444444441
620308.822222222
620288.5444444442
620310.4444444441
620308.822222222
620288.5444444442
620310.4444444441
620308.822222222
620288.5444444442
620310.4444444441
620308.822222222
620288.5444444442
620310.4444444441
620308.822222222
620288.5444444442
620310.4444444441
620308.822222222
620288.5444444442
620310.4444444441
620308.822222222
620288.5444444442
620310.4444444441
620308.822222222
620288.5444444442
620310.4444444441
620308.822222222
620288.5444444442
620310.4444444441
620308.822222222
620288.5444444442
620310.4444444441
620308.822222222
620288.5444444442
620310.4444444441
620308.822222222
620288.5444444442
620310.4444444441
620308.822222222
620288.5444444442
620310.4444444441
620308.822222222
620288.5444444442
620310.4444444441
620308.822222222
620288.5444444442
620310.4444444441
620308.822222222
620288.5444444442
620310.4444444441
620308.822222222
620288.5444444442
620310.4444444441
620308.822222222
620288.5444444442
620310.4444444441
620308.822222222
620288.5444444442
620310.4444444441
620308.822222222
620288.5444444442
620310.4444444441
620308.822222222
620288.5444444442
620310.4444444441
620308.822222222
620288.5444444442
620310.4444444441
620308.822222222
620288.5444444442
620310.4444444441
620308.822222222
620288.5444444442
620310.4444444441
620308.822222222
620288.5444444442
620310.4444444441
620308.822222222
620288.5444444442
620310.4444444441
620308.822222222
620288.5444444442
620310.4444444441
620308.822222222
620288.5444444442
620310.4444444441
620308.822222222
620288.5444444442
620310.4444444441
620308.822222222
620288.5444444442
620310.4444444441
620308.822222222
620288.5444444442
620310.4444444441
620308.822222222
620288.5444444442
620310.4444444441
620308.822222222
620288.5444444442
620310.4444444441
620308.822222222
620288.5444444442
620310.4444444441
620308.822222222
620288.5444444442
620310.4444444441
620308.822222222
620288.5444444442
620310.4444444441
620308.822222222
620288.5444444442
620310.4444444441
620308.822222222
620288.5444444442
620310.4444444441
620308.822222222
620288.5444444442
620310.4444444441
620308.822222222
620288.5444444442
620310.4444444441
620308.822222222
620288.5444444442
620310.4444444441
620308.822222222
620288.5444444442
620310.4444444441
620308.822222222
620288.5444444442
620310.4444444441
620308.822222222
620288.5444444442
620310.4444444441
620308.822222222
620288.5444444442
620310.4444444441
620308.822222222
620288.5444444442
620310.4444444441
620308.822222222
620288.5444444442
620310.4444444441
620308.822222222
620288.5444444442
620310.4444444441
620308.822222222
620288.5444444442
620310.4444444441
620308.822222222
620288.5444444442
620310.4444444441
620308.822222222
620288.5444444442
620310.4444444441
620308.822222222
620288.5444444442
620310.4444444441
620308.822222222
620288.5444444442
620310.4444444441
620308.822222222
620288.5444444442
620310.4444444441
620308.822222222
620288.5444444442
620310.4444444441
620308.822222222
620288.5444444442
620310.4444444441
620308.822222222
620288.5444444442
620310.4444444441
620308.822222222
620288.5444444442
620310.4444444441
620308.822222222
620288.5444444442
620310.4444444441
620308.822222222
620288.5444444442
620310.4444444441
620308.822222222
620288.5444444442
620310.4444444441
620308.822222222
620288.5444444442
620310.4444444441
620308.822222222
620288.5444444442
620310.4444444441
620308.822222222
620288.5444444442
620310.4444444441
620308.822222222
620288.5444444442
620310.4444444441
620308.822222222
620288.5444444442
620310.4444444441
620308.822222222
620288.5444444442
620310.4444444441
620308.822222222
620288.5444444442
620310.4444444441
620308.822222222
620288.5444444442
620310.4444444441
620308.822222222
620288.5444444442
620310.4444444441
620308.822222222
620288.5444444442
620310.4444444441
620308.822222222
620288.5444444442
620310.4444444441
620308.822222222
620288.5444444442
620310.4444444441
620308.822222222
620288.5444444442
620310.4444444441
620308.822222222
620288.5444444442
620310.4444444441
620308.822222222
620288.5444444442
620310.4444444441
620308.822222222
620288.5444444442
620310.4444444441
620308.822222222
620288.5444444442
620310.4444444441
620308.822222222
620288.5444444442
620310.4444444441
620308.822222222
620288.5444444442
620310.4444444441
620308.822222222
620288.5444444442
620310.4444444441
620308.822222222
620288.5444444442
620310.4444444441
620308.822222222
620288.5444444442
620310.4444444441
620308.822222222
620288.5444444442
620310.4444444441
620308.822222222
620288.5444444442
620310.4444444441
620308.822222222
620288.5444444442
620310.4444444441
620308.822222222
620288.5444444442
620310.4444444441
620308.822222222
620288.5444444442
620310.4444444441
620308.822222222
620288.5444444442
620310.4444444441
620308.822222222
620288.5444444442
620310.4444444441
620308.822222222
620288.5444444442
620310.4444444441
620308.822222222
620288.5444444442
620310.4444444441
620308.822222222
620288.5444444442
620310.4444444441
620308.822222222
620288.5444444442
620310.4444444441
620308.822222222
620288.5444444442
620310.4444444441
620308.822222222
620288.5444444442
620310.4444444441
620308.822222222
620288.5444444442
620310.4444444441
620308.822222222
620288.5444444442
620310.4444444441
620308.822222222
620288.5444444442
620310.4444444441
620308.822222222
620288.5444444442
620310.4444444441
620308.822222222
620288.5444444442
620310.4444444441
620308.822222222
620288.5444444442
620310.4444444441
620308.822222222
620288.5444444442
620310.4444444441
620308.822222222
620288.5444444442
620310.4444444441
620308.822222222
620288.5444444442
620310.4444444441
620308.822222222
620288.5444444442
620310.4444444441
620308.822222222
620288.5444444442
620310.4444444441
620308.822222222
620288.5444444442
620310.4444444441
620308.822222222
620288.5444444442
620310.4444444441
620308.822222222
620288.5444444442
620310.4444444441
620308.822222222
620288.5444444442
620310.4444444441
620308.822222222
620288.5444444442
620310.4444444441
620308.822222222
620288.5444444442
620310.4444444441
620308.822222222
620288.5444444442
620310.4444444441
620308.822222222
620288.5444444442
620310.4444444441
620308.822222222
620288.5444444442
620310.4444444441
620308.822222222
620288.5444444442
620310.4444444441
620308.822222222
620288.5444444442
620310.4444444441
620308.822222222
620288.5444444442
620310.4444444441
620308.822222222
620288.5444444442
620310.4444444441
620308.822222222
620288.5444444442
620310.4444444441
620308.822222222
620288.5444444442
620310.4444444441
620308.822222222
620288.5444444442
620310.4444444441
620308.822222222
620288.5444444442
620310.4444444441
620308.822222222
620288.5444444442
620310.4444444441
620308.822222222
620288.5444444442
620310.4444444441
620308.822222222
620288.5444444442
620310.4444444441
620308.822222222
620288.5444444442
620310.4444444441
620308.822222222
620288.5444444442
620310.4444444441
620308.822222222
620288.5444444442
620310.4444444441
620308.822222222
620288.5444444442
620310.4444444441
620308.822222222
620288.5444444442
620310.4444444441
620308.822222222
620288.5444444442
620310.4444444441
620308.822222222
620288.5444444442
620310.4444444441
620308.822222222
620288.5444444442
620310.4444444441
620308.822222222
620288.5444444442
620310.4444444441
620308.822222222
620288.5444444442
620310.4444444441
620308.822222222
620288.5444444442
620310.4444444441
620308.822222222
620288.5444444442
620310.4444444441
620308.822222222
620288.5444444442
620310.4444444441
620308.822222222
620288.5444444442
620310.4444444441
620308.822222222
620288.5444444442
620310.4444444441
620308.822222222
620288.5444444442
620310.4444444441
620308.822222222
620288.5444444442
620310.4444444441
620308.822222222
620288.5444444442
620310.4444444441
620308.822222222
620288.5444444442
620310.4444444441
620308.822222222
620288.5444444442
620310.4444444441
620308.822222222
620288.5444444442
620310.4444444441
620308.822222222
620288.5444444442
620310.4444444441
620308.822222222
620288.5444444442
620310.4444444441
620308.822222222
620288.5444444442
620310.4444444441
620308.822222222
620288.5444444442
620310.4444444441
620308.822222222
620288.5444444442
620310.4444444441
620308.822222222
620288.5444444442
620310.4444444441
620308.822222222
620288.5444444442
620310.4444444441
620308.822222222
620288.5444444442
620310.4444444441
620308.822222222
620288.5444444442
620310.4444444441
620308.822222222
620288.5444444442
620310.4444444441
620308.822222222
620288.5444444442
620310.4444444441
620308.822222222
620288.5444444442
620310.4444444441
620308.822222222
620288.5444444442
620310.4444444441
620308.822222222
620288.5444444442
620310.4444444441
620308.822222222
620288.5444444442
620310.4444444441
620308.822222222
620288.5444444442
620310.4444444441
620308.822222222
620288.5444444442
620310.4444444441
620308.822222222
620288.5444444442
620310.4444444441
620308.822222222
620288.5444444442
620310.4444444441
620308.822222222
620288.5444444442
620310.4444444441
620308.822222222
620288.5444444442
620310.4444444441
620308.822222222
620288.5444444442
620310.4444444441
620308.822222222
620288.5444444442
620310.4444444441
620308.822222222
620288.5444444442
620310.4444444441
620308.822222222
620288.5444444442
620310.4444444441
620308.822222222
620288.5444444442
620310.4444444441
620308.822222222
620288.5444444442
620310.4444444441
620308.822222222
620288.5444444442
620310.4444444441
620308.822222222
620288.5444444442
620310.4444444441
620308.822222222
620288.5444444442
620310.4444444441
620308.822222222
620288.5444444442



The list of best values average 

8955.6400000000014503.28000000000255976.446591.9199999999996591.9199999999996591.9199999999996591.9199999999996591.9199999999996591.9199999999996591.9199999999996591.9199999999996591.9199999999996591.9199999999996591.9199999999996591.9199999999996591.9199999999996591.9199999999996591.9199999999996591.9199999999996591.9199999999996591.9199999999996591.9199999999996591.9199999999996591.9199999999996591.9199999999996591.9199999999996591.9199999999996591.9199999999996591.9199999999996591.9199999999996591.9199999999996591.9199999999996591.9199999999996591.9199999999996591.9199999999996591.9199999999996591.9199999999996591.9199999999996591.9199999999996591.9199999999996591.9199999999996591.9199999999996591.9199999999996591.9199999999996591.9199999999996591.9199999999996591.9199999999996591.9199999999996591.9199999999996591.9199999999996591.9199999999996591.9199999999996591.9199999999996591.9199999999996591.9199999999996591.9199999999996591.9199999999996591.9199999999996591.9199999999996591.9199999999996591.9199999999996591.9199999999996591.9199999999996591.9199999999996591.9199999999996591.9199999999996591.9199999999996591.9199999999996591.9199999999996591.9199999999996591.9199999999996591.9199999999996591.9199999999996591.9199999999996591.9199999999996591.9199999999996591.9199999999996591.9199999999996591.9199999999996591.9199999999996591.9199999999996591.9199999999996591.9199999999996591.9199999999996591.9199999999996591.9199999999996591.9199999999996591.9199999999996591.9199999999996591.9199999999996591.9199999999996591.9199999999996591.9199999999996591.9199999999996591.9199999999996591.9199999999996591.9199999999996591.9199999999996591.9199999999996591.9199999999996591.9199999999996591.9199999999996591.9199999999996591.9199999999996591.9199999999996591.9199999999996591.9199999999996591.9199999999996591.9199999999996591.9199999999996591.9199999999996591.9199999999996591.9199999999996591.9199999999996591.9199999999996591.9199999999996591.9199999999996591.9199999999996591.9199999999996591.9199999999996591.9199999999996591.9199999999996591.9199999999996591.9199999999996591.9199999999996591.9199999999996591.9199999999996591.9199999999996591.9199999999996591.9199999999996591.9199999999996591.9199999999996591.9199999999996591.9199999999996591.9199999999996591.9199999999996591.9199999999996591.9199999999996591.9199999999996591.9199999999996591.9199999999996591.9199999999996591.9199999999996591.9199999999996591.9199999999996591.9199999999996591.9199999999996591.9199999999996591.9199999999996591.9199999999996591.9199999999996591.9199999999996591.9199999999996591.9199999999996591.9199999999996591.9199999999996591.9199999999996591.9199999999996591.9199999999996591.9199999999996591.9199999999996591.9199999999996591.9199999999996591.9199999999996591.9199999999996591.9199999999996591.9199999999996591.9199999999996591.9199999999996591.9199999999996591.9199999999996591.9199999999996591.9199999999996591.9199999999996591.9199999999996591.9199999999996591.9199999999996591.9199999999996591.9199999999996591.9199999999996591.9199999999996591.9199999999996591.9199999999996591.9199999999996591.9199999999996591.9199999999996591.9199999999996591.9199999999996591.9199999999996591.9199999999996591.9199999999996591.9199999999996591.9199999999996591.9199999999996591.9199999999996591.9199999999996591.9199999999996591.9199999999996591.9199999999996591.9199999999996591.9199999999996591.9199999999996591.9199999999996591.9199999999996591.9199999999996591.9199999999996591.9199999999996591.9199999999996591.9199999999996591.9199999999996591.9199999999996591.9199999999996591.9199999999996591.9199999999996591.9199999999996591.9199999999996591.9199999999996591.9199999999996591.9199999999996591.9199999999996591.9199999999996591.9199999999996591.9199999999996591.9199999999996591.9199999999996591.9199999999996591.9199999999996591.9199999999996591.9199999999996591.9199999999996591.9199999999996591.9199999999996591.9199999999996591.9199999999996591.9199999999996591.9199999999996591.9199999999996591.9199999999996591.9199999999996591.9199999999996591.9199999999996591.9199999999996591.9199999999996591.9199999999996591.9199999999996591.9199999999996591.9199999999996591.9199999999996591.9199999999996591.9199999999996591.9199999999996591.9199999999996591.9199999999996591.9199999999996591.9199999999996591.9199999999996591.9199999999996591.9199999999996591.9199999999996591.9199999999996591.9199999999996591.9199999999996591.9199999999996591.9199999999996591.9199999999996591.9199999999996591.9199999999996591.9199999999996591.9199999999996591.9199999999996591.9199999999996591.9199999999996591.9199999999996591.9199999999996591.9199999999996591.9199999999996591.9199999999996591.9199999999996591.9199999999996591.9199999999996591.9199999999996591.9199999999996591.9199999999996591.9199999999996591.9199999999996591.9199999999996591.9199999999996591.9199999999996591.9199999999996591.9199999999996591.9199999999996591.9199999999996591.9199999999996591.9199999999996591.9199999999996591.9199999999996591.9199999999996591.9199999999996591.9199999999996591.9199999999996591.9199999999996591.9199999999996591.9199999999996591.9199999999996591.9199999999996591.9199999999996591.9199999999996591.9199999999996591.9199999999996591.9199999999996591.9199999999996591.9199999999996591.9199999999996591.9199999999996591.9199999999996591.9199999999996591.9199999999996591.9199999999996591.9199999999996591.9199999999996591.9199999999996591.9199999999996591.9199999999996591.9199999999996591.9199999999996591.9199999999996591.9199999999996591.9199999999996591.9199999999996591.9199999999996591.9199999999996591.9199999999996591.9199999999996591.9199999999996591.9199999999996591.9199999999996591.9199999999996591.9199999999996591.9199999999996591.9199999999996591.9199999999996591.9199999999996591.9199999999996591.9199999999996591.9199999999996591.9199999999996591.9199999999996591.9199999999996591.9199999999996591.9199999999996591.9199999999996591.9199999999996591.9199999999996591.9199999999996591.9199999999996591.9199999999996591.9199999999996591.9199999999996591.9199999999996591.9199999999996591.9199999999996591.9199999999996591.9199999999996591.9199999999996591.9199999999996591.9199999999996591.9199999999996591.9199999999996591.9199999999996591.9199999999996591.9199999999996591.9199999999996591.9199999999996591.9199999999996591.9199999999996591.9199999999996591.9199999999996591.9199999999996591.9199999999996591.9199999999996591.9199999999996591.9199999999996591.9199999999996591.9199999999996591.9199999999996591.9199999999996591.9199999999996591.9199999999996591.9199999999996591.9199999999996591.9199999999996591.9199999999996591.9199999999996591.9199999999996591.9199999999996591.9199999999996591.9199999999996591.9199999999996591.9199999999996591.9199999999996591.9199999999996591.9199999999996591.9199999999996591.9199999999996591.9199999999996591.9199999999996591.9199999999996591.9199999999996591.9199999999996591.9199999999996591.9199999999996591.9199999999996591.9199999999996591.9199999999996591.9199999999996591.9199999999996591.9199999999996591.9199999999996591.9199999999996591.9199999999996591.9199999999996591.9199999999996591.9199999999996591.9199999999996591.9199999999996591.9199999999996591.9199999999996591.9199999999996591.9199999999996591.9199999999996591.9199999999996591.9199999999996591.9199999999996591.9199999999996591.9199999999996591.9199999999996591.9199999999996591.9199999999996591.9199999999996591.9199999999996591.9199999999996591.9199999999996591.9199999999996591.9199999999996591.9199999999996591.9199999999996591.9199999999996591.9199999999996591.9199999999996591.9199999999996591.9199999999996591.9199999999996591.9199999999996591.9199999999996591.9199999999996591.9199999999996591.9199999999996591.9199999999996591.9199999999996591.9199999999996591.9199999999996591.9199999999996591.9199999999996591.9199999999996591.9199999999996591.9199999999996591.9199999999996591.9199999999996591.9199999999996591.9199999999996591.9199999999996591.9199999999996591.9199999999996591.9199999999996591.9199999999996591.9199999999996591.9199999999996591.9199999999996591.9199999999996591.9199999999996591.9199999999996591.9199999999996591.9199999999996591.9199999999996591.9199999999996591.9199999999996591.9199999999996591.9199999999996591.9199999999996591.9199999999996591.9199999999996591.9199999999996591.9199999999996591.9199999999996591.9199999999996591.9199999999996591.9199999999996591.9199999999996591.9199999999996591.9199999999996591.9199999999996591.9199999999996591.9199999999996591.9199999999996591.9199999999996591.9199999999996591.9199999999996591.9199999999996591.9199999999996591.9199999999996591.9199999999996591.9199999999996591.9199999999996591.9199999999996591.9199999999996591.9199999999996591.9199999999996591.9199999999996591.9199999999996591.9199999999996591.9199999999996591.9199999999996591.9199999999996591.9199999999996591.9199999999996591.9199999999996591.9199999999996591.9199999999996591.9199999999996591.9199999999996591.9199999999996591.9199999999996591.9199999999996591.9199999999996591.9199999999996591.9199999999996591.9199999999996591.9199999999996591.9199999999996591.9199999999996591.9199999999996591.9199999999996591.9199999999996591.9199999999996591.9199999999996591.9199999999996591.9199999999996591.9199999999996591.9199999999996591.9199999999996591.9199999999996591.9199999999996591.9199999999996591.9199999999996591.9199999999996591.9199999999996591.9199999999996591.9199999999996591.9199999999996591.9199999999996591.9199999999996591.9199999999996591.9199999999996591.9199999999996591.9199999999996591.9199999999996591.9199999999996591.9199999999996591.9199999999996591.9199999999996591.9199999999996591.9199999999996591.9199999999996591.9199999999996591.9199999999996591.9199999999996591.9199999999996591.9199999999996591.9199999999996591.9199999999996591.9199999999996591.9199999999996591.9199999999996591.9199999999996591.9199999999996591.9199999999996591.9199999999996591.9199999999996591.9199999999996591.9199999999996591.9199999999996591.9199999999996591.9199999999996591.9199999999996591.9199999999996591.9199999999996591.9199999999996591.9199999999996591.9199999999996591.9199999999996591.9199999999996591.9199999999996591.9199999999996591.9199999999996591.9199999999996591.9199999999996591.9199999999996591.9199999999996591.9199999999996591.9199999999996591.9199999999996591.9199999999996591.9199999999996591.9199999999996591.9199999999996591.9199999999996591.9199999999996591.9199999999996591.9199999999996591.9199999999996591.9199999999996591.9199999999996591.9199999999996591.9199999999996591.9199999999996591.9199999999996591.9199999999996591.9199999999996591.9199999999996591.9199999999996591.9199999999996591.9199999999996591.9199999999996591.9199999999996591.9199999999996591.9199999999996591.9199999999996591.9199999999996591.9199999999996591.9199999999996591.9199999999996591.9199999999996591.9199999999996591.9199999999996591.9199999999996591.9199999999996591.9199999999996591.9199999999996591.9199999999996591.9199999999996591.9199999999996591.9199999999996591.9199999999996591.9199999999996591.9199999999996591.9199999999996591.9199999999996591.9199999999996591.9199999999996591.9199999999996591.9199999999996591.9199999999996591.9199999999996591.9199999999996591.9199999999996591.9199999999996591.9199999999996591.9199999999996591.9199999999996591.9199999999996591.9199999999996591.9199999999996591.9199999999996591.9199999999996591.9199999999996591.9199999999996591.9199999999996591.9199999999996591.9199999999996591.9199999999996591.9199999999996591.9199999999996591.9199999999996591.9199999999996591.9199999999996591.9199999999996591.9199999999996591.9199999999996591.9199999999996591.9199999999996591.9199999999996591.9199999999996591.9199999999996591.9199999999996591.9199999999996591.9199999999996591.9199999999996591.9199999999996591.9199999999996591.9199999999996591.9199999999996591.9199999999996591.9199999999996591.9199999999996591.9199999999996591.9199999999996591.9199999999996591.9199999999996591.9199999999996591.9199999999996591.9199999999996591.9199999999996591.9199999999996591.9199999999996591.9199999999996591.9199999999996591.9199999999996591.9199999999996591.9199999999996591.9199999999996591.9199999999996591.9199999999996591.9199999999996591.9199999999996591.9199999999996591.9199999999996591.9199999999996591.9199999999996591.9199999999996591.9199999999996591.9199999999996591.9199999999996591.9199999999996591.9199999999996591.9199999999996591.9199999999996591.9199999999996591.9199999999996591.9199999999996591.9199999999996591.9199999999996591.9199999999996591.9199999999996591.9199999999996591.9199999999996591.9199999999996591.9199999999996591.9199999999996591.9199999999996591.9199999999996591.9199999999996591.9199999999996591.9199999999996591.9199999999996591.9199999999996591.9199999999996591.9199999999996591.9199999999996591.9199999999996591.9199999999996591.9199999999996591.9199999999996591.9199999999996591.9199999999996591.9199999999996591.9199999999996591.9199999999996591.9199999999996591.9199999999996591.9199999999996591.9199999999996591.9199999999996591.9199999999996591.9199999999996591.9199999999996591.9199999999996591.9199999999996591.9199999999996591.9199999999996591.9199999999996591.9199999999996591.9199999999996591.9199999999996591.9199999999996591.9199999999996591.9199999999996591.9199999999996591.9199999999996591.9199999999996591.9199999999996591.9199999999996591.9199999999996591.9199999999996591.9199999999996591.9199999999996591.9199999999996591.9199999999996591.9199999999996591.9199999999996591.9199999999996591.9199999999996591.9199999999996591.9199999999996591.9199999999996591.9199999999996591.9199999999996591.9199999999996591.9199999999996591.9199999999996591.9199999999996591.9199999999996591.9199999999996591.9199999999996591.9199999999996591.9199999999996591.9199999999996591.9199999999996591.9199999999996591.9199999999996591.9199999999996591.9199999999996591.9199999999996591.9199999999996591.9199999999996591.9199999999996591.9199999999996591.9199999999996591.9199999999996591.9199999999996591.9199999999996591.9199999999996591.9199999999996591.9199999999996591.9199999999996591.9199999999996591.9199999999996591.9199999999996591.9199999999996591.9199999999996591.9199999999996591.9199999999996591.9199999999996591.9199999999996591.9199999999996591.9199999999996591.9199999999996591.9199999999996591.9199999999996591.9199999999996591.9199999999996591.9199999999996591.9199999999996591.9199999999996591.9199999999996591.9199999999996591.9199999999996591.9199999999996591.9199999999996591.9199999999996591.9199999999996591.9199999999996591.9199999999996591.9199999999996591.9199999999996591.9199999999996591.9199999999996591.9199999999996591.9199999999996591.9199999999996591.9199999999996591.9199999999996591.9199999999996591.9199999999996591.9199999999996591.9199999999996591.9199999999996591.9199999999996591.9199999999996591.9199999999996591.919999999999