----------Report of simulation of Path Integral Quantum Monte Carlo-----------
The number of considered Spin 180
The considered Annealing Duration 720
The considered Annealing Number 100
The considered T 1.0
The considered Gamma0 1.0
The considered Number Of Replica 18
The solution found [-1 -1 -1 -1 -1 -1 -1 -1 -1 -1 -1 -1 -1 -1 -1 -1  1 -1 -1 -1 -1 -1 -1 -1
 -1 -1 -1 -1 -1 -1  1 -1 -1 -1  1  1  1  1  1 -1 -1  1  1  1  1 -1  1  1
  1  1 -1  1  1 -1  1 -1  1  1 -1  1 -1  1 -1 -1  1  1  1 -1  1  1 -1 -1
 -1  1 -1  1  1  1 -1  1 -1 -1 -1  1  1  1 -1  1 -1 -1 -1 -1  1 -1  1 -1
 -1  1  1 -1 -1 -1  1 -1 -1 -1  1 -1  1 -1 -1 -1  1  1  1  1  1  1 -1 -1
 -1 -1  1 -1  1  1  1  1 -1  1  1  1  1  1  1 -1  1  1 -1  1  1  1  1  1
 -1  1  1  1  1  1 -1 -1  1 -1 -1  1  1  1 -1  1  1  1  1  1  1  1 -1 -1
  1 -1  1  1 -1  1  1  1  1  1 -1  1]
The value found 0.0
The Success probability is 0.05
The average value is 1336.96
The total execution time is 14811.556594133377
The average time for execution is 148.11556468725203
The average time for system update is 0.20563327056831784
The average time for replica update is 0.011423756265345916
The average time for spin update is 6.321818928537054e-05
The list of values found 

1764.0
324.0
4356.0
100.0
1296.0
4096.0
3136.0
100.0
400.0
11236.0
100.0
1764.0
16.0
0.0
7396.0
0.0
324.0
36.0
16.0
5476.0
784.0
0.0
1296.0
100.0
2116.0
0.0
1296.0
196.0
676.0
1764.0
1024.0
36.0
900.0
3136.0
2304.0
4.0
1444.0
324.0
1764.0
2916.0
16.0
16.0
324.0
484.0
324.0
784.0
36.0
576.0
196.0
3600.0
4.0
576.0
256.0
324.0
324.0
256.0
0.0
676.0
36.0
64.0
100.0
4.0
4900.0
196.0
484.0
4.0
3364.0
324.0
576.0
3136.0
1600.0
36.0
8100.0
2304.0
4.0
1024.0
2916.0
16.0
2116.0
2500.0
64.0
1024.0
9604.0
1296.0
2304.0
1156.0
16.0
4624.0
2116.0
36.0
324.0
784.0
64.0
256.0
784.0
676.0
100.0
900.0
400.0
576.0



The list of values first execution 

3598599.5555555555
856672.2222222222
844822.0
844822.0
844822.0
844822.0
844822.0
844822.0
844822.0
844822.0
844822.0
844822.0
844822.0
844822.0
844822.0
844822.0
844822.0
844822.0
844822.0
844822.0
844822.0
844822.0
844822.0
844822.0
844822.0
844822.0
844822.0
844822.0
844822.0
844822.0
844822.0
844822.0
844822.0
844822.0
844822.0
844822.0
844822.0
844822.0
844822.0
844822.0
844822.0
844822.0
844822.0
844822.0
844822.0
844822.0
844822.0
844822.0
844822.0
844822.0
844822.0
844822.0
844822.0
844822.0
844822.0
844822.0
844822.0
844822.0
844822.0
844822.0
844822.0
844822.0
844822.0
844822.0
844822.0
844822.0
844822.0
844822.0
844822.0
844822.0
844822.0
844822.0
844822.0
844822.0
844822.0
844822.0
844822.0
844822.0
844822.0
844822.0
844822.0
844822.0
844822.0
844822.0
844822.0
844822.0
844822.0
844822.0
844822.0
844822.0
844822.0
844822.0
844822.0
844822.0
844822.0
844822.0
844822.0
844822.0
844822.0
844822.0
844822.0
844822.0
844822.0
844822.0
844822.0
844822.0
844822.0
844822.0
844822.0
844822.0
844822.0
844822.0
844822.0
844822.0
844822.0
844822.0
844822.0
844822.0
844822.0
844822.0
844822.0
844822.0
844822.0
844822.0
844822.0
844822.0
844822.0
844822.0
844822.0
844822.0
844822.0
844822.0
844822.0
844822.0
844822.0
844822.0
844822.0
844822.0
844822.0
844822.0
844822.0
844822.0
844822.0
844822.0
844822.0
844822.0
844822.0
844822.0
844822.0
844822.0
844822.0
844822.0
844822.0
844822.0
844822.0
844822.0
844822.0
844822.0
844822.0
844822.0
844822.0
844822.0
844822.0
844822.0
844822.0
844822.0
844822.0
844822.0
844822.0
844822.0
844822.0
844822.0
844822.0
844822.0
844822.0
844822.0
844822.0
844822.0
844822.0
844822.0
844822.0
844822.0
844822.0
844822.0
844822.0
844822.0
844822.0
844822.0
844822.0
844822.0
844822.0
844822.0
844822.0
844822.0
844822.0
844822.0
844822.0
844822.0
844822.0
844822.0
844822.0
844822.0
844822.0
844822.0
844822.0
844822.0
844822.0
844822.0
844822.0
844822.0
844822.0
844822.0
844822.0
844822.0
844822.0
844822.0
844822.0
844822.0
844822.0
844822.0
844822.0
844822.0
844822.0
844822.0
844822.0
844822.0
844822.0
844822.0
844822.0
844822.0
844822.0
844822.0
844822.0
844822.0
844822.0
844822.0
844822.0
844822.0
844822.0
844822.0
844822.0
844822.0
844822.0
844822.0
844822.0
844822.0
844822.0
844822.0
844822.0
844822.0
844822.0
844822.0
844822.0
844822.0
844822.0
844822.0
844822.0
844822.0
844822.0
844822.0
844822.0
844822.0
844822.0
844822.0
844822.0
844822.0
844822.0
844822.0
844822.0
844822.0
844822.0
844822.0
844822.0
844822.0
844822.0
844822.0
844822.0
844822.0
844822.0
844822.0
844822.0
844822.0
844822.0
844822.0
844822.0
844822.0
844822.0
844822.0
844822.0
844822.0
844822.0
844822.0
844822.0
844822.0
844822.0
844822.0
844822.0
844822.0
844822.0
844822.0
844822.0
844822.0
844822.0
844822.0
844822.0
844822.0
844822.0
844822.0
844822.0
844822.0
844822.0
844822.0
844822.0
844822.0
844822.0
844822.0
844822.0
844822.0
844822.0
844822.0
844822.0
844822.0
844822.0
844822.0
844822.0
844822.0
844822.0
844822.0
844822.0
844822.0
844822.0
844822.0
844822.0
844822.0
844822.0
844822.0
844822.0
844822.0
844822.0
844822.0
844822.0
844822.0
844822.0
844822.0
844822.0
844822.0
844822.0
844822.0
844822.0
844822.0
844822.0
844822.0
844822.0
844822.0
844822.0
844822.0
844822.0
844822.0
844822.0
844822.0
844822.0
844822.0
844822.0
844822.0
844822.0
844822.0
844822.0
844822.0
844822.0
844822.0
844822.0
844822.0
844822.0
844822.0
844822.0
844822.0
844822.0
844822.0
844822.0
844822.0
844822.0
844822.0
844822.0
844822.0
844822.0
844822.0
844822.0
844822.0
844822.0
844822.0
844822.0
844822.0
844822.0
844822.0
844822.0
844822.0
844822.0
844822.0
844822.0
844822.0
844822.0
844822.0
844822.0
844822.0
844822.0
844822.0
844822.0
844822.0
844822.0
844822.0
844822.0
844822.0
844822.0
844822.0
844822.0
844822.0
844822.0
844822.0
844822.0
844822.0
844822.0
844822.0
844822.0
844822.0
844822.0
844822.0
844822.0
844822.0
844822.0
844822.0
844822.0
844822.0
844822.0
844822.0
844822.0
844822.0
844822.0
844822.0
844822.0
844822.0
844822.0
844822.0
844822.0
844822.0
844822.0
844822.0
844822.0
844822.0
844822.0
844822.0
844822.0
844822.0
844822.0
844822.0
844822.0
844822.0
844822.0
844822.0
844822.0
844822.0
844822.0
844822.0
844822.0
844822.0
844822.0
844822.0
844822.0
844822.0
844822.0
844822.0
844822.0
844822.0
844822.0
844822.0
844822.0
844822.0
844822.0
844822.0
844822.0
844822.0
844822.0
844822.0
844822.0
844822.0
844822.0
844822.0
844822.0
844822.0
844822.0
844822.0
844822.0
844822.0
844822.0
844822.0
844822.0
844822.0
844822.0
844822.0
844822.0
844822.0
844822.0
844822.0
844822.0
844822.0
844822.0
844822.0
844822.0
844822.0
844822.0
844822.0
844822.0
844822.0
844822.0
844822.0
844822.0
844822.0
844822.0
844822.0
844822.0
844822.0
844822.0
844822.0
844822.0
844822.0
844822.0
844822.0
844822.0
844822.0
844822.0
844822.0
844822.0
844822.0
844822.0
844822.0
844822.0
844822.0
844822.0
844822.0
844822.0
844822.0
844822.0
844822.0
844822.0
844822.0
844822.0
844822.0
844822.0
844822.0
844822.0
844822.0
844822.0
844822.0
844822.0
844822.0
844822.0
844822.0
844822.0
844822.0
844822.0
844822.0
844822.0
844822.0
844822.0
844822.0
844822.0
844822.0
844822.0
844822.0
844822.0
844822.0
844822.0
844822.0
844822.0
844822.0
844822.0
844822.0
844822.0
844822.0
844822.0
844822.0
844822.0
844822.0
844822.0
844822.0
844822.0
844822.0
844822.0
844822.0
844822.0
844822.0
844822.0
844822.0
844822.0
844822.0
844822.0
844822.0
844822.0
844822.0
844822.0
844822.0
844822.0
844822.0
844822.0
844822.0
844822.0
844822.0
844822.0
844822.0
844822.0
844822.0
844822.0
844822.0
844822.0
844822.0
844822.0
844822.0
844822.0
844822.0
844822.0
844822.0
844822.0
844822.0
844822.0
844822.0
844822.0
844822.0
844822.0
844822.0
844822.0
844822.0
844822.0
844822.0
844822.0
844822.0
844822.0
844822.0
844822.0
844822.0
844822.0
844822.0
844822.0
844822.0
844822.0
844822.0
844822.0
844822.0
844822.0
844822.0
844822.0
844822.0
844822.0
844822.0
844822.0
844822.0
844822.0
844822.0
844822.0
844822.0
844822.0
844822.0
844822.0
844822.0
844822.0
844822.0
844822.0
844822.0
844822.0
844822.0
844822.0
844822.0
844822.0
844822.0
844822.0
844822.0
844822.0
844822.0
844822.0
844822.0
844822.0
844822.0
844822.0
844822.0
844822.0
844822.0
844822.0
844822.0
844822.0
844822.0
844822.0
844822.0
844822.0
844822.0
844822.0
844822.0
844822.0
844822.0
844822.0
844822.0
844822.0
844822.0
844822.0
844822.0
844822.0
844822.0
844822.0
844822.0
844822.0
844822.0
844822.0
844822.0
844822.0
844822.0
844822.0
844822.0
844822.0
844822.0
844822.0
844822.0
844822.0
844822.0



The list of best values first execution 

23104.0
1764.0
1764.0
1764.0
1764.0
1764.0
1764.0
1764.0
1764.0
1764.0
1764.0
1764.0
1764.0
1764.0
1764.0
1764.0
1764.0
1764.0
1764.0
1764.0
1764.0
1764.0
1764.0
1764.0
1764.0
1764.0
1764.0
1764.0
1764.0
1764.0
1764.0
1764.0
1764.0
1764.0
1764.0
1764.0
1764.0
1764.0
1764.0
1764.0
1764.0
1764.0
1764.0
1764.0
1764.0
1764.0
1764.0
1764.0
1764.0
1764.0
1764.0
1764.0
1764.0
1764.0
1764.0
1764.0
1764.0
1764.0
1764.0
1764.0
1764.0
1764.0
1764.0
1764.0
1764.0
1764.0
1764.0
1764.0
1764.0
1764.0
1764.0
1764.0
1764.0
1764.0
1764.0
1764.0
1764.0
1764.0
1764.0
1764.0
1764.0
1764.0
1764.0
1764.0
1764.0
1764.0
1764.0
1764.0
1764.0
1764.0
1764.0
1764.0
1764.0
1764.0
1764.0
1764.0
1764.0
1764.0
1764.0
1764.0
1764.0
1764.0
1764.0
1764.0
1764.0
1764.0
1764.0
1764.0
1764.0
1764.0
1764.0
1764.0
1764.0
1764.0
1764.0
1764.0
1764.0
1764.0
1764.0
1764.0
1764.0
1764.0
1764.0
1764.0
1764.0
1764.0
1764.0
1764.0
1764.0
1764.0
1764.0
1764.0
1764.0
1764.0
1764.0
1764.0
1764.0
1764.0
1764.0
1764.0
1764.0
1764.0
1764.0
1764.0
1764.0
1764.0
1764.0
1764.0
1764.0
1764.0
1764.0
1764.0
1764.0
1764.0
1764.0
1764.0
1764.0
1764.0
1764.0
1764.0
1764.0
1764.0
1764.0
1764.0
1764.0
1764.0
1764.0
1764.0
1764.0
1764.0
1764.0
1764.0
1764.0
1764.0
1764.0
1764.0
1764.0
1764.0
1764.0
1764.0
1764.0
1764.0
1764.0
1764.0
1764.0
1764.0
1764.0
1764.0
1764.0
1764.0
1764.0
1764.0
1764.0
1764.0
1764.0
1764.0
1764.0
1764.0
1764.0
1764.0
1764.0
1764.0
1764.0
1764.0
1764.0
1764.0
1764.0
1764.0
1764.0
1764.0
1764.0
1764.0
1764.0
1764.0
1764.0
1764.0
1764.0
1764.0
1764.0
1764.0
1764.0
1764.0
1764.0
1764.0
1764.0
1764.0
1764.0
1764.0
1764.0
1764.0
1764.0
1764.0
1764.0
1764.0
1764.0
1764.0
1764.0
1764.0
1764.0
1764.0
1764.0
1764.0
1764.0
1764.0
1764.0
1764.0
1764.0
1764.0
1764.0
1764.0
1764.0
1764.0
1764.0
1764.0
1764.0
1764.0
1764.0
1764.0
1764.0
1764.0
1764.0
1764.0
1764.0
1764.0
1764.0
1764.0
1764.0
1764.0
1764.0
1764.0
1764.0
1764.0
1764.0
1764.0
1764.0
1764.0
1764.0
1764.0
1764.0
1764.0
1764.0
1764.0
1764.0
1764.0
1764.0
1764.0
1764.0
1764.0
1764.0
1764.0
1764.0
1764.0
1764.0
1764.0
1764.0
1764.0
1764.0
1764.0
1764.0
1764.0
1764.0
1764.0
1764.0
1764.0
1764.0
1764.0
1764.0
1764.0
1764.0
1764.0
1764.0
1764.0
1764.0
1764.0
1764.0
1764.0
1764.0
1764.0
1764.0
1764.0
1764.0
1764.0
1764.0
1764.0
1764.0
1764.0
1764.0
1764.0
1764.0
1764.0
1764.0
1764.0
1764.0
1764.0
1764.0
1764.0
1764.0
1764.0
1764.0
1764.0
1764.0
1764.0
1764.0
1764.0
1764.0
1764.0
1764.0
1764.0
1764.0
1764.0
1764.0
1764.0
1764.0
1764.0
1764.0
1764.0
1764.0
1764.0
1764.0
1764.0
1764.0
1764.0
1764.0
1764.0
1764.0
1764.0
1764.0
1764.0
1764.0
1764.0
1764.0
1764.0
1764.0
1764.0
1764.0
1764.0
1764.0
1764.0
1764.0
1764.0
1764.0
1764.0
1764.0
1764.0
1764.0
1764.0
1764.0
1764.0
1764.0
1764.0
1764.0
1764.0
1764.0
1764.0
1764.0
1764.0
1764.0
1764.0
1764.0
1764.0
1764.0
1764.0
1764.0
1764.0
1764.0
1764.0
1764.0
1764.0
1764.0
1764.0
1764.0
1764.0
1764.0
1764.0
1764.0
1764.0
1764.0
1764.0
1764.0
1764.0
1764.0
1764.0
1764.0
1764.0
1764.0
1764.0
1764.0
1764.0
1764.0
1764.0
1764.0
1764.0
1764.0
1764.0
1764.0
1764.0
1764.0
1764.0
1764.0
1764.0
1764.0
1764.0
1764.0
1764.0
1764.0
1764.0
1764.0
1764.0
1764.0
1764.0
1764.0
1764.0
1764.0
1764.0
1764.0
1764.0
1764.0
1764.0
1764.0
1764.0
1764.0
1764.0
1764.0
1764.0
1764.0
1764.0
1764.0
1764.0
1764.0
1764.0
1764.0
1764.0
1764.0
1764.0
1764.0
1764.0
1764.0
1764.0
1764.0
1764.0
1764.0
1764.0
1764.0
1764.0
1764.0
1764.0
1764.0
1764.0
1764.0
1764.0
1764.0
1764.0
1764.0
1764.0
1764.0
1764.0
1764.0
1764.0
1764.0
1764.0
1764.0
1764.0
1764.0
1764.0
1764.0
1764.0
1764.0
1764.0
1764.0
1764.0
1764.0
1764.0
1764.0
1764.0
1764.0
1764.0
1764.0
1764.0
1764.0
1764.0
1764.0
1764.0
1764.0
1764.0
1764.0
1764.0
1764.0
1764.0
1764.0
1764.0
1764.0
1764.0
1764.0
1764.0
1764.0
1764.0
1764.0
1764.0
1764.0
1764.0
1764.0
1764.0
1764.0
1764.0
1764.0
1764.0
1764.0
1764.0
1764.0
1764.0
1764.0
1764.0
1764.0
1764.0
1764.0
1764.0
1764.0
1764.0
1764.0
1764.0
1764.0
1764.0
1764.0
1764.0
1764.0
1764.0
1764.0
1764.0
1764.0
1764.0
1764.0
1764.0
1764.0
1764.0
1764.0
1764.0
1764.0
1764.0
1764.0
1764.0
1764.0
1764.0
1764.0
1764.0
1764.0
1764.0
1764.0
1764.0
1764.0
1764.0
1764.0
1764.0
1764.0
1764.0
1764.0
1764.0
1764.0
1764.0
1764.0
1764.0
1764.0
1764.0
1764.0
1764.0
1764.0
1764.0
1764.0
1764.0
1764.0
1764.0
1764.0
1764.0
1764.0
1764.0
1764.0
1764.0
1764.0
1764.0
1764.0
1764.0
1764.0
1764.0
1764.0
1764.0
1764.0
1764.0
1764.0
1764.0
1764.0
1764.0
1764.0
1764.0
1764.0
1764.0
1764.0
1764.0
1764.0
1764.0
1764.0
1764.0
1764.0
1764.0
1764.0
1764.0
1764.0
1764.0
1764.0
1764.0
1764.0
1764.0
1764.0
1764.0
1764.0
1764.0
1764.0
1764.0
1764.0
1764.0
1764.0
1764.0
1764.0
1764.0
1764.0
1764.0
1764.0
1764.0
1764.0
1764.0
1764.0
1764.0
1764.0
1764.0
1764.0
1764.0
1764.0
1764.0
1764.0
1764.0
1764.0
1764.0
1764.0
1764.0
1764.0
1764.0
1764.0
1764.0
1764.0
1764.0
1764.0
1764.0
1764.0
1764.0
1764.0
1764.0
1764.0
1764.0
1764.0
1764.0
1764.0
1764.0
1764.0
1764.0
1764.0
1764.0
1764.0
1764.0
1764.0
1764.0
1764.0
1764.0
1764.0
1764.0
1764.0
1764.0
1764.0
1764.0
1764.0
1764.0
1764.0
1764.0



The list of values average 

2237752.8111111117
662572.9600000002
625306.9488888888
621419.1644444444
621183.4622222221
621008.3133333331
621030.451111111
621008.3133333331
620990.0822222221
620994.6399999998
620977.711111111
620983.571111111
620977.711111111
620964.0377777776
620977.711111111
620964.0377777776
620977.711111111
620964.0377777776
620977.711111111
620964.0377777776
620977.711111111
620964.0377777776
620977.711111111
620964.0377777776
620959.4799999999
620964.0377777776
620959.4799999999
620964.0377777776
620959.4799999999
620964.0377777776
620959.4799999999
620964.0377777776
620959.4799999999
620960.7822222221
620959.4799999999
620960.7822222221
620959.4799999999
620960.7822222221
620959.4799999999
620960.7822222221
620959.4799999999
620960.7822222221
620959.4799999999
620960.7822222221
620959.4799999999
620960.7822222221
620959.4799999999
620960.7822222221
620959.4799999999
620958.8288888888
620959.4799999999
620958.8288888888
620959.4799999999
620958.8288888888
620959.4799999999
620958.8288888888
620959.4799999999
620958.8288888888
620959.4799999999
620958.8288888888
620959.4799999999
620958.8288888888
620959.4799999999
620958.8288888888
620959.4799999999
620958.8288888888
620959.4799999999
620958.8288888888
620959.4799999999
620958.8288888888
620959.4799999999
620958.8288888888
620959.4799999999
620958.8288888888
620959.4799999999
620958.8288888888
620959.4799999999
620958.8288888888
620959.4799999999
620958.8288888888
620959.4799999999
620958.8288888888
620959.4799999999
620958.8288888888
620959.4799999999
620958.8288888888
620959.4799999999
620958.8288888888
620959.4799999999
620958.8288888888
620959.4799999999
620958.8288888888
620959.4799999999
620958.8288888888
620959.4799999999
620958.8288888888
620959.4799999999
620958.8288888888
620959.4799999999
620958.8288888888
620959.4799999999
620958.8288888888
620959.4799999999
620958.8288888888
620959.4799999999
620958.8288888888
620959.4799999999
620958.8288888888
620959.4799999999
620958.8288888888
620959.4799999999
620958.8288888888
620959.4799999999
620958.8288888888
620959.4799999999
620958.8288888888
620959.4799999999
620958.8288888888
620959.4799999999
620958.8288888888
620959.4799999999
620958.8288888888
620959.4799999999
620958.8288888888
620959.4799999999
620958.8288888888
620958.8288888888
620958.8288888888
620958.8288888888
620958.8288888888
620958.8288888888
620958.8288888888
620958.8288888888
620958.8288888888
620958.8288888888
620958.8288888888
620958.8288888888
620958.8288888888
620958.8288888888
620958.8288888888
620958.8288888888
620958.8288888888
620958.8288888888
620958.8288888888
620958.8288888888
620958.8288888888
620958.8288888888
620958.8288888888
620958.8288888888
620958.8288888888
620958.8288888888
620958.8288888888
620958.8288888888
620958.8288888888
620958.8288888888
620958.8288888888
620958.8288888888
620958.8288888888
620958.8288888888
620958.8288888888
620958.8288888888
620958.8288888888
620958.8288888888
620958.8288888888
620958.8288888888
620958.8288888888
620958.8288888888
620958.8288888888
620958.8288888888
620958.8288888888
620958.8288888888
620958.8288888888
620958.8288888888
620958.8288888888
620958.8288888888
620958.8288888888
620958.8288888888
620958.8288888888
620958.8288888888
620958.8288888888
620958.8288888888
620958.8288888888
620958.8288888888
620958.8288888888
620958.8288888888
620958.8288888888
620958.8288888888
620958.8288888888
620958.8288888888
620958.8288888888
620958.8288888888
620958.8288888888
620958.8288888888
620958.8288888888
620958.8288888888
620958.8288888888
620958.8288888888
620958.8288888888
620958.8288888888
620958.8288888888
620958.8288888888
620958.8288888888
620958.8288888888
620958.8288888888
620958.8288888888
620958.8288888888
620958.8288888888
620958.8288888888
620958.8288888888
620958.8288888888
620958.8288888888
620958.8288888888
620958.8288888888
620958.8288888888
620958.8288888888
620958.8288888888
620958.8288888888
620958.8288888888
620958.8288888888
620958.8288888888
620958.8288888888
620958.8288888888
620958.8288888888
620958.8288888888
620958.8288888888
620958.8288888888
620958.8288888888
620958.8288888888
620958.8288888888
620958.8288888888
620958.8288888888
620958.8288888888
620958.8288888888
620958.8288888888
620958.8288888888
620958.8288888888
620958.8288888888
620958.8288888888
620958.8288888888
620958.8288888888
620958.8288888888
620958.8288888888
620958.8288888888
620958.8288888888
620958.8288888888
620958.8288888888
620958.8288888888
620958.8288888888
620958.8288888888
620958.8288888888
620958.8288888888
620958.8288888888
620958.8288888888
620958.8288888888
620958.8288888888
620958.8288888888
620958.8288888888
620958.8288888888
620958.8288888888
620958.8288888888
620958.8288888888
620958.8288888888
620958.8288888888
620958.8288888888
620958.8288888888
620958.8288888888
620958.8288888888
620958.8288888888
620958.8288888888
620958.8288888888
620958.8288888888
620958.8288888888
620958.8288888888
620958.8288888888
620958.8288888888
620958.8288888888
620958.8288888888
620958.8288888888
620958.8288888888
620958.8288888888
620958.8288888888
620958.8288888888
620958.8288888888
620958.8288888888
620958.8288888888
620958.8288888888
620958.8288888888
620958.8288888888
620958.8288888888
620958.8288888888
620958.8288888888
620958.8288888888
620958.8288888888
620958.8288888888
620958.8288888888
620958.8288888888
620958.8288888888
620958.8288888888
620958.8288888888
620958.8288888888
620958.8288888888
620958.8288888888
620958.8288888888
620958.8288888888
620958.8288888888
620958.8288888888
620958.8288888888
620958.8288888888
620958.8288888888
620958.8288888888
620958.8288888888
620958.8288888888
620958.8288888888
620958.8288888888
620958.8288888888
620958.8288888888
620958.8288888888
620958.8288888888
620958.8288888888
620958.8288888888
620958.8288888888
620958.8288888888
620958.8288888888
620958.8288888888
620958.8288888888
620958.8288888888
620958.8288888888
620958.8288888888
620958.8288888888
620958.8288888888
620958.8288888888
620958.8288888888
620958.8288888888
620958.8288888888
620958.8288888888
620958.8288888888
620958.8288888888
620958.8288888888
620958.8288888888
620958.8288888888
620958.8288888888
620958.8288888888
620958.8288888888
620958.8288888888
620958.8288888888
620958.8288888888
620958.8288888888
620958.8288888888
620958.8288888888
620958.8288888888
620958.8288888888
620958.8288888888
620958.8288888888
620958.8288888888
620958.8288888888
620958.8288888888
620958.8288888888
620958.8288888888
620958.8288888888
620958.8288888888
620958.8288888888
620958.8288888888
620958.8288888888
620958.8288888888
620958.8288888888
620958.8288888888
620958.8288888888
620958.8288888888
620958.8288888888
620958.8288888888
620958.8288888888
620958.8288888888
620958.8288888888
620958.8288888888
620958.8288888888
620958.8288888888
620958.8288888888
620958.8288888888
620958.8288888888
620958.8288888888
620958.8288888888
620958.8288888888
620958.8288888888
620958.8288888888
620958.8288888888
620958.8288888888
620958.8288888888
620958.8288888888
620958.8288888888
620958.8288888888
620958.8288888888
620958.8288888888
620958.8288888888
620958.8288888888
620958.8288888888
620958.8288888888
620958.8288888888
620958.8288888888
620958.8288888888
620958.8288888888
620958.8288888888
620958.8288888888
620958.8288888888
620958.8288888888
620958.8288888888
620958.8288888888
620958.8288888888
620958.8288888888
620958.8288888888
620958.8288888888
620958.8288888888
620958.8288888888
620958.8288888888
620958.8288888888
620958.8288888888
620958.8288888888
620958.8288888888
620958.8288888888
620958.8288888888
620958.8288888888
620958.8288888888
620958.8288888888
620958.8288888888
620958.8288888888
620958.8288888888
620958.8288888888
620958.8288888888
620958.8288888888
620958.8288888888
620958.8288888888
620958.8288888888
620958.8288888888
620958.8288888888
620958.8288888888
620958.8288888888
620958.8288888888
620958.8288888888
620958.8288888888
620958.8288888888
620958.8288888888
620958.8288888888
620958.8288888888
620958.8288888888
620958.8288888888
620958.8288888888
620958.8288888888
620958.8288888888
620958.8288888888
620958.8288888888
620958.8288888888
620958.8288888888
620958.8288888888
620958.8288888888
620958.8288888888
620958.8288888888
620958.8288888888
620958.8288888888
620958.8288888888
620958.8288888888
620958.8288888888
620958.8288888888
620958.8288888888
620958.8288888888
620958.8288888888
620958.8288888888
620958.8288888888
620958.8288888888
620958.8288888888
620958.8288888888
620958.8288888888
620958.8288888888
620958.8288888888
620958.8288888888
620958.8288888888
620958.8288888888
620958.8288888888
620958.8288888888
620958.8288888888
620958.8288888888
620958.8288888888
620958.8288888888
620958.8288888888
620958.8288888888
620958.8288888888
620958.8288888888
620958.8288888888
620958.8288888888
620958.8288888888
620958.8288888888
620958.8288888888
620958.8288888888
620958.8288888888
620958.8288888888
620958.8288888888
620958.8288888888
620958.8288888888
620958.8288888888
620958.8288888888
620958.8288888888
620958.8288888888
620958.8288888888
620958.8288888888
620958.8288888888
620958.8288888888
620958.8288888888
620958.8288888888
620958.8288888888
620958.8288888888
620958.8288888888
620958.8288888888
620958.8288888888
620958.8288888888
620958.8288888888
620958.8288888888
620958.8288888888
620958.8288888888
620958.8288888888
620958.8288888888
620958.8288888888
620958.8288888888
620958.8288888888
620958.8288888888
620958.8288888888
620958.8288888888
620958.8288888888
620958.8288888888
620958.8288888888
620958.8288888888
620958.8288888888
620958.8288888888
620958.8288888888
620958.8288888888
620958.8288888888
620958.8288888888
620958.8288888888
620958.8288888888
620958.8288888888
620958.8288888888
620958.8288888888
620958.8288888888
620958.8288888888
620958.8288888888
620958.8288888888
620958.8288888888
620958.8288888888
620958.8288888888
620958.8288888888
620958.8288888888
620958.8288888888
620958.8288888888
620958.8288888888
620958.8288888888
620958.8288888888
620958.8288888888
620958.8288888888
620958.8288888888
620958.8288888888
620958.8288888888
620958.8288888888
620958.8288888888
620958.8288888888
620958.8288888888
620958.8288888888
620958.8288888888
620958.8288888888
620958.8288888888
620958.8288888888
620958.8288888888
620958.8288888888
620958.8288888888
620958.8288888888
620958.8288888888
620958.8288888888
620958.8288888888
620958.8288888888
620958.8288888888
620958.8288888888
620958.8288888888
620958.8288888888
620958.8288888888
620958.8288888888
620958.8288888888
620958.8288888888
620958.8288888888
620958.8288888888
620958.8288888888
620958.8288888888
620958.8288888888
620958.8288888888
620958.8288888888
620958.8288888888
620958.8288888888
620958.8288888888
620958.8288888888
620958.8288888888
620958.8288888888
620958.8288888888
620958.8288888888
620958.8288888888
620958.8288888888
620958.8288888888
620958.8288888888
620958.8288888888
620958.8288888888
620958.8288888888
620958.8288888888
620958.8288888888
620958.8288888888
620958.8288888888
620958.8288888888
620958.8288888888
620958.8288888888
620958.8288888888
620958.8288888888
620958.8288888888
620958.8288888888
620958.8288888888
620958.8288888888
620958.8288888888
620958.8288888888
620958.8288888888
620958.8288888888
620958.8288888888
620958.8288888888
620958.8288888888
620958.8288888888
620958.8288888888
620958.8288888888
620958.8288888888
620958.8288888888
620958.8288888888
620958.8288888888
620958.8288888888
620958.8288888888
620958.8288888888
620958.8288888888
620958.8288888888
620958.8288888888
620958.8288888888
620958.8288888888
620958.8288888888
620958.8288888888
620958.8288888888
620958.8288888888
620958.8288888888
620958.8288888888
620958.8288888888
620958.8288888888
620958.8288888888
620958.8288888888
620958.8288888888
620958.8288888888
620958.8288888888
620958.8288888888
620958.8288888888
620958.8288888888
620958.8288888888
620958.8288888888
620958.8288888888
620958.8288888888
620958.8288888888
620958.8288888888
620958.8288888888
620958.8288888888
620958.8288888888
620958.8288888888
620958.8288888888
620958.8288888888
620958.8288888888
620958.8288888888
620958.8288888888
620958.8288888888
620958.8288888888
620958.8288888888
620958.8288888888
620958.8288888888
620958.8288888888
620958.8288888888
620958.8288888888
620958.8288888888
620958.8288888888
620958.8288888888
620958.8288888888
620958.8288888888
620958.8288888888
620958.8288888888
620958.8288888888
620958.8288888888
620958.8288888888
620958.8288888888
620958.8288888888
620958.8288888888
620958.8288888888
620958.8288888888
620958.8288888888
620958.8288888888
620958.8288888888
620958.8288888888
620958.8288888888
620958.8288888888
620958.8288888888
620958.8288888888
620958.8288888888
620958.8288888888
620958.8288888888
620958.8288888888
620958.8288888888
620958.8288888888
620958.8288888888
620958.8288888888
620958.8288888888
620958.8288888888
620958.8288888888
620958.8288888888
620958.8288888888
620958.8288888888
620958.8288888888
620958.8288888888
620958.8288888888
620958.8288888888



The list of best values average 

11768.200000000004
2180.44
1484.1200000000003
1336.9599999999998
1336.9599999999998
1336.9599999999998
1336.9599999999998
1336.9599999999998
1336.9599999999998
1336.9599999999998
1336.9599999999998
1336.9599999999998
1336.9599999999998
1336.9599999999998
1336.9599999999998
1336.9599999999998
1336.9599999999998
1336.9599999999998
1336.9599999999998
1336.9599999999998
1336.9599999999998
1336.9599999999998
1336.9599999999998
1336.9599999999998
1336.9599999999998
1336.9599999999998
1336.9599999999998
1336.9599999999998
1336.9599999999998
1336.9599999999998
1336.9599999999998
1336.9599999999998
1336.9599999999998
1336.9599999999998
1336.9599999999998
1336.9599999999998
1336.9599999999998
1336.9599999999998
1336.9599999999998
1336.9599999999998
1336.9599999999998
1336.9599999999998
1336.9599999999998
1336.9599999999998
1336.9599999999998
1336.9599999999998
1336.9599999999998
1336.9599999999998
1336.9599999999998
1336.9599999999998
1336.9599999999998
1336.9599999999998
1336.9599999999998
1336.9599999999998
1336.9599999999998
1336.9599999999998
1336.9599999999998
1336.9599999999998
1336.9599999999998
1336.9599999999998
1336.9599999999998
1336.9599999999998
1336.9599999999998
1336.9599999999998
1336.9599999999998
1336.9599999999998
1336.9599999999998
1336.9599999999998
1336.9599999999998
1336.9599999999998
1336.9599999999998
1336.9599999999998
1336.9599999999998
1336.9599999999998
1336.9599999999998
1336.9599999999998
1336.9599999999998
1336.9599999999998
1336.9599999999998
1336.9599999999998
1336.9599999999998
1336.9599999999998
1336.9599999999998
1336.9599999999998
1336.9599999999998
1336.9599999999998
1336.9599999999998
1336.9599999999998
1336.9599999999998
1336.9599999999998
1336.9599999999998
1336.9599999999998
1336.9599999999998
1336.9599999999998
1336.9599999999998
1336.9599999999998
1336.9599999999998
1336.9599999999998
1336.9599999999998
1336.9599999999998
1336.9599999999998
1336.9599999999998
1336.9599999999998
1336.9599999999998
1336.9599999999998
1336.9599999999998
1336.9599999999998
1336.9599999999998
1336.9599999999998
1336.9599999999998
1336.9599999999998
1336.9599999999998
1336.9599999999998
1336.9599999999998
1336.9599999999998
1336.9599999999998
1336.9599999999998
1336.9599999999998
1336.9599999999998
1336.9599999999998
1336.9599999999998
1336.9599999999998
1336.9599999999998
1336.9599999999998
1336.9599999999998
1336.9599999999998
1336.9599999999998
1336.9599999999998
1336.9599999999998
1336.9599999999998
1336.9599999999998
1336.9599999999998
1336.9599999999998
1336.9599999999998
1336.9599999999998
1336.9599999999998
1336.9599999999998
1336.9599999999998
1336.9599999999998
1336.9599999999998
1336.9599999999998
1336.9599999999998
1336.9599999999998
1336.9599999999998
1336.9599999999998
1336.9599999999998
1336.9599999999998
1336.9599999999998
1336.9599999999998
1336.9599999999998
1336.9599999999998
1336.9599999999998
1336.9599999999998
1336.9599999999998
1336.9599999999998
1336.9599999999998
1336.9599999999998
1336.9599999999998
1336.9599999999998
1336.9599999999998
1336.9599999999998
1336.9599999999998
1336.9599999999998
1336.9599999999998
1336.9599999999998
1336.9599999999998
1336.9599999999998
1336.9599999999998
1336.9599999999998
1336.9599999999998
1336.9599999999998
1336.9599999999998
1336.9599999999998
1336.9599999999998
1336.9599999999998
1336.9599999999998
1336.9599999999998
1336.9599999999998
1336.9599999999998
1336.9599999999998
1336.9599999999998
1336.9599999999998
1336.9599999999998
1336.9599999999998
1336.9599999999998
1336.9599999999998
1336.9599999999998
1336.9599999999998
1336.9599999999998
1336.9599999999998
1336.9599999999998
1336.9599999999998
1336.9599999999998
1336.9599999999998
1336.9599999999998
1336.9599999999998
1336.9599999999998
1336.9599999999998
1336.9599999999998
1336.9599999999998
1336.9599999999998
1336.9599999999998
1336.9599999999998
1336.9599999999998
1336.9599999999998
1336.9599999999998
1336.9599999999998
1336.9599999999998
1336.9599999999998
1336.9599999999998
1336.9599999999998
1336.9599999999998
1336.9599999999998
1336.9599999999998
1336.9599999999998
1336.9599999999998
1336.9599999999998
1336.9599999999998
1336.9599999999998
1336.9599999999998
1336.9599999999998
1336.9599999999998
1336.9599999999998
1336.9599999999998
1336.9599999999998
1336.9599999999998
1336.9599999999998
1336.9599999999998
1336.9599999999998
1336.9599999999998
1336.9599999999998
1336.9599999999998
1336.9599999999998
1336.9599999999998
1336.9599999999998
1336.9599999999998
1336.9599999999998
1336.9599999999998
1336.9599999999998
1336.9599999999998
1336.9599999999998
1336.9599999999998
1336.9599999999998
1336.9599999999998
1336.9599999999998
1336.9599999999998
1336.9599999999998
1336.9599999999998
1336.9599999999998
1336.9599999999998
1336.9599999999998
1336.9599999999998
1336.9599999999998
1336.9599999999998
1336.9599999999998
1336.9599999999998
1336.9599999999998
1336.9599999999998
1336.9599999999998
1336.9599999999998
1336.9599999999998
1336.9599999999998
1336.9599999999998
1336.9599999999998
1336.9599999999998
1336.9599999999998
1336.9599999999998
1336.9599999999998
1336.9599999999998
1336.9599999999998
1336.9599999999998
1336.9599999999998
1336.9599999999998
1336.9599999999998
1336.9599999999998
1336.9599999999998
1336.9599999999998
1336.9599999999998
1336.9599999999998
1336.9599999999998
1336.9599999999998
1336.9599999999998
1336.9599999999998
1336.9599999999998
1336.9599999999998
1336.9599999999998
1336.9599999999998
1336.9599999999998
1336.9599999999998
1336.9599999999998
1336.9599999999998
1336.9599999999998
1336.9599999999998
1336.9599999999998
1336.9599999999998
1336.9599999999998
1336.9599999999998
1336.9599999999998
1336.9599999999998
1336.9599999999998
1336.9599999999998
1336.9599999999998
1336.9599999999998
1336.9599999999998
1336.9599999999998
1336.9599999999998
1336.9599999999998
1336.9599999999998
1336.9599999999998
1336.9599999999998
1336.9599999999998
1336.9599999999998
1336.9599999999998
1336.9599999999998
1336.9599999999998
1336.9599999999998
1336.9599999999998
1336.9599999999998
1336.9599999999998
1336.9599999999998
1336.9599999999998
1336.9599999999998
1336.9599999999998
1336.9599999999998
1336.9599999999998
1336.9599999999998
1336.9599999999998
1336.9599999999998
1336.9599999999998
1336.9599999999998
1336.9599999999998
1336.9599999999998
1336.9599999999998
1336.9599999999998
1336.9599999999998
1336.9599999999998
1336.9599999999998
1336.9599999999998
1336.9599999999998
1336.9599999999998
1336.9599999999998
1336.9599999999998
1336.9599999999998
1336.9599999999998
1336.9599999999998
1336.9599999999998
1336.9599999999998
1336.9599999999998
1336.9599999999998
1336.9599999999998
1336.9599999999998
1336.9599999999998
1336.9599999999998
1336.9599999999998
1336.9599999999998
1336.9599999999998
1336.9599999999998
1336.9599999999998
1336.9599999999998
1336.9599999999998
1336.9599999999998
1336.9599999999998
1336.9599999999998
1336.9599999999998
1336.9599999999998
1336.9599999999998
1336.9599999999998
1336.9599999999998
1336.9599999999998
1336.9599999999998
1336.9599999999998
1336.9599999999998
1336.9599999999998
1336.9599999999998
1336.9599999999998
1336.9599999999998
1336.9599999999998
1336.9599999999998
1336.9599999999998
1336.9599999999998
1336.9599999999998
1336.9599999999998
1336.9599999999998
1336.9599999999998
1336.9599999999998
1336.9599999999998
1336.9599999999998
1336.9599999999998
1336.9599999999998
1336.9599999999998
1336.9599999999998
1336.9599999999998
1336.9599999999998
1336.9599999999998
1336.9599999999998
1336.9599999999998
1336.9599999999998
1336.9599999999998
1336.9599999999998
1336.9599999999998
1336.9599999999998
1336.9599999999998
1336.9599999999998
1336.9599999999998
1336.9599999999998
1336.9599999999998
1336.9599999999998
1336.9599999999998
1336.9599999999998
1336.9599999999998
1336.9599999999998
1336.9599999999998
1336.9599999999998
1336.9599999999998
1336.9599999999998
1336.9599999999998
1336.9599999999998
1336.9599999999998
1336.9599999999998
1336.9599999999998
1336.9599999999998
1336.9599999999998
1336.9599999999998
1336.9599999999998
1336.9599999999998
1336.9599999999998
1336.9599999999998
1336.9599999999998
1336.9599999999998
1336.9599999999998
1336.9599999999998
1336.9599999999998
1336.9599999999998
1336.9599999999998
1336.9599999999998
1336.9599999999998
1336.9599999999998
1336.9599999999998
1336.9599999999998
1336.9599999999998
1336.9599999999998
1336.9599999999998
1336.9599999999998
1336.9599999999998
1336.9599999999998
1336.9599999999998
1336.9599999999998
1336.9599999999998
1336.9599999999998
1336.9599999999998
1336.9599999999998
1336.9599999999998
1336.9599999999998
1336.9599999999998
1336.9599999999998
1336.9599999999998
1336.9599999999998
1336.9599999999998
1336.9599999999998
1336.9599999999998
1336.9599999999998
1336.9599999999998
1336.9599999999998
1336.9599999999998
1336.9599999999998
1336.9599999999998
1336.9599999999998
1336.9599999999998
1336.9599999999998
1336.9599999999998
1336.9599999999998
1336.9599999999998
1336.9599999999998
1336.9599999999998
1336.9599999999998
1336.9599999999998
1336.9599999999998
1336.9599999999998
1336.9599999999998
1336.9599999999998
1336.9599999999998
1336.9599999999998
1336.9599999999998
1336.9599999999998
1336.9599999999998
1336.9599999999998
1336.9599999999998
1336.9599999999998
1336.9599999999998
1336.9599999999998
1336.9599999999998
1336.9599999999998
1336.9599999999998
1336.9599999999998
1336.9599999999998
1336.9599999999998
1336.9599999999998
1336.9599999999998
1336.9599999999998
1336.9599999999998
1336.9599999999998
1336.9599999999998
1336.9599999999998
1336.9599999999998
1336.9599999999998
1336.9599999999998
1336.9599999999998
1336.9599999999998
1336.9599999999998
1336.9599999999998
1336.9599999999998
1336.9599999999998
1336.9599999999998
1336.9599999999998
1336.9599999999998
1336.9599999999998
1336.9599999999998
1336.9599999999998
1336.9599999999998
1336.9599999999998
1336.9599999999998
1336.9599999999998
1336.9599999999998
1336.9599999999998
1336.9599999999998
1336.9599999999998
1336.9599999999998
1336.9599999999998
1336.9599999999998
1336.9599999999998
1336.9599999999998
1336.9599999999998
1336.9599999999998
1336.9599999999998
1336.9599999999998
1336.9599999999998
1336.9599999999998
1336.9599999999998
1336.9599999999998
1336.9599999999998
1336.9599999999998
1336.9599999999998
1336.9599999999998
1336.9599999999998
1336.9599999999998
1336.9599999999998
1336.9599999999998
1336.9599999999998
1336.9599999999998
1336.9599999999998
1336.9599999999998
1336.9599999999998
1336.9599999999998
1336.9599999999998
1336.9599999999998
1336.9599999999998
1336.9599999999998
1336.9599999999998
1336.9599999999998
1336.9599999999998
1336.9599999999998
1336.9599999999998
1336.9599999999998
1336.9599999999998
1336.9599999999998
1336.9599999999998
1336.9599999999998
1336.9599999999998
1336.9599999999998
1336.9599999999998
1336.9599999999998
1336.9599999999998
1336.9599999999998
1336.9599999999998
1336.9599999999998
1336.9599999999998
1336.9599999999998
1336.9599999999998
1336.9599999999998
1336.9599999999998
1336.9599999999998
1336.9599999999998
1336.9599999999998
1336.9599999999998
1336.9599999999998
1336.9599999999998
1336.9599999999998
1336.9599999999998
1336.9599999999998
1336.9599999999998
1336.9599999999998
1336.9599999999998
1336.9599999999998
1336.9599999999998
1336.9599999999998
1336.9599999999998
1336.9599999999998
1336.9599999999998
1336.9599999999998
1336.9599999999998
1336.9599999999998
1336.9599999999998
1336.9599999999998
1336.9599999999998
1336.9599999999998
1336.9599999999998
1336.9599999999998
1336.9599999999998
1336.9599999999998
1336.9599999999998
1336.9599999999998
1336.9599999999998
1336.9599999999998
1336.9599999999998
1336.9599999999998
1336.9599999999998
1336.9599999999998
1336.9599999999998
1336.9599999999998
1336.9599999999998
1336.9599999999998
1336.9599999999998
1336.9599999999998
1336.9599999999998
1336.9599999999998
1336.9599999999998
1336.9599999999998
1336.9599999999998
1336.9599999999998
1336.9599999999998
1336.9599999999998
1336.9599999999998
1336.9599999999998
1336.9599999999998
1336.9599999999998
1336.9599999999998
1336.9599999999998
1336.9599999999998
1336.9599999999998
1336.9599999999998
1336.9599999999998
1336.9599999999998
1336.9599999999998
1336.9599999999998
1336.9599999999998
1336.9599999999998
1336.9599999999998
1336.9599999999998
1336.9599999999998
1336.9599999999998
1336.9599999999998
1336.9599999999998
1336.9599999999998
1336.9599999999998
1336.9599999999998
1336.9599999999998
1336.9599999999998
1336.9599999999998
1336.9599999999998
1336.9599999999998
1336.9599999999998
1336.9599999999998
1336.9599999999998
1336.9599999999998
1336.9599999999998
1336.9599999999998
1336.9599999999998
1336.9599999999998
1336.9599999999998
1336.9599999999998
1336.9599999999998
1336.9599999999998
1336.9599999999998
1336.9599999999998
1336.9599999999998
1336.9599999999998
1336.9599999999998
1336.9599999999998
1336.9599999999998
1336.9599999999998
1336.9599999999998
1336.9599999999998
1336.9599999999998
1336.9599999999998
1336.9599999999998
1336.9599999999998
1336.9599999999998
1336.9599999999998
1336.9599999999998
1336.9599999999998
1336.9599999999998
1336.9599999999998
1336.9599999999998
1336.9599999999998
1336.9599999999998
1336.9599999999998
1336.9599999999998
1336.9599999999998
1336.9599999999998
1336.9599999999998
1336.9599999999998
1336.9599999999998
1336.9599999999998
1336.9599999999998
1336.9599999999998
1336.9599999999998
1336.9599999999998
1336.9599999999998
1336.9599999999998
1336.9599999999998
1336.9599999999998
1336.9599999999998
1336.9599999999998
1336.9599999999998
1336.9599999999998
1336.9599999999998
1336.9599999999998
1336.9599999999998
1336.9599999999998
1336.9599999999998
