-71935141124.0 8757341736.0 7096476596.0 6504462052.0 10453501168.0 1298626604.0 12691856452.0 7490233080.0 3459566836.0 14183076600.0 
8757341736.0 -113663354688.0 11783618184.0 10800584808.0 17357919072.0 2156354616.0 21074682408.0 12437446320.0 5744571144.0 23550836400.0 
7096476596.0 11783618184.0 -94341452228.0 8752210388.0 14065919792.0 1747393276.0 17077783988.0 10078634520.0 4655090084.0 19084325400.0 
6504462052.0 10800584808.0 8752210388.0 -87201278468.0 12892488304.0 1601619212.0 15653091556.0 9237837240.0 4266745108.0 17492239800.0 
10453501168.0 17357919072.0 14065919792.0 12892488304.0 -132316203680.0 2574006608.0 25156517104.0 14846384160.0 6857204272.0 28112263200.0 
1298626604.0 2156354616.0 1747393276.0 1601619212.0 2574006608.0 -18691732724.0 3125165612.0 1844349480.0 851862716.0 3492354600.0 
12691856452.0 21074682408.0 17077783988.0 15653091556.0 25156517104.0 3125165612.0 -155261764868.0 18025365240.0 8325502708.0 34131799800.0 
7490233080.0 12437446320.0 10078634520.0 9237837240.0 14846384160.0 1844349480.0 18025365240.0 -99016875360.0 4913383320.0 20143242000.0 
3459566836.0 5744571144.0 4655090084.0 4266745108.0 6857204272.0 851862716.0 8325502708.0 4913383320.0 -48377627588.0 9303701400.0 
14183076600.0 23550836400.0 19084325400.0 17492239800.0 28112263200.0 3492354600.0 34131799800.0 20143242000.0 9303701400.0 -169493839200.0 

