-55.0 4.0 0.0 0.0 0.0 4.0 0.0 0.0 0.0 4.0 4.0 4.0 4.0 0.0 4.0 
4.0 -55.0 4.0 0.0 4.0 4.0 4.0 4.0 0.0 0.0 4.0 0.0 0.0 0.0 0.0 
0.0 4.0 -47.0 0.0 0.0 4.0 4.0 0.0 4.0 0.0 0.0 0.0 0.0 4.0 4.0 
0.0 0.0 0.0 -55.0 4.0 4.0 4.0 4.0 4.0 0.0 0.0 4.0 0.0 0.0 4.0 
0.0 4.0 0.0 4.0 -47.0 0.0 0.0 4.0 0.0 0.0 0.0 4.0 4.0 0.0 4.0 
4.0 4.0 4.0 4.0 0.0 -47.0 4.0 4.0 0.0 0.0 0.0 0.0 0.0 0.0 0.0 
0.0 4.0 4.0 4.0 0.0 4.0 -87.0 0.0 4.0 4.0 4.0 4.0 4.0 4.0 4.0 
0.0 4.0 0.0 4.0 4.0 4.0 0.0 -63.0 0.0 0.0 4.0 0.0 4.0 4.0 4.0 
0.0 0.0 4.0 4.0 0.0 0.0 4.0 0.0 -39.0 0.0 4.0 0.0 0.0 0.0 4.0 
4.0 0.0 0.0 0.0 0.0 0.0 4.0 0.0 0.0 -47.0 4.0 4.0 4.0 4.0 0.0 
4.0 4.0 0.0 0.0 0.0 0.0 4.0 4.0 4.0 4.0 -63.0 0.0 0.0 4.0 4.0 
4.0 0.0 0.0 4.0 4.0 0.0 4.0 0.0 0.0 4.0 0.0 -47.0 0.0 0.0 4.0 
4.0 0.0 0.0 0.0 4.0 0.0 4.0 4.0 0.0 4.0 0.0 0.0 -39.0 0.0 0.0 
0.0 0.0 4.0 0.0 0.0 0.0 4.0 4.0 0.0 4.0 4.0 0.0 0.0 -47.0 4.0 
4.0 0.0 4.0 4.0 4.0 0.0 4.0 4.0 4.0 0.0 4.0 4.0 0.0 4.0 -79.0 

