----------Report of simulation of Quantum Parallel Tempering - Population Annealing v2-----------
The number of considered Spin28
The considered Annealing Duration 280
The considered Annealing Number 100
The considered T 1.0
The considered Gamma0 1.0
The considered Number Of Replica 4
The considered Number Of System Tempering 4
The considered Number Of System Population 4
The solution found [ 1.  1.  1. -1.  1.  1. -1.  1.  1. -1.  1.  1. -1.  1.  1.  1. -1.  1.
  1.  1.  1.  1. -1.  1.  1.  1. -1.  1.]
The value found 31.787324676621665
The Success probability is 0.0
The average value is 31.787324676627595
The total execution time is 300.9246635437012
The average time for execution is 3.0092457580566405
The average time for all systems update is 0.01070844008241381
The average time for system tempering update is 0.001371593047465597
The average time for system population update is 138.97987341880798
The average time for replica update is 0.000326218598655292
The average time for spin update is 1.1361924874387225e-05
The list of values found 

31.787324676630305
31.78732467663076
31.78732467662985
31.787324676624394
31.787324676627122
31.787324676625303
31.78732467662394
31.787324676625303
31.78732467662985
31.787324676631215
31.787324676626213
31.787324676629396
31.787324676626213
31.787324676625758
31.787324676627122
31.787324676623484
31.787324676626213
31.787324676627122
31.787324676629396
31.787324676627122
31.78732467662985
31.78732467662803
31.787324676628486
31.787324676626213
31.78732467662985
31.787324676629396
31.78732467662894
31.78732467662894
31.787324676631215
31.787324676627577
31.78732467662803
31.787324676626213
31.787324676625758
31.78732467663076
31.787324676627122
31.787324676629396
31.78732467662803
31.78732467662894
31.787324676628486
31.78732467662985
31.78732467662894
31.787324676626667
31.78732467662894
31.787324676629396
31.78732467662985
31.78732467662985
31.78732467662485
31.787324676628486
31.787324676628486
31.787324676624394
31.787324676626213
31.78732467662303
31.78732467662803
31.78732467663076
31.78732467662894
31.78732467662803
31.787324676625303
31.78732467662985
31.787324676627122
31.787324676626667
31.787324676626667
31.787324676627122
31.787324676630305
31.787324676629396
31.78732467662894
31.787324676629396
31.78732467662485
31.78732467662394
31.78732467662803
31.78732467663167
31.78732467662394
31.78732467662803
31.787324676627122
31.787324676625758
31.787324676626213
31.78732467662985
31.787324676624394
31.787324676625758
31.787324676631215
31.787324676624394
31.787324676626213
31.787324676626213
31.787324676629396
31.787324676627122
31.787324676626667
31.787324676625758
31.787324676627122
31.78732467662394
31.787324676627122
31.787324676626213
31.78732467662894
31.787324676627122
31.787324676621665
31.787324676626667
31.78732467662803
31.78732467662803
31.78732467662803
31.78732467662985
31.78732467662894
31.787324676628486



The list of values first execution 

768.8322994612003
1712.9965537918117
900.8227885821194
904.5232251230151
1143.3268302314148
962.2345815015169
1054.7947244117013
1032.8581505552722
1018.3839966360354
901.1556429348691
974.7432762461322
975.8650692320468
948.0155537018882
1044.820297477124
1010.3717044878697
895.9855327253651
981.1092997834609
868.563011787386
1063.2756824251394
1006.338289575336
1179.5808287592072
1029.8474903654514
1012.0534643979909
1098.5081091058892
836.8971882269329
959.7790772564326
806.8603665044332
941.5961235548167
882.5235516783242
817.5894429388306
850.286216373891
794.2173899788208
748.4279044423737
750.7616835328008
785.388405765765
686.3016073174767
825.414356311632
745.8861187891013
783.5250658927281
593.1415659436666
777.1379346262058
647.3567501850898
635.7525455002224
739.7382782747549
762.1945925153467
704.2430409274757
687.4852793160759
674.4150894655886
602.0035959939821
668.4801639020234
661.3625200234881
533.5719954679026
622.2968113316008
697.3140006392889
593.7487964290495
748.5299405399134
702.6704506502913
649.7921248989823
683.6113684407035
709.5481624174381
649.9299736962078
627.4431807380561
707.3329944910124
553.6588350568021
530.7857245847409
528.6984972843752
581.012683096179
462.05094722628326
555.6426208064214
508.0994553449499
634.7233261134477
469.1813849085071
584.4524815414886
479.19912389309707
533.4450140997567
474.12860205743584
537.2123395845683
445.92673944444823
599.966284202336
517.4955512465684
442.96788919309915
531.1087318481833
536.6957503332268
526.1967559058146
595.6320851811181
506.4651980421261
476.6703549169979
482.8967344611716
494.5268671945594
460.14064647195505
580.83324195595
549.9175191466177
502.077164464201
530.4541786745368
564.6673056527162
550.4065955342006
524.5504086720358
407.9000231773433
520.1494554284166
482.99073823357253
497.9173386846712
391.41485965623644
409.716314661923
556.0209086622266
410.8134989847133
475.60342888752075
431.4704605957653
495.19297921539044
416.60500780062785
585.03666225555
550.4922626243497
511.7933971472969
474.2666699382494
412.0601853248355
416.91530781587664
504.70527228281924
522.3238710547082
491.8038073664658
548.5296032285718
489.039890896109
555.4380444500674
533.6510822592775
479.3378895150207
577.659369528045
583.0701688124716
552.5229854632449
508.85662727433635
546.348233351779
437.11686462232205
572.6739905556069
463.4226144340636
579.2104327725318
436.036937916229
531.7915060685748
504.7068882365189
564.560422672581
529.7592786794306
556.4028193093027
592.473160796311
556.305381008647
549.7577727745266
570.4631109710883
536.0924663377826
516.729450855474
605.5498279585216
494.57211846416453
589.3878031866205
578.2358123503949
511.1709078021553
520.9599453869067
544.6162706883001
541.6670807480405
588.9499117352162
460.8988282332747
552.674308344239
477.28654024097557
579.2613076481259
462.9431383768531
475.3455596809781
517.8170554188009
482.5530703028828
436.4769423645847
527.772384572328
527.5729412238368
531.8567741269724
525.6729248879382
607.3028693775191
446.1500302149618
536.3103941712466
522.2044841554722
589.8688782029601
551.1164588581355
534.4733852779746
496.05617159591714
454.7033763275225
463.7388611538438
491.93730290664007
588.9677653394939
639.6225138889607
599.6369246158783
492.7567853239948
559.8841017448399
600.4139821383874
590.6795364827814
505.4354143366072
469.0016601689613
613.9400737874396
647.4951050482314
492.54403718851336
475.1868934023521
468.24542809089155
602.8289818745745
462.64722236484226
455.6441585681607
486.5624326864928
539.1892378699971
491.4497737509628
493.4187583065783
530.8530905249722
554.3793584869293
550.7946425411998
401.2993840939473
513.7558891202593
481.7160476362792
536.5593941019081
501.3118224707629
433.00726892061107
474.55962178038396
491.9181280159871
525.1224549067588
509.36070051628985
527.1842086593701
588.3516155203633
464.20257275983613
512.1015703396829
517.6293985855243
526.3270166951512
624.10019250399
522.2059178630545
507.2000895823853
564.3467298471365
581.0315009412166
462.2417195178315
453.5919820756002
530.2264431368943
486.15236174331085
519.5864019701144
585.0725202152862
515.3353278654768
518.8249862976751
528.8786449585552
547.5722402647592
518.3025152448483
532.2308175708054
443.5176627249763
484.1295119548947
543.5592910221214
565.5837340245025
419.45771170866965
526.2473640818383
430.2851716206576
420.4874116622825
440.10018499856585
445.5392779338547
515.815882990944
554.4854112100672
461.9417394410632
487.3584602857122
551.1105200861246
517.5101732061876
495.2312136474178
578.6040384012808
543.9348246357985
548.8720764606749
473.045044821905
548.1935014585233
557.8373822241465
523.1369075195845
521.4062125538475
521.9565431590844
498.17007922995344
545.0371903808574
404.03975981984127
496.3541948405541
526.1743288709412
557.2374540515932
596.3870290110058
495.5245622667786
488.995543040186
488.4134193090232
529.0297329101812
477.4489228736719
590.812392477415
429.03666139526786
503.9975579235885
543.3309281059605
676.5122600419127
493.3669014809809
479.5920663176331
530.729531044986



The list of best values first execution 

165.20956305090795
70.14026162572463
31.78732467663258
115.0664085353942
83.66232467663258
70.14026162572418
113.33456305090704
31.787324676631215
68.40841614123974
106.76135309032998
165.20956305090795
151.68749999999955
113.33456305091067
158.63635309032816
76.71347158630351
170.14026162572372
76.71347158630306
106.76135309032952
70.14026162572736
31.787324676635308
203.56250000000318
31.787324676634398
131.78732467663258
31.787324676631215
113.33456305091386
68.40841614123747
122.01526162572509
83.66232467663485
122.01526162572873
115.0664085353942
31.787324676634398
31.787324676634398
122.01526162572554
70.140261625726
131.78732467663622
115.06640853539557
120.28341614123838
31.78732467663258
68.40841614123929
106.76135309033089
106.76135309033134
31.78732467663349
113.33456305090931
68.40841614124065
70.14026162572509
83.66232467663394
129.08177455949817
76.71347158630397
31.787324676630305
70.140261625726
31.787324676639855
83.66232467663804
115.06640853539557
106.76135309033589
70.14026162572691
31.787324676634398
122.01526162572554
31.787324676634853
120.28341614124474
144.69365743148046
68.40841614123701
115.06640853540011
131.7873246766353
31.787324676635308
31.787324676631215
31.787324676631215
31.787324676631215
31.787324676631215
31.787324676631215
31.787324676631215
31.787324676631215
31.787324676631215
31.787324676631215
31.787324676631215
31.787324676631215
31.787324676631215
31.787324676631215
31.787324676631215
31.787324676631215
31.787324676631215
31.787324676631215
31.787324676631215
31.787324676631215
31.787324676631215
31.787324676631215
31.787324676631215
31.787324676631215
31.787324676631215
31.787324676631215
31.787324676631215
31.787324676631215
31.787324676631215
31.787324676631215
31.787324676631215
31.787324676631215
31.787324676631215
31.787324676631215
31.787324676631215
31.787324676631215
31.787324676631215
31.787324676631215
31.787324676631215
31.787324676631215
31.787324676631215
31.787324676631215
31.787324676631215
31.787324676631215
31.787324676631215
31.787324676631215
31.787324676631215
31.787324676631215
31.787324676631215
31.787324676631215
31.787324676631215
31.787324676631215
31.787324676631215
31.787324676631215
31.78732467663076
31.787324676631215
31.787324676631215
31.787324676631215
31.787324676631215
31.787324676631215
31.787324676631215
31.787324676631215
31.787324676631215
31.787324676631215
31.787324676631215
31.787324676631215
31.787324676631215
31.787324676631215
31.787324676631215
31.787324676631215
31.787324676631215
31.787324676631215
31.787324676631215
31.787324676631215
31.787324676631215
31.787324676631215
31.787324676631215
31.787324676631215
31.787324676631215
31.787324676631215
31.787324676631215
31.787324676631215
31.787324676631215
31.787324676631215
31.787324676631215
31.787324676631215
31.787324676631215
31.787324676631215
31.787324676631215
31.787324676631215
31.787324676631215
31.787324676631215
31.787324676631215
31.787324676631215
31.787324676631215
31.787324676631215
31.787324676631215
31.787324676631215
31.787324676631215
31.787324676631215
31.787324676631215
31.787324676631215
31.787324676631215
31.787324676631215
31.787324676631215
31.787324676631215
31.787324676631215
31.787324676631215
31.787324676631215
31.787324676631215
31.787324676631215
31.787324676631215
31.787324676631215
31.787324676631215
31.787324676631215
31.787324676631215
31.787324676631215
31.787324676631215
31.787324676631215
31.787324676631215
31.787324676631215
31.787324676631215
31.787324676631215
31.787324676631215
31.787324676631215
31.787324676631215
31.787324676631215
31.787324676631215
31.787324676631215
31.787324676631215
31.787324676631215
31.787324676631215
31.787324676631215
31.787324676631215
31.787324676631215
31.787324676631215
31.787324676631215
31.787324676631215
31.787324676631215
31.787324676631215
31.787324676631215
31.787324676631215
31.787324676631215
31.787324676631215
31.787324676631215
31.787324676631215
31.787324676631215
31.787324676631215
31.787324676631215
31.787324676631215
31.787324676631215
31.787324676631215
31.787324676631215
31.787324676631215
31.787324676631215
31.787324676631215
31.787324676631215
31.787324676631215
31.787324676631215
31.787324676631215
31.787324676631215
31.787324676631215
31.787324676631215
31.787324676631215
31.787324676631215
31.787324676631215
31.787324676631215
31.787324676631215
31.787324676631215
31.787324676631215
31.78732467663076
31.787324676631215
31.787324676631215
31.787324676631215
31.787324676631215
31.787324676631215
31.787324676631215
31.787324676631215
31.787324676631215
31.787324676631215
31.787324676631215
31.787324676631215
31.787324676631215
31.787324676631215
31.787324676631215
31.787324676631215
31.787324676631215
31.787324676631215
31.787324676631215
31.787324676631215
31.787324676631215
31.787324676631215
31.787324676631215
31.787324676631215
31.787324676631215
31.787324676631215
31.787324676631215
31.787324676631215
31.78732467663076
31.787324676631215
31.787324676631215
31.787324676631215
31.787324676631215
31.787324676631215
31.787324676631215
31.787324676631215
31.787324676631215
31.787324676631215
31.787324676631215
31.787324676631215
31.787324676631215
31.787324676631215
31.787324676631215
31.787324676631215
31.787324676631215
31.787324676631215
31.787324676631215



The list of values average 

703.7921792831427
1770.0206566656425
983.3403767221341
1061.7103218501666
1030.370074578915
981.9147210479872
999.735756170308
978.4988629202974
985.4126509459061
985.9609325551824
986.8344300011206
1007.883759394099
975.6293820517388
991.4293979891326
1016.9515513501782
975.041878864101
995.5357433834414
987.4218024526298
991.1543235290702
973.7215233725564
984.953684268387
978.6770004064174
975.0133529511708
962.165605352787
970.5768481861672
940.0520024211326
951.9455868123919
941.0895017375468
914.843760030098
941.1577920068853
905.3245766084415
900.7892110390445
901.5452064066898
882.8365584894639
889.3146783446269
855.7486891341141
855.4002903334791
837.2709672940537
816.9098124803486
818.1523141656019
792.2439700523977
797.1297159609852
784.2854641533587
778.334123202177
777.5646678978198
768.7961107185511
771.5533967202206
761.5886266228968
746.5976700290041
744.1508895533964
742.8446521853875
740.9877274957627
732.2225630969118
736.875014650005
709.535514478236
717.8847915043884
695.070835026544
682.4993184135759
664.214759394642
671.0143690953266
640.3166742966047
634.6655008353175
623.4744900409712
605.1771758247901
592.5001254034102
592.9362958174336
587.8259505246033
572.4938091630062
560.9175862802877
562.2310420311078
580.0605153062929
572.1911409293383
574.6784756033516
569.3023720059215
575.0825326189533
567.3501763435963
566.5606021386571
562.4126773353688
563.9355703983991
575.7018476491455
558.024985654583
559.2440770266713
567.3513171172486
568.2754831813784
553.9368804304246
577.4509280406083
570.814254761
570.8895291400463
568.073063141812
566.3025633851037
569.6928894444284
566.0345411544691
562.0572713065168
565.0586732915142
576.0428016377857
564.1110767003405
571.5816225013003
561.2364583106996
577.5060341805085
559.9633616165033
572.1730500047215
557.8887920011364
563.735445343893
559.9581319130257
556.1730089746062
562.089328493839
562.0328486001594
568.5772928396286
561.7085182461705
573.7455727596188
566.7931233094545
568.1957172913944
564.4650329986407
554.9828832282535
560.1687248531837
552.6726529829032
559.0503270058969
557.2328818725149
558.0779929401547
557.9095641934667
555.9462649522732
555.2943406895764
553.7000185707201
554.8729671965195
551.6451991643512
557.521800077021
549.7191776540838
560.5872277600965
546.8232559348821
561.7553270020402
555.3555835375312
558.1243487480733
562.0209547321856
555.7412085260605
562.1640421985988
550.9118065059573
554.2089422275548
552.5116088179603
558.4692145440713
556.6068219004391
545.1775798992784
550.8049400278666
555.0689324886541
556.740255283832
551.3868714216698
565.6400256905476
558.0942600025961
567.0094186405156
549.0331009195013
554.2101816079003
554.524293640852
555.6129316856137
547.505146426696
560.4383426908271
546.959933581798
547.9188148387537
555.7145996023395
566.9022687629559
552.7094441902301
561.5100120346392
556.5109579855042
564.7004850802683
550.8197370899595
551.7669450740034
556.2198825760569
549.991703561045
553.7026556090517
559.7387742191027
554.4771345125639
549.5478568527064
560.6760335379778
546.8571294077553
556.832447356756
561.960308768452
550.9898882067148
556.909095172769
564.4313350532829
552.1824652064331
562.0426847182883
555.0137453353708
557.8802998625739
552.5512501703662
560.9208601434607
554.9984214822418
549.9931215511742
540.6625488589793
553.9050569129769
547.732232387172
549.172680179249
559.6546171170021
554.9609779213358
558.0781082223536
553.1877082685446
558.4618921779231
546.8596955031502
553.7581263365691
560.2417639438166
556.292841253363
553.2384888533572
557.1321414136809
558.440654529165
553.2323013056998
557.483981456453
552.6880004243294
559.285681208878
543.207477346458
565.7605151644279
555.6355911896579
557.9474071621721
558.4614896279264
547.7840643482999
562.0275435104681
549.158087883263
556.5425076527456
560.5002586204987
559.6766689039074
558.2773463270615
554.9429511304413
540.7495620436351
550.1694990570622
555.8877980276027
554.0062387815251
553.3831495053784
549.8779232297502
550.789631840904
553.0902776471295
562.9841107164518
556.9598643135391
555.0537465448681
557.6688311559707
560.2555832266743
557.2010137962566
552.1374013879627
558.4632130099272
562.4799243368295
556.2083841928179
542.5427078766785
552.3814227614234
548.6382934955208
552.250486819438
555.053967288652
558.8045071185269
556.4410767848
546.2321406803001
556.1868410352293
554.6296882113336
568.2263448859608
549.382266788897
561.4919765558559
555.132018342083
570.6329236368088
556.9282845370433
558.2166706671093
552.9729117548997
551.7624101163478
563.2569588572707
555.3082558461664
556.8794856059234
558.0520045532804
562.3534383586275
553.9361235603653
554.5248621644708
556.6318564855859
556.5155460947108
548.9273872493832
558.0429273532227
552.0941123059237
567.5350219719553
549.1220439214139
559.4484826844599
555.7709942618501
560.4482189160469
564.6743113195789
553.988032536298
563.6191040377468
558.050334334382
551.2535755831844
561.6672861830143
558.0838747431882
550.8857978748184



The list of best values average 

167.4204175540943
118.73301831883555
118.76119147701714
105.87902982432522
104.43009852095463
103.73280503069464
100.08243791342342
103.67558106225725
103.18953304098201
102.7656272205442
108.646044857221
102.33795504355994
99.48490560624741
107.68068961007357
110.24869751600585
99.19257724493622
100.09315655305839
112.71973581026919
103.06686149263915
109.15413621593562
103.55457660263843
100.48257619231308
112.0673747428329
109.06397647520912
109.64875694716402
99.86267939618993
99.86340649031453
114.72382755932335
104.47579026901442
106.97468372591882
107.58750353864711
99.9261000015139
110.68929208727819
107.73562436915239
106.93361757633683
105.03116468094225
105.9759757232187
95.90004360354645
103.21903866101343
100.73490407987836
104.01711730571137
102.16184495890703
95.7552302181462
92.29848760425232
93.10257320358757
94.89967905348453
93.00953193833719
93.38733513680971
87.8100899415238
86.99616426690092
93.22191532703323
86.31178997715519
79.99232477321088
91.64134903759305
79.86832028401635
76.34751672179453
74.48962575770993
66.15321213801805
57.703860832535156
49.13025737963352
40.53298584036738
41.78769113814664
42.354165632288534
33.87128734451192
31.787324676631897
32.53706496076865
31.787324676631403
31.78732467663142
32.17085404612198
31.78732467663114
31.787324676631023
31.787324676631048
32.60279706037381
32.236586145727806
31.787324676631034
31.787324676631073
31.787324676631098
31.787324676631
31.78732467663111
31.787324676630988
31.787324676630917
31.787324676631012
31.787324676630973
31.78732467663097
31.787324676630956
31.787324676631048
31.7873246766309
31.78732467663101
31.78732467663102
31.787324676631012
31.787324676631062
31.787324676631005
31.787324676631073
31.787324676630927
31.787324676630945
31.78732467663097
31.787324676630945
31.787324676630956
31.78732467663099
31.787324676630952
31.787324676631055
31.787324676630842
31.787324676631027
31.787324676630895
31.787324676630952
31.787324676630988
31.787324676631066
31.787324676631016
31.787324676631073
31.787324676631
31.787324676631005
31.787324676630842
31.787324676630995
31.787324676630938
31.7873246766309
31.787324676631073
31.787324676631016
31.78732467663109
31.787324676631087
31.78732467663107
31.787324676630927
31.78732467663104
31.78732467663102
31.787324676631076
31.787324676631073
31.787324676630995
31.78732467663093
31.787324676631076
31.787324676630888
31.78732467663111
31.787324676631105
31.78732467663107
31.787324676631105
31.787324676631012
31.787324676630995
31.787324676631037
31.787324676631098
31.787324676631002
31.787324676631062
31.78732467663106
31.787324676631044
31.78732467663111
31.78732467663115
31.787324676631034
31.787324676631087
31.787324676631098
31.787324676631034
31.787324676631012
31.787324676631087
31.78732467663102
31.78732467663092
31.787324676630902
31.787324676630924
31.787324676631062
31.787324676631062
31.787324676631112
31.787324676631073
31.78732467663106
31.787324676630945
31.78732467663108
31.787324676631084
31.78732467663103
31.787324676631048
31.78732467663113
32.15353559127713
31.787324676631115
32.17085404612207
31.787324676631112
31.78732467663105
31.787324676631073
31.78732467663108
31.787324676631066
31.78732467663108
31.787324676631044
31.787324676630945
31.787324676630995
31.787324676631076
31.787324676631048
32.67228559127709
31.787324676631073
31.78732467663109
31.787324676631044
31.787324676631076
31.787324676631087
31.787324676631005
31.787324676631066
31.78732467663112
31.78732467663117
31.78732467663099
31.787324676631123
31.787324676631247
31.787324676631194
31.787324676631183
32.30607467663122
31.78732467663119
31.787324676631247
31.78732467663126
31.787324676631563
31.787324676631513
31.787324676631457
31.78732467663133
31.787324676631503
31.787324676631492
31.787324676631528
31.78732467663143
31.787324676631453
32.17085404612239
32.153535591277524
31.787324676631357
31.787324676631325
31.78732467663129
31.787324676631485
31.787324676631552
31.787324676631474
31.787324676631343
31.787324676631467
31.787324676631396
31.78732467663149
31.78732467663149
31.78732467663149
31.78732467663143
31.78732467663126
31.78732467663147
31.7873246766315
31.78732467663153
31.78732467663154
31.78732467663138
31.787324676631474
31.787324676631435
31.787324676631403
31.78732467663147
31.787324676631535
31.787324676631524
31.787324676631528
31.787324676631386
31.78732467663139
31.787324676631446
31.78732467663154
31.787324676631513
31.78732467663143
31.78732467663141
31.787324676631503
31.787324676631478
31.78732467663153
31.787324676631258
31.78732467663153
31.787324676631503
31.78732467663135
31.787324676631464
31.787324676631485
31.787324676631382
31.787324676631492
31.787324676631503
31.787324676631446
31.787324676631453
31.787324676631496
31.78732467663151
31.787324676631428
31.787324676631517
31.787324676631442
31.78732467663147
31.787324676631457
31.78732467663137
31.787324676631446
31.787324676631417
31.7873246766315
31.787324676631464
31.7873246766315
31.787324676631517
31.787324676631474
31.78732467663146
31.787324676631467
31.78732467663157
31.78732467663145
31.78732467663152
31.78732467663142
31.787324676631524
31.787324676631368
31.787324676631297
31.78732467663126
