----------Report of simulation of Quantum Parallel Tempering - Population Annealing v2-----------
The number of considered Spin24
The considered Annealing Duration 240
The considered Annealing Number 100
The considered T 1.0
The considered Gamma0 1.0
The considered Number Of Replica 4
The considered Number Of System Tempering 4
The considered Number Of System Population 4
The solution found [ 1.  1. -1.  1.  1.  1.  1. -1.  1.  1.  1. -1.  1.  1. -1.  1. -1.  1.
  1.  1. -1.  1.  1.  1.]
The value found 20.426263664066482
The Success probability is 0.0
The average value is 20.426263664072845
The total execution time is 189.37711930274963
The average time for execution is 1.8937704396247863
The average time for all systems update is 0.0078538738489151
The average time for system tempering update is 0.0009980659807721775
The average time for system population update is 86.9065899848938
The average time for replica update is 0.00023759901182105145
The average time for spin update is 9.623363769302765e-06
The list of values found 

20.426263664074213
20.426263664066482
20.426263664073304
20.426263664074668
20.426263664075577
20.42626366407376
20.42626366407285
20.42626366407376
20.42626366407103
20.426263664072394
20.426263664074668
20.42626366407376
20.42626366407285
20.426263664069666
20.426263664075123
20.426263664074213
20.426263664074668
20.426263664073304
20.426263664074213
20.426263664072394
20.42626366407285
20.42626366407012
20.426263664072394
20.426263664075577
20.426263664071485
20.42626366407376
20.426263664073304
20.42626366407376
20.42626366407194
20.426263664075123
20.426263664073304
20.426263664075577
20.42626366407376
20.42626366407103
20.426263664071485
20.42626366407285
20.426263664075123
20.426263664074668
20.426263664075123
20.42626366407103
20.426263664074213
20.426263664074668
20.42626366407012
20.426263664074668
20.42626366407103
20.42626366407376
20.42626366406921
20.426263664070575
20.426263664071485
20.42626366407012
20.426263664074668
20.426263664074668
20.42626366407012
20.426263664074213
20.426263664069666
20.426263664074213
20.426263664074213
20.426263664075577
20.42626366407285
20.42626366407376
20.42626366407376
20.426263664074213
20.42626366407012
20.426263664074668
20.426263664074213
20.426263664072394
20.42626366407376
20.426263664072394
20.42626366407376
20.426263664072394
20.42626366407103
20.42626366407194
20.426263664074668
20.426263664070575
20.426263664072394
20.426263664074213
20.426263664076032
20.42626366407285
20.42626366406921
20.4262636640683
20.426263664074668
20.426263664072394
20.42626366407194
20.42626366407285
20.42626366407376
20.42626366407285
20.426263664075123
20.42626366407376
20.426263664074668
20.42626366407376
20.426263664067392
20.426263664073304
20.426263664073304
20.42626366407194
20.426263664072394
20.42626366407103
20.426263664072394
20.426263664070575
20.4262636640683
20.426263664074213



The list of values first execution 

624.6111873010079
1187.3131563657994
804.5670617441496
822.4977845547256
703.5642477731811
773.3580284719035
764.8837688243483
767.5254465385063
575.0903639710355
719.8525369516955
663.4998555354008
775.0708015401809
678.6949310722988
700.6806737499693
904.9826054585533
817.2810606416338
599.0728175147467
668.7839998249169
598.9079938769703
546.8779582451328
705.4220770486597
563.9592632011762
687.7389855202232
680.9660327306116
679.7158796071363
801.1456424396708
581.2378291377302
833.7781433920023
627.9514026115935
652.1814654083071
760.0804560484428
779.7700936363877
644.2067340193993
506.5472908857979
611.3910327748096
572.5407697593191
672.4092298430179
616.0880470433412
630.589322129542
540.9252456573546
756.4610937437037
588.0883943536013
685.1150041220868
619.7649358942728
620.4898573435713
611.871207463891
543.5046426341486
480.1034695096196
643.1474063939794
592.157449240364
613.7260514447808
520.0253005444681
470.4881281967632
507.5374614414378
529.204021810438
449.40182046628166
470.8558921076914
478.5790046599101
421.86194804665837
380.0158155125541
531.8292166773257
444.9024228935927
464.0603321370929
393.64198816707966
432.1082919162169
415.0258804929109
410.52907836449083
347.44571502921144
427.64389758489864
415.0789725527197
411.9442345228562
392.6042698051192
457.46721817275215
392.9601769418346
451.7277464929304
422.6181338876101
468.6660755163979
454.79050504963595
396.55145504506334
494.9102232318546
403.70722459246184
396.7113053795864
429.69605263342413
457.3391097172
445.6356010142295
465.29509026955776
426.08037714312104
386.639482543731
363.30196294667735
498.96682011426157
403.04251783421347
401.5303817610384
401.25101968652865
451.5195081118226
420.31588852509645
393.39964210225105
366.6245951058122
392.7448832246861
320.1077000466883
388.38664987950807
291.8356324492916
358.9455592933152
327.6287993546155
372.5516754273799
418.5879644451105
464.299637548777
413.6009573758382
485.07122645021803
403.64465199261883
354.876271664251
394.5971861470496
440.69389060045137
340.79320781399485
461.9830132589465
375.01238759714346
360.1287263488837
406.05253960939456
406.11287424637675
465.4113236848071
439.5279236512048
352.7210193915905
379.1458398427696
468.9346460504777
454.5310956994792
368.78406738138915
428.8879204484554
475.85493464978714
429.56471943078714
388.79162170641393
413.1517729749023
398.47855282742137
456.4172575096126
479.5619912993149
393.3992000181053
420.0422818687821
429.7286943045029
396.5068102204519
383.18118637785204
367.98765049007386
378.8691101680109
424.59674033983845
420.8512691972921
377.051229094306
374.42779492109855
453.79103917774006
436.87687455666105
453.07071679046885
366.2869895165636
403.70789629926225
398.01793537502823
435.74195188252816
454.6456488315061
411.289880484068
480.730236048804
454.0918082744887
501.67829969670066
540.1784899151896
582.9938521762218
389.0875972812782
420.201787620791
404.5982149056914
363.22744723236275
466.40813196621235
363.4977788453833
544.5968878896007
424.0080900197747
415.7963119055113
350.6089375072003
436.8376090954716
427.1103590508083
448.2650801312053
397.75311352430606
394.28407220333764
425.4620473188623
414.9144736088581
440.77532716374157
449.2892366106621
465.6039790905842
396.3336449658307
459.8816007812187
430.18595644210404
442.2234508980133
390.47434250962215
504.89450469099154
489.8600408097682
399.61221219563436
374.7132363988273
453.56165074089483
455.89982868551476
364.62644250460244
473.02780812531546
465.6046707944123
440.3875015917233
446.82271920042416
381.13928354740625
459.43491280371364
384.53116119025947
460.26925921404546
440.25167320793184
398.0911743424585
368.49056099309024
326.4360271792592
317.4057211790981
364.0900199687742
497.8388394746115
453.40357512820003
414.17785480899477
380.5778976792204
418.7332280405393
386.99904345832215
410.95880621026504
389.4608397082
352.65572252806766
435.9353711682106
358.4457172838367
515.3138899775878
387.21330341385914
411.4140436466741
439.5732552584054
446.3916255296833
491.9865043522258
432.4018038692887
498.9118012520227
389.84484453332306
472.46793512671377
379.83717269316026
366.69734542317815
446.54557291279013
507.0662993707104
354.63728994050723
385.80259007860263
372.2309994211661
390.2162539423472
402.16296256388114
394.3983457056611
445.18941450950734
331.8201070697022
346.75905520107625
466.4420735131657
390.355562418283



The list of best values first execution 

152.24999999999886
20.426263664078306
71.9262636640783
100.75
120.42626366407922
111.325791976461
61.350471687615936
120.42626366407967
71.92626366407967
111.3257919764601
123.42626366407922
100.74999999999909
71.92626366407922
111.3257919764601
61.350471687617755
20.42626366407876
20.42626366407967
120.42626366407649
71.92626366407853
111.3257919764601
20.42626366407876
61.35047168761707
123.42626366407967
61.350471687618665
112.85047168761821
61.3504716876173
61.350471687616846
112.85047168761525
61.350471687617755
111.32579197645964
112.85047168761821
61.350471687618665
20.426263664077396
71.92626366407808
20.426263664080125
71.9262636640783
112.85047168761594
111.32579197645964
100.75000000000091
20.42626366407876
152.2499999999975
112.85047168761821
112.85047168761821
120.42626366407603
120.42626366407785
116.52710932626223
59.82579197646078
20.42626366407967
100.74999999999977
20.42626366407785
61.350471687616846
20.426263664076032
20.42626366407967
20.426263664080125
20.426263664080125
20.426263664077396
20.426263664077396
20.426263664077396
20.426263664077396
20.426263664077396
20.426263664077396
20.426263664077396
20.426263664077396
20.426263664077396
20.426263664077396
20.426263664077396
20.426263664077396
20.426263664077396
20.426263664077396
20.426263664077396
20.426263664077396
20.426263664077396
20.426263664077396
20.426263664077396
20.426263664077396
20.426263664077396
20.426263664077396
20.426263664077396
20.426263664077396
20.426263664077396
20.426263664077396
20.426263664077396
20.426263664077396
20.426263664077396
20.426263664077396
20.426263664077396
20.426263664077396
20.426263664076032
20.426263664077396
20.426263664077396
20.426263664077396
20.426263664077396
20.426263664077396
20.426263664077396
20.426263664077396
20.426263664077396
20.426263664077396
20.426263664077396
20.426263664077396
20.426263664077396
20.426263664077396
20.426263664077396
20.426263664077396
20.426263664077396
20.426263664077396
20.426263664077396
20.426263664077396
20.426263664077396
20.426263664077396
20.426263664077396
20.426263664077396
20.426263664077396
20.426263664077396
20.426263664077396
20.426263664077396
20.426263664077396
20.426263664077396
20.426263664077396
20.426263664077396
20.426263664077396
20.426263664077396
20.426263664077396
20.426263664077396
20.426263664077396
20.426263664077396
20.426263664077396
20.426263664077396
20.426263664077396
20.426263664077396
20.426263664077396
20.426263664077396
20.426263664077396
20.426263664077396
20.426263664077396
20.426263664077396
20.426263664077396
20.426263664077396
20.426263664077396
20.426263664077396
20.426263664077396
20.426263664077396
20.426263664077396
20.426263664077396
20.426263664077396
20.426263664077396
20.426263664077396
20.426263664077396
20.426263664077396
20.426263664077396
20.426263664077396
20.426263664077396
20.426263664077396
20.426263664077396
20.426263664077396
20.426263664077396
20.426263664077396
20.426263664077396
20.426263664077396
20.426263664077396
20.426263664074213
20.426263664077396
20.426263664077396
20.426263664077396
20.426263664077396
20.426263664077396
20.426263664077396
20.426263664077396
20.426263664077396
20.426263664077396
20.426263664077396
20.426263664077396
20.426263664077396
20.426263664075577
20.426263664077396
20.426263664077396
20.426263664077396
20.426263664077396
20.426263664077396
20.426263664077396
20.426263664077396
20.426263664077396
20.426263664077396
20.426263664077396
20.426263664077396
20.426263664077396
20.426263664077396
20.426263664077396
20.426263664077396
20.426263664077396
20.426263664077396
20.426263664077396
20.426263664077396
20.426263664077396
20.426263664077396
20.426263664077396
20.426263664077396
20.426263664077396
20.426263664077396
20.426263664077396
20.42626366407694
20.426263664077396
20.426263664077396
20.426263664077396
20.426263664077396
20.426263664077396
20.426263664077396
20.426263664077396
20.426263664077396
20.426263664077396
20.426263664077396
20.426263664077396
20.426263664077396
20.426263664077396
20.426263664077396
20.426263664077396
20.426263664077396
20.426263664077396
20.426263664077396
20.426263664077396
20.426263664077396
20.426263664077396
20.426263664077396
20.426263664077396
20.426263664077396
20.426263664077396
20.426263664077396
20.426263664077396
20.426263664077396
20.426263664077396
20.426263664077396
20.426263664077396
20.426263664077396
20.426263664077396
20.426263664077396
20.426263664077396
20.426263664077396
20.426263664077396
20.426263664077396
20.426263664077396
20.426263664077396



The list of values average 

549.4145285016351
1311.3366851005828
730.4529093446795
813.0694090989147
767.8301819876831
717.977356243436
745.2478124101075
725.862715456139
730.8693456072807
743.1005170149829
720.7302974534746
747.9657339318239
728.4562614245942
739.2108742483185
721.2863178646054
727.6394178797043
717.0617561050125
720.743857752631
719.7609444502936
731.7772779607461
715.7239505821902
735.8675301971944
712.7444320603092
717.1418113969152
700.9016063997494
703.5135658089233
680.0489435028621
684.7021104975186
677.2009344868893
663.8466389861816
655.9785647096816
643.0364495932735
636.5380817761825
610.7182531062829
603.6870543163636
596.3636658861008
602.0893017207004
589.6033676389981
593.713491352044
587.6620600357636
566.2287797968135
568.2532055213586
578.6250641776395
552.9798043645919
558.1846010909845
557.4155027499645
554.1949537477577
544.9623936207296
543.753180571862
532.4366714549172
525.561706879196
501.23484304893185
471.2964085238154
468.22372705703054
441.74150687461633
441.35786739712233
433.0605482392084
427.4708355198966
425.4749321779865
409.51608768114545
413.1938573821741
408.2157144068519
414.82632227245256
408.3338290021721
416.49112342938867
409.348940498252
413.83403577340977
416.2581861301022
419.3185326233894
416.8096737958893
418.94580644409973
412.32489755598124
417.60316401092757
408.6851382423271
413.19980312680275
414.4969217910553
405.9811428352697
417.9946919602039
414.9187596783943
419.5827145131239
424.1346008534259
413.02807332171443
415.9363936656696
413.2780998687276
418.42270674433166
418.0368124749084
412.00123748166214
416.19444418244615
410.71152287613705
410.2902218584587
413.15212909905694
407.0575573139565
413.84082884478363
408.24763242301367
409.9401162536302
408.6094593169625
423.8567034307431
413.833691503705
408.7998852894741
407.3383627639744
408.8910791201803
408.3948480488097
411.97194704532416
413.4768465416347
406.9836797117575
410.0481498519362
411.6897181002231
420.7486218377192
413.63501927123673
421.20276820476465
408.24001994286675
408.66490716142187
412.7935108520738
410.52337522655756
418.0400638308184
410.72251692714525
422.39326430958033
408.84537466725385
417.9538240889007
413.3147840173183
417.1004009442261
410.62459971408737
414.5783907246029
414.42829332720976
411.7528429192614
407.2039862801206
418.81925754208385
413.68439993304133
419.89094457947266
416.6217923097246
410.03442889462144
411.98005425628105
419.1798921762288
416.568622110158
416.3643850707047
413.7749772129334
411.8867991987308
415.16980285899996
417.0940716491293
424.5176536794856
411.56786484884714
424.96337391651895
416.7686490463819
419.6359920875948
404.285582836914
411.9853560157128
412.84416811395135
412.6382880491849
407.90855993360594
410.90773184596503
408.43553799909597
414.574076000423
418.06499099198555
421.7805346619993
406.89702298039816
415.4978049831459
412.3209110570942
420.5298134458183
414.90902632030947
411.0309762495071
425.55102434391745
418.6268805091609
409.77278312004614
419.8871723481447
416.9353673132558
413.4774168632601
415.51944211474677
403.61502125777116
410.98357438833705
410.74621283550096
408.8857177191133
408.9487160044017
418.22776909264076
415.8335552907394
414.5394422858232
417.9125041919604
417.321825538289
412.4022872960223
409.25378388341807
413.3147180553873
411.8106684403306
409.3726466983302
418.7706415690431
408.48361747494914
419.1739737314829
414.6453017065553
413.9593797738754
418.46774783784514
417.7108658068044
410.0760335795299
416.39152410884316
419.7291752516011
407.13674084536854
414.4852505335694
415.21997524267243
424.5574718341476
414.41506584308814
421.9579527259683
414.59961308167914
412.40145822930384
418.91272158691805
405.25760562706927
412.074228505973
409.9142040049529
422.23754234926207
416.5157252164258
407.9160882763046
416.3216656799811
410.2941872808863
417.03584615059486
408.5641445794082
411.18936904057915
412.7308940529017
419.128684403124
409.52543160221796
412.59813033746735
406.4597202549925
417.0368883814691
414.7088457801932
411.4212388318233
414.4252206511856
413.14333554072965
417.4064696369498
412.37724172431064
411.5878391012968
414.8762359464044
415.9108752352022
411.302156568495
420.34977808751364
411.69932866630376
418.7172300251966
418.37472809621556
412.1823226208218
422.6162735148674
408.6473620656287
406.657744346247
413.5413278436651
408.1408009660782
409.81396202509603
414.54939513086714



The list of best values average 

115.4773746551236
80.0844523695212
88.7426065249488
75.12222724516981
74.61776132300605
73.05451180531354
77.3895239596468
82.45642281870077
71.08606338355696
76.9417749503558
81.0322779156229
73.29308008926013
72.29800161434679
82.32506351467298
73.99054726413196
69.57738614042108
71.77298811033738
77.86546926357401
79.15219643131665
76.733673127532
76.91565723936719
77.1520176317661
74.15985047681731
74.80450592932452
72.04811186439784
71.05176392047615
77.45941926082179
68.52135346148438
76.76069244117886
74.83505465941094
78.70949289577455
73.09559465566716
68.79260792961158
78.7986298947869
68.617964430639
77.84402869836539
69.21378419750957
80.06955580124011
75.39273097824048
69.32382112797535
71.01032299222231
71.28303924787468
72.24880759253314
69.86130204941271
68.62311161391469
69.46173647184008
62.185579189277526
67.13312025918836
57.02516447668322
68.3483658905177
52.775122592164045
33.50860116914046
23.63921311751506
21.623496310560846
20.82025894720113
20.426263664077304
21.80224747617148
20.426263664076988
20.426263664077002
20.42626366407697
20.426263664077013
20.426263664076966
20.426263664077
20.426263664076963
20.426263664076824
20.426263664076963
20.426263664076938
20.426263664077
20.42626366407699
20.426263664076906
20.426263664076902
20.426263664076995
20.426263664077016
20.426263664076984
20.426263664077005
20.42626366407693
20.426263664076984
20.426263664076927
20.42626366407698
20.426263664076977
20.426263664076988
20.426263664077
20.426263664077
20.42626366407696
20.426263664076934
20.426263664076977
20.426263664076934
20.42626366407693
20.426263664076966
20.426263664076934
20.426263664077005
20.42626366407705
20.42626366407697
20.426263664076878
20.426263664077
20.42626366407696
20.42626366407695
20.426263664076963
20.426263664076888
20.42626366407699
20.426263664076913
20.426263664076906
20.426263664076963
20.426263664077037
20.426263664077073
20.426263664077066
20.426263664076963
20.426263664077
20.426263664077005
20.426263664076973
20.426263664076934
20.426263664076956
20.426263664077
20.426263664076856
20.42626366407684
20.42626366407702
20.426263664076806
20.426263664076956
20.426263664076895
20.82025894720086
21.229501027436203
20.82025894720072
20.426263664076792
20.42626366407692
20.426263664076725
20.426263664076853
20.426263664076856
20.426263664076924
20.426263664076966
20.42626366407687
20.820258947200536
20.82025894720065
20.8202589472008
20.820258947200738
20.82025894720064
20.42626366407681
20.82025894720067
20.426263664076842
20.82025894720048
20.426263664076824
20.42626366407674
20.42626366407686
20.426263664076828
20.426263664076803
20.426263664076842
20.426263664076796
20.426263664076796
20.426263664076888
20.42626366407686
20.426263664076814
20.426263664076668
20.426263664076874
20.426263664076878
20.42626366407684
20.42626366407689
20.426263664076675
20.426263664076796
20.426263664076775
20.426263664076743
20.426263664076682
20.426263664076725
20.835505744312176
20.835505744312144
20.83550574431224
20.820258947200514
20.820258947200724
20.426263664076664
20.835505744312094
20.835505744312172
20.820258947200635
20.835505744312176
20.835505744312258
20.83550574431216
20.820258947200635
20.835505744312105
20.835505744312194
20.82025894720068
20.820258947200617
20.835505744312094
20.820258947200593
20.426263664076778
20.42626366407683
20.426263664076643
20.835505744312115
20.835505744312208
20.835505744312094
20.83550574431206
20.835505744312048
20.835505744312055
20.835505744312155
20.835505744312115
20.835505744312044
20.835505744312137
20.83550574431216
20.83550574431207
20.835505744312165
20.835505744312194
20.835505744312172
20.820258947200625
20.835505744312275
20.820258947200607
20.83550574431214
20.8355057443122
20.835505744312247
20.83550574431197
20.835505744311902
20.42626366407669
21.22950102743611
20.83550574431205
20.835505744312137
20.83550574431218
20.820258947200692
20.8355057443122
20.83550574431227
20.835505744312027
20.83550574431201
20.83550574431207
20.835505744312197
20.835505744312112
20.42626366407683
20.83550574431223
20.83550574431209
20.835505744312037
20.8355057443121
21.244747824547474
20.820258947200806
21.638743107671328
21.2295010274361
21.6387431076714
20.820258947200728
21.229501027435987
21.22950102743602
21.653989904783035
21.229501027436047
20.820258947200568
20.426263664076927
20.426263664076778
20.426263664076615
20.42626366407676
20.426263664076757
