----------Report of simulation of Quantum Parallel Tempering - Population Annealing v2-----------
The number of considered Spin56
The considered Annealing Duration 1120
The considered Annealing Number 100
The considered T 1.0
The considered Gamma0 1.0
The considered Number Of Replica 4
The considered Number Of System Tempering 4
The considered Number Of System Population 4
The solution found [-1. -1.  1.  1.  1.  1.  1.  1. -1.  1.  1.  1.  1. -1.  1.  1.  1. -1.
  1.  1.  1. -1.  1.  1.  1. -1.  1.  1.  1.  1. -1.  1.  1.  1. -1.  1.
  1.  1. -1.  1.  1.  1.  1. -1.  1.  1.  1. -1.  1.  1.  1. -1.  1.  1.
  1. -1.]
The value found 206.68390292592994
The Success probability is 0.0
The average value is 206.68390292610064
The total execution time is 4295.6433000564575
The average time for execution is 42.95643187761307
The average time for all systems update is 0.038311929579292026
The average time for system tempering update is 0.004897358239229236
The average time for system population update is 2066.033016681671
The average time for replica update is 0.0011882674787858766
The average time for spin update is 2.09418326860997e-05
The list of values found 

206.68390292614095
206.68390292615186
206.68390292605727
206.6839029260591
206.68390292604272
206.68390292614095
206.68390292608456
206.6839029261373
206.68390292614822
206.68390292618824
206.68390292613003
206.68390292606637
206.6839029260882
206.68390292614276
206.68390292608638
206.68390292613367
206.68390292603544
206.68390292606273
206.68390292611912
206.68390292610275
206.68390292610457
206.6839029261082
206.68390292605545
206.68390292611184
206.6839029261264
206.68390292607182
206.6839029260991
206.68390292604272
206.68390292605
206.68390292612094
206.68390292613003
206.68390292602817
206.6839029261555
206.68390292619551
206.68390292613003
206.68390292608638
206.6839029261646
206.68390292606819
206.6839029260227
206.6839029260591
206.68390292621007
206.68390292618824
206.6839029261082
206.68390292605727
206.68390292605727
206.68390292611366
206.68390292602817
206.68390292615186
206.68390292606819
206.68390292620643
206.68390292614822
206.68390292592994
206.68390292601543
206.68390292603908
206.68390292615732
206.68390292606273
206.68390292612457
206.68390292616277
206.68390292614458
206.68390292603726
206.6839029261373
206.68390292607182
206.6839029260609
206.68390292613185
206.6839029261646
206.68390292610638
206.68390292607728
206.68390292613003
206.68390292608274
206.68390292612276
206.68390292602453
206.6839029261737
206.68390292612276
206.68390292605727
206.68390292609
206.6839029261264
206.68390292613003
206.68390292606819
206.68390292618278
206.68390292596632
206.68390292619915
206.68390292618278
206.68390292608274
206.68390292611912
206.6839029261373
206.6839029261082
206.68390292613003
206.68390292613185
206.68390292606455
206.68390292610638
206.68390292608274
206.68390292603
206.68390292600634
206.68390292605545
206.68390292612094
206.68390292605363
206.68390292610638
206.6839029260591
206.68390292610093
206.68390292609547



The list of values first execution 

3091.6027048429373
8074.380006400369
5069.320806907684
5120.131964011998
4957.122923545843
4498.554669789489
3364.073469413644
4213.720736256937
4974.295670915169
3232.7258111123597
4283.231032471342
4273.032458447485
4133.967349722989
4160.685293716719
4723.610006436232
4268.174330881093
4468.454344231219
3977.1643140298065
4434.280602154353
4351.999850830842
3773.770173189294
4124.422001291565
3855.5343709761496
4306.331384794614
3981.289594945371
4483.07819135133
4094.5488093607205
4143.60549090808
4055.5197592858644
3938.066303151474
4259.966830316479
3831.81778340833
4075.988538435402
4278.935132714516
3695.6189488631435
3948.9174643111564
2993.8197677170174
4148.173815658924
3839.2949526700927
4115.961047571704
4291.785461175918
4100.319062710948
4057.780657853537
3878.759905105697
4052.9651895335705
3908.511116938389
3925.030828028695
4118.904847794306
4031.4083388730546
4395.989467921509
3863.4396564556496
4461.667634013445
3750.178201602643
4274.771492263218
3339.463814704952
4178.464932230443
4003.0637701544197
4199.868401194416
4350.071935345848
4216.626422641699
4263.963054675884
4508.603574797541
4227.659952627416
4757.90782167957
4797.006437565052
5008.2189401172
4648.798685739748
4823.0152591769465
4675.963183616129
4280.140126449223
4768.460449950459
4753.1475991933075
5329.590388473037
4414.196945604755
4983.598252142576
4793.153219076674
4651.1872308517995
4654.11373300631
3989.3093332939216
4658.274843130207
5037.967747297425
4460.343171078485
5046.138925612341
3907.474603451539
4980.858562383063
4235.445997380577
5087.825957924433
4475.714979146871
4235.966972967488
4633.152479972126
3882.839373126164
4373.476913761859
4189.822428355242
4356.609788285759
4252.49379809649
4111.8889355009205
4389.475369706555
4230.603490653951
4272.647894178717
3939.5060689256657
4340.007378622845
4359.377719233594
4268.172340253613
2871.977084726092
3773.284984000875
3691.9038312414727
3478.3304506553386
3529.902497959391
3734.556007678832
3698.4448743286944
3262.7789935937744
3786.7755888186157
3219.999480400827
3513.1028251504426
3723.537516965002
3618.6321090730876
3593.89440308393
3541.798318036301
3385.208874986969
3690.8858016845243
3513.717631494856
3084.117099804617
3779.768462712817
3309.048332240035
3399.6899493540823
3545.0130198918787
3377.592114568045
3426.403586043695
3845.308507905006
3277.0349696823487
3410.1742063574548
3568.254720588472
3529.9677771381002
3436.754681937254
3371.47569602668
3610.7222694983575
3311.167035806404
3482.331999385927
3131.1288330098287
3427.565604557931
2883.6008456925056
3513.3745935762863
3254.3838452866858
3006.6074439002355
3293.817849617557
3274.5479848895047
3598.0620140482893
3124.081282416939
3134.7678077969163
2915.8919144682122
3078.893904041853
3143.1596701352887
2959.9126434043096
3267.1390455173555
3036.348358663367
2984.3079982042277
3073.3063123363127
2916.6057087700933
3093.6059225486624
3194.5462599743514
3206.0211369358426
3360.360860455891
3073.0967138352603
3026.510136247541
3389.9485359093997
3248.272729476236
3288.58196520024
3288.305492203019
3386.5645236748737
3346.702529157041
3220.7910437438695
3536.2378536913116
3292.4052031382735
3438.7099547226608
3061.7447389653034
3084.3398490959867
3319.527760316526
3299.249124031957
3185.056376930713
3365.148127888716
3456.7268708029146
3514.619376913471
3445.0135056541017
3390.4676689376897
3238.0324859003354
3544.65174655866
3220.0579928610364
3465.1840482858483
3661.755657986755
3369.136829520326
3310.5301068937806
3570.7012500154233
3425.6666967538754
3539.7049577012676
3101.5824114151633
3305.825402075214
3194.184806764515
3377.3196994688224
3295.6360390871996
3676.990494260347
3473.7830940988156
3337.1580702163506
3299.2061589973173
3490.900987427631
3483.3431777895953
3471.2980915808666
3745.0377494177483
3446.7952014510893
3431.4374332771868
3393.2776247554903
2731.974860840486
3298.316068719205
3104.175823198221
3565.8460151941717
3049.8038903930487
3872.802945130025
3092.141324693745
3196.6828768291357
3315.7939756620817
3381.383738290873
3287.653712398852
3152.3476062343198
3457.829722761621
3601.6655324868634
3237.846990876707
3562.1560708565626
3008.1480762531905
3394.853034393514
3250.426997608162
3255.778530685797
3397.8367112904207
3103.8773735634595
3230.304205340259
3078.257547671394
3340.218419385152
2994.7936527260013
2976.0823847078705
3048.3774190666563
3217.244597226177
3422.5792466014227
3246.1132289964344
3127.1852028224375
3279.729948517299
3215.9428213668316
3258.1350633507504
3153.11455633822
3384.6900246567884
3135.6955216692436
3495.1944778661486
3271.026630494961
3317.6291172761466
3093.527401198798
3351.316002760472
3308.88099759921
3242.5884132079923
3528.5034981108
3315.401712439917
3499.4201574867798
3654.859195922118
3414.359265242063
3706.8530776301823
3334.3144943524153
3449.1229164331694
3400.4603863971447
3632.91192586851
3312.56493164652
3459.52132026204
3172.730309727788
3279.187635729961
3382.6515320096373
3352.425295299184
3248.22658931114
3225.5207851126547
3275.04978322785
3160.879730829151
3451.3172994804845
3162.5116190606386
3555.8291807268242
3222.2523278472313
3245.2912888485157
3322.5154310333064
3431.576683778436
3021.7652565538815
3027.038746614983
2254.2993094544217
2991.1521327555397
2856.4359247291795
3048.361593117404
2742.6232623625974
2653.017619746956
2879.041849964922
3086.997964423908
2994.1994406143212
2839.3802833823715
3011.357885047917
2589.4216227471975
2883.828439811525
2869.665185028861
2984.923361721932
2776.971218873422
3334.0177398565374
3041.011956601142
3234.7907964829838
2969.8331938500364
2984.4306373171676
2956.1551428090556
2737.1477948298793
3077.7904355124097
3111.7680507690616
2900.523308577517
2598.5747315808094
2883.4230109453815
2797.6296569583915
3012.1078920312293
2706.850390215496
2825.9146307280853
2557.395540255528
3300.879835360397
2629.4485449730537
2819.2372655629442
2881.0486043405376
2700.7128648354937
2782.6708519368576
2876.468072019695
2541.3079896675504
2472.3501177057897
2787.8797074622853
2868.1866656953766
2600.023764267843
2580.021528573217
2471.253406256698
2625.087489780547
2556.533166058195
2506.4813312019974
2260.7171672627355
2562.3982494043134
2415.858976123843
1725.9814145345395
2496.5192032873647
2537.8935799319947
2900.4727680899587
2810.218352615595
2789.6195782680984
2991.9491601522877
2690.336423502242
2783.4691315221203
2702.646582660782
2807.850767117794
2872.5569985351003
2827.135950633638
2774.135461324509
2688.4840276559335
2818.0546376967773
2594.6452517914263
2809.144543155797
2731.480380025296
2721.9061548399086
2560.6355586253276
3148.5802613725778
2906.0019386214585
2752.5876687351406
2969.4673653172176
2685.4926483593395
2970.2060524166995
2760.7925139095646
2817.5317941774965
2513.18917312374
2926.5636295710815
2784.192634856934
2673.072760569754
2381.126155447465
2746.5615359054527
2628.118820856102
2938.6205162075953
2982.775210011143
2674.1003491127813
2491.967453566251
2599.2659174866176
2900.726722415995
2381.5258291373925
2768.484325391585
2638.6879621569055
2783.4414099339774
2865.3676006033616
2598.7151598942087
2933.306837127244
2652.2810065859526
2604.120702636892
2529.027231206789
2779.1549168186584
2628.0654942423616
2914.601540924248
2723.2530971072556
2846.0048985840917
2948.7951130805845
3100.4129589383624
2724.895182632935
2965.047252124705
3072.3153181535336
2846.044953107418
3128.160384739497
3019.439921509973
3220.7110649647607
3014.727889139042
2968.3764535085593
2956.254716800156
2864.4713858513696
2688.8891413549372
2726.5593248472073
2676.5116600742067
2670.1653227455604
2597.3481473186393
3223.2898766834437
2586.4548461695204
2854.1873653378457
3196.6846469861
2836.612888058158
2770.090438222469
2760.299317857459
2916.803982542405
3032.2974892187
2612.142115699854
2714.751266673698
2805.9724585018057
2774.095875511452
2901.4175967883457
2960.587231857658
2677.7390344521
2757.2230587407157
3125.1798088792107
3342.7715071904054
3108.9698731579033
3109.549005641506
3470.671160875177
3504.4135723041018
3307.6761752496077
3506.5357958449576
3447.7819808435806
3253.9199855537977
3420.051464342715
3506.74070782894
1977.0139718762996
2405.878349487426
2808.995456261644
2541.3654342653617
2750.8019896843516
2470.6087788537066
3251.0975852587408
2638.0970417686926
2483.475576843445
2479.468420070924
2600.192040703575
2608.6356875122433
2410.324005849972
2316.5817491021116
2614.1321611269536
2356.9391205838074
2867.275364564423
2549.7975029774143
2676.405265637895
2674.8839213706983
2682.7086270894642
2794.0100033701938
2567.5599377237036
2947.4870826111423
2599.353536189156
2958.464208842437
2629.8116284128937
2889.4342079935614
2907.6670223181018
2292.1635734060496
3428.8592059710777
2686.530411217945
2641.347271386825
2716.9371886812696
2889.4962597702893
2785.967393028183
2601.793742143822
2651.027675223448
2638.9248860927582
2544.4823987421773
2491.1819000288097
2734.4677741400164
3049.8296410323833
2856.06013839305
2629.2696466193465
3199.2080014385674
2802.2969513191465
3136.8328828508083
2334.3806092501104
2684.093925685075
2767.472062678818
2998.983990565154
3304.390601193039
3215.3771874070662
3169.8191402570483
3236.1103706058484
3603.198332745261
3175.149327883833
3405.750436392239
3779.3724873982246
3170.6272162584432
3528.0871825892073
3414.5137788805464
3369.428562514842
3145.439331183035
3166.924563965168
3110.1640646333535
3419.3068075981073
3348.169861406665
3350.030405639131
3208.5517452372055
3394.385812756064
3444.4448131010963
3776.044399060992
2864.6202426415357
3571.82060994542
3245.9814610801623
3345.206969460658
3196.9776238208447
3453.7617855160725
3276.2401177033476
2022.3710783724118
2917.3196504751522
2437.7291025962704
2545.0927272185827
2588.6718028769988
2731.441379759219
2527.3481457712164
2767.715750151301
2534.3126585527602
2679.4054464219435
2783.121755281031
2650.3529258571743
2500.886715435887
3027.7155746330905
2881.9515579360705
2780.750235614466
2717.204782200429
2759.269799664842
2973.007662394932
2544.4542880544473
2812.6027451801046
2284.181021358042
2824.212563315482
2746.5463570997126
2429.4332683660186
2457.981906275475
2586.1481916324788
2722.0981364102404
2702.127704429389
2578.9686768456595
2584.551779105517
2474.3683812343456
2699.0748273245654
2762.3659253795004
2891.464475829104
2503.358310392129
3096.5440414944333
2668.2854172164743
2641.1353327775223
2399.4974984172027
2839.1434829109535
2357.8285529253194
2481.099465383099
2434.562596428584
2756.194532428591
2856.7228959987615
2992.8794771749763
2614.7340479403415
2540.0997320313154
2665.539326527872
2654.2719531136045
2856.27263440551
2559.3167977652547
2626.010973517091
2368.7117628011715
2628.4437970973086
2651.9056415945392
2581.6070876140147
1980.4414549216197
2835.7080501137766
2913.749662016136
3379.9270345732884
3011.723125630069
3453.687151540124
3329.0404069342644
3045.204061120441
3492.4589354811865
3427.076725645887
3291.2198972310425
3293.4858725766335
3687.251317088523
3321.617910723162
3392.9621413228456
3459.331166114741
3498.343564599659
3234.5227581586764
3368.5890823981213
3284.9972662340624
3225.9149671692753
3516.9308928525998
3188.2350104240945
2987.176503568932
2947.4170685991935
2795.501972730254
2851.780281796469
2807.8129212312356
2581.027571414628
2584.873213480355
2901.011179500928
2813.6378589109718
2470.8642485078935
2984.570385121411
2403.644377295082
2878.9504009245816
2309.853109233258
2677.8477639210123
2652.726362360911
2716.4205044232313
2729.4718156030867
2823.8678301501914
2525.5002856638657
2524.54973656692
2765.56122288011
2533.7540287397883
2514.1607555913633
2587.544726040852
2637.163052449341
2964.1844637924078
2495.2333188976536
2793.1263011274755
2266.011508997669
1974.0122852293132
2581.5615216291944
2714.4328813266357
2726.573207582209
2919.964151515991
2649.6615387831084
2788.1124851658587
2891.1448678397423
2764.4290124085155
1983.956169971847
2088.8588672887645
2441.719542868934
3210.154051226412
3299.5939839812313
3768.381946701909
3212.655474037692
2964.138666936126
3574.721475264094
3076.5723837829555
3313.6501878775034
3117.973276571579
3325.517929008317
3353.123071680527
3273.8316295314526
3656.9813438498563
3443.98489921906
3151.0154136763285
3211.8008666020314
3469.6206829456783
3494.4424574971295
2962.142375138785
2348.8456753726114
2825.286605611753
2667.2196396075183
2797.1534803388226
2507.8905704409144
2714.7683206036468
2879.699981913156
2685.252638494062
2717.395026195417
2942.622588080402
2829.716075536601
3022.460229428616
2624.855194274214
2863.683154028611
2818.441223419042
2962.805778763998
2570.9687730857468
2801.6695456035736
3058.6288663514856
2886.79099889819
2914.906729957776
3197.7911916860016
3220.993108476243
3096.192732247579
2931.706937966397
2982.9397533561414
2880.228378325174
3056.222438846549
2638.128768746477
2860.5233472836894
2988.2463892273736
3105.414157614019
2999.086644721362
2674.7087697464704
3037.3816833818673
3173.8922727446807
2789.668898509791
3373.7449645899087
2590.0684664008645
2831.3772701291487
2794.359963235566
2871.9234427087267
2890.6818414796553
2665.662745707763
2572.1199645082866
2904.3039120954104
2913.8395188752643
3005.471403818234
2838.8361502399603
2772.1135737289965
2694.8039684732503
2845.967704057724
2958.970643139001
2785.119971133641
2720.520934920404
2912.7609753525508
2816.6907512279536
2603.0223403841246
3202.3524558644644
3081.1461100529978
3578.380010389772
3378.1917303301907
3363.4953738606114
3250.948300755165
3571.2701726400487
3358.3559593561477
3412.642174005718
3259.4191824981413
3275.895475091634
3494.7593241424024
3282.154432735525
3305.637212742683
2793.9464712744866
2881.7081970361824
2892.64804125944
3065.11123126479
2871.2966490164135
2709.1394331808365
3173.48446977488
3216.924191645696
3310.849642562767
3026.0391907443945
3198.2730761015805
3525.5677086612613
3253.9445630146574
3402.697491922618
3220.5946328466443
3255.4943286089847
3270.8350038877043
3539.7966421906826
3628.4162666161474
2825.3721607334655
3045.97995646149
3155.028016095198
2676.1930541919337
2826.1444888922715
2852.003741117656
2706.1454645053113
2890.8760695477504
2876.3969082082567
3055.805596673699
2859.520601305397
2894.5048432999693
2904.434026724292
3046.603031039058
3043.714063675786
3130.8905188676395
2951.7364158837718
2923.320164306409
2745.647004016061
3029.7245099295505
2944.8711851494604
2592.836345424822
2809.4278256569014
2985.818237456142
2788.463319718266
3053.5687373348937
3185.4208902406344
2954.8145700767313
2975.2813518810167
3073.2271197916425
2444.8452865522054
2852.363384493563
1785.5816622343816
2331.2633018361475
3049.575079161138
2614.8521040929986
2809.559320926786
2841.7763940682576
3059.55264284922
2972.281264233471
2809.258306778752
2913.191235544026
3029.0278748707515
2983.175189645121
2728.361732173977
2943.5898021965213
2850.537843644465
3184.619412125151
2925.0054644344496
2845.6565387181395
2628.6460862009003
3251.236463671539
3187.7994509523987
3163.8816074340248
3206.6190125903686
3285.775723630004
3372.6598936314304
3236.6960970238256
3244.8719738379627
3248.180173056493
3379.9487297325377
3074.972239196066
3243.317335200816
3518.037142613077
3313.3505689857766
2812.3662554192647
2344.2276448063067
2690.4092280126947
2547.1577005998306
2381.308577882855
2890.763877428602
2995.8961478212195
3218.8955475217836
3332.930152940729
3381.0910850825544
3214.721145847063
3369.000925417342
3322.301446994897
3148.982516962356
3397.536182986356
3092.566369562102
3774.9135994074413
2866.9912632536907
3343.4250534749854
3083.3795812806184
3162.923128269119
3080.257828383942
3424.486007332438
3243.3066253917823
3311.177371108154
3397.669071508733
3584.5414833035798
3147.096737823355
3437.5610248527405
3554.6555226545615
3181.293042568153
3715.910266339416
3063.1482319161723
3461.914289972592
3434.0247619402635
3239.269770938572
3239.9364363233954
3466.904104897539
3287.3318737402888
3152.6909255690425
3347.1280100981735
3190.6805463525284
3262.3903415626614
3367.390404149149
3292.241119353946
3431.3653419265056
3212.017325402081
2063.3016509987924
2428.4550726295993
2685.5051383442606
2647.7940436119547
2569.6914401049307
2396.7294157004158
2792.276779039036
2666.616713775322
2714.4798458070486
2568.370353697781
2869.80895711955
2928.0699461078802
2419.037267753752
2842.8662147828
2306.9026694161744
2678.5990149903637
2544.7388111887544
2595.0517036953297
2409.766378478315
2746.200283083141
2531.4119641709576
2453.613344911024
2375.874240453086
2602.0840792635217
2697.388160565409
2710.241350911526
2589.108296444368
2969.442119339174
2468.783667644113
2563.7965686246225
2432.0670200860163
2845.214754123246
2980.9342671067857
2987.314832934341
2922.7203848749045
2076.1246021772745
2828.280824252324
2710.91670945736
2581.229881423274
2555.5775605452372
2785.192636967994
3048.4762195591725
3132.086060194835
3097.9996453645913
3188.442527092905
3445.6206146048676
3134.8242454509004
3396.5685756161643
3145.3004606207655
3338.4078477004823
3251.281804921749
3231.64635227708
3403.5183058784783
3560.6417378371407
3648.7169927596055
3324.75145078678
3377.839359379582
3318.3451094039206
3086.624093021747
3381.7741780106207
3709.3650297776526
3324.7919669441308
3237.2156485805863
3249.9196621293113
3640.6764564734235
3044.2235173919844
3602.849127703458
3505.596768873855
3338.5443599566606
3475.8159786835845
3259.757952550053
3251.3964231481973
3430.5396797995136
3178.884925402441
3625.011851428387
3154.6749860463815
3018.6232716388613
2943.6059792299648
3321.69021065815
3031.9973592678643
3210.8885864099852
3384.8276306248617
3416.6076656880787
3000.7172825191155
3702.7618914315544
2841.17403465202
3394.0137628607263
3266.3764795486463
3595.5936460052403
3462.711380008918
3194.834783420221
3210.908811579454
3360.2663290508576
3188.1300093249047
3489.6442444702716
3448.2209578766624
3138.6116594080954
3511.810951643105
3096.565898731369
3162.400166510066
3123.4623803684044
2939.5394482455595
2643.1899660723293
2907.6408519035936
2967.328110564244
2993.056235276441
2542.160716861203
3120.2511867010594
1786.5194809818827
2669.7684451806886
2606.4703297000915
2673.527206343774
2654.7795070262596
2631.04647669186
2571.513836064328
2835.1264484053418
2608.327623205131
2704.167233614997
2503.748236518936
2885.1141363074285
2601.757988953672
2922.554981888267
2949.4332325609635
2551.2765874004363
2871.430447472575
2818.7816958890785
2568.1730675608565
2673.7967717967626
2473.867284393369
2889.3954836941234
2740.174603136491
2725.8968309553165
2861.682862048403
2593.085729195889
2873.398824392738
2597.919450430778
2993.4898636444677
2736.9057698617034
2349.525765234062
2744.3046309830124
2735.3012455886615
2640.6805809187435
2920.6864818747554
2717.3066122874197
2743.9872218957657
2662.716508064142
2873.994412182731
2810.026393890921
2950.1229590484163
2403.278236322674
2722.6415815904224
2616.1522092807213
2521.519841437698
2902.789520608699
2533.3776540840345
2596.3201810948176
2676.089833617749
2922.982034954294
2997.18564004365
2828.979053292578
2493.550339577454
2907.4024802486415
2800.8406381638947
2784.2226010641207
2686.987456319688
3013.152792474408
2553.872675217263
2668.497708239525
2458.581118795476
2697.7243898246365
2902.9290008505495
2449.896253472748
2722.8075179589664
2604.685380977928
2892.472725455793
2660.812247579805
2627.2926242039725
2720.6466615585064
3020.071031603734
2720.78085692175
2528.865061455076
2599.444225584655
2644.5835562436496
2817.11156796491
2600.3800942493485
2622.672067929165
2699.6672977995586
2841.825785997213
2641.7627645237403
2647.568212495872
2810.169768478859
3103.611954391661
2890.567840948547
2723.52848805712
2736.9111979797585
2782.8021027546115
2942.1004461029106
2586.721677832209
2639.8184147956986
2718.8051715596102
2666.0241768785017
2642.8481294579738
2706.6149638136244
2472.7191078518945
2580.585736403124
2739.8013078156864
2539.2169276317854
2617.5756387276874
2572.2986868134185
2704.6668841587466
2483.8754786959994
2564.6303286024054
2895.1965209684163
2304.6490573102205
3065.4826257848376
2406.401233204618
2652.5559027008835
2911.9522684116228
2611.4280679715293
2689.4226808337394
2783.6476026766636
2606.5330521458473
2898.484181644788
2470.974107786215
3561.829702938859
3265.933416829674
3286.010242433726
3023.0477627812647
3308.030274820914
3418.6990840079256
3458.5874843489773
3319.6454118338693
3570.9190214619057
3513.236986187264
3409.191976982962
3006.5181075872374
3310.309320913557
3197.740761260663
3307.418569215373
3217.377901909758
3191.0104435009534
3144.9589626080237
3690.6555257165073
3491.2418990539563
3303.376629049509
3398.383137531682
3311.0589794203865
3244.7743167577983
3434.161514799437
3360.069901418816
3201.026937630094
3416.456699778242
3321.4152103229553



The list of best values first execution 

479.63416364064324
342.4365173105507
439.96236519189733
449.72604529264026
457.7498508283097
478.8113934938119
290.08343093722397
469.09601353018843
459.7117391150168
305.3384692591444
477.1100176056334
467.16768423658505
288.3973921710767
479.84208549525647
398.509776841629
438.9334539291194
404.315336650312
413.877594398602
404.3153366503193
440.3342706125113
422.6790244163294
501.21843425314546
457.7498508283006
413.8775943986093
534.1341636406323
417.8767626915669
497.7633044799477
438.4796718763064
479.90097169808905
412.24985082830426
480.6457016667173
401.1398660876166
459.8790110635382
369.4506708214976
472.75316665953505
459.37759439860747
360.40072700742894
464.28654109147465
530.9690103204084
395.6152109333998
399.3117930444896
495.0062377003578
400.401371248734
333.1864655739628
479.3504892910405
421.6676842365705
309.20657936724456
471.85271691425623
394.24045426909834
459.3775943985984
526.2044950431264
296.09851256913316
370.443958564103
407.1062907427731
224.08735231601167
421.6676842365687
438.03696989249875
495.8979450257484
406.634712363013
313.5019619588875
406.5027920813918
371.23283122446264
440.25537172206714
534.4009716980763
406.016712538496
287.81695408834094
513.4926993086628
331.6126081234852
404.315336650312
419.0058554628158
439.73834578064634
467.99045438342546
395.5863889157299
514.3254653716194
513.4825270268975
579.9009716980672
504.8473930870332
407.68613053832814
389.07563545043195
479.676952286849
440.33427061250586
365.94933977348774
330.56686211321903
528.3122577482809
406.8394826853255
365.7538778838407
504.22604529261844
494.3989025850133
505.8913968323286
360.5224196809322
399.38983322268905
439.16579351774635
479.7608937847326
435.94693255090533
472.7074449494485
499.4795533745255
393.8021743496629
406.01671253843597
479.63416364063414
533.3113934938301
507.846505983458
471.0797013791271
385.92579295585347
284.9551698729756
494.46236519189006
500.0021259047462
499.3935757619074
412.07276292271126
462.16854849103765
359.37759439859656
528.5021183031731
413.2245232313253
417.3198166967104
518.7499999999964
392.52667537787784
483.8711961807858
391.71117450755264
416.5859935849112
381.44693255088896
406.83948268530185
463.83856477808877
469.0960135301575
461.9017404336246
346.1769716939252
466.4159518983852
415.16856579309024
491.83801821039197
440.3342706125004
362.4567163136835
504.04816314890013
372.7074449494303
259.2619793592421
415.16856579303385
474.2615380260868
444.97236228802103
336.2296426226403
460.48475465012234
513.1289515678363
413.8775943985511
415.1116350436405
247.6650987398025
418.1461397504954
281.38673198196375
206.68390292624645
206.68390292624645
206.68390292624645
206.68390292624645
206.68390292624645
206.68390292624645
206.68390292624645
206.68390292624645
206.68390292624645
206.68390292624645
206.68390292624645
206.68390292624645
206.68390292623553
206.68390292623553
206.68390292623553
206.68390292623553
206.68390292623553
206.68390292624827
206.68390292624827
206.68390292622462
206.68390292622462
206.68390292623917
206.68390292623917
206.68390292623917
206.68390292623917
206.68390292623917
206.68390292623917
206.68390292623917
206.68390292623917
206.68390292623917
206.68390292623917
206.68390292623917
206.68390292623917
206.68390292623917
206.68390292623917
206.68390292623917
206.68390292623917
206.68390292623917
206.68390292623917
206.68390292623917
206.68390292623917
206.68390292623917
206.68390292623917
206.68390292623917
206.68390292623917
206.68390292623917
206.68390292623917
206.68390292623917
206.68390292623917
206.68390292623917
206.68390292623917
206.68390292623917
206.68390292623917
206.68390292623917
206.68390292623917
206.68390292623917
206.68390292623917
206.68390292623917
206.68390292623917
206.68390292623917
206.68390292623917
206.68390292623917
206.68390292623917
206.68390292623917
206.68390292623917
206.68390292623917
206.68390292623917
206.68390292623917
206.68390292623917
206.68390292623917
206.68390292623917
206.68390292623917
206.68390292623917
206.68390292623917
206.68390292623917
206.68390292623917
206.68390292623917
206.68390292623917
206.68390292623917
206.68390292623917
206.68390292623917
206.68390292623917
206.68390292623917
206.68390292623917
206.68390292623917
206.68390292623917
206.68390292623917
206.68390292623917
206.68390292623917
206.68390292623917
206.68390292623917
206.68390292623917
206.68390292623917
206.68390292623917
206.68390292623917
206.68390292623917
206.68390292623917
206.68390292623917
206.68390292623917
206.68390292623917
206.68390292623917
206.68390292623917
206.68390292623917
206.6839029261846
206.6839029261846
206.6839029261846
206.6839029261846
206.6839029261846
206.6839029261846
206.6839029261846
206.6839029261846
206.6839029261846
206.6839029261846
206.6839029261846
206.6839029261846
206.6839029261846
206.6839029261846
206.6839029261846
206.6839029261846
206.6839029261846
206.6839029261846
206.6839029261846
206.6839029261846
206.6839029261846
206.6839029261846
206.6839029261846
206.6839029261846
206.6839029261846
206.6839029261846
206.6839029261846
206.6839029261846
206.6839029261846
206.6839029261846
206.6839029261846
206.6839029261846
206.6839029261846
206.6839029261846
206.6839029261846
206.6839029261846
206.6839029261846
206.6839029261846
206.6839029261846
206.6839029261846
206.6839029261846
206.6839029261846
206.6839029261846
206.6839029261846
206.6839029261846
206.6839029261846
206.6839029261846
206.6839029261846
206.6839029261846
206.6839029261846
206.6839029261846
206.6839029261846
206.6839029261846
206.6839029261846
206.6839029261846
206.6839029261846
206.6839029261846
206.6839029261846
206.6839029261846
206.6839029261846
206.6839029261846
206.6839029261846
206.6839029261846
206.6839029261846
206.6839029261846
206.6839029261846
206.6839029261846
206.6839029261846
206.6839029261846
206.6839029261846
206.6839029261846
206.6839029261846
206.6839029261846
206.6839029261846
206.6839029261846
206.6839029261846
206.6839029261846
206.6839029261846
206.6839029261846
206.6839029261846
206.6839029261846
206.6839029261846
206.6839029261846
206.6839029261846
206.6839029261846
206.6839029261846
206.6839029261846
206.6839029261846
206.6839029261846
206.6839029261846
206.6839029261846
206.6839029261846
206.6839029261846
206.6839029261846
206.6839029261846
206.6839029261846
206.6839029261846
206.6839029261846
206.6839029261846
206.6839029261846
206.6839029261846
206.6839029261846
206.6839029261846
206.6839029261846
206.6839029261846
206.6839029261846
206.6839029261846
206.6839029261846
206.6839029261846
206.6839029261846
206.6839029261846
206.6839029261846
206.6839029261846
206.6839029261846
206.6839029261846
206.6839029261846
206.6839029261846
206.6839029261846
206.6839029261846
206.6839029261846
206.6839029261846
206.6839029261846
206.6839029261846
206.6839029261846
206.6839029261846
206.6839029261846
206.6839029261846
206.6839029261846
206.6839029261846
206.6839029261846
206.6839029261846
206.6839029261846
206.6839029261846
206.6839029261846
206.6839029261846
206.6839029261846
206.6839029261846
206.6839029261846
206.6839029261846
206.6839029261846
206.6839029261846
206.6839029261846
206.6839029261846
206.6839029261846
206.6839029261846
206.6839029261846
206.6839029261846
206.6839029261846
206.6839029261846
206.6839029261846
206.6839029261846
206.6839029261846
206.6839029261846
206.6839029261846
206.6839029261846
206.6839029261846
206.6839029261846
206.6839029261846
206.6839029261846
206.6839029261846
206.6839029261846
206.6839029261846
206.6839029261846
206.6839029261846
206.6839029261846
206.6839029261846
206.6839029261846
206.6839029261846
206.6839029261846
206.6839029261846
206.6839029261846
206.6839029261846
206.6839029261846
206.6839029261846
206.6839029261846
206.6839029261846
206.6839029261846
206.6839029261846
206.6839029261846
206.6839029261846
206.6839029261846
206.6839029261846
206.6839029261846
206.6839029261846
206.6839029261846
206.6839029261846
206.6839029261846
206.6839029261846
206.6839029261846
206.6839029261846
206.6839029261846
206.6839029261846
206.6839029261846
206.6839029261846
206.6839029261846
206.6839029261846
206.6839029261846
206.6839029261846
206.6839029261846
206.6839029261846
206.6839029261846
206.6839029261846
206.6839029261846
206.6839029261846
206.6839029261846
206.6839029261846
206.6839029261846
206.6839029261846
206.6839029261846
206.6839029261846
206.6839029261846
206.6839029261846
206.6839029261846
206.6839029261846
206.6839029261846
206.6839029261846
206.6839029261846
206.6839029261846
206.6839029261846
206.6839029261846
206.6839029261846
206.6839029261846
206.6839029261846
206.6839029261846
206.6839029261846
206.6839029261846
206.6839029261846
206.6839029261846
206.6839029261846
206.6839029261846
206.6839029261846
206.6839029261846
206.6839029261846
206.6839029261846
206.6839029261846
206.6839029261846
206.6839029261846
206.6839029261846
206.6839029261846
206.6839029261846
206.6839029261846
206.6839029261846
206.6839029261846
206.6839029261846
206.6839029261846
206.6839029261846
206.6839029261846
206.6839029261846
206.6839029261846
206.6839029261846
206.6839029261846
206.6839029261846
206.6839029261846
206.6839029261846
206.6839029261846
206.6839029261846
206.6839029261846
206.6839029261846
206.6839029261846
206.6839029261846
206.6839029261846
206.6839029261846
206.6839029261846
206.6839029261846
206.6839029261846
206.6839029261846
206.6839029261846
206.6839029261846
206.6839029261846
206.6839029261846
206.6839029261846
206.6839029261846
206.6839029261846
206.6839029261846
206.6839029261846
206.6839029261846
206.6839029261846
206.6839029261846
206.6839029261846
206.6839029261846
206.6839029261846
206.6839029261846
206.6839029261846
206.6839029261846
206.6839029261846
206.6839029261846
206.6839029261846
206.6839029261846
206.6839029261846
206.6839029261846
206.6839029261846
206.6839029261846
206.6839029261846
206.6839029261846
206.6839029261846
206.6839029261846
206.6839029261846
206.6839029261846
206.6839029261846
206.6839029261846
206.6839029261846
206.6839029261846
206.6839029261846
206.6839029261846
206.6839029261846
206.6839029261846
206.6839029261846
206.6839029261846
206.6839029261846
206.6839029261846
206.6839029261846
206.6839029261846
206.6839029261846
206.6839029261846
206.6839029261846
206.6839029261846
206.6839029261846
206.6839029261846
206.6839029261846
206.6839029261846
206.6839029261846
206.6839029261846
206.6839029261846
206.6839029261846
206.6839029261846
206.6839029261846
206.6839029261846
206.6839029261846
206.6839029261846
206.6839029261846
206.6839029261846
206.6839029261846
206.6839029261846
206.6839029261846
206.6839029261846
206.6839029261846
206.6839029261846
206.6839029261846
206.6839029261846
206.6839029261846
206.6839029261846
206.6839029261846
206.6839029261846
206.6839029261846
206.6839029261846
206.6839029261846
206.6839029261846
206.6839029261846
206.6839029261846
206.6839029261846
206.6839029261846
206.6839029261846
206.6839029261846
206.6839029261846
206.6839029261846
206.6839029261846
206.6839029261846
206.6839029261846
206.6839029261846
206.6839029261846
206.6839029261846
206.6839029261846
206.6839029261846
206.6839029261846
206.6839029261846
206.6839029261846
206.6839029261846
206.6839029261846
206.6839029261846
206.6839029261846
206.6839029261846
206.6839029261846
206.6839029261846
206.6839029261846
206.6839029261846
206.6839029261846
206.6839029261846
206.6839029261846
206.6839029261846
206.6839029261846
206.6839029261846
206.6839029261846
206.6839029261846
206.6839029261846
206.6839029261846
206.6839029261846
206.6839029261846
206.6839029261846
206.6839029261846
206.6839029261846
206.6839029261846
206.6839029261846
206.6839029261846
206.6839029261846
206.6839029261846
206.6839029261846
206.6839029261846
206.68390292614095
206.6839029261846
206.6839029261846
206.6839029261846
206.6839029261846
206.6839029261846
206.6839029261846
206.6839029261846
206.6839029261846
206.6839029261846
206.6839029261846
206.6839029261846
206.6839029261846
206.6839029261846
206.6839029261846
206.6839029261846
206.6839029261846
206.6839029261846
206.6839029261846
206.6839029261846
206.6839029261846
206.6839029261846
206.6839029261846
206.6839029261846
206.6839029261846
206.6839029261846
206.6839029261846
206.6839029261846
206.6839029261846
206.6839029261846
206.6839029261846
206.6839029261846
206.6839029261846
206.6839029261846
206.6839029261846
206.6839029261846
206.6839029261846
206.6839029261846
206.6839029261846
206.6839029261846
206.6839029261846
206.6839029261846
206.6839029261846
206.6839029261846
206.6839029261846
206.6839029261846
206.6839029261846
206.6839029261846
206.6839029261846
206.6839029261846
206.6839029261846
206.6839029261846
206.6839029261846
206.6839029261846
206.6839029261846
206.6839029261846
206.6839029261846
206.6839029261846
206.6839029261846
206.6839029261846
206.6839029261846
206.6839029261846
206.6839029261846
206.6839029261846
206.6839029261846
206.6839029261846
206.6839029261846
206.6839029261846
206.6839029261846
206.6839029261846
206.6839029261846
206.6839029261846
206.6839029261846
206.6839029261846
206.6839029261846
206.6839029261846
206.6839029261846
206.6839029261846
206.6839029261846
206.6839029261846
206.6839029261846
206.6839029261846
206.6839029261846
206.6839029261846
206.6839029261846
206.6839029261846
206.6839029261846
206.6839029261846
206.6839029261846
206.6839029261846
206.6839029261846
206.6839029261846
206.6839029261846
206.6839029261846
206.6839029261846
206.6839029261846
206.6839029261846
206.6839029261846
206.6839029261846
206.6839029261846
206.6839029261846
206.6839029261846
206.6839029261846
206.6839029261846
206.6839029261846
206.6839029261846
206.6839029261846
206.6839029261846
206.6839029261846
206.6839029261846
206.6839029261846
206.6839029261846
206.6839029261846
206.6839029261846
206.6839029261846
206.6839029261846
206.6839029261846
206.6839029261846
206.6839029261846
206.6839029261846
206.6839029261846
206.6839029261846
206.6839029261846
206.6839029261846
206.6839029261846
206.6839029261846
206.6839029261846
206.6839029261846
206.6839029261846
206.6839029261846
206.6839029261846
206.6839029261846
206.6839029261846
206.6839029261846
206.6839029261846
206.6839029261846
206.6839029261846
206.6839029261846
206.6839029261846
206.6839029261846
206.6839029261846
206.6839029261846
206.6839029261846
206.6839029261846
206.6839029261846
206.6839029261846
206.6839029261846
206.6839029261846
206.6839029261846
206.6839029261846
206.6839029261846
206.6839029261846
206.6839029261846
206.6839029261846
206.6839029261846
206.6839029261846
206.6839029261846
206.6839029261846
206.6839029261846
206.6839029261846
206.6839029261846
206.6839029261846
206.6839029261846
206.6839029261846
206.6839029261846
206.6839029261846
206.6839029261846
206.6839029261846
206.6839029261846
206.6839029261846
206.6839029261846
206.6839029261846
206.6839029261846
206.6839029261846
206.6839029261846
206.6839029261846
206.6839029261846
206.6839029261846
206.6839029261846
206.6839029261846
206.6839029261846
206.6839029261846
206.6839029261846
206.6839029261846
206.6839029261846
206.6839029261846
206.6839029261846
206.6839029261846
206.6839029261846
206.6839029261846
206.6839029261846
206.6839029261846
206.6839029261846
206.6839029261846
206.6839029261846
206.6839029261846
206.6839029261846
206.6839029261846
206.6839029261846
206.6839029261846
206.6839029261846
206.6839029261846
206.6839029261846
206.6839029261846
206.6839029261846
206.6839029261846
206.6839029261846
206.6839029261846
206.6839029261846
206.6839029261846
206.6839029261846
206.6839029261846
206.6839029261846
206.6839029261846
206.6839029261846
206.6839029261846
206.6839029261846
206.6839029261846
206.6839029261846
206.6839029261846
206.6839029261846
206.6839029261846
206.6839029261846
206.6839029261846
206.6839029261846
206.6839029261846
206.6839029261846
206.6839029261846
206.6839029261846
206.6839029261846
206.6839029261846
206.6839029261846
206.6839029261846
206.6839029261846
206.6839029261846
206.6839029261846
206.6839029261846
206.6839029261846
206.6839029261846
206.6839029261846
206.6839029261846
206.6839029261846
206.6839029261846
206.6839029261846
206.6839029261846
206.6839029261846
206.6839029261846
206.6839029261846
206.6839029261846
206.6839029261846
206.6839029261846
206.6839029261846
206.6839029261846
206.6839029261846
206.6839029261846
206.6839029261846
206.6839029261846
206.6839029261846
206.6839029261846
206.6839029261846
206.6839029261846
206.6839029261846
206.6839029261846
206.6839029261846
206.6839029261846
206.6839029261846
206.6839029261846
206.6839029261846
206.6839029261846
206.6839029261846
206.6839029261846
206.6839029261846
206.6839029261846
206.6839029261846
206.6839029261846
206.6839029261846
206.6839029261846
206.6839029261846
206.6839029261846
206.6839029261846
206.6839029261846
206.6839029261846
206.6839029261846
206.6839029261846
206.6839029261846
206.6839029261846
206.6839029261846
206.6839029261846
268.01409278488245
268.01409278488245
268.01409278488245
268.01409278488245
268.01409278488245
268.01409278488245
268.01409278488245
268.01409278488245
268.01409278488245
268.01409278488245
268.01409278488245
268.01409278488245
268.01409278488245
268.01409278488245
268.01409278488245
268.01409278488245
268.01409278488245
268.01409278488245
268.01409278488245
268.01409278488245
268.01409278488245
268.01409278488245
268.01409278488245
268.01409278488245
268.01409278488245
268.01409278488245
268.01409278488245
268.01409278488245
268.01409278488245
268.01409278488245
268.01409278488245
268.01409278488245
268.01409278488245
268.01409278488245
268.01409278488245
268.01409278488245
268.01409278488245
268.01409278488245
268.01409278488245
268.01409278488245
268.01409278488245
268.01409278488245
268.01409278488245
268.01409278488245
268.01409278488245
268.01409278488245
268.01409278488245
268.01409278488245
268.01409278488245
268.01409278488245
268.01409278488245
268.01409278488245
268.01409278488245
268.01409278488245
268.01409278488245
268.01409278488245
268.01409278488245
268.01409278488245
268.01409278488245
268.01409278488245
268.01409278488245
268.01409278488245
268.01409278488245
268.01409278488245
268.01409278488245
268.01409278488245
268.01409278488245
268.01409278488245
268.01409278488245
268.01409278488245
268.01409278488245
268.01409278488245
268.01409278488245
234.8598450537702
268.01409278488245
268.01409278488245
268.01409278488245
268.01409278488245
268.01409278488245
268.01409278488245
268.01409278488245
268.01409278488245
268.01409278488245
268.01409278488245
268.01409278488245
268.01409278488245
268.01409278488245
268.01409278488245
268.01409278488245
268.01409278488245
268.01409278488245
268.01409278488245
268.01409278488245
268.01409278488245
268.01409278488245
268.01409278488245
268.01409278488245
268.01409278488245
268.01409278488245
268.01409278488245
268.01409278488245
268.01409278488245
268.01409278488245
268.01409278488245
268.01409278488245
268.01409278488245
268.01409278488245
268.01409278488245
268.01409278488245
268.01409278488245
268.01409278488245
268.01409278488245
268.01409278488245
268.01409278488245
268.01409278488245
268.01409278488245
268.01409278488245
268.01409278488245
268.01409278488245
268.01409278488245
268.01409278488245
268.01409278488245
268.01409278488245
268.01409278488245
268.01409278488245
268.01409278488245
268.01409278488245
268.01409278488245
268.01409278488245
268.01409278488245
268.01409278488245
268.01409278488245
268.01409278488245
268.01409278488245
268.01409278488245
268.01409278488245
268.01409278488245
268.01409278488245
268.01409278488245
268.01409278488245
268.01409278488245
268.01409278488245
268.01409278488245
268.01409278488245
268.01409278488245
268.01409278488245
268.01409278488245
268.01409278488245
268.01409278488245
268.01409278488245
268.01409278488245
268.01409278488245
268.01409278488245
268.01409278488245
268.01409278488245
268.01409278488245
268.01409278488245
268.01409278488245
268.01409278488245
268.01409278488245
268.01409278488245
268.01409278488245
268.01409278488245
268.01409278488245
268.01409278488245
268.01409278488245
268.01409278488245
268.01409278488245
268.01409278488245
268.01409278488245
268.01409278488245
268.01409278488245
268.01409278488245
268.01409278488245
268.01409278488245
268.01409278488245
268.01409278488245
268.01409278488245
268.01409278488245
268.01409278488245
268.01409278488245
268.01409278488245
268.01409278488245
268.01409278488245
268.01409278488245
268.01409278488245
268.01409278488245
268.01409278488245
268.01409278488245



The list of values average 

3142.3587092895727
7124.16167160109
4659.589141805484
4799.02302861277
4782.960061142966
4437.63042216566
4466.9265047467325
4270.507387129405
4292.746955587015
4244.4189818258055
4184.653763044807
4252.031199885051
4272.803337060182
4168.21984471264
4238.836039887786
4128.35789422282
4279.862605012847
4141.215636554715
4229.514992561465
4213.284479638262
4217.467603234245
4296.406493262385
4202.670329921061
4315.743437861103
4240.115160177815
4257.83733257698
4331.581301227109
4256.586557230308
4282.145778697825
4216.787189376133
4251.7505310324
4204.473526830247
4207.280264841331
4209.90270718027
4170.0574437093655
4279.442144412846
4252.908463779737
4175.782344679818
4183.630267366809
4199.921504709174
4159.12591887362
4214.326088247336
4231.389177629723
4187.032732419713
4225.741986777514
4233.919828451233
4208.572621370362
4245.608251206768
4190.418275746338
4279.335650909578
4182.735271006414
4170.165945915993
4194.3827318867825
4256.434277313146
4229.375447732714
4186.446612668946
4255.882270322046
4236.0974182414075
4262.516624888794
4317.48341839706
4259.847584986112
4244.782662141613
4273.777356918732
4246.395555479526
4305.29900591419
4280.196611141721
4298.708474482769
4335.399412418762
4263.5335720770245
4283.518019469334
4372.3623970773615
4241.820719413044
4258.328467514921
4229.993395764649
4223.870934751307
4209.781259633309
4241.992194372095
4230.9712667982585
4142.968560611195
4218.656873448645
4154.24405919099
4188.327046247798
4134.346337238379
4153.312205754496
4068.877861727904
4042.365446067098
4013.489048078289
4018.995274627785
3993.609112379238
3946.9542297312832
3938.7271887210804
3927.361013022556
3914.8611220934354
3941.533555120801
3897.144515849521
3911.472471787626
3820.1721700470116
3849.7301228723873
3842.1672880934693
3823.1583268294166
3837.1767166515365
3788.324019730437
3779.9522006212374
3731.949216488688
3761.9634790683094
3728.538060140955
3738.895896988424
3751.380025718006
3713.2845895608552
3709.6596848851095
3716.1392618243867
3660.8056491401376
3669.661112552646
3678.7010129452124
3623.8280428799985
3636.4006018325313
3637.9176635991103
3611.0936589742705
3656.2593036012095
3633.657041076989
3632.88108951615
3578.2471942733096
3608.228999274488
3581.6449734171415
3570.3701069316676
3559.2586487025965
3467.6753720317515
3489.5256151792437
3443.0439615879704
3449.574622634257
3391.792229933917
3429.9940643325963
3398.0445958217333
3376.8700315374176
3346.4937239369247
3374.9954859459017
3319.8381034764852
3325.486725720849
3332.133080520449
3315.367421628359
3312.6834753472535
3262.65346395786
3239.206578343497
3254.042267606946
3287.6277638281576
3244.4987574026964
3232.3474385242243
3236.632212048349
3209.407367867177
3198.647998260209
3168.8952073457126
3177.157239513543
3152.7490193453023
3173.4028715717513
3123.6567607961433
3145.2671904480644
3147.1106007081808
3144.278181358475
3156.5985456044127
3140.596186623117
3099.33279089994
3104.3341038116255
3067.696382778929
3068.2868498608586
3029.3511733157343
3046.5228577028697
2977.6884625844737
2960.5619255303227
3011.4763268363167
2964.989183600106
2997.0554658341484
2990.9622559260933
2990.6587720327184
2967.9436411044676
2981.820083882254
2941.1894043483503
2961.9777236631317
2988.505158650338
2949.088729250795
2981.6267357184433
2961.092431083339
2988.1747685148607
2991.2321439761877
2945.256340938053
2979.198045516352
3007.091426008169
2943.0420478008523
2941.079536229975
2941.2581779250336
2962.9771633384116
2964.60942059608
2992.2359681422918
2928.842535341436
2965.8244250148264
2951.9576947905434
2911.329446144869
2939.4565192814484
2963.647927766355
2929.4942564077896
2921.8443360375895
2928.4067529834174
2903.363481766157
2921.190458933342
2973.8106596538346
2931.6636349691053
2960.3367766972497
2931.1005845926916
2965.8789956963465
2955.1182551411903
2950.7576796696526
2943.948592037683
2935.3254642920515
2908.8960330003574
2959.532907409561
2922.1842273218745
2943.8687193554347
2968.963759098668
2951.587552131057
2946.888130226083
2940.6488550567738
2945.6891122270295
2930.6033499031355
2948.640415027222
2941.6294767657437
2919.66673105332
2993.5864376768213
2909.2840694158112
2955.190714383582
2921.2972502478497
2917.163462538256
2953.756941032985
2934.455394755589
2932.9012104420844
2956.5592102469327
2944.7299994264085
2951.259848327312
2949.091450521524
2943.6156562323426
2974.8174909491654
2977.014516563682
2983.9031073660067
2990.7511091297333
2980.681390158895
3002.4965812597115
2969.544621307395
2990.0055131013337
2978.6687881808216
2993.575923396321
2948.765219056756
2974.3361228447716
2970.1870730173678
2988.196597831504
2985.0668589884976
2984.9282526932257
2957.3236621947844
2983.25739782731
2991.44596672489
2996.6384583719678
2987.8471183798024
2923.619769000714
2971.2211406998053
2915.7976526055904
2919.5847293675147
2959.274832438853
2965.397150334332
2938.173039364478
2916.7583443602553
2955.4403073128615
2930.2638048748395
2975.46249622271
2953.014187292386
2946.8091368711066
2974.7288395829664
2921.2982810764556
2892.6684910397134
2901.6191085646647
2873.4006278777297
2904.9586182344365
2866.896995750631
2949.3620085214516
2912.8430984162455
2921.4771879394993
2944.7568464810415
2934.837432577192
2938.822926113068
2953.88118206273
2954.2864495078475
2936.6328087051043
2930.90225699943
2958.7078276592006
2971.6698137626217
2978.5917688992517
2980.0156565684038
2952.124484970394
2953.146046522517
2959.893851928466
2917.1976748061916
2876.008752186925
2920.895345848622
2908.9409388684685
2887.746057770562
2881.471861068329
2900.6760783500863
2900.063198017342
2890.485213483375
2885.4247608099654
2897.4432222286223
2939.5393314489875
2947.7346217499157
2933.680612668936
2938.7706517110555
2919.8941462545945
2953.7489994339057
2933.086364698857
3002.690992121052
2946.958346071068
2934.3272031241286
2964.750307731526
2951.128041451724
2985.989310824307
2967.5005644574144
2978.0107732968827
2949.3677553460184
2966.37976198625
2977.444096737455
2959.071352774016
2968.982448653886
2966.606754851864
2910.4960425022396
2939.02684622144
2947.483993894754
2935.142960674108
2925.6317526756443
2954.0551864792233
2961.578984904938
2973.034952039498
2979.9475440946267
2999.980995635189
2975.1505239171383
2953.1784431245756
2978.9762819010853
2954.2141382492237
3006.6719246225057
2994.6735463609593
2987.122217553707
2984.950805847633
2973.112253888411
2987.6225903697487
2950.8760523134333
2976.977959276901
2917.188451352865
2936.0416045064085
2940.039284764033
2895.480458419501
2888.8094984519685
2927.9040359342
2946.291304524413
2909.4599743046697
2950.2019275583802
2975.013682135432
2948.14112975849
2968.240546804892
2945.8465750666473
2946.3586632651527
2973.676760833651
2943.6362638672717
2914.3153093977694
2971.1928933099935
2913.5137072806574
2913.165374879642
2958.349938888098
2947.808116737886
2912.613903459079
2942.4301113123206
2945.750442256373
2945.898638585222
2973.8813472550587
2951.4538355933823
2958.937011497834
2928.958455063619
2939.3950966788516
2933.5127673001866
2948.582126321978
2906.620543523177
2918.7604414813286
2912.7370042828825
2941.757352817951
2918.4448241413425
2936.9258070687683
2927.068031324066
2949.344987050167
2955.688993468793
2921.5273578389906
2914.5461086849555
2945.5089872842946
2915.6988147982506
2883.3138360163975
2858.207043959773
2883.6496937684938
2884.8317068360416
2922.4769347612273
2870.257151462474
2928.2822697070874
2871.2499051413774
2928.2182262408933
2894.773256959157
2937.4985914753697
2882.715418811787
2919.173501213573
2883.6515408189503
2880.719285404541
2918.5574565635743
2893.216358840181
2898.5067921803216
2902.614237605791
2918.751258725516
2925.975960085826
2909.3569548674236
2904.9093137011014
2916.252544379279
2934.994023033716
2941.1661896177543
2933.192182733711
2951.0493390013926
2977.3663402439342
2930.2180127508354
2947.0549662779545
2916.0728679497674
2946.5372578844695
2910.592261156938
2880.0570619050254
2898.933716253071
2891.386749178933
2951.971451294279
2950.453367939116
2938.2749921820805
2941.7848126278395
2956.2409744332836
2925.307778628483
2958.308994409052
2921.0233109705787
2934.8345000975746
2936.021365817325
2967.7094637421665
2953.2932983385163
2943.4623041884943
2926.5151331403617
2922.0123530861074
2917.81113697956
2937.9844772524802
2933.217868813277
2940.4543555284126
2902.6811598447302
2911.5408969946543
2912.774610619802
2897.379809759161
2913.0251564553
2917.6438969573355
2934.280697564986
2945.004018028384
2945.5568547389566
2933.386376568621
2923.5947866272195
2951.692855381298
2973.8552695911285
2954.4754728210787
2922.7221958934115
2904.1536749301354
2943.4810871551304
2934.7763237610825
2943.837612635722
2959.358345384773
2920.128350499656
2935.4808574797235
2906.0682947360224
2917.555795509507
2936.859547830832
2932.0372272102795
2954.889216342421
2918.3433119339757
2924.400070668371
2902.94421434256
2936.6789232379924
2917.9154232096107
2933.608016727007
2927.9673787228726
2924.09280913509
2909.4330200184636
2925.0498903851853
2943.9318519108983
2889.212124490678
2905.03947396659
2936.82252439904
2927.0435162947206
2926.547198954236
2929.3625917421086
2966.1714209470056
2887.1427485807885
2921.686727391864
2948.590482473318
2959.4084244792225
2915.5974066174354
2926.729236126758
2936.5285575583475
2942.0196553597716
2938.620005909248
2927.7843576324935
2913.8910440722607
2911.790140920441
2910.4498891105413
2952.062420097146
2941.95264426426
2908.676531152735
2890.7533197258444
2898.865517947657
2931.0415610734617
2910.209039502634
2946.159271340204
2936.3905610394886
2963.046348765938
2935.1438611317662
2959.3551637779497
2905.1862229889316
2920.87301649906
2932.4687689731995
2937.924502939849
2918.3547895533256
2939.9740934961296
2938.3654470846445
2936.6507712536095
2931.047908889788
2954.4971310889796
2938.2451630002042
2918.924636369676
2896.8855886951787
2941.75509734817
2931.4719458859427
2975.0545166985553
2934.517131325276
2960.1080142260453
2952.6801784740996
2952.3777089554
2974.0338567378794
2946.198706029374
2974.0832709191095
2951.4628185666356
2933.3412210972688
2958.561171764573
2987.113305636248
2989.7992029774837
2991.5487567230825
2986.856566856703
2957.654959093838
2976.7131908308156
2946.183952750125
2973.5047711896464
2971.017770910513
2988.318992498299
2990.0210584950655
2944.345846357898
2940.7914807266557
2921.6750473221673
2928.1088691990835
2930.7945401971724
2904.056525687712
2888.9045986584388
2920.718118583037
2910.1961585808945
2885.540268432522
2905.9038765867067
2893.83228071517
2917.7468911295487
2924.3121403460673
2963.7905214524694
2952.1965946554487
2985.949176438033
2942.0011314120025
2986.3763271036455
2948.822773437641
2943.6375114946873
2958.1643118643224
2967.9273331171808
2971.288217003033
3006.8879844171834
2942.824181459038
2972.4511391113992
2959.310333473945
2941.8039806127063
2914.6549975213197
2987.249344733449
2974.4290802901296
2960.2446005655493
2931.8643266280596
2942.79545632278
2948.5769595746265
2982.421048272594
2951.5113932524882
2995.3344928639767
2971.1686741219296
2967.241807534793
2956.1291498141163
2965.938595728795
2901.3494235263393
2947.9553892495655
2941.0667910843063
2920.632828934998
2932.9993735677813
2941.1915496015927
2938.687085051056
2923.2869508912327
2954.06846030847
2925.984836727871
2938.36382443867
2955.855106930985
2928.784372695391
2944.151933489476
2942.413910594202
2959.632900880108
2986.6167292975724
2960.9469315808074
2929.3653081059533
2953.790921128143
2956.678400645844
2955.5552287228174
2930.3052047222686
2937.418993493708
2958.6729672395168
2954.1858002799577
2959.604243788068
2960.9864964357284
2965.768998159159
2963.7628397021385
2957.306593552469
2925.4707513252292
2935.07144880797
2963.0736773979297
2976.7899658295364
2989.282544063951
2983.0047137411834
2974.432964837884
2958.8217864656967
2941.851685043397
2978.057733633386
2950.4673930796166
2934.930672509202
2968.810264109482
2916.4920965652827
2931.7290163987755
2937.9007030384023
2918.5048953770024
2967.962981140056
2915.7873719174577
2906.869894900979
2930.801642180186
2914.8193291373914
2967.6302070931138
2938.4504756316255
2945.805361790232
2940.3790842062153
2930.4740901351956
2933.64663739671
2950.574279816935
2905.6625581771286
2948.308450367959
2938.9197514033567
2925.1828815105614
2921.5099798000656
2968.915940635243
2924.6418279850395
2949.096546094564
2968.987152955088
2920.353838078571
2920.855465570171
2941.525187348369
2954.7225608088975
2951.83870552108
2954.3928759341916
2938.4288019920364
2951.4133159709577
2928.0184743141317
2965.559699790009
2938.2951190799417
2932.1950882719384
2888.9751035447166
2938.4010504882513
2922.340917411454
2976.89315508278
2914.9548164041676
2955.552368771205
2949.3865624089485
2934.1006859758613
2958.5423146920075
2958.123630795972
2938.782576732411
2962.1385155779994
2994.107471405731
2952.0925931342385
2932.293437970202
2924.7859790146053
2957.039573939574
2917.6545729805953
2950.445099003685
2944.717133936619
2915.577896392045
2900.6201582489175
2875.268550211516
2896.4640533663382
2913.1441571502537
2927.1446813224425
2904.4864733363856
2959.900139691657
2941.2351994633405
2951.404834129012
2959.957755625475
2933.9923410511815
2938.7993157813926
2918.4334109667866
2924.17899691573
2945.1622686196674
2913.471917125318
2982.719925662041
2932.275450802783
2920.1289209464153
2912.3024117255077
2928.6929415819222
2911.845426742316
2918.878640966117
2914.102883021723
2949.0828048392773
2938.381928446542
2946.8424501896334
2961.6521611379753
2959.7223919833764
2947.4011947542435
2959.2144046359076
2954.141485260563
2979.554918382389
3004.6845444989985
3001.013682868615
2956.524095524789
2953.49758604779
2967.5720747219457
2913.2490217606646
2953.5211015447753
2934.494503160802
2949.261193316154
2965.2867444798294
2964.47327976681
2953.5687942976288
2950.7840084283084
2946.5304429722746
2967.7207683361703
2956.5437210985524
2957.8872214404723
2939.7314779212156
2957.1438947856554
2967.740334945891
2979.308787658868
2962.921852481058
2996.3061941960746
2966.3848376467613
2999.5402388993343
2976.661267583849
2971.060305654237
2965.7872273974554
2950.3221205889054
2950.8435494012774
2938.304228972984
2972.850380836275
2919.577615969937
3000.2441733832175
2986.2178747665457
3011.9772708050828
3008.3851256155126
3024.9164911735493
3004.6363411074058
3003.821516207896
2988.061063833306
2971.716219442595
2996.6550889327755
3002.0527527874906
3016.537002380386
2992.1137211562377
3026.7890997315844
3004.3146953574114
2994.8595955942337
2989.394869761367
2963.324069894661
2987.931881852714
3022.993142780531
3003.4121148766526
3001.6047438009014
2984.693507518316
3003.1704617309056
3020.5485655048265
3009.3790681981104
3009.1741796157107
2979.5413127841566
2966.6351723807475
2988.035672510105
2974.4688395361914
3020.089124947577
2993.3973598725
3007.398374812436
2962.52540154158
3006.7682110723863
2964.2000215696307
2981.4641144441293
3024.589478795395
3031.6676040038496
2982.603612581473
3025.6984673201787
2979.3564848001415
3024.2066603019157
3039.9505972959228
3049.85546422008
3027.2866331519226
3000.671283479006
3022.958890938633
3010.4132944337084
2991.9182041200575
2962.7531048289793
3027.673329766871
3007.484679729925
3000.1078725684897
2994.415486088689
2990.868518607823
3027.177672770858
3012.115040256616
2987.354507733192
2992.2395138684715
2983.7005626024784
3003.5832200212008
2979.4395148650347
3003.2461942789355
2981.105126330351
2996.256675395626
2989.3353047424457
2977.3247898419672
2935.7870975785772
2992.32165741909
2956.1105137854292
3004.383065155194
3017.0935856267342
3010.6367200797386
3029.3955083828305
2993.8212422840547
3014.549573835728
3005.9698641021027
2986.441087317439
2996.8448642296275
2990.872726569617
3008.836196190493
2979.8707299921334
2983.083962307275
2998.1632948719894
2964.657500710058
3001.8102456124952
2976.834580443847
2992.1639089732666
2981.6615242237267
2961.5138098796133
2940.131195578255
2973.3485480376457
2961.854492166409
2933.3093674778506
2959.3380525094067
2921.455526131387
2919.144320988429
2925.120918892511
2920.6256447022656
2963.7734635203938
2950.21395319683
2945.3981820785393
2898.337742885899
2938.977489234491
2899.044951699409
2901.2473401312636
2912.747595386821
2964.708009612135
2964.0981590514334
2953.508048995083
2971.2609774780503
2946.259450411696
2930.379824452907
2954.4642175359436
2955.71598646959
2993.1648209185923
2968.854002724417
2932.771406062413
2994.2513606854914
3006.2487492211562
3018.7136557700123
2979.253637109076
3006.4536776483756
2998.0496763014285
3006.6468294289393
3014.293438534546
2981.769381918238
3007.8819336995166
3004.2952852791086
2989.7287606906025
2971.1177676621696
2984.470495904713
3021.9423739931
3010.9454866859724
2987.3864603398215
3028.565321260827
2998.617049408294
2990.565966902665
2977.2891663858986
2974.449938523688
2991.242850964688
2928.3766487310027
2982.6218488740283
2984.1528845732732
2991.757710505342
2963.0970112949412
2988.92852908216
2998.5723332902435
3014.579528411632
3007.199965596448
3020.012521555184
3028.212911050636
2983.1285244331466
3019.6543033789317
3015.4343936329783
2990.2717427534426
3012.2816809690717
2943.874591994885
2971.5561561659515
2949.875024548415
2973.54102855051
2994.746159930165
2993.2296338461497
2949.3386364649014
3000.1664059502364
2979.2965490636734
3009.2244976856127
2995.0656364847196
3008.6307986946067
2984.4382114014993
2991.1864442288993
3001.3299121095856
2956.548161280783
2965.8571120649976
2981.703517618842
2966.571616662015
2982.4701920394045
2974.177364555248
2980.089317761969
2983.856870792189
3003.0818456434945
2944.0236499280218
2959.9712001870503
2967.549274295206
2949.723072099887
3006.098287967402
2932.617217314625
2941.5314922094835
2967.038299000388
2981.62936724105
2971.6653853776547
2944.2115798850114
2987.997378294867
2987.6032748958532
2946.431590099814
2912.6049785301807
2963.9961760772094
2989.7422727783432
2966.450652361641
2935.251353608392
2923.6187285486626
2958.3217355617053
2967.039188680488
2917.504568388014
2942.1052322990417
2920.352003762737
2945.6693133075946
2954.451335968545
2942.7637262935236
2911.5242046914636
2962.9183881501835
2925.8996352405366
2990.033494139563
2952.4179553349354
2937.9068150125536
2965.325203525695
2923.16526412904
2964.1158240124364
2959.1568680173227
2944.670008998254
2969.645075425268
2927.1921655557835
2983.2596402882855
2976.9897046204273
3003.2816804699996
2995.6928343897125
3036.7819030728574
2965.88226066882
2967.036467492902
2971.278203290558
3000.0207521061975
2959.393038181911
2994.5774231822684
2993.0219381952024
2980.219484203545
2998.558502298494
2997.680829539648
3018.000098714599
2984.446866859497
2981.4215212888366
2994.2617468828926
2944.5356198271797
2965.269064138309
2951.359586555283
2961.4370439401623
2971.11914017602
2954.7133627526787
2967.0650928304926
2967.8338846157963
2940.4835248558675
2951.0168112638285
2927.1243541462413
2974.821935699747
2974.0539687918217
2943.0957193976396
2965.3679889409477
2983.677599825181
2974.030647008083
2940.7233242617804
2936.1939103097807
2946.0838651800113
2911.6907012281736
2958.3702328754753
2920.9197755469554
2912.4321841605356
2957.703665206963
2960.6678574181356
2957.8556768815024
2966.6741486804035
2939.460013530468
2998.485614727961
2924.8045485412267
2997.399901728036
2943.2498003247374
2958.60349002287
2937.426675172355
2949.1741796568135
2904.1343636818597
2991.05498705464
2956.821972523447
2928.727518497695
2916.5190397836286
2945.2424802538944
2933.551837330128
2905.43710328308
2914.586722466146
2917.7817926768985
2887.6724393554473
2891.786997866409
2916.0469261976054
2928.3975485572237
2905.824408487672
2903.1945995524443
2918.250241887045
2873.3387134657187
2901.307284849291
2895.0944780068444
2898.6024450315163
2911.5621599835763
2889.5384781818684
2909.656367155668
2921.5334007350557
2917.6444098708353
2903.369660908997
2932.78382152063
2917.864348093265
2916.7924066323603
2915.02382751124
2899.4213305236844
2890.2316272104404
2898.30371522444
2917.306899545461
2907.3256630823557
2911.304718865598
2913.059257597038
2921.2922286154935
2904.666384993599
2938.018008192351
2937.7791231085253
2952.069884581201
2926.237807556095
2962.1349071859618
2912.9434271379905
2920.2983680888665
2904.102101958948
2955.8778434087694
2946.148066372295
2951.8762952599295
2979.2642416553144
2983.2487190268266
2957.4420346250135
2957.590710051741
2962.5327186856543
2975.1847366910247
2928.6618072566484
2963.989561739667
2939.9960111261526
2971.6141593782745
2968.208880863313
2941.295381300295
2938.8317268272217
2929.3766862915895
2936.857508298381
2920.322064851223
2956.92642321923
2954.130048800667
2944.2935138646144
2933.500671800332



The list of best values average 

508.91575944676055
398.18229937089825
421.4366037434095
402.9273935016812
411.51413376796955
418.88715061269585
423.8244773067787
394.53313142307195
399.87887925199243
395.62638449073626
407.29844888120283
423.78685133758637
419.699674782378
399.62800207101145
413.14235712109
408.01076135440996
403.2003540698038
403.25791638851484
414.266805715223
416.7875627702964
424.35712463486414
414.24714728595643
413.3257075054144
413.8042360301247
410.4245542116163
424.1576723366726
436.5172915071325
432.4570233935696
413.941819929528
422.387260187383
413.69742106621743
417.6135696992503
412.23961732189184
404.4095476140714
427.31984936143357
414.45345143078805
422.515527725015
410.17151856404615
416.58756612504754
410.7511400242977
425.27316196763576
412.66921929118877
425.44503264015776
417.224280487287
423.264777986628
412.601755792378
419.87438233856307
430.64839061843503
416.424572921452
428.9292674159108
416.5278054987105
414.777280803868
424.88730922860213
415.57967047094314
434.0143640070405
428.4356105769939
421.3119565350105
428.7624078461955
416.0103037878359
423.1948283613119
418.08738483463156
412.04734506186463
422.83010557076346
418.024574177983
419.8122014299576
430.2617318308036
426.7067822280351
415.7343485397275
420.0676006205238
426.76973809955183
431.11261677192545
416.6707265279145
414.9935558541106
405.7496151477701
430.0454175216351
418.95910719407664
408.19971907894023
420.63712875665516
416.6281205940018
426.5393518031521
424.43736254168573
425.6779615853875
430.0346813841115
419.47315050753326
409.38880508440764
417.0104383143406
415.98095148886824
428.0896831179341
423.41099610032967
415.97332867402173
411.42246881037994
412.5622798661543
419.14032016886836
424.14894112192815
426.25861439320846
424.4725037693137
413.53096775317954
427.35320672615194
413.05019481455633
424.34346334602003
419.44552127740207
417.5355560538242
427.2235118159024
416.5840099104711
428.46261855664505
410.1482600176458
433.552782576381
421.9607118381375
437.70556909926603
425.56230811799884
430.8770163682398
409.2226065760406
428.4698669659243
426.6435328153369
421.8531077571589
410.02167143467585
407.51669655155877
416.42401183219505
425.3868681456327
428.243845742501
422.1709742646719
435.03772531716584
418.64624527871223
425.5469173356064
414.48047676044854
413.13066048149796
410.0634491389843
416.5581223293099
404.8713723991574
394.31964818647043
384.1343332445719
367.9520863309653
355.45362380306545
338.68018910009107
364.2753396376553
341.4698445693685
330.25669766433157
336.06020906267275
323.3111472667485
317.125154300109
303.4618070346385
312.40122671554104
294.7067386894929
300.0071261275198
293.8267830916731
283.88238322362264
278.3828815303934
274.4648756410286
266.7438995166763
254.756841731151
256.4760600774264
251.83811986888708
259.0449089893688
263.57752296310474
258.98142783611706
256.42547408331546
262.1501516334496
243.7122800670994
240.33850104619782
235.05427437812244
233.990058617446
228.29284602429416
219.88323768712783
217.7763088616605
222.10072595205588
213.23564656375677
211.63351376999876
208.93681061649974
207.1910165475682
206.68390292622556
206.68390292622584
206.82899176104164
207.34175412915567
206.68390292622493
206.68390292622402
206.6839029262242
206.6839029262243
206.6839029262239
206.68390292622425
206.68390292622402
206.6839029262237
206.68390292622425
206.68390292622368
206.6839029262241
208.41184973577722
206.6839029262239
206.68390292622345
206.6839029262239
208.1853222726589
208.29881869419393
206.68390292622377
206.68390292622337
206.68390292622337
208.17866295759023
206.75100919258765
206.683902926223
206.6839029262225
206.68390292622246
208.81701174954068
206.68390292622263
206.68390292622175
206.6839029262221
206.68390292622206
206.6839029262221
206.6839029262221
206.6839029262221
206.68390292622163
206.6839029262221
206.6839029262221
206.68390292622183
206.6839029262221
206.6839029262221
206.68390292622212
206.68390292622212
206.6839029262218
206.6839029262219
206.6839029262217
207.42812717147848
208.0958473727806
206.68390292622172
206.68390292622186
206.68390292622186
206.68390292622186
206.68390292622186
206.68390292622186
206.68390292622186
206.68390292622206
206.6839029262217
206.6839029262217
206.68390292622124
206.68390292622075
206.68390292622126
206.6839029262217
207.07171081805382
206.6839029262214
206.6839029262205
206.6839029262205
206.6839029262205
206.68390292622092
207.1114020064704
206.68390292622115
208.0843642247125
206.68390292622092
206.96566234749673
206.68390292622055
206.82899176103624
206.6839029262199
206.68390292621922
206.68390292621987
206.6839029262199
206.68390292621976
206.68390292621967
206.6839029262191
206.68390292621976
206.68390292621962
207.28878103887578
207.58126050665376
206.68390292621865
206.68390292621865
207.71679468298785
206.68390292621646
206.6839029262168
206.68390292621743
206.68390292621794
206.6839029262172
206.68390292621794
206.68390292621783
206.68390292621783
206.68390292621794
206.68390292621794
206.68390292621794
206.6839029262174
207.2972048248043
206.68390292621794
206.68390292621814
206.68390292621737
206.68390292621828
206.68390292621757
206.68390292621757
208.28874073932172
206.7510091925825
206.6839029262177
206.68390292621675
206.68390292621834
206.68390292621777
206.68390292621848
206.68390292621848
206.68390292621848
206.68390292621712
206.68390292621822
206.68390292621837
206.68390292621837
206.68390292621768
206.68390292621905
206.68390292621788
206.68390292621848
206.68390292621783
206.68390292621848
206.68390292621848
206.68390292621808
206.68390292621734
206.68390292621734
206.68390292621777
206.68390292621777
206.6839029262177
206.68390292621726
206.68390292621777
206.68390292621777
206.68390292621777
206.683902926217
206.68390292621697
206.6839029262159
206.68390292621672
206.68390292621598
206.6839029262165
206.68390292621595
206.68390292621675
206.68390292621675
206.68390292621712
206.68390292621683
206.68390292621683
206.68390292621604
206.6839029262169
206.68390292621683
206.6839029262154
207.1951537525358
206.68390292621726
206.68390292621748
206.68390292621757
206.68390292621763
206.68390292621726
206.68390292621692
206.68390292621757
206.68390292621714
206.68390292621604
206.68390292621683
206.68390292621683
206.6839029262168
208.41184973576998
206.68390292621683
206.68390292621675
206.68390292621635
206.68390292621675
206.683902926216
206.683902926215
206.6839029262148
206.6839029262153
206.68390292621592
206.68390292621544
206.68390292621544
206.68390292621544
206.68390292621595
206.68390292621547
206.68390292621598
206.6839029262148
206.6839029262144
206.68390292621447
206.68390292621555
206.6839029262151
206.68390292621564
206.6839029262163
206.68390292621658
206.68390292621658
206.68390292621595
206.68390292621646
206.68390292621635
206.68390292621575
206.68390292621658
206.6839029262163
206.68390292621564
206.6839029262163
206.6839029262157
206.68390292621584
206.68390292621606
206.68390292621606
206.68390292621527
206.6839029262159
206.6839029262157
206.6839029262157
206.68390292621564
206.68390292621433
206.93446152151932
206.68390292621214
206.68390292621186
206.68390292621316
206.68390292621157
206.68390292621132
206.6839029262113
206.68390292620987
206.68390292620927
206.68390292621046
206.6839029262093
206.6839029262095
206.68390292620953
206.68390292620805
206.68390292620973
207.2972048247952
207.37510572317822
207.51789820632212
207.3751057231768
206.68390292620956
206.68390292620953
206.68390292620876
206.68390292620649
206.6839029262073
206.68390292620984
206.68390292620984
206.68390292620984
206.6839029262075
206.68390292620685
206.68390292620543
206.6839029262075
206.68390292620722
206.68390292620728
206.68390292620728
206.68390292620728
206.68390292620674
206.68390292620674
206.6839029262063
206.68390292620543
206.68390292620626
206.68390292620649
206.6839029262065
206.6839029262065
206.68390292620634
206.6839029262065
206.68390292620637
206.68390292620646
206.68390292620504
206.88338980748088
206.68390292620384
207.44678076600223
207.46661559566905
206.68390292620174
206.88338980747625
206.68390292620123
206.68390292620083
206.68390292620083
206.683902926201
206.683902926201
207.46661559566763
207.29720482478606
207.29720482478612
207.29720482478697
207.29720482478703
206.6839029262031
207.07171081803568
206.6839029262031
206.68390292620276
206.6839029262029
206.6839029262029
207.3913831588715
207.3913831588715
206.6839029262005
207.29720482478768
207.29720482478757
206.68390292620106
206.68390292620106
206.68390292619998
206.68390292619998
206.6839029262006
206.6839029262006
206.68390292620052
207.62761405273156
206.6839029261998
206.6839029261998
206.68390292619952
206.68390292619893
206.68390292619893
206.6839029261998
206.68390292620023
206.68390292620023
206.68390292620023
206.68390292619918
207.37510572316552
206.68390292619952
206.68390292619972
206.68390292620035
206.6839029262003
206.68390292619972
206.68390292619867
207.57559216511012
207.43050333029495
207.43050333029495
207.33625606409547
207.2908529774297
207.33625606409512
207.33625606409547
207.33625606409512
207.33625606409512
207.33625606409453
207.3362560640937
207.33625606409427
207.33625606409427
207.33625606409427
207.33625606409427
207.33625606409345
207.29720482478504
207.3362560640937
207.9886092019885
207.9886092019885
207.9886092019885
207.9886092019885
207.3362560640933
207.98860920198842
207.9886092019889
207.9886092019889
207.9886092019889
207.9886092019889
207.9886092019889
207.9886092019889
207.9886092019889
208.64096233988496
209.4236750093514
208.60191110057562
208.64096233988496
208.6409623398847
208.64096233988536
208.6409623398855
208.6409623398855
208.60191110057653
208.64096233988465
208.64096233988465
208.6409623398855
208.6409623398855
208.6409623398851
208.6409623398855
208.6409623398855
208.6409623398855
208.64096233988593
208.64096233988593
208.64096233988593
208.64096233988593
208.09465767254642
208.64096233988593
208.64096233988593
208.6409623398867
208.64096233988658
208.64096233988664
208.64096233988636
208.64096233988636
208.64096233988653
209.33216513685278
208.64096233988607
208.64096233988607
208.64096233988525
209.4236750093527
208.78605117470048
209.3484425725547
210.49033734092447
209.92289481207013
209.2933154777813
209.34844257255426
210.70978688729696
209.63020199383075
209.6600860268553
209.34844257255497
209.2933154777813
209.34844257255406
209.2933154777804
209.34844257255406
208.840449221161
209.34844257255406
209.29331547777954
210.5805326645384
209.29331547777954
209.49353140736875
209.29331547777852
209.3484425725532
209.7942170584533
209.34844257255355
209.29331547777988
208.64096233988272
209.29331547777988
209.34844257255355
209.29331547777988
209.34844257255355
209.29331547777988
209.34844257255355
209.29331547777946
209.34844257255259
209.0857154574077
209.348442572553
209.29331547777934
210.5946658406256
210.22742803695178
209.3484425725527
209.29331547777903
209.3484425725527
209.29331547777903
209.34844257255256
209.1528217237726
210.26445374752814
210.4910860740301
210.73749024164005
209.29331547777727
211.46306494079252
210.19067305821028
209.6501974855273
209.29331547777554
210.35814880337765
209.29331547777437
209.3484425725476
209.29331547777377
209.34844257254625
209.29331547777437
209.34844257254804
209.29331547777363
209.3484425725475
209.29331547777383
209.34844257254724
209.29331547777358
209.34844257254724
209.29331547777358
209.34844257254724
209.29331547777358
209.34844257254667
208.64096233987758
209.34844257254724
209.29331547777358
209.34844257254724
209.2933154777723
209.3484425725465
209.29331547777224
209.348442572546
209.29178577172314
209.34844257254633
209.29331547777252
209.3484425725467
209.29331547777304
209.3484425725467
209.29331547777304
209.0903542631793
209.29331547777298
209.34844257254665
209.29331547777133
209.3484425725462
209.2933154777725
210.11132041234342
209.9066173763584
209.96174447113208
210.519919274944
210.26140875384115
209.906617376357
209.9617444711318
210.519919274944
210.57504636971748
210.519919274944
210.57504636971765
210.51991927494348
210.47137561710784
210.519919274944
210.57504636971765
210.519919274944
210.57504636971765
210.519919274944
210.57504636971765
210.519919274944
210.57504636971765
210.519919274944
210.57504636971765
210.51991927494387
210.57504636971765
210.519919274944
210.57504636971765
210.51991927494308
210.57504636971765
210.51991927494257
210.57504636971623
210.51991927494257
210.57504636971672
210.51991927494305
210.5750463697166
210.51991927494305
210.57504636971672
211.28279711474067
211.33792420951434
210.81958355765198
210.5750463697163
210.88668982401614
210.5750463697158
211.41727685537467
210.57504636971456
210.5199192749409
210.57504636971456
210.0670530183205
210.57504636971456
210.51991927493995
210.5750463697141
210.5199192749409
210.57504636971456
210.61416654113978
209.92269323181938
209.86756613704452
210.297951186185
210.30068062464295
209.2703400939208
209.21521299914917
209.27034009392315
209.17616175984014
209.27034009392264
209.2152129991495
209.27034009392221
209.2152129991495
209.27034009392315
209.21521299914852
209.2703400939222
209.2152129991484
209.2703400939219
209.21521299914824
209.2703400939219
209.21521299914824
209.55209951519709
209.2152129991471
208.65703819533542
209.21521299914713
209.27034009392207
211.36072527929485
210.06539316984035
209.8915695230925
210.88252806228732
210.6235679736515
212.4771541953344
210.62356797365007
210.026341930531
210.01026607506282
210.67869506842482
210.62356797365007
210.67869506842501
209.4146998804204
210.67869506842402
210.62356797365007
210.57484478947163
210.62356797365007
210.67869506842501
210.62356797365007
210.67869506842501
210.45809423202138
210.67869506842501
210.36006720135865
210.67869506842348
210.6235679736503
210.67869506842464
210.6235679736496
210.67869506842456
211.4700967234207
210.6786950684238
210.44181679631708
210.4969438910914
212.297213204726
211.33093917120277
211.3412800232369
211.00317970156442
210.53606406251757
209.5089471466242
209.92276216393256
209.92276216393358
209.92276216393145
209.92276216393316
209.92276216393134
209.92276216393384
209.92276216393256
209.92276216393384
209.92276216393256
209.92276216393384
209.92276216393256
209.92276216393367
209.92276216393256
209.92276216393367
209.27040902603656
209.27040902603784
209.2704090260349
209.270409026037
209.2704090260338
209.2704090260334
209.2704090260338
209.27040902603457
209.2704090260333
209.8999883603249
209.89998836032362
209.8999883603249
209.89998836032265
209.89998836032268
209.89998836032362
209.8999883603249
210.77785702105015
209.8999883603252
209.89998836032393
209.28668646173819
209.89998836032294
209.89998836032422
209.28668646173537
209.89998836032368
209.89998836032294
209.89998836032422
209.89998836032294
211.11965735818234
210.52956769461264
210.52956769461392
209.7666898548129
210.51329025890982
210.51329025890885
209.80929203439388
210.51329025890772
210.5295676946135
210.51329025890843
210.5132902589097
210.51329025890843
210.5132902589097
211.3739038267547
212.1362983883243
211.98720572534052
211.5229964897374
211.98720572534017
212.1362983883238
212.46720911841962
212.74960028691163
212.60050762392802
212.74960028691163
212.60050762392805
212.7496002869103
212.58423018822484
212.74960028691018
212.60050762392748
212.74960028691152
212.6005076239281
212.74960028691163
212.6005076239281
212.74960028691163
212.36947339037062
212.74960028691163
212.37605809094435
212.70435790287863
212.60050762392794
212.74960028691189
212.60050762392777
213.36290218549757
213.21380952251465
213.3629021854981
213.21380952251462
213.99248151978608
213.76155092917253
214.81019936419395
214.6611067012111
215.51767959686384
216.97971557127312
216.31273267278223
216.16364000979854
215.70378454774394
215.3030264419514
215.64024277437423
214.66110670121125
215.62733425664288
214.66110670121097
215.68806802491866
215.40770710530623
214.81019936419352
215.2744085997968
214.91624783474964
216.02100900389152
216.17010166687322
216.0210090038908
215.55679976828816
216.02100900389115
216.17010166687348
215.4077071053034
215.55679976828517
215.40770710530342
215.55679976828463
215.40770710530342
215.5567997682853
214.67738413691123
214.92229136945184
214.54709353745554
215.29131778271116
216.2027601812205
216.1864881376932
216.03739547471142
216.1864881376932
215.79008380545028
215.51785756409393
216.03739547471147
217.00362303014117
216.65069737329767
216.20906036106138
216.78399587880676
216.9330885417881
216.78399587880676
216.93308854178846
216.25553595052767
216.93308854178846
216.78399587880642
216.93308854178852
216.78399587880688
215.51785756409504
215.36876490111337
215.51785756409504
215.32528622571346
215.32528622571374
215.32031222928967
216.26445796818805
216.11536530520763
215.65115606960262
215.27761387363884
216.26445796819
216.11536530520698
216.2644579681885
216.11536530520803
216.11536530520846
216.26445796819
215.51385373592785
215.5178575640936
214.75546300252554
215.517857564093
215.3687649011115
215.51785756409282
215.33210255859726
215.160504471161
215.16117575579335
215.51785756409527
215.36876490111393
215.51785756409535
215.36876490111393
216.20906036106123
216.79029066647192
216.88398572232438
216.79029066647192
215.6925283141639
217.44237329201155
216.95566076515584
217.04920735202458
218.22104528928296
217.24869423330023
217.5298424923173
217.56742551254337
218.6066549895098
217.99405172792223
217.82140451097993
217.66250925060876
218.14314439090296
218.46312678151307
217.19830001500662
216.85663601364527
217.8295067750279
217.75169733350816
219.1370564642613
218.55231486440962
218.67221548144192
219.1645467601894
218.97187976415103
218.06809288383914
219.30179481573006
220.09379037718716
219.63333729304094
219.7941260944778
219.9330015757503
220.0758855157536
220.2466391916263
220.70709227577254
220.52839861290175
220.40742799306287
220.22231725556023
220.68918741433902
220.24663919162495
221.30411673865476
220.51212117719766
220.40742799306156
220.54630347433556
220.689187414339
221.23318485495503
220.7070922757726
220.0178435460572
220.40742799306324
221.34135655025398
220.729675392965
221.0416922675446
221.483491757147
221.32345168882026
221.15319801275305
220.72805465166948
220.9371269674387
221.0416922675446
221.50214535169047
221.85882715999094
220.89376963542512
220.46283812097346
221.20248106897995
221.30223637882872
222.81118290356412
222.15744696893037
221.5021453516908
222.06767593407525
221.3950524073623
220.59475614615516
221.48424049025533
221.04169226754294
221.50214535168877
220.70515953904274
221.12458017059893
221.02952374770135
220.96699811439086
220.18107869969148
220.64153178384072
220.30533013755866
220.75692542791492
221.22734338649767
221.3702273265019
220.92767910378868
221.19944149778564
221.49119794633975
220.58647366734667
221.22734338649698
221.37022732650132
220.92767910378814
221.3881321879349
221.20943852506394
221.08846790522557
221.2273433864975
221.22743484335766
220.92767910378723
221.3206817873956
220.70087894100115
221.67245332466163
221.9185461834629
221.65198674777625
220.92767910378845
221.45369267986501
222.02076903668694
223.63614289883918
222.80556291186366
222.1168277305975
221.71306023484036
222.05667021641491
221.96537142955793
221.79594813789674
222.29684840569573
222.07770755917275
221.99718412298654
220.64153178384328
220.88855893236462
221.3490120165101
220.0263995900825
220.2542946578848
220.30815901135801
219.44296414626177
219.58183962753307
219.11142166894976
220.19622710525653
219.9243796063039
220.7024238398824
219.77769665781182
220.9642452214648
221.44186167301982
220.25126291464065
220.8724140164405
220.13381277658644
219.9594478351431
219.15028890627656
219.51928418348282
218.51956127137802
220.4783560408758
219.5193241292814
219.7012078263907
218.90602223069234
220.01484544226827
219.46419703450624
220.2593826302041
219.46419703450624
220.20398502307458
219.05038201719645
219.85586806853934
219.4641970345058
221.6059835587444
219.41574436268277
219.72662150561965
218.756716801835
219.4989293072586
218.85089513591566
220.0025510170296
218.85089513591555
218.47628293714536
218.85089513591305
220.31618863290592
219.4641970345017
220.31618863290558
219.44791959879737
219.70288673431665
218.0722231386424
219.7937566577118
218.85013823379276
220.3161886329066
219.33089852899474
220.69845629793318
220.69080083167503
220.17435711744866
218.6300927192708
218.1925441971772
218.0167908206869
217.29542871171125
217.40348892209863
217.6253437632902
216.6406110822999
216.00185235564413
215.017602952887
216.00185235564405
215.63090485147288
215.29936237416285
216.02100900387723
215.6882147397645
215.01760295288534
214.9203373932853
213.79099915571186
214.16194665988277
213.79099915571152
214.16194665988277
213.79099915571152
213.830404182573
213.45945667839996
214.16194665988235
213.79099915571152
