----------Report of simulation of Quantum Parallel Tempering - Population Annealing v1-----------
The number of considered Spin20
The considered Annealing Duration 200
The considered Annealing Number 100
The considered T 1.0
The considered Gamma0 1.0
The considered Number Of Replica 4
The considered Number Of System Tempering 4
The considered Number Of System Population 4
The solution found [ 1. -1. -1.  1.  1.  1.  1.  1.  1.  1. -1.  1.  1.  1.  1. -1.  1.  1.
  1. -1.]
The value found 6.599883539239045
The Success probability is 0.0
The average value is 6.599883539243445
The total execution time is 118.96936678886414
The average time for execution is 1.1896927666664123
The average time for all systems update is 0.005912790226936341
The average time for system tempering update is 0.0007129202634096146
The average time for system population update is 56.96519422531128
The average time for replica update is 0.0001778126709163189
The average time for spin update is 8.614332787692547e-06
The list of values found 

6.599883539243365
6.5998835392438195
6.599883539242228
6.599883539244956
6.599883539243592
6.599883539242683
6.59988353924291
6.599883539244047
6.599883539243592
6.5998835392438195
6.599883539241773
6.599883539241318
6.599883539243592
6.599883539244956
6.599883539245866
6.599883539245411
6.599883539246548
6.599883539242455
6.5998835392420006
6.599883539244274
6.599883539241546
6.599883539244729
6.599883539244956
6.599883539245411
6.599883539243137
6.599883539242455
6.599883539244047
6.599883539244047
6.599883539243137
6.5998835392456385
6.5998835392438195
6.599883539243137
6.599883539242683
6.599883539244956
6.599883539241546
6.599883539242683
6.599883539243592
6.5998835392456385
6.599883539243592
6.5998835392420006
6.59988353924291
6.5998835392438195
6.599883539244502
6.599883539244729
6.599883539242455
6.599883539245411
6.599883539242683
6.599883539244956
6.599883539245411
6.599883539242455
6.599883539244956
6.599883539243365
6.599883539244274
6.599883539244502
6.599883539245866
6.599883539243592
6.599883539244729
6.599883539243592
6.599883539242455
6.599883539243137
6.599883539244956
6.599883539240864
6.5998835392420006
6.599883539244956
6.599883539241091
6.599883539242683
6.599883539244729
6.599883539242683
6.599883539242455
6.599883539240636
6.599883539244729
6.599883539243137
6.599883539241546
6.5998835392438195
6.599883539241318
6.599883539243137
6.5998835392420006
6.599883539244274
6.5998835392438195
6.59988353924291
6.599883539242455
6.599883539240182
6.599883539242683
6.599883539241091
6.599883539245411
6.599883539242455
6.599883539243137
6.599883539242683
6.599883539244729
6.599883539242228
6.599883539239045
6.599883539244274
6.599883539242228
6.599883539246775
6.599883539243137
6.5998835392438195
6.59988353924291
6.599883539243365
6.599883539243365
6.599883539244956



The list of values first execution 

379.6267305579391
1055.4396555971407
466.1980541083508
552.8611176476068
504.3532846913483
545.2579982110283
504.81652693962945
460.1245940239333
452.2399202565676
486.16118501104904
356.8310365547884
534.850265998377
397.93265419988
541.4260111327989
536.948894706685
514.8505246819947
522.4072309117926
537.7087254058478
417.7051222549048
350.07586418896364
386.43143819393686
357.56176126401186
418.5654923418889
422.7342808486826
505.27303604332826
437.24714863762983
489.4520633820642
464.71208785421123
500.2212142577247
395.63306219488516
530.6515254828367
363.9149803871122
520.5280598173788
449.3026052716158
357.0376584799099
410.0298726203994
453.0439850521133
393.5509830176687
420.82092296539383
386.6624325726923
433.45715229012956
365.32754517980163
353.3615440443593
331.61973584099036
288.440645617237
325.56353739201717
367.38436698431997
268.9144490452935
338.23806445167185
227.13380123561333
318.88456128340243
314.70070973103583
266.76325357281485
249.23126138132014
248.4869516530746
293.541143767622
297.4428603168458
296.07310216638285
300.52608514596847
279.1776404894359
309.13132453814455
271.3783666023584
252.84277904393
251.97168620431327
256.1160651552514
263.93060074956674
274.60882676178545
296.5007979943612
280.0535210546734
270.7740949288695
283.6368470771636
271.55527151167047
245.7448465199021
324.5628690743716
269.359039466077
284.04056046927803
250.65614949463517
288.51525364620227
270.487749704817
318.7019729815136
284.6087616344211
251.46578024641232
332.21451897388
244.19114777359906
296.39969620586555
265.91798987543507
262.73226479050925
333.7967923054058
242.22278586885122
287.15923349993386
235.3415247573208
193.03308402586046
241.92121851849296
225.81903689949954
299.6687491456802
308.8387334837668
287.9784006155239
275.03687368944617
372.2174225728421
280.0686280022483
265.97512747424037
246.008344079075
304.9229223883233
310.5384003315579
297.52994208521733
281.3914175464453
248.95275666961956
292.7327428773434
254.78021360358653
260.1686844664978
283.2982469921895
286.5386871787711
246.81535117487013
301.6054349926957
249.27394979374125
288.0437569110115
310.9782937263299
250.93564936398226
262.3504975706573
332.56669158068604
261.2089442621379
343.71710430777557
243.46978889468883
291.1369289203522
250.8397266087339
272.98247024359483
252.31301139126995
310.5102918857534
309.1865765927042
287.1389255424323
312.7336643729434
232.6172029041439
291.6710199948813
241.33754542777697
297.9788548984442
299.67686763291977
255.69945378035302
326.86370120925056
292.9185918624008
273.7188936295679
285.0711513676397
324.8110755038829
300.7435306323013
255.69422575225374
274.7308127974924
279.1857609907931
286.1371276325392
319.18446982894835
194.06743336654833
234.46853162645428
273.7565449270794
272.5554014920454
253.96783611666584
275.9810353807747
254.2811119671177
281.4960641298072
223.46026503017882
227.11456305922607
295.06773684929817
265.57628740864465
317.48777716067127
307.23139286341916
280.0900439681907
245.2336663073564
233.72776130435616
231.71642539235435
305.50990364576444
278.0081996379464
264.533409532722
338.2948617001073
276.0391708836918
315.28475531728
298.43642129179943
211.66601001564695
284.51006652474086
281.2650135383927
359.8261571643347
289.5925420256465
267.8185669336306
309.416467684584
292.64255168792477
263.9309756951683
256.1299322177957
337.8040205916773
342.94399406002515
319.82543670040417
292.43504084346637
256.671723769651
251.4494583610065
243.91886061971402
297.48457668812057
296.5350833900797
283.7079160929546
240.34379444674929
275.9083037655454
276.11031914431913
257.4726987236498
234.22239729115435
318.44721755735384
310.6028078254359



The list of best values first execution 

101.31249999999932
6.5998835392492765
50.18749999999909
6.599883539248594
50.18749999999932
57.72488353924905
6.599883539249049
101.31249999999932
50.18749999999886
6.599883539248594
50.18750000000023
50.18750000000023
50.18749999999909
57.72488353924882
6.599883539249049
108.84988353924882
50.18750000000023
6.599883539249731
6.59988353924814
6.59988353924814
6.599883539247912
6.599883539248594
50.18749999999886
6.5998835392492765
50.187499999998636
57.72488353924837
103.8547789754623
6.599883539249049
50.187499999998636
6.599883539248594
6.599883539248822
50.187499999998636
57.72488353924905
6.59988353924814
6.599883539247912
50.18749999999909
50.18749999999841
6.599883539247912
108.8498835392495
6.5998835392492765
6.5998835392474575
50.18749999999977
6.59988353924814
6.599883539248822
6.59988353924723
6.59988353924814
6.59988353924814
6.59988353924814
6.59988353924814
6.59988353924814
6.59988353924814
6.599883539246775
6.59988353924814
6.59988353924814
6.59988353924814
6.59988353924814
6.59988353924814
6.59988353924814
6.59988353924814
6.59988353924814
6.59988353924814
6.59988353924814
6.59988353924814
6.599883539247003
6.599883539245184
6.599883539247685
6.59988353924814
6.59988353924814
6.59988353924814
6.59988353924814
6.59988353924814
6.59988353924814
6.59988353924814
6.59988353924814
6.59988353924814
6.5998835392474575
6.59988353924814
6.59988353924814
6.59988353924814
6.59988353924814
6.59988353924814
6.59988353924814
6.59988353924814
6.59988353924814
6.59988353924814
6.59988353924814
6.59988353924814
6.59988353924814
6.59988353924814
6.599883539246093
6.59988353924814
6.59988353924814
6.59988353924814
6.59988353924814
6.59988353924814
6.59988353924814
6.59988353924814
6.59988353924814
6.59988353924814
6.59988353924814
6.59988353924814
6.59988353924814
6.59988353924814
6.59988353924814
6.59988353924814
6.59988353924814
6.59988353924814
6.599883539246775
6.59988353924814
6.59988353924814
6.59988353924814
6.59988353924814
6.59988353924814
6.59988353924814
6.59988353924814
6.59988353924814
6.59988353924814
6.59988353924814
6.59988353924814
6.599883539246548
6.59988353924814
6.59988353924814
6.59988353924814
6.599883539247003
6.59988353924814
6.59988353924814
6.59988353924814
6.599883539246093
6.59988353924814
6.59988353924814
6.59988353924814
6.599883539246321
6.59988353924814
6.5998835392438195
6.59988353924814
6.59988353924814
6.59988353924814
6.59988353924814
6.59988353924814
6.599883539247912
6.59988353924814
6.59988353924814
6.59988353924814
6.59988353924814
6.59988353924814
6.59988353924814
6.59988353924814
6.59988353924814
6.59988353924814
6.59988353924814
6.59988353924814
6.599883539245411
6.59988353924814
6.599883539244047
6.59988353924814
6.599883539245184
6.59988353924814
6.599883539243592
6.59988353924814
6.5998835392456385
6.59988353924814
6.59988353924814
6.59988353924814
6.59988353924814
6.59988353924814
6.59988353924814
6.59988353924814
6.59988353924814
6.59988353924814
6.59988353924814
6.59988353924814
6.5998835392456385
6.59988353924814
6.59988353924814
6.59988353924814
6.59988353924814
6.59988353924814
6.59988353924814
6.59988353924814
6.59988353924814
6.59988353924814
6.5998835392456385
6.59988353924814
6.59988353924814
6.59988353924814
6.59988353924814
6.59988353924814
6.599883539245411
6.599883539245411
6.59988353924814
6.59988353924814
6.59988353924814
6.5998835392474575
6.59988353924814
6.59988353924814
6.59988353924814
6.599883539245411
6.599883539243365
6.59988353924814
6.59988353924814



The list of values average 

399.55643721013416
913.8270249577929
506.4465610879633
570.2828636295336
523.7004693440963
514.082441531934
513.4718643756129
516.9538423272481
507.32740477413887
528.0127306368017
505.16114230736525
523.5672944412672
505.5966620158455
523.8140049967525
504.6222343687286
522.0193074121075
514.1690629871813
522.5657792451075
510.57978027498825
511.3415559196985
503.9337048399862
498.06592299795034
493.69510461231965
492.13104662795257
484.8246630381134
462.2173864497806
469.9635597538918
455.0084992935275
447.4506423098956
439.18800734254773
429.06577947829766
438.2169086244571
440.74142569765496
434.6513335829794
426.4662103026141
416.2791354042241
415.29095798582887
413.50028521297435
405.2990295108115
417.0713390067862
396.54926785354405
384.28878962224684
370.2516658142199
341.60961210910654
330.7314031680392
320.8680626927155
312.3059011424179
303.60323095452395
297.20591094156947
298.02976872346204
292.1333444217619
294.21063411642666
282.59240948234685
287.87982539040587
283.13598941865547
285.9236390173817
282.91852981080234
286.22914871330374
291.53282443230773
284.0782989373765
287.2415013127947
282.4268263374225
287.20712125700595
281.5121102687779
287.15221123426744
274.4542421176174
281.5105272018841
286.23954941119524
289.0868906340741
287.00998291788807
288.1722262056003
286.12505910048475
282.0771940863806
284.05348536498917
284.7976665743747
285.9890308293755
285.7756073001167
286.19697576920476
280.1930332536738
289.8354746753624
282.39684566312917
278.9341268741657
284.35334672070076
283.2498377193987
283.13853096705583
278.8045160868215
285.26775736891466
277.6565159229455
290.0672941001603
292.03073594739635
279.7162380015909
284.33097765008216
285.17803416609524
282.25036561110284
289.62272254550544
280.71991423887107
287.66966581447923
276.3030024501067
287.08533868002553
289.4205034545893
283.39723338802514
279.29663474900866
285.32462605701676
276.57812896405323
277.7974407693941
279.94582320656104
278.75370160399024
289.60731912393913
287.35607921628684
286.161172304249
281.21669057058875
275.24680389075934
284.69767297133336
285.8568905450003
283.9160205924338
286.38780610661433
288.0468342842019
285.75533232434987
287.43720157234236
290.8531438048755
285.2314094984738
277.3064895397426
285.9227035575308
282.9106372396783
282.51451854965205
286.30305759512396
279.9134421075217
280.5575780382673
290.2739029751163
282.7514746525769
286.47695521933184
280.59932659871725
285.12369671925325
285.1982519983737
281.2717644252806
287.5832791589621
283.6611398000067
286.7988978027945
280.92071131476894
288.5173629936365
281.95586840458867
289.32428866895174
282.3944882811263
284.4477149697057
289.1392468238725
279.87942657692935
283.4977249155768
277.11876928536077
282.08886345478805
281.43818334922423
280.27311492164637
286.3968237587289
278.2486093036138
282.68000125920844
278.3983271282159
279.55326749954975
283.43043997361315
283.92235951110234
288.17221680555775
277.4159275746681
287.34286198472574
279.7358391634916
279.481730938292
277.5104642508189
288.1060117283539
282.49834956832365
286.36103195147166
285.2075053541931
285.29174090997066
282.0756479019128
284.33234439179193
283.33322363618123
288.27977432569037
283.00752658026914
283.8392368385636
285.71663375708494
284.75514504694513
281.5843000938978
280.92634901425106
280.8554876794758
283.19000796062437
286.6895723216422
282.7668267353391
277.90701921934175
286.71525413402094
279.5846943077039
289.6137038524619
278.6459225981135
286.02068343954977
281.83559523110347
284.56152901040946
282.561546899616
280.3726859512622
285.5756022711329
282.7254322628478
287.0430722862536
276.49708319489235
287.5113990073377
276.53267818291437
282.23244270116254



The list of best values average 

76.0364801061050756.0671721749825158.90040888693217651.6814097715140245.9392591243580742.4025312572728246.80161455937868543.7831810297409746.2043996465494946.9645989317264447.42356327580155644.911144911642147.1725429586112545.6552186675488851.2086399473954548.0776612921111143.68708630349548441.2459368783590747.62240165524960445.45767145243364445.3129121952774241.1063445995314444.1775918577097544.7357722601322647.0314442119344347.22468135597589649.3829498361107741.76741118452570642.16528656093388646.49749169524259441.57300302108432545.23198496804466450.4829018676655747.3754771765142649.1989264370989439.9710326907030939.6594610543674641.7413230125070241.68247241650108540.940244268705137.97468310451062536.73290934929199420.84941614825868312.8528975145386338.3433881976784526.5998835392481247.11113353924805756.5998835392479186.5998835392478966.5998835392479186.5998835392478966.5998835392478126.5998835392478886.5998835392478496.59988353924781556.5998835392478756.5998835392478486.5998835392478276.59988353924788656.5998835392478286.59988353924787056.5998835392478686.59988353924781556.59988353924787056.5998835392478266.5998835392478796.59988353924774356.5998835392478956.59988353924779956.5998835392477886.5998835392478396.5998835392477996.5998835392477966.5998835392478526.5998835392478696.5998835392477286.5998835392478626.5998835392478316.59988353924786.59988353924783856.5998835392477586.59988353924782346.59988353924779956.5998835392478786.5998835392477946.5998835392478516.5998835392477976.5998835392478516.5998835392477946.5998835392478246.5998835392477796.5998835392477446.5998835392478546.5998835392478156.59988353924760056.5998835392477956.5998835392476246.5998835392478696.5998835392476556.5998835392478986.599883539247626.5998835392477376.59988353924775956.5998835392477646.59988353924773556.5998835392476886.5998835392477496.5998835392477096.5998835392477756.5998835392475856.5998835392477496.5998835392476326.59988353924783856.5998835392476216.5998835392476696.5998835392476736.5998835392477276.5998835392477246.5998835392475996.59988353924786.5998835392476386.599883539247586.5998835392477276.5998835392476686.59988353924764856.5998835392476226.5998835392476716.5998835392477036.5998835392477036.5998835392476086.5998835392476446.599883539247576.5998835392476196.5998835392476876.5998835392477496.5998835392476986.5998835392477316.5998835392476276.59988353924766.5998835392478026.5998835392476126.5998835392476496.5998835392475296.5998835392477646.5998835392476636.59988353924787056.59988353924761656.5998835392476286.5998835392476546.5998835392476486.599883539247526.5998835392475826.5998835392475566.5998835392475876.5998835392477336.59988353924762456.5998835392477226.5998835392475316.5998835392475296.5998835392475166.5998835392475596.5998835392476936.5998835392477546.5998835392476646.5998835392476676.5998835392476256.5998835392475256.59988353924752956.5998835392476936.5998835392476466.59988353924756856.5998835392475766.59988353924756856.5998835392475696.5998835392474956.5998835392475996.5998835392473256.5998835392474756.5998835392474056.59988353924773556.59988353924764856.5998835392475666.5998835392475936.5998835392478426.59988353924758456.599883539247696.5998835392476496.5998835392475946.5998835392476126.5998835392475426.5998835392475486.5998835392474416.59988353924765656.599883539247396.599883539247696.5998835392475196.5998835392476126.5998835392475966.5998835392475816.599883539247496