----------Report of simulation of Quantum Parallel Tempering-----------
The number of considered Spin 60
The considered Annealing Duration 1200
The considered Annealing Number 100
The considered T 1.0
The considered Gamma0 1.0
The considered Number Of Replica 4
The considered Number Of System 8
The solution found [-1 -1  1  1  1  1  1  1 -1  1  1  1  1  1  1 -1  1  1  1 -1  1  1  1 -1
  1  1  1 -1  1  1 -1  1  1  1 -1  1  1  1 -1  1  1  1 -1  1  1 -1  1  1
  1 -1  1  1  1 -1  1  1  1 -1  1  1]
The value found 252.05384268236048
The Success probability is 0.0
The average value is 252.05384268242008
The total execution time is 5459.01020860672
The average time for execution is 54.590100886821745
The average time for all systems update is 0.04527702156305313
The average time for system update is 0.0056353459541996324
The average time for replica update is 0.0014084589731569092
The average time for spin update is 2.3171347783257565e-05
The list of values found 

252.05384268240596
252.05384268236776
252.05384268243688
252.05384268238595
252.0538426823823
252.05384268242597
252.05384268242778
252.0538426824387
252.05384268240778
252.05384268242415
252.05384268242415
252.0538426824296
252.05384268244234
252.05384268243688
252.05384268240232
252.05384268238413
252.05384268239868
252.05384268242415
252.05384268242233
252.05384268241323
252.05384268239686
252.0538426824587
252.05384268244416
252.05384268242233
252.05384268241687
252.0538426824387
252.05384268243506
252.0538426823714
252.05384268236048
252.05384268242778
252.05384268244234
252.05384268244416
252.05384268240414
252.05384268240596
252.05384268242415
252.05384268242597
252.0538426824096
252.05384268245143
252.05384268243324
252.05384268244052
252.05384268242597
252.0538426824387
252.05384268239322
252.05384268238413
252.05384268245325
252.05384268241687
252.05384268245325
252.05384268243142
252.0538426824569
252.05384268243506
252.05384268242597
252.05384268237685
252.0538426824296
252.05384268243506
252.05384268243506
252.05384268244234
252.05384268237685
252.0538426824114
252.05384268236412
252.05384268239686
252.0538426824114
252.05384268239686
252.05384268238595
252.0538426823823
252.05384268244052
252.05384268244597
252.05384268240778
252.05384268240232
252.05384268243506
252.05384268244234
252.05384268241505
252.05384268236776
252.05384268244416
252.05384268241323
252.0538426824296
252.05384268238595
252.05384268244052
252.05384268244597
252.0538426824496
252.05384268241687
252.05384268240232
252.05384268244234
252.0538426824005
252.0538426824096
252.05384268244052
252.05384268243688
252.05384268241323
252.05384268245325
252.05384268242415
252.05384268243506
252.0538426824205
252.05384268243506
252.0538426824587
252.05384268243142
252.05384268244234
252.0538426824478
252.05384268240232
252.0538426824478
252.05384268241323
252.05384268238413



The list of values first execution 

2802.3351166298994
7966.491171072954
4860.333879740532
5376.45676626518
5826.505523551363
5572.869273860091
5570.01093883857
6187.982084996989
6288.510232206253
4704.6497417378605
5560.744955285495
4611.408160062698
5064.514877886187
5284.064957297685
5879.8569073237895
5332.234476944973
5703.014223021491
5912.874434847028
6058.027477070889
5343.844305330167
5034.671524668319
5176.332585676754
5030.566645084381
5483.049234442684
4852.868511496448
4961.645465882997
5039.134397211436
4626.043838861385
5320.15730508413
4897.950777717154
5470.937913759809
5023.90516953059
5890.456176104226
5777.2032844723435
6266.027983144915
6159.817026907123
5995.226635160305
5690.152994285574
6117.531293111896
4647.7064148908385
4998.161394130371
5616.542997464846
5612.740367589434
5723.574923842918
4790.911252309464
5036.681720456154
5269.284802386058
5704.362858360641
5750.40408954358
5079.32019637141
5186.858686953473
5088.9742613055505
4566.433358919154
4965.834229857862
5524.567313983782
5081.486856919839
5603.812039941591
4622.327236420098
5678.79134030178
4457.63466135566
5299.932645853589
4799.153389208321
4675.641781532201
5130.241753965312
4953.566455839252
5650.922534535337
5636.474789665981
5759.976997712979
4849.295401776329
5521.726579180428
5294.29713526346
5553.801400688746
6201.184164909646
6027.032047174487
5168.332066286057
5256.191937184825
5074.204653800574
4653.942309432139
5194.0457230461025
4921.925607437798
5043.255194856891
5018.848637201772
5505.94671250745
5757.324630531779
5653.199773999807
4978.581607610844
5353.142065823122
5444.211191867358
4796.4862823642125
5609.632229980447
4797.417953429932
4825.796643407515
5432.596384490236
5412.579189411809
4629.416567594478
5049.9162559082715
5140.108104448352
5481.340876989286
4541.209745511345
5792.340992369575
5757.646791595598
5833.720879740861
6283.855304271271
5694.137065617226
5971.476809917865
5841.387853495417
4983.658939680108
4476.893060352815
5524.0801222931905
5132.705313376791
5427.719415656758
5313.473218628837
6095.0770180545405
5513.765811585177
5402.863081340777
4640.175689891688
5471.002412579948
4560.764780218227
5455.277198995364
5839.625091484137
5053.196809368197
4900.053261802669
4991.113727900339
4786.207857303144
6212.784777636594
4964.087749663731
5568.183188420448
5331.470287636221
5326.5670514753565
4987.561297413973
5607.886964279334
5626.848650665856
4783.413856347852
5495.945429024841
5461.707185515977
5641.982798683912
6137.860338678638
4657.680862607179
5210.3126814815205
4944.302197335672
5241.610504160153
5678.869159809696
5139.573166999946
4747.747794125633
5388.304423489625
4618.832853746346
4911.725557144238
5347.714041791125
4808.284861676789
5515.949519268829
5514.863314103672
4584.474819627565
4714.085628811093
4756.1014941968115
5568.92186526221
4939.230223323791
4949.700469255115
5367.906283955449
5946.101255553549
5931.825297631183
4758.426448665944
5427.219191721701
4471.981492472835
5276.813108657655
5370.631439541699
5864.113111010604
6158.40917597475
5794.017387812548
4894.200729720048
5342.058015707821
4769.381003031201
4755.112634834822
5729.96790545554
5548.029189159679
5473.808581392726
5248.245492231886
5564.283540336063
5656.645963880187
5888.951522954749
4875.561158808278
4959.435343463439
5220.920799626822
4794.318774186956
5302.070286286309
5655.785401737787
4708.17406981205
5316.567633859389
5491.790997506885
4508.869018709711
5957.632566788483
5223.9397998921995
5668.399879823901
4752.765007672713
4997.070371981541
4805.312875761494
4890.280519465512
4935.711131523048
4868.1751336310745
4901.528905789021
5459.843962067534
6097.907411769466
5382.253027034576
5992.246788707989
5807.1596739632005
4575.832852763973
5571.425365032626
5451.10737522465
5330.736774369315
5821.483091836046
5896.81217176143
5842.679690869347
5361.6533308654725
5932.287459388379
6100.239623331559
6438.435129665279
5577.064054107158
5595.471421254463
5880.3587139836545
4696.155109751387
4594.652549263662
5114.336237167007
4621.080729581373
5050.722315351682
4838.10802250328
5316.628355602096
4675.433975727612
5021.951113501313
4851.9464955308
4499.851070223425
5147.7118137857215
5709.868425006871
5478.529418006746
5832.102790462264
5535.278547313859
5900.654751414063
5581.479217105053
5310.473890402535
5948.202531780328
4424.318870267889
5136.696795911133
4784.335681525663
5537.264507512492
5585.991980973927
4884.94818803085
4768.138726720209
5527.032492776901
4647.906658573903
4854.366082691251
5406.805692465501
5394.342338140271
5970.150704526608
5881.645488467257
5255.3566394596255
5642.794976987692
5369.968130554503
5460.069722391638
4786.951517569123
5830.809636856767
5678.952109386782
5224.744825022705
5831.484758214693
5462.752984925396
5220.922824439916
5535.448179200011
5585.826905918846
5889.131083325481
4599.933590701942
5490.3615292430495
5610.132973240221
5179.244176130391
5401.306633624203
5076.597676161895
5806.753216970997
4720.428126489608
4991.6711101593155
5523.006658215784
5613.962413180916
6022.169931469898
5148.57309436618
5804.3393886697695
4671.98025070776
5310.195828283101
4756.464271276607
5442.465226526109
4776.329651685628
4963.725334169051
4391.472626951827
5752.071928204446
4404.375248868696
5490.498832073737
5723.165578612225
4078.507122593815
4967.040691738994
5057.792406332555
4734.322609659952
5579.982447581413
5520.055612433327
6132.160508640452
5528.286794986996
5641.229440530746
5433.266395910485
4869.163290930365
5378.860270716397
5071.131002164151
5842.632827112748
5083.51162185736
4983.800796184715
5498.944525993462
5635.578942703956
5654.184349192881
4849.407339004187
5692.143135088331
5296.452563748478
5842.728436420055
5462.358430234792
6144.892892696237
5235.141496170298
5870.640609614559
4833.624799845763
5644.008020365936
4452.635433276885
5513.002519308728
4821.723245500169
4607.848147045989
4948.708651842752
5293.151775282235
6202.153616837215
5710.606505303468
5617.011540918165
5607.408112892244
5053.109510869261
5278.655679782614
4729.976610107502
4608.7610279668415
5164.4589442501565
4750.878139252556
5222.700681743816
4996.666869855951
4677.377279795535
4985.538199211483
6035.080796904067
5428.453746489182
5810.808156754279
5659.72281768519
5758.8260519387695
4857.365610342293
5316.839018788502
5465.610879210115
5499.025689475086
5684.475591551259
4511.080624809426
5266.170546694149
5477.938585239823
5989.844770531651
5518.959597787516
4024.350838778311
5050.13657508483
4534.295668584143
5065.351576130202
4864.589712221198
4735.896354513592
5631.02163804224
5355.714884266
5250.790853506007
4721.851025595263
4888.262803366001
5415.637096030117
5394.556894177534
4880.566470128103
4766.51795881353
5341.190686630829
5730.124209200318
5548.540515786881
5755.432022741
4095.3363383066103
5150.309309452551
5237.191344844431
5451.668064118295
5785.498688345596
4617.646289588381
5496.928331531473
5504.8898708324
5012.10385124996
5238.722383843242
5812.319892705592
4976.683997459595
5295.557695665838
5527.569776658018
5047.092084091534
5528.466005693744
5254.549424368225
5280.5337708483485
5293.265940065687
4815.763305038718
5372.860416795837
6207.894418268225
5673.209310585381
5000.254674826791
5491.38130885564
6284.1162187299415
6018.414791725874
5428.7646233438445
5557.967626547245
4541.630956534281
4890.807137348894
4874.601276735323
5310.700075793171
5090.863017771782
4663.82578057047
5009.804207638952
5204.957950661249
6002.841065640992
5561.653020940905
5098.610482646385
4401.219914030987
5511.85461806484
5675.003065869113
5886.248397162309
5414.128264910586
5458.066264225945
6204.233119370102
6152.218033820265
5732.834640620115
5810.842399278477
6251.002096941741
5024.761070728591
5454.679483183808
5643.496848510719
5552.234600823239
5512.396362975107
5347.403334982514
4918.266841419426
5102.917445645858
5301.011066889205
4556.590842656706
5214.508477932377
5692.825627407592
5682.328560311104
5813.555215900368
5993.548341886952
5139.36402568406
4982.594767166079
4641.824936399698
4955.527788884578
5668.212905723413
5625.777859128007
5135.41158648721
5380.038962520248
5739.091062155311
5922.465242177463
5264.402212314109
5884.723847993692
5688.561216911407
5777.784847429184
6930.046147574485
5989.580178648826
5380.285027728305
5492.87548465142
5721.116377814978
6832.417975845663
4656.449078710271
5259.497042126013
5465.139604482527
5939.427163822436
4860.077521006317
5620.07830504768
5130.969552143266
5410.351229872614
5015.372972497413
5296.587331961777
6025.62385694316
4292.717889195318
5473.3818034508395
4368.462750992917
5303.046103521233
5405.292123109489
4991.907066913028
5402.1164025579465
5944.277327895635
5650.630663904298
6030.684704282518
4470.163811669849
5850.740945181471
4586.263148445822
6127.916502559529
5058.837843899807
5457.314957282822
4896.328990808727
5474.115285412197
4629.738317517179
5477.769380047758
4925.878800406019
5255.429230499555
5934.304740945026
6224.04123085032
4697.20488999055
5569.708322268044
4504.089694272271
5013.042670201878
5232.807546015713
5199.85853174227
5638.610401776348
5366.447791584728
5937.619851705569
5801.332468681723
4776.444215760085
5815.6452110505525
5902.218968142251
5486.854482373683
6280.180266213609
4293.169186663797
5075.237148351338
5322.511647187156
4807.126272774261
4786.616426224568
4809.8279795965655
4480.0537698339795
4716.684925044576
4932.025611211204
4860.082655227962
5726.5463963162365
5336.068819249627
5307.422119634133
5370.840891221535
4443.605413897932
5233.815007178201
4495.0226183725235
4773.13094887159
4765.976640948658
5065.356166885474
4357.2471326271425
5101.613109583978
5229.685924418625
5131.5441410962285
6006.937690643048
5083.750639953851
5447.112984614383
5483.464391112576
5352.290381281449
4535.2515145750385
5847.591220318769
4040.9531104503526
5549.047409737846
4411.4701971797995
5225.505588427403
5278.31728401687
5634.9064669371555
5253.707108312958
5884.07670602235
4740.8088282968965
5127.6460025540155
5452.850480834925
5681.925646007807
6494.299396668596
4668.043487546533
5411.748706368771
5834.72296280362
4346.884717293276
5856.422464220997
5065.457616714675
5407.534702689083
4945.570570108699
4947.318530322495
5686.667803390127
5052.233303887542
4963.293778843982
5093.039636660596
5699.019155290002
4777.083084207653
5173.780160683879
5324.1450308023295
4556.407319830976
5644.697772418888
4860.465893676009
4599.402086664165
4997.382339648662
5185.3170420758315
5393.119586643674
4821.101037431783
4646.43287922676
5286.824706065243
5664.853455277227
4903.4070355997455
5680.124264361585
5268.074029451289
5931.061856317309
6011.021987807917
5933.354913907753
5630.338599157143
6165.803601535188
5704.770919876591
5210.617466028878
4554.999266351554
5519.56386975085
5127.126514230049
4502.928446993554
5265.4511854222665
5838.125367253195
4559.5382453905295
5980.659172245937
5269.395706656625
6026.444801009554
5311.663167934641
4286.815286440454
5207.274945701305
5870.802636076441
4593.802288045011
5473.4205724392
4447.798377124712
4712.975903225686
4914.234519200938
4728.5321781780385
4955.339516839364
5673.516838025838
5347.775104748702
5702.6485854553075
4645.358164134803
4855.217963400529
5495.668947651469
5518.918359520658
5993.424368038266
5754.370288156017
5515.65545603363
5783.668072787309
5362.9752157554485
4669.014817497993
5117.646889674944
5059.907037992825
5071.208259602596
5783.030071857325
6008.115822784877
5708.103645932848
5776.191706916685
4578.512968014717
6044.306603170713
4262.667696953611
5063.550476773645
4773.188774783315
5080.055074100348
5258.773797822785
6134.115944445795
5728.389976280898
4997.096327979589
4872.785998751334
4949.749741630038
4874.541971266572
5310.805962196774
5541.603539240102
5377.6303247197375
5954.060097215312
4667.087587219936
6044.390911846311
5434.922731795149
5802.181641779875
5530.820750998627
5701.3654770270705
4816.175823915017
4915.631328699476
5558.596015099113
4808.268168056949
5452.532036990513
6058.9535262359705
5861.184523518595
5985.692832336799
4922.0895004674
5110.184899248027
5281.090965957497
4701.639077636104
5035.534981194915
4769.037157396448
4909.171354688054
5043.033106055883
6020.068943145801
5415.790399510184
6282.679994449544
5691.580260816971
6122.712949287675
5710.266058081775
6092.193273317744
6011.381427895907
5914.49224314451
5955.59544120083
5577.974601218111
5454.699765511488
5178.555965288975
5483.15041804622
5916.770550330368
5117.762494095731
5681.686218670929
5340.327955726269
5268.010285802827
5520.39574828106
5678.164322955839
5447.029178134232
5477.957016906744
5839.7598271508405
5950.716522839244
5861.81752867303
5322.127873681116
6144.626929956978
5545.532051259714
5640.5507283351535
4552.645086406382
5599.635816542175
4721.608966378875
5452.49284090894
4820.19499964565
6073.734816364094
4326.975420234513
5427.884454981912
4705.719801049156
4435.48397611662
5442.686454976496
5591.528890864647
5770.519137584884
5948.205148303104
4604.997402156403
5456.967964988962
4917.427358260689
5542.3309898568195
5291.02638533774
4989.4794832285315
5848.5878245336435
4984.247856119608
5925.813144968724
6006.806977369854
5028.890703431453
5139.661498327054
4994.856315538617
4893.659247566897
5069.174766512235
5596.186978574672
5629.312658787709
5597.768036447171
6293.190980119471
4757.542647186365
5542.145490753313
5427.633593690146
6071.3700122373
5181.518943753289
5092.523893072788
5636.699980761109
4933.536863184744
5843.267481012649
5561.291476103205
5934.376512024743
5641.173189582124
5861.573974442369
5552.202068624949
6145.520943516823
4571.087490929937
5198.939142524877
5841.739203711825
5557.550338934253
5628.830084562689
5676.779241678695
5544.178120916938
5010.803344677531
5741.862820960029
5438.373408541653
6088.406486856957
6073.790115988285
5903.303748657898
5948.744903319854
5218.55457458803
5631.980696401527
5725.597904753736
5397.449565167714
5525.112871079826
4681.338978694482
5768.20584946287
4598.270143343163
5252.360183582533
5656.86268734303
4405.47688980701
5124.655815545474
5457.122803392739
5721.960733843769
5182.17240823524
5083.165553786282
6151.953432539742
6119.594088475298
4875.742525635569
5394.68850325428
4615.270893311943
5142.175084639102
5768.903022902709
5993.4150816600895
4382.74723921027
5523.285170144884
5412.586394227522
5574.48161469108
5897.777233129941
4841.298003867461
4867.662358815092
5015.171651351678
4576.56953473525
4920.522138144643
5079.070099609711
4987.483310569317
4612.200655521223
5524.602372853126
4362.368786857023
5496.6186371781905
5530.489265668861
5661.504851929468
5950.096290952711
5874.283271076017
4943.562539294375
5510.596432859757
4651.42006786687
4878.70424846137
4950.304706444293
4682.922382668668
5422.495132961237
5663.573677243566
4888.017819886542
4926.19208713203
5076.717226873264
4971.929943710052
5278.076229203564
5877.434391929569
5423.421180581329
6105.344134070789
5357.207561689843
5830.384203613792
5874.363409799547
4718.998575239104
4806.036869940515
5589.7678977179385
5295.751605427929
4575.580180130101
4835.112948327441
4955.118947536338
5297.937555906414
5313.172489078182
4588.311994185874
4973.847073549293
5017.503234224222
4919.833546488476
5855.238860943285
5336.6956205362685
5829.819067154248
6145.439554272587
4995.9652400327495
6224.319314419116
5237.594249201961
5632.133422571239
5234.3838329983755
5629.695743623996
4924.227373577576
4560.291822589386
4980.57428215323
4820.619256256686
4300.68795542362
4805.778013004214
5043.4516038598085
5481.197245571767
5692.304838043228
6133.377994656523
5682.380782310721
5947.832384446311
5653.878730505935
5615.306834565761
4674.6866529867575
5282.05873012353
5742.312704738494
5625.177682526186
4710.827704182546
5397.248034904184
5647.461375969779
6105.986792860453
5651.218489638294
5805.142658449117
5968.270883937862
5948.051474914824
4981.811311082924
5977.581258600538
4900.653380636407
5610.930693576971
5859.694954308966
5428.400657146016
5313.949283132095
5249.078143044239
5945.62671404323
5247.848937446833
4826.045124853011
5650.5804910819725
4533.733812265476
5689.226331323006
4694.00067128169
4999.100842039997
4771.99476293285
5699.921265548926
4546.329980604024
5319.239510403745
4629.015660547829
5570.018705488882
5355.783043150015
5747.4295770047065
5821.932831925203
5033.0978010613235
5568.958191490302
4841.721201636481
5699.526039590477
5586.0598148080935
5550.23764031269
5021.906397253898
5511.186096329691
4899.688114590436
5192.957964245913
5667.619614592416
5271.371342631181
5523.314377028841
5275.875398810791
5388.118606254467
4534.012651517679
5937.391793393206
4812.5716929818855
5066.457928613951
5836.335883700302
5848.050245016794
5681.84874648178
5155.1308844044925
4697.037439388215
5976.983712310114
5141.916649915802
5782.736664555763
5288.429821293162
5664.894800991217
4392.817359598562
5475.048642961719
5511.945473480583
5868.735277757156
5220.967808399289
5537.949345244077
4345.908177807785
5009.26654991071
4826.863573793033
4221.826673104633
5158.076230056025
4638.218557008728
5190.365785089778
5886.185858242303
5992.922146068389
4691.791720859585
5832.676154374973
5542.663794482911
4697.784197806114
5279.206214593364
4748.7219793262875
4924.470565180354
4684.071140825682
4680.159546070041
4769.084349519398
4539.531478004012
4672.478329454334
5205.421116955814
4762.38692847402
5218.382825163068
5655.275163906108
5369.8442451891115
5136.167362092075
5372.787207220562
4527.088745560162
5283.6444743353895
4797.011476416241
5392.442983150457
5550.639018155399
5752.268223072571
5848.377135772903
5030.14489583713
5280.554639225578
5740.146871541356
5939.881603424074
4587.346183326331
5184.186009403234
4871.333455046158
4674.040600456789
5164.314276514448
5049.740592769775
5347.511782159555
4310.300272770094
5479.015985642925
5407.614986142142
5395.33371978074
6633.61356154357
4298.75561316755
5780.7756822028505
4361.400105396779
5282.149507558082
5521.726201602341
5432.320210020606
5673.071594907298
6333.287149798346
5947.9243166217875
6335.680329138927
4714.334494451924
4833.000334590157
4806.97052720945
4669.963581194398
5005.602508824953
5592.775029017743
5604.041627222086
5463.968539752116
5000.483886188866
4888.984768972956
4789.015804083393
5091.842903989227
4535.410387260864
6026.2604242517555
5657.216799741363
5924.523078405813
5348.071909554398
5652.077867077809
5673.795531140247
6096.401118881579
5663.591314141359
5528.197071133631
5847.021993092989
4952.23439587762
5375.86690839636
5925.807973213197
5516.996310164013
5693.60324794107
4792.218820259308
4353.915328961368
5089.806752883687
4661.809631911582
5130.376942042973
6024.045220216999
4770.859726986458
5513.847082746565
5843.429869790765
4421.825470559144
5316.670707795576
5224.538296596787
4871.663822573077
6103.815248688542
4919.876962185137
5715.687327626506
5354.726635423814
4571.376122579732
4756.130737219188
5070.195888840566
4663.139248875422
5753.9619314780275
4601.309271719468
4753.473169873948
4802.051291825215
5207.442764257228
5542.0040753218445
5680.863224356171
4976.9475413002265
4644.0769093364315
5257.116713144726
6068.738202844489
4780.114895589541
5799.238170823582
4789.093468699917
4739.1029760350975
4755.415790249799
5070.858685514402
4831.506705259221
5228.370324002432
4916.263552191874
5474.351470124905
4673.996752458154
5098.199750369065
5030.889461370431
5098.068544270748
5325.398460828384
5808.145367651345
4625.68741995474
5479.2276607149915
5549.878396065018
6004.900073415048
4577.547904119873
4956.921645708762
5644.538951056472
5413.750571685031
5125.79933415496
5088.703511693177
5328.925333862543
5546.086726155424
5462.58216538825
4914.359351113331
5505.822051773668
5077.574315807735
5861.69421773763
4991.629308608722
5701.806572232043
5035.528448111947
5379.878879745537
5800.25639125008
5635.112143763421
4699.852759918351
5484.0892098426975
4660.073935060132
4829.33585347067
5131.337129101133
4803.356137195036
4950.679214636868
5186.763514618489
4704.063599275908
4827.175459127781
4663.0861633749855
5683.9103876577
5148.164513991356
6100.80158498537
4751.6540120541595
5704.105788884024
5732.323981676413
6023.327476063716
5784.541030847897
5818.347663843749
5664.2825920823425
5807.1358879100535
5515.069148321977
5180.304330284601
4949.884624272891
4469.92010679571
5346.626810038257
4383.618145907806
5172.3093419007555
5399.717129633681
5139.123108301252
4591.116615482001
5351.503191462946
5714.659234341283
5397.876884078942
5515.9554061943845
5573.713969939394
4780.637396825612
4638.99561891501
5186.437852909643
5283.514148037435
4865.634116006241
5345.738805896191
5937.071955712088
5670.748946230736
5375.063026854711
4926.005073100515
5265.3839939613445
5482.827185193713
5448.204858636855
5104.708466953509
5043.125917418615
4803.784300950376
5838.559542917375
5616.520846791436
5541.158749595506
4778.5840815191395
5515.944597607549
5673.971003371124
5436.867975030672
5478.426410814726
5590.723207649096
4944.185486722574
4307.061574263044
5645.632435215031
5468.7668312391925
5657.806239378525
5516.892475030646
4958.979325590686
4770.384764094414
5606.058228540574
4749.168406488668
4856.836213983594
5228.840837708432
4887.0694125369655
5594.487781720698
4875.29796368803
5387.186231370559
4929.643512741416
5182.69033425321
5213.81873264151
5746.32131604744
4936.427383049403
5259.407905166238
4976.74375867
5466.63142584343
6110.568963680743
5611.767113312231
5720.134710068747
5577.540721789284
6272.939400341982
4599.030339186128
4985.702207611609
4850.578681659855
4701.449806235709
4886.1284720119575
4783.353962950331
4681.096894019165
4890.312068622193
5006.590758601959
5467.629548714424
4702.773591385421
5302.676639543753
4712.129439933414



The list of best values first execution 

583.1375580163603
389.6276349335767
464.7418048244108
412.1518642933497
436.3885402756114
480.59199372640796
363.2980455847701
493.61864926409544
502.091767752343
363.17521266113
495.0320888969163
368.2980690428685
328.7299367475607
505.5999087304026
497.03825771514494
499.80938399931074
394.17457517105686
496.56210328959787
519.4870995971105
514.9400761208708
252.05384268249327
252.05384268249327
358.07868807207706
383.6567163093896
387.3119884525531
271.615857832403
343.77849976155994
262.16509600939753
252.05384268250782
450.57534719180694
367.26794243782206
418.72389347675926
466.3644676630702
439.794961945212
413.10584779056626
480.5608901274918
480.91295464345967
435.897286718804
430.2898160086861
262.16509600937206
394.23822816432767
468.09017986590334
449.66381218885545
516.068148264525
373.3957980633495
387.3119884525586
446.4454998755591
493.6186492640918
418.72389347676835
281.72711115927996
464.2940146709734
434.37165622423527
262.1650960093648
252.05384268247508
353.548662716561
474.19580071841665
415.8094960124763
287.6980297834871
530.1648147179749
262.1650960093757
397.61129990855443
342.0052086608266
262.165096009403
489.9028602795188
252.05384268251692
435.7879546434542
481.5135402755768
445.3968844827614
343.7784997615272
437.2665916603455
407.6807503296295
540.6256653335913
418.2809603724727
481.9821167122918
363.7757982933035
309.8258431557024
252.05384268248235
252.05384268248235
252.05384268248235
365.31335793691323
252.053842682526
439.21222570079044
426.17940159142745
452.3882725971198
522.4816736023258
348.76052833412723
355.8723736664324
462.9924508453969
252.053842682486
546.437541126541
453.99246770491663
377.0510702065458
467.66457517596245
430.7995576982885
252.053842682486
252.053842682486
496.95578634064077
375.9245576982903
304.83744621053484
475.3730586914462
542.0302597522841
392.66430835244864
350.5844174033864
541.7201622737794
482.3341812282215
481.8567053359857
285.6193449747643
252.0538426825151
481.51354027562047
396.30020705958486
352.8917413559957
478.468574351331
475.5099877196444
363.5191348392236
569.3397737023042
252.053842682526
347.14159268453477
262.16509600943573
470.8338161892061
455.6730762122588
437.61714595921694
292.2534034236742
252.05384268247144
425.9074490279145
407.6807503296568
252.05384268254602
635.1078104490371
373.9254390679962
391.10077770599855
383.03402788562016
424.44590942755167
545.5924044636977
368.2980690428394
449.6638121888682
402.83496713241584
517.1148802265325
373.8001752323089
257.1515717029906
252.053842682486
252.053842682486
387.1291957647336
334.67375050305236
270.91809717308934
252.05384268253147
505.26990343654506
252.05384268248417
252.05384268248417
252.05384268248417
252.05384268248417
402.0728275078709
520.1725782323138
267.26282502985305
252.0538426824587
457.70996713235763
385.94268296158225
328.238683190797
323.70170070106906
451.4371032895906
467.18589168089784
403.7462249196069
262.1650960094321
325.4749918018315
271.61585783239025
389.41904527576844
528.2935912477424
542.9900897457501
352.35770850406516
497.97973583364364
395.20847847696496
350.58441740336275
252.05384268251328
252.05384268251328
600.9217852222846
510.2697086852095
361.56722381067993
470.42434069173214
401.48099043955153
428.03587565265843
485.90407161211806
387.2266066932789
363.7757982932817
457.7099671323813
279.470592236652
428.7800906486482
566.1097385615121
391.11038324794754
402.83496713235945
437.8808286781423
404.6592402999995
523.0301947773696
517.6615358764011
321.00552416124265
277.55298818584197
447.2609867357005
276.71358685295854
252.05384268254966
271.6158578324539
252.05384268254966
513.2958177479886
504.681651296818
520.7204192440786
418.3718289608387
422.6108783555719
639.0847885716539
338.31175477867873
432.74872012470587
342.37161638778343
481.02228671878584
451.57722406891116
534.8765611666877
314.9486995374591
336.81789193329496
445.61454521934866
548.9106783310453
537.9901032752605
269.35322595876096
477.72475102217686
471.4344018213578
323.7017007010927
252.0538426824878
474.8333364073842
363.7757982932635
343.0878983716775
304.83744621053665
309.6533030907631
252.05384268251692
428.0000280599779
443.8106146341088
329.1985131841557
470.3913292658617
437.13380490196323
331.7201629128158
474.329984724478
585.4407649823352
502.0515911232669
494.78881218882816
464.93078762705227
328.23868319078247
262.1650960094121
252.05384268252237
529.8346737346255
265.8846513123899
554.6199450550994
278.9642521166279
365.8731131108525
381.02534514502804
262.16509600929567
252.05384268240596
418.37182896082413
348.2919518974286
436.38854027564594
407.1829496570808
468.4477339620789
420.8774907448369
490.20648621777036
368.29806904286124
418.3718289608605
437.3519247852182
368.62852644738086
475.9712893690539
339.53746138252427
309.54347504440557
377.427090341871
484.34967938092086
439.66583534015444
430.1648147180367
373.1238454998802
424.2444849094063
367.2679424378639
299.48650998038465
348.7605283341618
381.5135402756259
381.0222867188095
267.2628250298949
422.16061821426774
543.7026014423318
486.3430485414392
381.02534514503895
426.84348774270984
449.08208974261106
361.5672238106763
262.1650960093484
252.0538426824587
448.73007478661384
262.16509600939753
252.05384268250782
252.05384268249327
408.1493267663409
361.56722381071995
514.7866451282061
505.980011482432
402.22073011459906
394.1745751710678
579.3798019943442
373.39579806340953
624.5048019942824
481.51354027564776
410.8709841399541
597.3965133091497
588.355099247774
452.0189211773759
342.7029693201912
434.5681063195898
374.8958624672978
555.7967852223446
387.1623235334155
252.053842682486
428.7435881332367
428.7549964366972
542.8415328913834
382.73722781099787
480.5722984309923
438.24279016532273
331.7478556446931
450.23428912897543
393.3377572422487
299.48650998030644
464.7635453804014
444.6325744702626
252.05384268246053
252.05384268246053
589.7515611666731
368.2980690428594
395.5958017558405
352.8358794857668
436.85711671220633
540.5686847414017
412.2596540907707
592.3101669953012
543.2113478855299
328.7299367476153
486.4829648353443
432.6571614542845
252.05384268248963
252.05384268248963
469.0822905657642
388.1274753126163
328.72993674753343
372.0176243458736
473.79213908351267
535.2365156292944
350.0513636043179
534.6350786224484
509.52726912676735
358.6088317909889
478.07681553812836
347.80069834063033
486.7216171643595
477.99855717913306
347.80069834069036
366.05891465503737
431.0046562646294
501.09013085152037
590.0501951884235
457.7099671324286
262.16509600942663
252.05384268253692
252.05384268253692
252.05384268253692
262.1650960093939
252.05384268250418
462.187889193734
360.3278666794904
289.8768964654573
252.0538426825242
529.0021771863685
532.9655770658155
371.70527652114833
328.2386831908134
252.053842682526
538.6795107845264
351.2146250850474
420.87749074479507
502.6950763230616
379.30779194878596
262.16509600942845
662.0479983843743
342.71487497965245
502.8349671323467
292.253403423656
346.0293200239048
429.52247817163516
460.19309358855025
429.8346737345437
451.4371032895797
279.4705922366429
345.5380664671302
454.5614005383268
323.70170070104723
430.1648147179785
456.50134376757705
469.4310186182647
481.9821167123191
343.7784997615381
543.2450601277378
385.96041993248764
468.2503664884043
387.59160525212064
448.2388212298447
528.293591247746
461.1638240026132
284.2245156478057
419.7214316590853
262.1650960093266
252.05384268243688
565.904863041882
393.185705536971
403.7462249195687
262.16509600941754
252.05384268252783
477.6043133436833
550.1249041135452
435.78795464343784
405.6154964122579
342.7029693201912
481.513540275575
455.6730762123443
418.3718289608314
434.0412318429717
598.1787443234225
462.09778677810755
515.6849468333712
396.94449182067365
435.89728671880584
485.78363804705987
262.1650960093175
509.5872111903991
428.75499643674266
292.4040586174051
422.7293133436051
517.591407694068
382.84655988644045
281.7271111592527
410.87098413990134
252.05384268246962
491.24074428949825
436.85711671222816
524.3060186182283
541.9209276769507
458.2462595138495
397.80987702222956
422.63746679785436
303.08877013842175
383.56515763895186
418.72389347684657
281.96682326348673
252.05384268251146
444.8257600842571
356.80360766232116
428.74358813319486
436.9717628001745
499.5075744702772
475.8310222428736
548.2015946248866
522.3942752406347
337.0303393576887
377.0510702065094
504.9999041135288
489.6981306724465
383.5651576389064
368.29806904294674
464.51912335664747
413.2739761967023
461.5247544840295
331.74785564462945
512.0409666699652
320.0464285579619
425.907449027869
281.7271111592763
375.8710672114048
392.00672964934347
267.26282502996037
398.2914464517835
257.1515717030088
364.699717786556
433.15466668683257
448.56761688364895
356.65356284300105
473.408956420677
402.8349671324322
359.71244621046935
252.05384268242233
560.3373830912478
363.77579829326714
387.6640529685683
310.8950052245673
494.7888121888791
265.88465131237535
481.5135402756259
358.18681571590787
397.5957122266627
262.1650960094066
528.293591247726
642.9900897458174
435.5714957197888
310.42642878793777
477.7070485122076
363.2845447365653
269.3532259588137
426.17940159140016
365.04543371492036
449.956544730554
402.8535995846232
326.9526863670817
451.43710328956513
342.7029693201239
435.78795464344694
359.7124462105676
392.0067296493562
453.76975502247296
262.1650960094721
252.0538426825824
513.7064334226889
378.8243613072664
342.7029693201275
372.01762434594275
403.7501744219844
364.24437472995305
262.1650960094448
440.1570888969309
572.6874999999982
443.0223704521686
428.74358813324034
487.39492370646985
271.6158578324139
252.05384268250964
252.05384268250964
252.05384268250964
252.0538426824969
413.7064334227198
347.80069834065944
543.2113478854772
252.05384268243506
461.91250859387947
475.9245576983758
459.70007236061065
485.47152570187063
309.93517523112314
435.7879546433851
314.3816806915438
355.33384731736624
252.05384268250236
459.5907402853736
414.5341295588041
368.2980690429267
494.7888121889391
469.4396016823739
416.5594018213869
449.9798403998775
355.87237366644695
544.3024334868405
410.7006930078114
439.11300068383025
381.0810830496248
325.474991801897
310.4264287879105
381.9821167123391
342.0052086608612
262.16509600942663
585.7834822281384
434.37165622433895
262.16509600936115
509.879333642657
524.5048019944152
373.39579806348047
425.47360590313656
396.5621032896415
375.92298830517393
379.3077919488096
481.4311006459902
477.5780392773795
328.2386831907206
365.85139284151956
274.45095497932925
252.05384268250418
373.54546298257446
492.97609004684455
496.56210328952875
281.72711115922357
252.0538426824296
485.4836278034327
428.0508365326132
318.97447835507774
481.02228671877674
473.4837199140711
435.89728671882403
487.6465133091733
422.16061821420953
514.4177741874082
444.01044336699306
477.48575662589064
532.04042206134
387.8600841927473
391.1923363765309
323.70170070117274
252.05384268255148
381.02228671875673
596.9052597522623
326.0173471821199
401.86866559871487
555.3130447056246
374.660780208922
503.6050747866866
421.38821142187953
333.81295402799515
484.802592058124
342.7029693201821
587.1552597523005
387.8600841927873
314.38168069143285
476.19920142088813
402.31176103993494
341.3991704846321
434.24379792530635
521.0436562182877
468.250366488488
396.56210328969064
262.16509600935933
394.7888121889555
353.5913717368967
387.1623235334173
471.08650559369926
335.710685098491
310.89500522452363
430.1648147179312
342.70296932010024
342.70296932010024
498.06428866334136
442.10034121250465
542.5215133090369
519.6385453803068
343.7784997615545
460.067798057471
382.8465598863295
319.67015297790203
252.0538426825351
252.0538426825351
252.05384268241505
576.8264300123192
496.0024089110393
442.00520866085026
422.160618214215
325.4749918018133
309.93517523101764
252.05384268248235
542.9900897457446
369.2880972923649
381.98211671239187
451.9794586699645
519.5961297481917
350.0513636042833
419.369988716684
559.0632876876007
446.1691388246254
516.5594018213487
480.9129546434924
414.53412955883505
343.77849976159087
425.9074490279145
329.1985131842539
475.73291015937866
508.307360810164
529.9747554146161
520.172578232261
358.1868157159588
252.0538426824769
529.8346737346092
388.93561463411424
404.2949093629868
323.7017007010909
292.25340342366144
381.51354027558045
455.80236828198576
509.2574556043219
436.8571167122027
546.6837072883136
540.6256653336259
546.1157442894328
321.00552416122446
565.9048630419074
434.43045255505785
375.8710672113357
436.90725235713035
499.5075744703099
558.3990999402831
513.0176997860326
395.5958017558187
429.8346737345528
323.70170070105996
318.9744783550177
329.1985131843485
411.4421085384711
362.98510198737495
484.3496793809136
548.7827290824735
468.2503664883716
572.1777268846708
566.0666066214017
457.2064797600251
534.2623241488491
358.7426719445648
436.857116712441
329.19851318439396
450.1392831231551
252.05384268254784
419.2224826162892
341.39917048461393
337.0303393576123
328.72993674760255
472.4673707238653
322.1732821823771
262.1650960093739
386.95465412970225
359.71244621053665
252.05384268248963
612.4450763231416
444.5417058818766
555.7967852223101
391.12709143232314
420.5739642423305
252.05384268250418
445.49445258656124
542.0302597522459
358.186815715937
404.92147525379914
555.7967852223865
410.74534030544964
262.1650960094339
378.01595417021235
341.3991704847558
389.4600961404576
550.3949034366597
563.8429401659414
389.8536561730816
458.2462595139841
328.12935111556
454.1679717666957
475.9712893690303
486.8451622738394
267.2628250299458
503.013181694414
418.0490872919527
358.1868157159788
463.88217223436914
463.97095763370453
407.650824012615
541.9209276769561
494.98228815001676
524.5048019943824
447.37784498734254
422.6374667979726
448.8767679522607
482.0929576387007
428.92383148906447
522.2161440546679
440.37520878018586
396.11142175710484
371.70542878293054
363.2845447364889
449.6638121889173
473.9779202085283
381.54375800623893
416.5594018213542
435.787954643436
468.0719945612673
438.25239570724807
485.9404279879418
544.5157196908931
509.5185417738139
252.0538426824587
624.856866510303
364.41847504448015
471.24011843156586
586.9154220613254
368.29806904292855
377.05107020655305
438.7037719974651
559.0097535094919
377.7488308659413
280.1275135972246
541.9209276769707
458.1885598462559
375.9245576983467
342.7029693202039
262.1650960093302
482.3341812282688
455.7959132514734
407.05519094840565
252.05384268247508
378.0159541703033
564.7020488812504
449.66381218889
483.61858813318213
373.39579806334405
265.8846513123808
252.0538426824769
252.0538426824769
252.0538426824769
252.0538426824769
484.34967938092814
252.05384268258604
448.23882122981195
328.1293511154581
430.2944010294068
575.7038824611409
366.45641757223166
482.72594004149687
442.5868575120585
252.05384268251873
372.12423639779445
387.6640529685883
404.7310165970521
347.8006983407249
405.61549641233614
416.45174250033597
369.82369953740636
252.05384268246962
252.05384268246962
252.05384268246962
452.3882725970525
462.99245084539507
533.6829067859053
435.78795464342693
454.65226912667094
484.56630999448134
439.9427515541702
459.29351983657216
387.8600841928401
271.61585783234113
310.89500522464004
426.2263450600094
270.91809717310935
252.05384268246598
468.4647170845674
428.97590635767847
481.02228671886587
267.2628250299531
408.47231048669346
311.4723372232729
252.053842682486
431.55205795380243
411.60613678047594
467.9808477906172
544.6325744702172
337.84317834210015
436.8571167123082
437.65841603825356
402.44662739376145
311.47233722340206
309.8258431556824
323.70170070108725
252.05384268248054
550.5753471918197
387.16232353341
262.165096009463
252.0538426825733
552.237246408873
534.1453486897299
332.5429061196173
332.6522381950308
469.05000985937295
504.5576391072955
429.0021771864649
490.41215667556753
329.19851318423025
483.07341953668765
326.0405342322465
532.0404220613946
377.74883086591217
452.1622930573467
444.5359215363969
401.008608750064
364.8217067287569
592.3538758846244
435.78795464349787
355.3657232383539
361.391406331335
583.1685912477951
368.29806904288307
435.89728671892044
465.7459841398995
376.89305748994775
361.5672238107327
453.76975502257665
459.02471438961766
395.6330574912863
271.61585783239025
387.31198845263316
489.7145369022328
495.3304506643781
329.19851318428664
314.3816806915602
252.05384268245143
419.32204711035047
292.25340342377785
432.6571614542372
422.1606182143387
422.0402842195235
504.244025592232
430.79955769827575
451.4371032895924
282.80264160068145
310.8950052244836
379.3077919487823
520.9560222429518
482.87502806000884
423.17306904287216
310.8950052245491
526.908333336296
373.2864659880397
413.77092343853656
562.6870111098924
579.3798019944297
450.394903436576
442.1280683782388
596.905259752295
410.7453403054096
457.70143921002455
436.91452714438856
389.37636360432043
488.44608977181815
416.0878951202776
420.6696136693572
285.0057048244089
565.6238867642714
402.9371978991203
281.41961568688566
359.71244621056394
314.94869953743364
361.5247544841204
252.0538426825824
381.0222867189241
431.2957692723812
328.72993674770623
351.6422018560115
524.3484879449334
328.72993674766803
252.05384268246053
252.05384268246053
252.05384268246053
381.0222867188113
304.8374462105512
392.22692478522185
527.5190990880164
479.0228660667726
331.00465626454024
410.8709841399941
456.45738073121356
341.8591089715046
403.2878167654708
363.28454473648344
282.5879076343517
252.05384268253147
252.05384268253147
252.05384268253147
252.05384268253147
252.05384268253147
252.05384268253147
252.05384268253147
472.0060861443926
397.10445866986083
554.3824556042746
280.3252757607679
290.1034338449481
252.05384268256057
252.05384268256057
252.05384268256057
368.7643118073247
354.5710264534864
481.022286718915
425.90744902804
361.5672238108709
425.90744902788356
460.93648128037785
435.7879546434615
323.1409541703197
420.19610212850966
363.34051491148784
407.2187490684282
320.91961816172443
381.9821167124428
450.42838908471276
323.70170070112727
365.8629792672582
542.0302597522732
412.4400978459489
496.562103289647
262.16509600943573
397.10445866990085
324.4929340183553
462.56684615558515
486.72161716432674
531.6079648352825
451.43710328970883
546.255299563627
449.6638121888609
409.98975950735075
328.23868319077155
262.16509600940117
252.05384268251146
252.05384268251146
488.096510194604
552.1681945374021
455.0953645680638
415.430515712329
444.632574470279
252.05384268245507
252.05384268245507
491.2407442895237
314.38168069152016
573.6779619658373
498.0863478855481
502.0515911232542
496.7413118209224
533.0823211537099
446.44549987551727
634.8765611668223
503.07619937333584
436.3885402756514
525.1668951863539
451.1246758008492
428.7435881332276
516.0681482644977
481.0222867189059
474.32998472452164
257.1515717030197
252.0538426825151
252.0538426825151
252.0538426825151
452.07465908195627
542.0302597522623
309.2839516709537
460.9364812803615
477.03561821425683
252.05384268250236
252.05384268250236
494.9822881500986
314.9841264443403
544.5415045142672
309.9351752310704
436.38854027575326
457.70996713235945
252.05384268252237
252.0538426824678
495.68172353659065
252.05384268263697
377.29229379617027
309.82584315572603
292.25340342373056
252.05384268252783
589.7515611667659
325.90801510685196
453.5582551270618
397.5779693202767
377.748830865934
412.6442752407056
624.8568665103558
373.2864659879888
493.3874150516549
361.5672238107345
309.2839516710028
252.05384268252055
442.64874327548387
271.61585783246846
355.8360172907396
304.5252506475681
436.38854027572415
328.8459668209416
252.0538426825551
252.05384268245143
252.05384268245143
428.74358813320214
438.1694604534132
310.89500522456547
484.34967938092996
418.3718289607841
486.8622087903095
267.2628250300295
463.0243267663154
426.9817053360621
320.9072250329991
326.0173471820872
257.1515717029688
539.1130006839048
339.78387265228776
426.98170533597477
252.05384268250418
362.61425165794026
550.4270183092922
413.0618157159788
364.418475044582
252.05384268251146
393.26039367022895
309.82584315570784
451.43710328966336
435.7879546434615
397.61129990854715
480.91295464354516
347.800698340754
363.7757982933381
411.1171925360359
252.05384268258786
461.6065332214548
458.8732286131726
299.03260738672907
313.68029923913673
252.053842682526
438.1430636319892
385.08463450324416
498.7257064394289
453.82433929891704
487.3352573148859
579.512799957216
367.0559521442483
396.9951265945201
336.8178919332622
572.6875000000964
337.30914549013505
413.7064334227598
381.08108304961206
252.0538426824478
252.0538426824478
343.0656781899561
373.54546298263267
414.1750098593857
407.68075032982233
446.48797008421207
394.1745751711005
390.42322877618426
465.7459841400778
509.0959576336518
395.99090959147907
407.76750888528477
348.29195189749225
299.4865099803792
328.729936747588
582.6036912775107
373.28646598802334
502.83496713240675
323.7017007012364
398.0642886633723
439.304414533035
363.28454473645616
393.2603936702726
471.9029782579637
420.6173119433861
310.89500522456547
252.0538426825733
491.62357627175334
469.05000985942024
412.644275240702
475.9712893690612
281.7271111593782
425.65164023492434
460.9533105736464
416.5594018214033
486.3430485415938
428.7435881332676
262.1650960094539
252.0538426825642
531.3280761986407
331.89166796360587
395.65057242008334
397.59571222673367
406.7243386833288
342.0052086608648
620.1725782323683
377.7488308659704
465.2830462349866
361.1847600533856
387.86008419280915
485.77090596573726
328.72993674758436
423.54859015111833
252.05384268249327
323.7017007011236
353.0902911270314
539.1130006839721
377.05107020656396
362.7808205329766
272.6913882738754
469.37855793959534
496.56210328971065
378.8243613072809
508.986625558171
584.2097885716321
457.70996713237037
262.1650960093684
252.05384268247872
252.05384268247872
252.05384268247872
376.8302652317543
314.3816806914019
252.05384268241505
252.05384268241505
481.02228671892044
477.85146160379736
328.72993674768077
320.90722503304823
252.05384268258058



The list of values average 

3008.678677968439
7875.212527226053
5074.735719088322
5501.644568871875
5601.215802715556
5286.156614482715
5466.226732286811
5323.295093500544
5326.259054425197
5369.008388091416
5282.1133116648825
5336.345832849491
5349.240051256698
5364.855342402503
5362.942119228137
5366.459434203711
5363.675105601068
5349.056987405849
5224.567787225719
5350.339226039307
5241.628754742746
5288.31097311543
5297.525878114437
5268.939648883619
5316.328585545133
5334.844696920032
5347.254198079241
5264.215493718084
5279.974241949895
5312.459551345507
5324.237000218574
5279.719257176549
5373.870493340239
5373.059427872872
5327.9367602047305
5329.752067054387
5383.881949601927
5302.045341222589
5306.154779075038
5289.487867642323
5262.098607332377
5415.336435382526
5266.687530597214
5333.188372373462
5314.892725677707
5276.022277855038
5345.973804718698
5360.369535826709
5296.418767317568
5381.731105148774
5327.655888307056
5268.395332879669
5300.138959351902
5326.449176956776
5319.913156057121
5344.618565408266
5321.719320566841
5369.214353171058
5366.474315075967
5350.2629861346695
5300.687279588827
5212.706144160292
5283.991174326244
5285.531238183944
5333.366169313613
5415.929943507433
5337.626959576835
5382.3527343951855
5370.828571546824
5265.728228253612
5404.1050798875785
5338.987471083085
5305.413256872322
5322.418067755651
5301.832118518228
5326.461175931649
5326.127566548288
5232.065515556044
5365.648854445983
5263.436649109073
5329.000522708442
5437.323153930843
5298.3359722935675
5369.650856415959
5345.704118209508
5458.034573171256
5325.211547338219
5320.037851581454
5271.184532871158
5332.365371741626
5332.147718387919
5234.913295462989
5290.983472768596
5331.161147130599
5317.80048680309
5329.187438061921
5350.284306380818
5347.489238083499
5284.893051610127
5349.61212880359
5345.909489586596
5316.248740754987
5365.124625310619
5305.296928097996
5364.385138967323
5305.216571420623
5315.917128928647
5245.649820940536
5293.181148031893
5272.031927125841
5298.635665454138
5246.7575551763
5281.649840457586
5299.475866525685
5200.758264543883
5360.988010036812
5324.992139683557
5312.95439155151
5346.828887036527
5366.064864573669
5284.861200805693
5358.977257972456
5353.548442450875
5389.077622956723
5377.857039966353
5396.298957866634
5408.936180178839
5393.973319231039
5296.8116254039605
5353.401318248765
5361.412067275968
5431.053272570244
5353.075566205725
5404.135769104785
5306.348030349252
5323.977606412283
5321.966751229536
5267.625240838425
5380.221093387319
5297.327825000637
5250.514489523933
5294.716724636283
5357.772881179261
5379.656180150295
5432.825692961586
5297.992232394761
5314.055593323295
5298.910940719928
5291.410744399159
5275.809216663143
5334.697130459163
5338.20798065891
5312.409275405486
5228.84429546736
5291.7558700389045
5317.722380299435
5227.944658023482
5309.419214997964
5293.60577143846
5230.317045452436
5318.9984280109165
5263.641064114529
5227.682536075523
5323.626413053472
5284.359097390803
5328.0299559632995
5310.439954776803
5291.81488212725
5263.820424650409
5361.353518694056
5242.1048143212265
5338.766955685308
5339.992864785495
5326.441764534215
5289.707609302279
5284.984393776226
5341.589213268219
5302.909903479562
5285.718639940296
5334.077451454388
5356.513247612497
5278.749608242566
5337.3207138186
5245.617682387092
5353.778222752149
5370.24708468056
5347.258922496029
5308.609650412148
5298.086782915378
5318.796768530691
5334.097690923156
5343.245032729307
5310.200409521803
5357.898412217914
5286.942364380665
5334.969526133721
5249.458681896562
5322.3614984217775
5297.762355410004
5298.368157485227
5330.69706684282
5282.361887672548
5383.219016548926
5355.181846556509
5362.9460285254745
5324.1202615659795
5347.310731559841
5258.503699981725
5266.642684044119
5372.9262796765815
5291.89437081387
5318.909050816638
5264.477282943307
5247.36349140428
5389.268865916466
5295.494332024894
5399.781742445022
5365.448986926497
5386.202419013781
5347.413756248218
5426.932532123786
5339.887275351376
5327.617351706264
5247.185593313202
5378.418528542118
5288.8655866566805
5274.435532448403
5355.217537660483
5276.345942022192
5245.822645750212
5367.967093551131
5255.982434962299
5354.054250221922
5364.1041079229735
5281.12551211439
5364.4649486869575
5272.125582526238
5288.046645945923
5338.279785314652
5311.9644840510255
5306.266124012181
5306.496861900012
5334.170629669694
5217.352435128007
5297.3655485381905
5243.993126535888
5263.9512800157045
5328.781166657871
5242.413535714291
5282.967745952142
5225.074636307355
5279.088275913278
5313.603581753624
5285.393109881447
5393.405665600911
5306.452236972122
5364.893147889863
5384.430283002719
5278.867819857311
5363.675542716028
5363.079241632168
5340.607377155291
5302.542002397303
5265.1826497053025
5312.225628412134
5289.790846317924
5332.863071544646
5355.22942410024
5271.648807272206
5344.540213823227
5318.554752315909
5267.88871160344
5352.814888695404
5367.102506980575
5300.651832131522
5281.280504552921
5350.441702384015
5331.584334665684
5255.208929513657
5234.346603470585
5283.047919189923
5378.934476733431
5352.2013460903245
5358.592402952328
5275.492111868452
5326.065908268557
5321.068781702474
5366.330960447538
5293.658315990831
5283.57443774852
5356.4230769631085
5233.529116525314
5293.236195139785
5359.900994832904
5334.4489340990385
5337.8630074563725
5262.314765176132
5382.881475826731
5242.312274767526
5362.8979314795815
5403.03774478437
5378.009128416298
5326.778781530017
5330.455460598673
5243.090948965073
5295.469279079591
5277.455099904264
5263.732258232186
5280.532861583209
5246.520709325709
5335.377479183162
5290.567580062286
5195.624729100221
5341.129117556605
5284.49099079583
5311.385675201762
5299.159280268842
5271.935024744143
5268.548500653401
5252.728155140817
5302.166635035118
5411.455599589244
5260.2448585609145
5347.817690280004
5299.560213784803
5280.9996330228805
5376.121318157212
5355.723717702362
5383.531180552548
5338.472820237861
5397.697962826728
5307.058135314751
5321.469454082732
5335.595987352706
5377.48068723413
5395.6954784087
5273.729886491976
5294.893665903143
5381.561271440427
5296.309636465033
5347.33397955683
5324.108047006603
5333.527948753149
5309.631308070497
5392.440400213471
5336.524552500402
5261.018702235896
5370.887711591827
5400.631560006043
5248.3683605979
5329.2566282892085
5281.091081654909
5324.289569957418
5368.417252127984
5349.239624821503
5290.265449519067
5317.027154107793
5309.8322237781285
5284.776708487235
5281.4284822948075
5301.004495390336
5300.020345515824
5336.9721730615
5238.956494549328
5270.6139676756175
5341.647433361474
5237.788486929794
5291.309076274064
5331.635139121231
5189.922675482517
5298.378838376659
5371.245655167822
5424.026663814881
5298.504757205683
5388.206044543416
5492.084566015292
5305.86137652402
5414.8324887939625
5332.694854501583
5288.286625172606
5312.46705863519
5289.477695570417
5322.816586946499
5347.127932491686
5262.319867474537
5307.180107516254
5305.008565736909
5244.689115553159
5301.659711731474
5308.277541774319
5384.315616283875
5332.611358529775
5300.8070033613085
5313.359828173799
5315.242756241559
5257.834715122101
5338.215803855134
5299.947538262872
5362.682409137894
5343.170700558341
5370.446179932868
5313.412985138976
5301.415715682687
5264.168145811421
5362.971520866423
5307.705723197036
5366.696145506456
5322.946913182353
5387.506018316202
5338.0407857634955
5326.367818460791
5355.678177909945
5244.251712170513
5302.582452963647
5325.150318193975
5389.26577458589
5399.506275917087
5289.739431879102
5311.846078678938
5382.628406436356
5272.647156772637
5262.682390056362
5303.568265625744
5321.402488666714
5372.589811296552
5352.642237209902
5364.957112263302
5334.9027834619765
5320.502171880094
5333.503539598832
5363.1325444764125
5322.408668034719
5380.537946901991
5381.208901478791
5279.757181483624
5362.219271242989
5363.114883399564
5369.874846890777
5239.9645642861615
5419.97799719182
5190.892728946105
5301.823746945774
5351.168197604478
5394.85221171537
5200.422506899122
5324.100936669212
5280.732163371045
5278.257901728946
5329.914599286861
5381.89838411452
5365.047038190935
5244.513497877452
5337.5735101046
5331.862636222159
5288.4100776128325
5335.511752650499
5312.866438192927
5292.218392578732
5366.833893201041
5361.97209770371
5316.340764101009
5331.928783604133
5321.687772139147
5276.232702004477
5254.656706580178
5318.902799301762
5314.081409800122
5218.437795584052
5232.116439932918
5292.578507160621
5276.556558937609
5286.284704550269
5283.817906746004
5313.89103636844
5280.534929951441
5335.293712451491
5364.312781124606
5419.674397932149
5259.4608949083495
5393.806384243639
5417.636047852352
5335.971039405734
5397.83327927029
5255.417495301527
5418.142860386258
5370.663888522053
5297.314852602446
5295.81654612298
5312.8161255644345
5255.094242682583
5333.659729601948
5279.341202595749
5353.27886059433
5312.609633300872
5271.549746789976
5345.696380666401
5323.072442011041
5250.087067389
5358.680394625716
5316.575382339979
5330.603990749674
5387.097032146403
5234.4071489685875
5352.210392692886
5378.486957531521
5338.806701329835
5475.114456089666
5435.277812670434
5318.615466502827
5379.618843293999
5307.420279367767
5418.5964563509715
5255.99558199487
5379.151460065114
5383.114082742659
5401.514358130978
5317.438004467655
5360.421288335368
5390.681606282808
5417.047781864855
5325.3664378196245
5348.268046137415
5367.33745766824
5356.245736435525
5353.793174602311
5298.236244765933
5375.3810512136415
5349.344490602154
5251.23943018926
5272.316907003819
5330.661083011416
5320.56572930286
5346.410899691727
5339.153943225984
5255.439453780792
5382.869864043471
5339.419501093239
5341.860142040198
5319.174669646889
5315.646001213236
5302.840728756194
5293.78665005559
5326.634087960379
5374.290296303432
5385.7303890540215
5348.117365020338
5353.9733680672
5343.277776980775
5340.902705557384
5276.558367356699
5311.421054715636
5291.287410063391
5303.021589996553
5303.699813932146
5315.201337637194
5258.315576304648
5421.755180503443
5330.221474589521
5367.475699302674
5274.625425626731
5394.9164891843675
5351.53940165714
5342.64847071553
5365.3680264776185
5376.200714230617
5352.130529634645
5338.051162109152
5269.894518432006
5274.201331551281
5224.382057200539
5254.593757172657
5276.84415362203
5294.56456669599
5243.813576429929
5327.306282099696
5307.818932182936
5283.035341297946
5324.394713490256
5343.381658145833
5347.908277834296
5384.836126051502
5385.892166117773
5351.971258381423
5389.774906974173
5366.172656865353
5338.55487803445
5406.532750901628
5411.408144703156
5344.985733633687
5312.311997840662
5361.217924999935
5350.000674605444
5325.062593081309
5341.872283461183
5394.731117788016
5369.392746768603
5361.529342774913
5392.182147300398
5356.960637565046
5304.427197264181
5362.950504786654
5212.6732251778085
5368.080308049456
5344.897847423181
5288.585147087776
5323.579379485993
5317.688988672324
5350.966235722897
5311.79587948454
5385.998905446554
5274.098198902403
5487.676774592942
5315.284854738822
5339.198419898536
5375.4889694217645
5309.792658858017
5325.83306296689
5334.388745593388
5325.443806570875
5257.799036341751
5329.424792567425
5285.80329118797
5312.957839737444
5325.647072408724
5385.1349587766745
5332.049737210611
5329.888538972073
5327.089891635775
5332.109223424309
5402.296265660463
5316.823232933034
5311.072325570265
5364.0642765950215
5267.949038146385
5363.744921950388
5334.7848001644625
5398.575520753541
5362.751870715752
5366.7483384125935
5381.506687615128
5309.599931203415
5308.5703132561075
5245.70292811513
5315.112974485283
5327.115887855761
5354.894478470259
5297.956686026314
5272.437738599031
5352.215382722767
5313.956585302747
5345.886358140264
5259.785830637395
5305.616567127961
5277.402991801342
5291.933420049978
5329.975047760831
5374.791538936905
5296.680544205036
5294.920164078341
5287.677890017679
5330.43695455441
5337.313588012125
5353.673468098905
5405.8139205888065
5340.494395021629
5392.025412241476
5348.131486286608
5346.806498213548
5416.632589745617
5360.309085290301
5333.265059641538
5332.0271935980045
5344.361349227182
5347.028649754598
5259.241764423878
5366.657446363809
5357.665325757736
5363.742190290632
5409.31466433342
5360.1741919870165
5336.6569209089475
5293.953773192397
5360.431337670495
5319.277418877576
5365.974798407169
5353.818600096745
5319.553906032514
5304.254644693699
5287.535050488185
5293.527059674088
5282.974429250274
5267.533823831645
5191.09231707893
5314.666056639203
5262.11195129466
5363.603121508026
5370.679466706085
5408.08122169797
5359.1928473288535
5387.88091282139
5299.483501461232
5356.11931603571
5306.942214184617
5401.710668613842
5294.42612817805
5298.222503712257
5297.922662267984
5352.447683406389
5329.980129795748
5352.748453549716
5284.158632130233
5261.75082345591
5409.430355956414
5345.212667529701
5315.842684111939
5379.804780931028
5312.915824060456
5340.901036295184
5377.208653977565
5307.2816309791615
5322.256164036029
5320.801115080589
5307.871302571462
5364.907088190721
5316.005068891335
5316.546533329592
5366.346401111207
5340.609170219523
5333.32849667309
5314.9779689338875
5336.504778432488
5289.386247984371
5340.988398303667
5338.164130169829
5307.235660166296
5305.587092665851
5302.089176948386
5325.5458253798015
5455.156327959202
5443.206978753724
5324.030504180489
5382.241346644895
5215.328280462131
5327.619759841329
5327.235382439849
5344.798913261185
5326.856659868281
5270.960810008393
5423.505662765566
5369.490020407566
5378.986077043973
5303.838822393405
5446.975006661487
5391.867041708978
5374.201629163753
5361.4105106131665
5320.189844965732
5327.432245544765
5351.664878173073
5414.918429400075
5375.508295722143
5352.517832780856
5264.195793358488
5302.646924957039
5394.997030910598
5315.983355061416
5333.283284336744
5399.357093825352
5306.071011384961
5433.950107298633
5297.292529360506
5338.328776515227
5342.906238991617
5242.747050833719
5258.402150587055
5274.686768857851
5308.793115895006
5249.188416609352
5293.012993956398
5263.713621794595
5314.630814704402
5386.255934847957
5374.497988199125
5364.259280783254
5293.545462958586
5291.028288685631
5389.400248646992
5358.059026373186
5296.885498622669
5292.761855877486
5389.760823462322
5339.342534133421
5412.805249157272
5328.889505397128
5352.5057124095965
5424.424106316408
5327.750238837043
5373.665893194472
5287.091492745441
5360.993260418165
5260.879661649422
5340.671862572405
5310.997297603647
5349.88439279486
5300.5711831213475
5399.096227167211
5263.669666813697
5305.733469854313
5320.739391914581
5413.670510760416
5419.852567049966
5355.992569656308
5336.098560356563
5314.311871510896
5334.365408619237
5295.262640017922
5286.202822279389
5311.773413181231
5286.442591885429
5362.147251711226
5336.887800383908
5383.070534708419
5401.599082428315
5366.216226222702
5336.245559039362
5327.998509052571
5381.082618132221
5364.669862957071
5325.111808174083
5271.999754117438
5363.310229881884
5354.3620380860575
5377.837985842317
5285.715844151822
5282.833731468639
5329.107823891932
5226.395562080356
5320.979401399918
5344.3656058649585
5381.010594567226
5353.180617062791
5340.732311840876
5289.113658427465
5330.264561252613
5238.830903186912
5275.025623425258
5273.372442433748
5297.641260410405
5307.119073014566
5347.487874472973
5353.626835590157
5270.227457007825
5337.9826672148465
5337.014306208141
5303.922178349654
5310.737442729786
5320.759445360095
5309.2583492204885
5313.992444737817
5314.679423677233
5333.224743060176
5372.64202595449
5275.597366987837
5350.065363065333
5257.845275515363
5248.99123844419
5324.503792871381
5314.247750744972
5363.189072486179
5328.287584663303
5318.671793689556
5426.307313552128
5304.87871150218
5431.5952847033095
5333.044829999114
5357.129237452082
5386.096127572499
5347.737596101427
5403.91600565988
5260.488160071797
5301.353501356829
5287.667467731454
5296.955823531134
5344.998829924468
5289.957863236877
5371.524384926418
5310.684196449807
5253.999728693792
5330.968901466529
5332.700133338109
5261.919820081963
5350.369956429868
5237.868572791026
5299.594443372348
5223.505550255637
5314.411882282359
5272.287674277513
5316.956061133799
5273.487612905486
5312.042359903201
5332.170937649133
5342.153703647723
5326.995719393472
5275.551556834774
5328.201181411751
5292.789291837042
5353.128121787258
5271.433351201786
5257.21229039728
5295.531759865651
5253.9339241900125
5343.473410861145
5317.498179061131
5234.618579015597
5389.6805683802695
5324.104345521816
5343.868230493415
5323.004835204998
5302.457077049477
5395.373610155712
5392.345468390707
5367.861932083532
5312.916112505211
5394.727538720964
5319.630819416556
5407.057140003572
5318.4363604409755
5416.123412380955
5307.904497564005
5192.8808960269635
5285.4026945840105
5238.840493029167
5353.033988970257
5312.323156683683
5286.4140544272905
5330.4241209084375
5205.879662386052
5281.858417529054
5299.252930372836
5320.9166851178825
5259.614550512004
5281.905262066456
5249.214555843115
5286.468714810117
5260.822458184521
5231.553939066657
5264.806946127189
5309.652060072177
5284.202991696358
5329.187608198649
5368.204484538189
5265.991534629798
5332.618749074945
5323.547383425674
5321.717886665114
5276.598911576877
5263.2893842689455
5386.938531303908
5301.5167249249225
5293.8722239899025
5332.5200269551415
5294.504090825206
5322.310003374022
5277.481640143253
5281.060366357963
5342.516717339817
5342.47390169178
5274.4922046858355
5293.048091243861
5352.5697996292
5305.2677926241195
5361.404115070543
5392.504326305488
5257.643554148066
5448.123542521481
5371.044429122237
5293.583888590365
5284.189066937876
5351.9620543182955
5327.900645606164
5294.055837525153
5291.50913230515
5295.194001232874
5301.0223913538175
5320.430920224399
5315.794273699049
5330.511598767597
5405.272242758644
5320.498546475047
5316.670616896761
5350.393745729763
5383.231488940381
5325.663230070398
5350.2897444587525
5298.970489952888
5329.51005188925
5291.280242211791
5464.716416810878
5339.497901134789
5385.502619005387
5267.516986303343
5279.125957147941
5218.068572833019
5289.8243627698375
5315.60894087631
5320.5294231453445
5384.679187278644
5309.4811741753565
5191.100071627809
5252.655039066851
5319.800907536659
5394.444111077228
5340.496961905657
5321.979128858136
5318.545503402632
5354.411156164841
5327.039669113719
5299.136220460232
5302.514062161029
5237.407959565743
5328.929689154554
5294.01172730917
5455.182960473753
5301.399556405434
5276.860222022423
5300.1398377178075
5359.600710265895
5361.86994038173
5338.290721948612
5365.859316187957
5277.474096680235
5281.960305826541
5323.930541538093
5339.524230965634
5281.063363802104
5307.957373399056
5215.304818004375
5300.416047706556
5337.328665849022
5365.934853230685
5413.123708899006
5469.015903646333
5376.801153639055
5421.189726276685
5310.038708839488
5252.496611536706
5381.070321857576
5193.143484428207
5340.078966735513
5278.82593834344
5227.607841871139
5338.169561936736
5250.82833106802
5392.687170172766
5380.623282431258
5373.066935946655
5363.226490413492
5261.281621067255
5285.6410372767605
5277.525329174302
5283.801056907423
5293.177973367404
5339.246276140796
5340.960894298152
5291.680448707161
5327.448206372761
5315.6820754205355
5260.6472212905055
5321.046801331851
5278.905602276932
5333.289057722312
5306.7542121272045
5298.2405777810245
5239.234123410725
5304.829602163513
5315.717793624105
5267.633861069058
5370.4747261512875
5272.699296217734
5335.582435595811
5294.818570328824
5358.882221977808
5307.885251922518
5342.713993080597
5312.738588594583
5273.599544077193
5229.011151868707
5327.120777927042
5309.975429353048
5378.089681003052
5325.398804656615
5321.638832192876
5350.269516709462
5287.276194292256
5313.598644086393
5310.098582796909
5335.951771500093
5360.315050267915
5402.891764034248
5361.643802699531
5336.409141587569
5254.629937475021
5343.921747070125
5419.900946230253
5338.94859549735
5323.073158547404
5280.237722348468
5346.450452573735
5351.235758282807
5361.341662345741
5313.394544369256
5246.613068812881
5363.333877455329
5280.087935922605
5369.657401389616
5419.236451150626
5341.276573511382
5337.003646967208
5369.423848459807
5362.50854435353
5350.86281461395
5311.172149652203
5358.880072232623
5382.141704007164
5315.9255578990915
5355.016291367711
5307.7825483935185
5382.318096920348
5320.326514959329
5351.039803131058
5395.367980617123
5344.720818485698
5379.010167715167
5334.7114784896285
5372.5755910627595
5304.842093016888
5404.021319105558
5295.169448154917
5253.71878976948
5331.249987798283
5177.863278218421
5367.984585922417
5234.610064194344
5269.660587951325
5307.438807143178
5227.332608327685
5256.528505403479
5295.646800089189
5378.542037775929
5167.923261035979
5334.055032181525
5331.7194053138655
5272.886823991595
5280.107497020983
5323.830606375037
5310.8329004973775
5279.997586052198
5410.306812111913
5329.1072416962725
5333.963479252339
5318.495089572225
5302.3425187408775
5317.265141848776
5222.495194612239
5296.479191290102
5370.005874434739
5365.537525844483
5373.356125602904
5362.984039893801
5369.194503473748
5339.4466079928
5321.993566473148
5336.101713954871
5278.254571518086
5257.452164566241
5259.724637468531
5337.886816306896
5316.4971058009705
5286.821607993005
5314.762806934724
5359.604488535394
5359.574658290908
5310.964271451762
5311.763554898452
5329.053164988121
5289.307722103025
5311.181779118377
5320.172979729606
5193.976025442767
5330.245462018286
5366.401676261732
5324.046926514122
5267.4011561074685
5353.985676215752
5263.149310009638
5286.468529793761
5385.395073217257
5265.095496666647
5369.293312412627
5285.5038111693375



The list of best values average 

548.2445393613972
448.1442708920828
408.02438076378525
438.796616840604
415.1246846636344
414.8949912816926
411.3935522732804
417.1357683323132
399.7959161315357
416.8085099614882
410.9408063841085
394.4912142848964
399.9681768328194
401.3490412031724
410.03325403797754
404.6765048951999
399.3667334617103
398.2771919725666
378.72685187084323
393.4243233062915
383.67647330666216
390.96194729825476
397.33310464330725
391.02430075872786
402.50012207154265
396.5496452447095
412.6966408474139
386.47977929531044
391.6973745202629
389.24649613902056
405.3282698343183
382.97846642969563
402.9798077712559
404.6093673645755
404.19294377325747
402.8406519598358
407.1837838791481
401.8516842542537
389.81235912108156
378.9468799744814
397.3242446194025
399.132386830218
380.37440876615284
399.28409415846284
395.80613773265196
393.638316042461
402.33260533506547
417.83567054778473
401.2802129388076
404.67882949020077
398.9364423689772
394.9171594676466
382.2450979915527
400.3342166240444
398.84915751441173
398.9896288536029
406.7825775992533
405.27912056961145
399.29910471046105
391.0659632066052
403.2366009756541
388.06057917782493
394.9235457467533
395.34740443838797
404.2305919164986
410.7038708646989
400.91988218533504
414.7416877069708
407.7298478095759
398.138578301182
417.9884188265898
412.2022207953834
396.49116834928077
396.8440423956175
396.2978155688422
396.0970082532163
379.662945826039
405.9968667962452
400.41515411642126
396.87243323144
393.6131981771207
416.3500692968596
396.3903722537442
413.26732053971426
404.5533590923974
421.564990365872
403.34396490456953
403.4903356905869
395.23141819274156
405.6974585911841
406.53559485477746
383.28343764101896
394.08746406475365
401.5555442281237
392.9916218395148
403.4530700885782
392.7424517932366
395.7857021336308
395.88517927573855
401.60568095755076
397.70713786114027
398.7723501850885
399.7056341107721
395.5899871455698
427.26271913468065
390.5356333532159
401.3058022850511
388.53368684189144
385.62246964591134
399.7000858038757
408.4106875498774
395.29266660212096
380.1803843068651
367.7705035723567
390.9101765189263
383.86894785373966
413.52643931263174
396.9709385659883
390.14464064994144
415.3689129932283
395.08863342119867
389.99686355129603
415.52405604621043
396.85250849799854
396.39848928843577
405.996939752458
417.1972388920481
413.47780947800203
401.58948252934323
397.34824617509855
411.33963714942615
414.45582524598746
393.57282286076344
401.1837052609589
394.794011342411
410.64874830729906
391.7140201784174
398.8904665527912
401.6174950546887
399.14496716645294
386.6571349508764
392.89347060015587
409.3280226110189
417.2866641382712
399.3500374358061
396.4366835701549
399.96613675847374
392.65324047898855
396.4608509431628
386.80686600212226
409.2271014320251
394.8356112301483
399.57320158891986
379.00575299164564
395.6103687606302
402.5167861037216
393.8561804392152
408.43228614833527
381.08044055589403
395.6335152964531
398.35638507396885
397.37720479852493
402.367401014236
405.85382284533097
408.3503695420973
389.25640528118936
395.7396140818748
401.35313382168556
386.3110520432745
405.5600438160557
387.2771489197736
399.6193005360931
409.8705434825482
400.3903426513844
384.49161124798815
398.5356208693535
387.97806117719614
398.32476052314587
391.3827429439051
391.97844661893106
392.7111602406552
401.301002132836
397.74521256485497
389.38535923355846
412.2679377352276
413.80679375145115
390.55578280108085
404.51806170671483
403.0265335897087
394.1862051312498
409.42225936020066
394.1755245949528
410.35311411729714
403.9250143987287
397.3053237451217
401.370862456322
399.2432200894921
402.0631202035082
401.24015644735965
413.6971107545764
392.0684112069073
404.19725572008304
421.4703148544766
401.1228290154438
393.2532458524852
387.464180811834
394.1155280314606
392.58849624245545
382.58640492295046
421.8345239703827
403.1814349274062
385.4108554932245
391.09315061930903
396.4450635957353
422.0146936645541
392.69997573087494
414.285986066975
401.9824292564368
401.57770080892925
411.5063368420194
396.5906072174389
394.2715026329285
408.28741356298593
383.09957964185026
403.0138649379603
386.38756073308855
388.5139709713119
399.3394890681071
405.9582274335004
402.2687061201829
414.11143105450367
399.13882405220534
417.4110537613353
389.7777839780059
387.27362228628414
392.05354160068856
405.50292062403304
396.00686318726736
413.27826128757977
399.44724785502467
390.54233783584345
383.52726239113895
398.4974980934038
393.1282065631005
405.2781392293874
403.5061517719518
408.58878983163004
397.7712251233284
392.6902140845607
387.3898903777768
372.6912451196592
393.91185723767825
401.0431068181834
393.7401485899319
390.7590210294145
396.53435328619616
415.2322142129609
400.2920579072462
393.9493580624139
409.06819877776235
405.93296001090664
392.5669678125044
409.0294351269036
398.3352876098711
403.1258944779849
391.96659027429547
391.632772613518
406.53829136355205
392.46810264349847
393.0575605388136
385.01023739687884
390.2074587081155
425.3011536286029
399.66030479534896
396.4232276454697
406.0800388732987
392.4218971101962
400.1604452356225
392.14112966032286
384.5514831158685
391.80822210012803
412.86433168689064
391.38442570612415
390.6074374054958
393.38435872204553
403.61480299094
401.8294807078072
403.0592843959342
393.8379564432451
399.57113424858426
398.4903675743673
389.0314989813333
394.3318940345621
400.5203217122179
407.97309583099803
388.0304460535369
400.8887404538337
387.32450440237534
386.97104474128554
403.1245034236622
403.1909809021434
397.74934823780944
413.9549214345057
407.5641569555155
388.6805250193651
393.8027609438168
386.21537706394446
392.3643509272358
386.8855995428897
404.9502193806511
413.67546596126135
387.58826910576863
387.19419085484765
401.0907779210045
402.6796782786408
398.64442136300545
400.90939641905226
387.0441861145226
386.4038863612592
394.2628983279913
401.87081245525303
414.83485698488704
381.3193055922896
406.66001490845554
409.9297158469587
393.70202844396835
406.96857446743513
399.5573127710085
415.77018700189456
405.5205393045768
409.21622185151847
408.5519478965195
392.92330743112933
393.7384427007121
417.6867531025832
410.11055885676734
407.6264354141455
393.3638666346099
406.97147924819643
414.9407446965972
397.20802479179054
398.2500898130005
411.5595978997345
401.1371979978061
412.393707675404
396.1702776822116
389.9116866576312
398.76615507107726
401.1703840681184
386.4052100118466
393.01681870369924
385.8647777113118
393.51116010521775
397.0133465615301
404.5474298503782
391.1564374493267
400.32913851127216
396.21294733171214
392.15290488249735
390.01109058142555
399.9088261519021
394.7779864191863
402.00988280385843
400.01887249323704
390.03690459745155
400.94332999408044
380.22362200177014
377.7890312606787
382.2859273849699
384.39981651315605
410.7115359500169
407.7841054121929
418.5505102395296
408.4806994108592
412.25324497368905
407.58865167879725
405.72982992515176
400.65334241175987
397.6342541044007
400.58456606752424
408.22512464642176
394.5030384100549
394.91095219148303
397.96048539325074
400.04833401349384
392.93059207817396
393.024766050337
372.53290690490115
393.1149496582366
401.49952294796583
407.17882865863265
395.9218306895494
400.47579564525523
394.96648138842374
412.6021840972035
379.55929361113107
391.8482175680016
401.47726652804755
405.09805703164324
411.08107478333136
408.7888595793876
392.74167008233763
382.6167234477123
386.9975893248662
400.8634696684114
394.45118439969247
398.7705061218547
405.2408950869565
406.4808198605774
382.14784483952735
409.2449755752824
391.2279590049531
390.6284523011278
395.38063649946696
408.78524953451915
406.68507502503155
392.6725721614443
395.1685324592763
406.65328037843824
406.21436404460945
400.91995445970053
389.0949662440915
394.46130567860206
405.5346162712252
391.4860611435729
402.0462924818058
408.0069412143336
400.67852996534356
382.58510501196395
401.25927528437796
402.65968066209166
409.2491047526302
401.0967314849016
401.10741546179065
384.0643107226384
410.8236099106713
398.14945220990785
405.44489574844766
407.47092340128705
413.82865280750167
389.6432978345095
401.2941503908886
405.0963227872889
409.46533562807895
391.24599789343904
394.86860668078486
398.9640199794174
387.2901450112109
400.3627389439246
407.37446105181516
400.90523148757313
403.4152624766378
401.68984843726037
403.68413862303925
390.28002819706023
395.46310558771097
391.8155775106679
397.613552506827
399.8378363487655
410.66752878794154
405.0555545314911
391.95627190934545
399.54276662643525
403.33245063597724
389.700335938126
396.96073191340855
389.04776777910644
378.0470162581749
392.16233237152073
407.0917605240788
402.64096695739374
372.3179022116694
389.7025740113188
393.7343939277641
391.7987841665581
419.54925215469973
412.4096753000443
407.8262121249467
392.9080605862948
420.53296091431855
411.0811303145738
395.9075579346834
407.761659987538
400.63674002419265
406.8235586731305
399.2885935107958
389.799968479492
389.7049181788591
404.9610891047871
400.94719336676525
400.6905725508674
388.89848706203594
419.3224792532989
395.28824463426247
399.42157607350316
396.34423842778517
408.98662005559555
402.95115601656084
405.54842731739114
410.84527428555606
396.51244775612986
396.8876766886319
383.84530024658807
404.08645322349065
423.480383487787
395.2249892554264
412.2358661075981
405.26153588097117
389.90347638876784
407.4232195615313
405.19840083517863
401.24136283965515
396.8551293518504
402.52309398832097
410.8391659278413
406.55721255054596
394.35038417317855
403.3810803974664
401.8981402363408
403.7125723299865
413.8974507204031
393.67293528175117
414.4661602249628
397.179320406675
398.6116217099214
389.7004626441763
405.01158300009223
390.7562725278992
381.9194405868562
396.2282003509799
405.89536934363065
402.2606615011882
399.8716000312412
400.415374510695
398.142974635101
419.02744688726574
400.7357862110089
373.3953373086267
410.6063334023948
402.7843939854271
408.8483521599993
380.9052594435658
400.8993776671822
398.41003572621383
387.77462992278663
413.91515419419017
397.4475416542613
404.05059619273464
408.6119379931925
393.4272577682502
392.7125611803022
401.65291579769087
411.5756381576969
397.9985658964667
394.852542758373
387.69825052876416
412.9839867557145
415.54650420153877
406.1692356052386
403.1899269370687
422.4069081902932
402.027273899967
410.84368536311865
414.28122221684214
406.6465222878209
406.7558508429397
405.91034045450823
408.25040792971674
397.0751457830111
399.6158418453462
404.8380240309797
395.29158803249913
397.1670075947107
389.225643283371
387.33004074397707
404.2192855529345
404.85547988710425
397.3008093576704
402.718945023026
403.7072830517066
398.94143666061433
407.51458840825563
404.47800277282636
408.1871378185314
406.7563163271591
404.6708427662624
405.49389454397016
411.60288605331294
410.4036281226022
406.9556686890125
395.9494167815955
419.8418261184104
392.2036286451987
395.888129634035
402.6359487485775
401.0555440727742
402.04431356815707
408.39535700583303
398.35414035512457
396.91368336695103
399.8527250448791
396.7375583578266
392.1681026615066
413.0389478035223
405.7284921115656
407.9505869151504
416.06652973908564
415.7620628840802
393.19181603619154
409.4398882707339
396.35456882472425
416.8831947329312
405.3850067047942
403.23977484510925
404.20492290164736
405.41902472734284
398.076978813981
392.2534699217444
404.5651915198795
392.96679365029837
395.8072858545095
399.20647897381826
387.3967756574407
398.6472707609638
410.3016650526485
403.247323100378
397.5085055726162
398.5995268204946
405.00217958626104
406.150686248386
401.964311356808
394.3887413298412
409.06107080832584
398.80491558000597
396.39404632671284
396.44287770325724
423.69903836288887
404.04961853967126
404.17633663100025
409.2128231143436
400.4379573365692
387.1447375276166
389.8761536923007
394.2966224972258
378.2778856949487
396.1847680287581
382.8601920865382
394.8198210581091
402.44862099691653
398.38111748884467
402.10964076508384
401.5661953390091
399.6032527786025
381.9670531307532
397.61760232379993
412.59668461788647
414.01674059655505
387.02999477418035
392.58559255054513
399.71388778089596
397.6040512118774
401.5974940829656
408.79687826735346
397.90915863081824
399.89421731596974
410.8776129828331
407.62014321507337
389.2581602603288
417.2046823818038
410.68018267789506
405.4083060892404
391.47510978262727
401.9823272984968
403.19362080774147
395.5462635205369
403.0839735264419
410.1068097871966
398.507525089206
409.8497420168434
395.7683409971404
404.5112518550817
401.46710993640613
399.1953166534906
382.29812586196067
404.9615675162957
415.6367405139586
413.94644855026405
397.15716020533023
380.8118151899052
398.05093081145446
393.63841647362347
386.1821596096626
384.16184909948544
414.36102649368587
398.8153734213376
406.1888165855229
406.40196200520154
406.11059575681116
412.3445792538064
408.41170500430013
392.03843352359644
401.3325931022542
394.8943688691826
410.9548957528746
410.9265403882531
401.0391071944974
384.29370888456214
402.6237535341007
401.46435804133864
413.37628092572885
404.1542013405036
398.0148017032277
421.45617242469615
411.34567240124403
392.50616469731796
408.9469378036142
390.57836890146507
406.63695292032907
404.484385827546
397.32071509517027
403.91837525828254
403.82628681086334
405.83468769961013
393.2788857275903
401.9005101746773
402.2737217231901
402.3802389042997
407.2457537885586
397.8779957269578
400.88402236395683
388.79767310318965
392.4511927919712
395.2075266066048
387.2296790833934
392.15694011961597
395.7494465933237
406.44893232614464
400.0611556478498
413.20330129656236
424.08128938093586
407.87984079287725
409.0187353309428
373.2965542051167
405.2577325187667
400.90466808635375
407.68331494630934
404.77616316130997
397.0058270548981
422.96812891866176
407.1337186479005
413.43011435900655
412.8610466732095
415.8751660992672
424.10051127953807
401.19075021825444
402.3289752460577
402.16366927030657
412.2417414247599
413.23072517526373
412.99787260320653
414.74661372849334
393.0002661804696
398.34461178540096
402.75971191485525
410.45439189690387
392.7451340761762
395.9583520519112
410.2030784256748
412.02502319145964
416.68846356162805
393.89122938524474
398.1167292956102
408.13349567782706
386.89590506881973
398.46528954997217
400.4676209218605
396.7409870998091
393.09893313181993
407.98950350538644
408.098806274531
410.0358923586411
409.4226331120705
410.02966005649586
414.66188842630305
401.3888923550852
386.94248017297303
398.7232116733574
405.2381448261783
391.04851761281566
401.9011923324749
402.8561967487318
403.01638886065496
401.9027594725998
387.28672565583827
408.7244577904707
391.23654844777894
412.9809241625673
400.1903289124914
408.54808462024477
399.33769887073004
395.98447344202486
397.1044989975546
407.7046120475732
410.6848459928577
402.38764063761323
415.58531263306077
397.14731953575205
406.8820094316123
391.98754682331435
401.61353296447146
412.9170553240294
402.1972894507427
384.0565126354403
392.7605981696283
398.7304035245804
399.00101532446655
376.103734232607
402.51072199179936
402.15286267647537
408.86675379394825
405.37204860174904
408.0161260610284
417.1793395899564
414.26031576577236
410.43695060408066
405.97860901889044
399.80557585641094
409.9137939856396
391.3620672133607
396.64585083000145
413.68842211083756
394.94905404616077
397.9671340348252
391.0333224558631
405.6231992113938
404.7623199213026
390.5103895607787
387.99952211994264
393.47649758328674
398.17867729977166
406.47848928572273
403.71604205056343
411.1016004148209
404.69528516664343
391.6148675061979
389.0228147598816
396.1064153614647
381.7541128539076
411.8657150556286
395.7041889181104
381.1729811961312
397.59731980956474
408.3523600279504
393.34531493447895
393.1089297522349
400.3269340692548
393.1650995152482
397.0099505405426
386.51552554693507
406.9357105490497
407.09084649639817
402.4111566187896
399.6018954402098
398.44951937236397
387.5162036477087
386.01813514920616
400.40105199731033
412.80783385104513
405.3934583984826
403.68247355199753
385.0392843541603
414.1885163715864
385.4461874892253
419.41329094176143
419.5395868598596
397.59182211083237
400.10685049194785
403.80905547948566
416.18130263001905
393.9152077218788
395.6349714829232
391.5239079253527
380.6470641097233
395.22906283973805
394.06409268707097
408.8965631690984
397.37408056085303
385.5237196763705
406.70457405514054
398.4958952285177
392.3269304168593
395.095045974088
392.51098255755767
382.62916343020527
379.4430398353732
395.336163696351
392.00039233370063
402.97596744063264
393.0276778690605
397.02186439890335
405.25030305696606
395.1511657476426
404.8595814508995
396.63780252216094
388.58455405178205
400.8293386250172
399.86810902962543
397.7773846727396
387.34795767832685
402.5222537706006
401.4011204197618
401.33281099170824
409.4012479782495
392.7798913820428
405.43042141387485
415.10006235979336
394.84094243404815
403.1529750710943
398.80708554053166
411.9703879373209
420.260024812466
396.61345897977696
403.3045471840873
395.8278529624245
417.3939561174164
402.339200107194
399.4120614287309
416.1756865914985
395.16058077522183
377.1389822601316
398.6804015720242
390.52848201137334
409.2045867410807
412.9217176041678
391.40182719268347
396.3478598981001
373.5721691846124
399.52918569395854
402.14327681249875
403.5875685012612
396.8614569088182
397.7440099299535
389.5397986983522
397.68235314932525
378.0375392762967
392.55746547430925
395.57689380124344
391.8827198942496
405.81456478079616
390.35140726927114
397.72038249530067
398.99173644881705
409.03757989299294
402.0588704321541
381.93910599065896
393.18236453704213
403.2976968613954
412.47249133418296
394.64581047208736
398.86384873637365
398.50441580194945
413.8393931989449
397.18122095929397
374.2550583122881
396.52212179244646
398.94415251307373
397.4662558213741
402.93931493592265
404.9387151176413
413.1421930181545
398.36322300891476
391.4871844483077
396.3988392488499
384.7386248627975
423.6505386463264
387.30066905671754
393.90463353644685
397.22788814244456
401.3669520786633
401.22006341402187
387.6863124349965
403.0633010654697
384.5241472524726
393.5574951425172
407.4605506952611
400.54342513656576
393.3794405959557
400.26558804623653
395.8584012054901
411.4730884759077
414.99001586325704
417.0195304118411
397.4978195328746
402.58331248089837
387.7492255726637
403.3113254792698
400.77349599443585
411.72267323196337
402.09970907899105
408.9325410307336
398.58156299763755
400.81210071079903
388.4524708459028
385.3786011429878
403.8007837481285
413.5570297762874
393.88957598920814
378.876694033511
367.689038870102
391.53368228436426
400.33713133482956
408.64857645219394
408.9318726426982
409.91238097919165
397.1034441983766
403.02509096253726
396.5368668180446
406.9901601961726
390.530784625603
385.5381317509626
423.9089340660282
396.5218587818223
414.12030621190536
395.6514511765989
392.4253354892658
404.79424425480863
407.7055570220988
392.7448704805111
400.8983627668797
409.1487690113109
397.39560239010444
388.5195668001906
405.3331584490922
390.1047980452096
395.57918659113227
399.4676020170363
408.1101616130033
401.77280667612564
411.50774816352634
419.23003689210424
406.5858920607833
408.10754046890924
427.6168609877236
406.787452664909
399.2600656084018
383.3980100122101
406.6468540033738
383.0510578930817
386.98441662479917
379.25228162789375
385.16970991763174
409.61939993137423
401.54765564427146
395.81985492464895
404.3587349119449
405.66314207141943
398.6052175544448
402.56322632461297
387.8993177225394
385.0677277647762
397.7259334707986
400.67910176651293
399.0365013052144
405.3925347026048
398.9110930419177
391.50707526135085
402.6248265370584
400.78146208907975
388.7258190691157
388.4402576881992
399.6584871047081
407.1267381500692
396.88199220249345
387.3096141967685
401.8985397829019
389.48283896784443
407.13296795449907
401.12534718353896
401.1347390314015
404.9529535009783
385.63983949148894
392.74675119912916
396.606897711319
402.7199293462932
388.6329399719436
389.76196730242515
392.61266176187945
404.2630477300148
389.061524203072
403.25717663191426
397.5760838523705
402.1294814778866
408.6468777625032
394.02799542109386
401.5257283573041
412.50876694292435
390.7963199044483
402.9032738174455
409.2214168951564
396.83819353861753
384.67240014058905
388.2907585409761
393.8815640147874
420.4468216419655
396.62553544475287
406.70821762240206
394.9930145162181
408.3992628054409
418.1341201265046
388.21726444009465
406.00735848255596
395.4528887137048
402.9319289298571
398.49524827360614
407.7039722244725
415.5560215380353
406.3891478359653
399.2939627506439
414.81649702010355
397.72220972785726
409.24069195545104
397.4883549829584
398.26419219468426
387.15788245818607
401.3854727333216
403.14245208117967
410.7193192936951
394.0124355796869
394.80201515081575
402.73771753312786
416.44510510555165
419.8507964631649
400.96216972131987
406.9170154471497
399.0618599977921
398.9301495465813
422.2977994332564
396.1554224322907
388.4886599635117
395.6913214515411
384.59938856850385
410.75643889550133
388.81958593060205
393.0407578908747
385.7143589612271
388.69392027151065
389.3854107053319
402.4763172170585
395.48246403125796
374.1651941817498
397.02813458028027
404.5654140319232
394.5867658582489
391.8535603329808
409.05746083996564
401.5680186223499
406.42616467381475
397.6480006325004
404.9385723642708
397.810486767134
403.22862521918904
392.00947058421895
396.3011553770323
398.8510587919102
405.6423864238102
394.25931376379793
411.62299551838964
395.4537309269081
406.97043294569255
405.3707029071578
408.0731966013914
401.5763068481148
397.6068061290085
399.12731072035075
387.0015658234041
403.5169557915642
399.96792945666243
398.0328069035057
392.7604733113574
424.1464715101519
393.3900649478148
398.15523761789086
405.8523472620606
407.4237348358019
400.505472085313
395.40049012547547
383.9864184651661
389.1270736882625
381.62447957839265
394.06290225959617
414.3490087906706
390.2107494127907
397.57187759405366
398.2376255498292
392.03525563334694
393.44879726576585
411.85835977908397
392.5145736252967
382.6261393786768
386.1148856931652
