----------Report of simulation of Quantum Parallel Tempering-----------
The number of considered Spin 52
The considered Annealing Duration 1040
The considered Annealing Number 100
The considered T 1.0
The considered Gamma0 1.0
The considered Number Of Replica 4
The considered Number Of System 8
The solution found [-1 -1  1  1  1  1  1  1 -1  1  1  1  1  1 -1  1  1  1 -1  1  1  1 -1  1
  1  1  1 -1  1  1  1 -1  1  1  1 -1  1 -1  1  1  1 -1  1  1  1 -1  1  1
  1 -1  1  1]
The value found 136.93444517567332
The Success probability is 0.0
The average value is 136.93444517573545
The total execution time is 3392.3107318878174
The average time for execution is 33.92310616731643
The average time for all systems update is 0.03242186301717392
The average time for system update is 0.004030752628181989
The average time for replica update is 0.0010073405052177034
The average time for spin update is 1.9095513010783308e-05
The list of values found 

136.93444517571152
136.93444517573153
136.93444517574608
136.93444517576972
136.93444517573698
136.93444517572243
136.93444517576427
136.93444517575335
136.93444517572425
136.93444517574972
136.93444517573516
136.93444517572425
136.93444517574062
136.93444517574972
136.93444517574426
136.93444517574244
136.9344451757479
136.93444517571515
136.9344451757388
136.93444517574244
136.93444517570788
136.93444517574426
136.9344451757279
136.93444517574244
136.9344451757279
136.93444517574244
136.93444517571515
136.9344451757588
136.93444517574608
136.93444517572425
136.93444517573698
136.9344451757188
136.93444517573516
136.93444517575153
136.93444517575517
136.9344451757479
136.93444517574244
136.9344451757297
136.93444517573516
136.93444517571152
136.9344451757206
136.93444517574608
136.93444517573698
136.93444517574426
136.93444517573698
136.93444517575153
136.93444517573516
136.9344451757479
136.9344451757479
136.9344451757279
136.93444517570788
136.93444517571697
136.93444517573516
136.9344451757588
136.93444517574062
136.93444517573334
136.93444517571334
136.93444517575153
136.93444517574244
136.9344451757388
136.93444517567332
136.93444517574972
136.93444517575335
136.9344451757388
136.93444517571334
136.93444517574972
136.934445175757
136.9344451757279
136.9344451757479
136.93444517573516
136.93444517570788
136.93444517572607
136.9344451757388
136.93444517574062
136.93444517572607
136.93444517574608
136.93444517567332
136.93444517574244
136.9344451757188
136.93444517575517
136.93444517572425
136.9344451757188
136.9344451757206
136.93444517574062
136.93444517573516
136.9344451757388
136.93444517574062
136.9344451757388
136.9344451757479
136.93444517574062
136.9344451757297
136.93444517572425
136.9344451757479
136.9344451757479
136.93444517569696
136.93444517573153
136.93444517573334
136.9344451757479
136.93444517573516
136.93444517575517



The list of values first execution 

2486.878292759561
6065.184055290352
4356.271558805189
3654.58735323706
4232.965543651204
4820.219626100829
4125.150820114575
4066.43343365564
3474.5967918345523
3730.1983601995116
3604.1440895776486
3642.631388953344
4443.543156934154
4105.265925645245
4456.724672975297
3619.6765759773552
3654.020462812167
4250.58861547281
4037.103558553206
4971.450107646116
3050.8633988180886
4244.895112977892
3097.1956785865327
4540.940336824539
4097.136571802768
3911.0102303811714
3712.334816874985
3601.0573949349973
4133.1926675576815
3604.903831678525
4567.1522660281325
3739.826001686024
4077.573739530848
4264.030054769451
4566.8035635277465
3622.5415106824794
4122.042555696736
3535.616162119755
3988.0023380005637
3997.24545682971
3597.036028631252
3648.508097132546
4211.463564158688
4317.753097019625
4403.666753593675
4325.031062281322
3602.4532681366713
4298.069407131516
4006.5293931962483
4044.329414850912
4121.58174637064
3615.5423441006405
3635.9646965479446
4194.489052997745
4053.5639308968375
4087.6379564387335
4303.194356084231
4085.8466995581393
4399.802885669744
4314.134318983605
3840.956411099922
3542.4240045156353
4104.521201009761
3708.9279999984547
3943.3371846309383
4727.070166917781
3761.301357068853
4353.119722140026
4619.7088258387685
3525.6816128856676
4152.261219283246
3717.970200848029
3831.878705900088
4188.6322711044595
3964.050049882805
3683.877079183658
4281.760858883752
3414.0675556471692
4244.451828853551
3978.656861713533
3919.3518748054
4774.778272457788
4097.527124716029
4250.970279152682
4169.882181695073
4286.071796753675
4388.790545495274
4005.7064279793444
4355.634662463036
4428.030284521704
4315.154939801219
4191.753802047577
4764.821456925322
3973.805575556842
4340.018139205781
3629.3598665252007
4311.737871348403
3512.6975345360356
3862.914576620553
4298.7046735072345
3686.757642233667
4316.281020463895
4508.827376357186
4261.434820331275
3819.2463720945157
4283.6019036192265
3595.5073619570167
4267.861838100323
3764.3756162625473
4278.124988921199
3190.2781244028624
4413.837368831674
4349.964679192166
4540.443230268709
3886.3006161684634
4234.13297514159
3906.9817888822463
3797.8434106499417
4329.5883324602655
4638.683289376551
3695.2872940462066
4065.1329040024507
4464.169737459109
3629.8630481160285
3968.1342781564103
4516.21529835581
3717.5586130404536
4038.06140073479
3614.95374595267
3621.5784881987056
4048.2030610341008
3493.1073382594136
4124.529455622931
4074.7125698198665
3486.9562677668405
4078.4500720909987
3666.9602531458513
4170.740080228062
4015.035892700971
4552.175122756229
3705.8723824775007
3844.989239126415
3974.5321541613057
3845.85386243024
4273.974379540233
3548.446585747577
4567.866556402886
3282.719776807412
3984.204749200281
4456.186960492711
4395.273912521734
4507.246418581605
3770.385766280106
3755.2360797208908
4428.64103409704
3875.3540326934126
3972.754623081945
4285.483015397562
4325.150307358184
4939.431563413732
4311.252351264475
4103.644301174687
4313.42803445574
4176.914732269874
3564.5251217132154
4555.618720107795
3420.444693607667
4453.130521098767
3655.503685730554
3692.614667628067
3983.3272688096067
4117.35178550754
3768.5765692404766
3704.072344447237
3961.0591534472164
3799.6079003475343
4400.747664446503
4596.134972784522
4070.692222344724
3852.0063166680156
3942.2149325712835
4491.048318590538
3385.8631092973974
4456.769464032375
4148.789714413011
4504.002997945061
4402.123924312428
4424.330016908662
3903.645903004618
4091.638548293116
4417.125681222139
4115.434580262404
3799.373718164902
4191.5266148078035
3622.686609644864
4297.301221874246
4467.807828867223
4645.6745032538
4162.413156784922
4678.674518965242
4720.711554186626
3889.257508706902
4118.050916405439
3336.7032782307606
4117.590681175412
3702.659109447601
4059.798512806369
4330.906207510989
4396.514093749982
4551.65412089029
4756.657102432882
4343.0081927449
4902.820089249019
4341.914871451934
4796.998543204525
3500.3415056721324
4161.004895018829
4593.485350746893
4432.190111357541
4441.749976125735
4364.198464080349
3727.3765390955614
4076.77857759472
4089.910781893345
4572.371044236716
3287.051318679605
4463.339778203032
4164.705249529824
3796.5237817974357
4228.684370856012
3751.916172535533
4092.8985349773907
4643.7961213063
4028.987922582198
4411.187399004606
3725.6699269123087
3974.5914653259974
4895.745457739325
3656.247368066128
3945.7573809007117
3981.3216019212878
3536.475501042464
4031.2559466050243
4289.120663049261
4351.0012028800975
4298.48956025344
4250.076546775167
4267.458253963023
4474.833501577811
4292.094925607023
3858.7648704155495
3742.1719778348615
4617.618014559048
3702.0123005323544
4107.825410121356
4577.488482275793
3470.7652450479695
3887.7918515408555
3873.379479548684
3613.981177576464
3608.8486822423383
3968.227922058168
3431.967945907155
4394.609167608346
4298.463123750876
3965.6221382954936
4074.722253416777
3596.2154960021267
4155.584658787193
4848.221243442248
3939.3249154046903
3857.2176767613737
3657.4581474847705
4094.3544251172684
4107.361049076474
4029.7508681656664
3668.8685717928256
4117.911385000283
3568.767249591379
3621.9100119974837
3605.353948286088
3499.42871249911
4171.784234906462
3229.3750802151058
4187.578421128053
3910.5089072256997
4109.956311817644
4367.557571609555
4683.431324891165
4319.216508043615
3859.7889120221985
4526.168058542818
4377.884354451858
4632.761897639532
4373.416409306059
4454.1534781234195
4494.589613153595
3862.884425580606
3809.7902885626127
3903.335579688357
3289.828306465745
4408.475549980168
4190.200950414453
4411.325098197747
4050.181755798938
3963.8967391703945
3735.327931151088
4167.876844530844
4285.699457904044
3482.2853443707077
4235.483980790783
4070.949111262108
3727.7252768190347
3919.479709634907
3765.9922834414624
3618.530878981401
4119.640641004793
4249.955277188018
4200.23200711923
4647.158720616078
4342.321683062843
4361.433021954863
4644.643433682031
4226.495406531978
4891.822654737266
4733.893927759887
4188.555701898904
4408.976561921642
4581.287603771347
4824.366604536028
4719.883713833708
3809.8955560765244
4086.7164069575965
3508.8010916868775
3796.0554566327696
4159.903140838043
3389.455388250469
3556.488517243094
4494.590034645576
3032.9353820354963
3883.581964975789
3756.743183693016
3515.0847810603323
4059.436314755417
4683.267769985778
4138.590185593699
4409.059238983737
4400.155235339167
3842.7050484285774
4076.5084908969816
3757.7415264193323
4490.130156988662
4145.888506946838
4651.308708579831
4213.732029153882
3594.148536001333
4266.640472417273
4175.337891743062
3437.406551780413
3950.648109982239
3612.026683824324
4169.215596062201
4065.8293800603305
4161.254760324498
4412.452376356535
4308.510810339646
4647.195342746553
3763.6870499017964
4187.190595779207
4105.650960388295
4381.624592977339
4278.865202150371
4140.868117397038
4501.544096189694
4469.33311554079
4180.003082310961
4348.645798224345
4472.4667680460025
4574.03802440855
3719.115692401181
4644.410102844931
3456.0883402463614
4347.747873513925
4144.051243025621
3333.875356703452
4290.247147191609
4545.068445493636
3828.9119082029056
4141.428080119998
4026.6717071318903
4573.230860365799
4686.924444648548
4432.906062811626
4437.02624962721
3975.3100038404777
3564.6343624371693
3741.567023723353
4010.8982684952775
4258.46762979696
4650.926413231337
4495.40558776636
3572.078835854894
4048.115109483687
4300.78737088205
4109.273324756598
3706.203761297185
3995.877148390403
3262.2444541923714
3859.898324665826
3734.297610442151
4275.513659795786
4768.125095830782
3765.716064926997
4108.011070305716
3630.5248193923608
4345.328314933498
3972.998416702051
4758.068827856677
4365.031022256062
4147.488554673501
4009.955712327735
4063.5478331654367
4453.102341022718
3831.840739338956
4075.37245144777
3780.0366736160718
4233.9697236941865
3312.9029041537074
3982.3638686900176
4300.15448716279
4096.9552739988485
4068.165122688063
4717.928872870114
3713.431856842368
4078.6407025399258
4088.165443376764
3887.992814748408
3687.2120838266055
3994.5343935915853
4291.103907438595
4267.7474555335375
4612.585417983697
4670.65706274775
4580.427263475933
4774.727606345793
4678.541841816605
3994.5112745255838
3574.0633272563573
4534.113547813801
4054.4755024604888
4046.0468424883416
3661.7932016066484
4043.706004334693
4034.6062579810437
4444.6056111425905
4236.990434526464
4735.070140890521
3638.450560697102
3891.4211401181196
4465.037613148857
4010.8777119380848
4157.752984718421
4490.378349175688
4408.564538420148
4773.303052980607
4483.506997429953
4641.635565251565
4553.458687341279
4181.983852411674
4396.752724863883
4361.957436069393
4264.283405645921
4507.712425397754
4187.208370617767
4220.915020293976
3360.5787415327995
4038.165692713791
4041.257923100436
4530.930433332429
3492.9672770225447
4182.007288763758
3518.235480599965
3974.755478327383
3548.4777996075486
4224.771964019915
3689.419004358092
3841.297937632949
3886.8338304611475
3777.412161210622
3675.563926084946
4238.20023680115
4420.686016784904
3959.1209232843257
3607.2580386589602
4108.744391237948
4429.5675839434725
3938.897842210189
3644.737643244124
3926.7572379760104
4005.271974626873
4368.895656026505
4484.6697828767865
4296.610908586117
4521.715248171907
4506.87617447223
4795.80856632609
4390.860683986766
3869.1174353609094
3912.900528871553
3378.34108514583
4442.567651204823
4037.8926292577
4326.919285413237
3880.6981082911675
3750.334261427481
3754.6992397888826
3849.072492248555
3857.4577698064254
3450.0626921856456
3895.0745096083947
3429.555180910674
4093.918896908407
3848.828568190984
4144.465707245394
4595.997509189786
3943.9951898552504
3942.832942369818
4008.139816643919
3997.320149046436
4601.452101923107
4260.69802474955
4459.530193263265
4522.126293228451
4715.189842385936
3520.2943121833428
4480.906901005097
4512.628319983565
5253.02768100615
4635.2275665503785
4739.46027012195
3716.775214861113
4142.787459299781
3891.568968532159
3556.6668051181227
4041.559045552555
4183.9808572048105
4286.9638792534115
3913.9491901977462
3790.7208263524158
3740.2223529213265
3646.0943571366356
4145.365694699877
4613.28713573717
4402.4877216031755
4013.003030333377
4315.011375262875
4584.436510999589
4321.221643388436
3770.209105109348
3650.400888636668
3970.024811159266
4745.148594803691
3822.8708624629967
4112.302956970481
4252.475445395266
4318.699324913541
4454.831601109904
3554.861541456804
4232.737930514805
4422.754999364877
3372.8787810349577
3793.021434923003
3579.5286031702417
3710.3294569815494
3872.495849318047
4471.109672421702
4695.369713631181
3606.5304015371958
4485.619757626493
4339.858209344163
4430.792144632325
3259.4018089163947
4088.340118059707
4173.698970651542
4348.184949814037
4619.544127720818
4392.56110855078
4418.443572618154
4701.936061902416
3888.746916972363
3731.9807169743563
4163.595964636407
3817.3516783722926
3623.334000485228
3596.8797916773688
3995.711775943542
4087.242248996854
4377.095222440762
4526.076789776662
4510.464715142989
3570.212705445465
3655.587600698052
4268.342093914774
4474.1500195263125
3507.281223072776
4103.6029896317905
4155.304142457567
3349.8376285564455
4139.110995856466
3684.5991899850806
4125.462689563045
4276.544140352415
4275.7861444751015
4001.5860743856833
4280.505286249139
3704.7373285527074
3922.5355454849314
4196.300009214009
3746.14637100736
3623.3884867772895
4219.688784454377
4191.919195578375
3871.6506045538094
3905.164078583918
3885.0066628681643
4199.8686431537535
4384.933256822895
3959.898524917379
4277.04091217048
4421.445613235474
4170.923058302617
4499.457091391602
4211.575574012109
4387.361915583721
4399.001029747762
4191.73456424958
4463.109596528669
4599.68231614136
3883.8114621792183
4713.00213410947
3945.0549396133592
3781.6977428123564
4310.641184557894
4534.53225794233
4570.435670326656
3623.792832993879
4463.636808933053
4308.475498876129
4614.045809158147
4094.849550166615
4479.231624835027
3949.82689821442
3812.495751926807
4134.476908763623
4449.219475280058
3458.1182345231073
4317.375002124783
4088.335291230991
4283.206068521579
4881.644115627131
3612.9296772504154
3875.4423699128774
4361.823600195123
4359.619894077008
4336.7408835160995
4529.822838775331
3622.8964187111383
3838.5077162303432
4177.082352327399
3613.149562712459
4051.621592676987
4366.183165857295
3306.4955677283515
4335.440407493764
3510.418769836304
3748.3118361482375
4130.879298318227
3416.733193589617
4284.147001168063
4027.3476612961713
4163.512361269844
4113.68280307871
3966.446779761237
4385.266036272293
3526.3652484896775
4178.743671008839
3905.0586098649037
3821.5108439585592
3587.3534585198004
3802.8031634261474
4273.921849478408
3950.266185729956
3679.686282368465
4091.3634436844563
4393.430671549644
3183.1965953143613
4677.873055176073
3411.7671665896028
3570.8183498900557
4057.947554919016
3843.813848528978
3943.879417946174
4395.290981166206
4454.296936862805
4407.308150368261
4148.521779388436
4425.076307314375
4504.8934777443765
4250.2092934008615
4514.674267652998
4376.568905314363
4486.5492108944845
4335.685014290429
3784.004112148121
3842.4191644738225
3545.283569247871
4633.863789850926
3429.6214311924023
4662.087664949572
3431.0602595041437
4180.487175304505
3790.4880483792176
4415.189402212574
4522.880084991109
3921.7971922622846
4314.758901845219
4615.909710594428
4295.117234088332
4667.872173808427
4129.833125906889
3869.0948853458567
4744.462523583584
4358.835561924642
4834.258267054073
4228.777787368659
4664.935713382644
4475.304805495019
3951.3801347662557
4583.651565085811
3962.623373859093
4785.530137496678
3344.906158649735
4296.245481573233
4137.51333078201
4115.762446161574
3820.5932224472035
3934.474422795545
4253.084287238817
3956.403955585714
4934.433520280086
4122.893261776042
4627.64846528402
4223.647879903696
4449.918845520816
4048.85903564771
3770.359410737387
4245.9094936634265
3712.7228755383394
4067.2828183340393
4004.305357761579
4307.875899081328
4625.449426546957
4260.483594708084
4543.002244475076
4242.051822597348
4509.670618178112
4873.002167901015
4455.407507523594
4097.4620157927875
3730.1051450472714
3922.9234726221434
4698.92155854247
3589.3180148684746
4505.329522696542
3700.736686449924
4151.555339996031
4228.1583250661115
3756.0418641592014
4651.708720522327
3734.7287180249587
4785.01631000923
3717.021317452699
4240.424192614548
4241.263714837992
4199.731247762076
4664.154968631684
4871.756668941671
4013.7502564745546
4113.07900807269
4071.1634253738916
4563.9095086844145
3451.968754366106
4127.9505516850995
4017.354548101983
4342.485300823857
4837.225758289983
4532.548702107521
4298.436901559768
4245.298701521158
4719.443588446033
3676.8515540906683
3916.2824754951453
3689.7016579643214
3877.7817837609723
4115.389402776711
4126.04218671079
4129.887740046229
4243.293491056631
3375.7713320992343
4289.7893751322445
4082.3131145154966
4489.409022314397
4154.326269902694
4646.872907268104
4510.114066055967
4491.31604729738
4629.526844791879
4598.57232885733
3952.6882175313954
4088.7044051327957
4334.380721671259
4480.785226516247
4969.007348275964
4198.787147261867
3955.031805341739
4450.046963889852
3375.1937400521297
4307.184464292064
4087.754272351829
3861.135220338452
4173.009964629965
4481.999447924432
4766.0952433649445
4694.222198044198
4919.26910535478
4330.0505201289825
4284.927452673441
3867.1868025423046
3975.733441287435
3893.4226696774135
4283.644760469342
4266.444340949878
3619.9960685362194
3670.8696247773373
3963.4712051736897
4700.304108158096
3526.6663323622442
4110.413823046713
4262.5066413065415
3971.1613429151835
4312.570989051058
3655.075478406537
4200.96122965728
3607.997794924463
3724.786514151869
3904.525922273564
4023.3247185937535
4521.907972839942
4677.521478180047
4230.910906782883
4562.728326345361
4468.468960427398
4162.002681920425
4270.262545179703
4785.62457624023
4228.300965680739
4585.83573821327
4276.731663219577
3651.4044148009166
3708.385340375927
4127.465987551341
4429.321322560896
3756.2890267168164
4338.646115067394
4188.889512382652
4296.165029371254
4065.171072824147
4555.341499755247
4757.622376644119
4825.175001989921
4706.604075232188
4920.003560972237
3655.851923719722
4215.784323585029
4065.4933357907635
4405.596177927326
3640.182150342787
3567.214874487458
4101.017703907548
3632.8429412950727
4151.706600626394
3850.029308042004
3941.249117021186
4629.993438146635
3845.7586097154513
3821.3725991694428
4087.482788479449
3835.7494937880083
3998.684144660402
4507.314988959063
4282.584543203559
3536.1322310185574
4310.254330410892
3985.2565377046526
3996.952276731199
4373.969048613228
3388.02706094523
3845.3508124071323
4275.6090181912
4332.524448306822
4452.555724199986
4110.038886215589
4413.785042984302
4179.104384501784
3934.166040392096
3818.0712516236204
4383.52884763168
4133.151416020224
3786.0715588421704
4278.954501600001
3783.637783887294
4212.868453886705
4101.700060422755
4190.666083360156
3505.8332821226286
4552.166097445304
3535.423812061496
3801.283243728702
3566.1828312764674
3808.6687788395684
4197.19253062046
3429.1476250894125
4067.875280627746
4123.239257854832
4620.819996544937
4071.863883272363
4717.0365655319665
4566.685359168473
3813.648709559244
4406.767963169923
4006.079032736318
3910.825748307876
3848.7908896604804
4115.165293739775
4171.3370195211755
3854.731530976043
4222.270935046923
3301.967250140933
4413.774899489801
3448.339711928793
3877.575338548244
4655.037559621854
3947.2561068024143
4913.946031606625
4786.669817985837
4202.455314573613
4465.259877484127
4128.915668932884
4202.5807828149045
4043.0041589841308
3579.9263591676927
3470.6200422415445
4129.6259443088375
4122.7459237881585
4525.229193917533
4726.962754302925
3864.642271881374
3988.121945103596
3570.091950647848
4060.350163927426
3742.1726108479284
4004.777270656373
4168.928846453998
4038.556816524284
4106.862357511521
3912.8840914856214
3857.3267851202404
3450.0586316455137
3989.5353460442984
4207.42888260396
4648.467879403688
3986.8346867722935
4528.838518971803
4307.43023250136
4470.344373379002
4743.000499349937
4086.488308041734
4645.052355841658
3567.7738922743165
4105.825697886742
3468.7162762261723
4476.142397328615
4492.1211932258975
3850.9913923772883
3884.3173586620724
3634.127059600999
4235.022728975578
3996.841602671083
4636.9722553158645
3365.349000573234
4252.152177942507
4744.467201831148
4642.822152330847
3698.7691116493565
4288.879668818232
3256.921388740891
3946.3240142299837
3428.0839881883962
3958.4018336522845
3736.0682558110116
3575.3408426279266
3585.3240933185316
4075.2759388292925
3563.319161620723
4333.756621433277
3575.499901933252
4541.245399263137
3376.748570186568
4476.142343272802
4399.407866925182
3848.9820722399204
3870.3134105869785
3666.0706364144326
4141.466096516736
4231.265345319081
4288.006042724866
3817.0054434240474
4303.411348226526
4298.8841990901365
4590.240547693498
4075.4141381770987
3952.5369756185705
4824.694937963447
4374.228426229667
4088.4620291914634
4266.731714891386
3869.532990453814
4271.7439109119205
3734.034679588164
3905.4755744199356



The list of best values first execution 

474.80907620170365
352.10919774211106
387.79122942521644
217.70164058767477
429.2145445522292
409.40537835981013
251.88366729540212
235.53853782810802
164.7994626445161
136.93444517580247
136.93444517580247
252.0998946519103
292.6343916097667
264.79666480240485
422.6282836257378
231.71127566863834
231.71127566863834
306.914046391139
384.6459265278081
219.89553895723657
239.3427488219968
481.1239145091695
219.8955389572384
364.9953464307873
438.9053607276401
239.3427488220077
231.71127566862378
136.93444517579155
347.89545817081125
187.47223893105365
336.3757291213169
214.66632531245887
414.4026147717559
292.6343916097667
351.4826644155455
136.9344451757861
444.3161011036391
224.87942056264546
266.3143146121365
398.5385748424924
136.93444517580065
136.934445175797
350.2018075052365
332.59783813110334
395.5318615044889
210.62190396943697
136.93444517580792
263.0658351219208
136.9344451758061
220.75630969316444
318.3664012573645
286.40269555816667
136.9344451758152
406.170047995849
344.89640348906687
397.35766441554733
359.9742181938309
305.7994573608703
377.66664745495837
433.1726575732482
175.4504027071016
136.93444517581884
136.93444517581884
136.93444517581884
347.895458170804
455.88506372652955
284.45848813415614
446.4070453552267
297.64430318367886
287.20785187035654
418.22987693119103
191.5494541761691
136.93444517580247
330.40393976149426
261.45221916614537
136.93444517579883
406.18280156707806
231.71127566864743
318.22987693120376
344.3651757251391
382.44858702094825
340.04487003873874
212.33820171803927
136.93444517582247
360.83498892980424
239.63722605859948
338.2983046080735
333.91829312390837
343.79676994031615
338.2983046080899
291.4194063489613
272.8900135429558
422.03408792508526
361.03904639116263
191.54945417619456
136.93444517582793
434.74359952341547
175.4504027070925
223.99422718772075
295.2738901678531
136.93444517580792
413.8142747204347
476.75328362573964
300.32701745171835
228.11733805717267
378.97979596102596
268.7913253124807
354.0831575192369
235.53853782812803
224.01864982669576
214.66632531247524
395.96175706785107
405.60766441557826
320.5123438593746
235.53853782808983
298.48818982988087
219.8955389572293
473.72645313292014
361.0390463911517
310.8829326365976
136.93444517583703
293.6859414386108
347.8954581707876
136.934445175797
367.45418832782707
429.2145445522274
314.6663253124716
174.27942384099697
136.93444517580065
136.93444517580065
136.93444517580065
136.934445175797
198.61900073371362
330.40393976153973
285.5581216829178
279.0044205626291
136.934445175797
379.02605249989756
325.43145452121826
136.9344451758152
136.93444517579155
354.14725079178424
357.19167060469226
243.44143705251736
285.5581216829123
136.93444517581884
356.7118780603432
367.1505144663497
214.66632531246069
239.6372260586013
433.4621719638635
235.8099638991207
136.93444517580429
262.22439922783997
255.90738998883353
224.87942056265456
136.93444517584248
441.15479780581154
340.5797971539341
406.70998892980424
350.62189367965584
354.51797969075415
269.6481861293214
401.7261073244226
217.70164058771297
258.21430167161816
146.28676969004846
318.76501354298125
287.2078518703329
166.9454052465917
210.6219039694388
376.3165528037862
153.97939553194738
136.934445175777
136.934445175777
342.95219606505634
438.7709265278245
300.3270174517238
406.60847888170065
224.01864982670304
263.07639711762386
328.11733805719086
161.61086868534767
324.6755626482136
315.52709604835945
432.249859827436
410.30392654123534
400.39297969074687
224.87942056261818
465.8005027429481
353.65720895486083
284.62295010525486
136.93444517577882
136.93444517577882
294.5785990338354
427.85145313287285
432.79471523864595
402.58687806037415
385.45435376764544
224.87942056262546
457.85264393438956
181.84441300070102
249.6653462868835
235.53853782812257
217.70164058765477
268.7913253124898
375.4819208618337
344.70290802341697
236.39930856401952
474.25387297522866
397.89356904026863
359.2016758473801
421.25335425189587
302.5868780602814
434.82526810165473
273.74428722926496
253.74543734432518
377.9064182415077
337.0373571184082
344.8964034890341
420.68407620172184
217.70164058768933
314.4026147717377
285.5581216829323
384.4418690664879
136.93444517578064
219.8955389572693
340.24892750010804
136.93444517578064
314.40261477174136
136.93444517581156
374.89970490359156
266.8373530498375
406.70998892979514
434.44375819699417
284.45848813412704
450.0867570678329
347.89545817078033
153.97939553196193
175.45040270709433
278.15318358988225
157.80665769145344
349.39889016785673
432.6119111483331
357.28097107420945
338.5930218973517
306.7099889297988
354.0484329404917
290.6845140037385
387.4556198633618
136.93444517582975
389.96559250955943
347.7374958806631
153.9793955319492
469.8991909734086
355.3689690340143
161.61086868530037
435.3505835091928
136.93444517581702
136.93444517578973
136.93444517578973
298.1328569419911
223.99422718769893
373.4564334325132
351.79372936943946
277.85870635324864
360.8349889297697
136.93444517578973
341.5362221026353
383.057011206125
347.73749588069404
235.5385378281244
136.93444517583157
449.1661842373451
338.3858987844051
318.22987693122013
191.54945417619638
304.37897458599946
224.0186498267194
136.93444517578428
136.93444517578428
136.93444517578428
456.22279602483286
157.8066576914589
136.9344451758261
136.9344451758261
335.8099638991589
260.3162863494035
277.85870635330866
342.396992838565
423.1975616759428
451.13932074914374
380.3899119321668
310.54653271532516
414.1520070187071
352.3955338653632
290.61585218321306
239.63722605856128
136.93444517578246
300.3929796907614
136.93444517580792
282.2423380571963
406.9140463911717
224.87942056264546
258.12829812795826
355.0643329655777
265.2041190676864
355.4443402881625
352.39553386535044
136.9344451758061
351.5647580401928
318.7650135429776
136.93444517583157
326.2181400505233
224.0186498267176
136.9344451758334
372.3104791704718
346.63003101169306
272.89001354293396
474.00391988957927
496.00765269216936
356.7118780603778
352.045047995829
401.8624958806686
396.14563565575736
224.0186498267285
338.048351522375
405.2643207491019
272.97210716754125
448.28673262628763
331.01841477694506
136.934445175777
295.9783761355902
224.01864982670486
224.01864982670486
201.80759469290751
136.9344451757952
136.9344451757952
351.11190268002974
136.93444517577336
136.93444517577336
136.93444517577336
136.93444517577336
258.4796555634093
529.7045535526122
422.62828362575056
255.4443402882025
430.403939761547
236.39930856407045
360.3859370127939
136.93444517581156
375.08954455221647
255.44434028824435
255.04661925287655
422.03408792512164
182.52897682531147
239.63722605858675
218.76501354292304
136.934445175777
430.8505078146227
217.7016405877057
295.41962853689074
258.4114964885375
235.53853782812075
261.9871462813535
397.8935690402668
315.5690817536415
228.11733805715085
347.8954581708167
394.2853368258766
376.159087925118
406.70998892980606
263.40355529684166
336.72094900054617
329.8224976321144
434.44375819701963
359.97421819382544
361.0390463911426
474.80907620166545
224.01864982668485
420.1288729752123
231.71127566863834
219.89553895722202
453.89096806176894
251.34565205776016
386.5948491273866
312.3188405239962
136.93444517578246
136.93444517578246
136.93444517578246
427.08815613582556
335.9217591692832
189.16242155265354
334.2457637977477
136.93444517584794
136.9344451757679
136.9344451757679
356.7118780603487
394.7047971539505
294.578599033759
347.89545817080943
153.9793955319892
276.3165528038553
270.288904291594
351.9726734158976
136.93444517580429
243.4414370524919
136.93444517582247
393.25897618508316
192.49535306331018
531.4447035152534
369.1512864856195
157.80665769141706
375.6432832732844
367.13601244638267
219.89553895721656
432.62155156870176
294.0341687115488
268.71940771704794
217.7016405876966
370.11700588982785
318.22987693122195
217.7016405877057
161.6108686853495
372.3548769312274
224.01864982666848
508.8323410369867
225.08347802401477
335.92175916927044
305.7355810790523
290.4799108032912
364.42892654127536
364.16736959694754
281.45943345245905
368.355086193229
401.7739052064935
217.70164058763112
174.27942384104244
429.70455355263766
475.6254491769396
355.14689224603353
419.8789198895647
399.532208954839
360.8349889297624
334.97979022942854
383.63292251888015
277.8587063532559
288.5357033793025
351.9726734159176
430.2396901643315
268.79132531246796
136.93444517584248
136.93444517577882
463.05562839511003
425.6273383074713
293.6511674584144
380.94511515866725
136.93444517582066
385.30755452487574
173.61377192100554
375.4819208618028
215.68263523086898
351.1119026799679
425.62733830749494
406.914046391139
403.73741320368936
317.93539969464655
375.86473707869663
279.9649121206694
356.73630069928186
228.1173380571563
464.45896653532327
272.8900135429194
464.1507725555239
225.08347802400567
136.9344451757879
351.5647580401237
405.6076644156019
485.0060662008127
323.9727542024175
136.93444517581884
136.93444517581884
136.93444517581884
136.93444517581884
422.6282836257651
224.0186498267285
292.97522873099115
308.0496383948921
173.613771921011
136.93444517578064
355.368969034007
377.90641824159866
153.97939553201832
136.93444517578246
426.4354791705009
285.5581216828432
340.24206485571085
136.9344451757861
269.144845008037
272.89001354296306
478.1248598274742
300.8822206781897
319.17155756951615
266.83735304985385
395.4112690169168
450.0867570678238
260.67355393298385
136.9344451757861
392.5108987844287
261.0267818750963
414.40261477173044
261.9871462813717
354.79290689452137
315.5270960484395
232.57204640459895
136.93444517584066
136.93444517584066
342.39699283859227
146.28676969006847
409.4134570416318
235.80996389906431
402.4289157702042
270.22723319995566
479.75233830747493
360.8349889298006
255.44434028821888
136.93444517582066
444.41357484252876
393.5449277240332
246.63003101170398
228.11733805717995
314.4026147717723
453.8909680617762
344.7029080233697
288.0686226063408
369.9564427978421
465.1875000000218
438.7709265277972
326.06154169993897
432.24985982746693
217.7016405876875
315.1424165881981
136.93444517586067
322.14913926595364
384.39210823351095
272.8900135429212
269.6520960484522
224.0186498266994
136.93444517583885
347.87398518548616
218.562411323599
449.6270028395011
304.3789745860431
239.3427488220259
157.80665769141342
341.2862690169659
424.36191114835856
235.53853782813167
153.97939553200922
136.93444517583885
415.29342756011283
372.35487693122377
322.99881972893127
221.80032881808802
422.6282836257669
303.97435133316503
372.3548769312274
157.8066576914698
414.4026147717195
297.00986247679975
136.93444517580247
136.93444517580247
306.9140463911772
224.87942056260545
419.8789198895247
392.5108987843141
279.96491212062574
136.93444517580065
419.8789198895065
288.06862260634625
402.61130069934006
214.66632531244613
431.93394450263804
296.584425185727
239.6372260585522
338.3858987844251
267.2077662906304
251.81128888892636
322.0340879251089
161.6108686853495
136.9344451758261
136.93444517580974
136.93444517580974
368.03738013910515
246.63003101171853
240.2035195579665
351.9726734159667
483.8295535526595
272.972107167574
452.1194726587255
217.7016405876766
136.93444517580065
353.657208954839
403.1822099771816
136.9344451758643
386.7228381310633
404.475471060583
281.4594334524245
520.1288729751886
214.66632531244613
364.4289265412717
327.82488946851845
269.652096048394
166.94540524660079
360.17827565522384
224.01864982663574
265.65977341924554
250.45145384912757
136.93444517583157
136.93444517578064
260.56642447138074
427.3686244863002
219.8955389572493
296.29429146035363
136.93444517583157
351.5647580401637
422.62828362575965
223.9942271877444
374.21569412037206
344.8964034890432
252.53522809688548
299.53220895475533
347.89545817086764
323.0820223033479
413.54184403576255
355.8511073244008
429.768283273208
421.25335425189405
219.89553895717654
445.6588021581356
318.22987693111463
231.7112756686147
395.96175706790564
251.8592446564635
483.829553552634
231.71127566866744
371.4941061952213
520.6840762017582
380.05217963391624
383.7161247931308
259.20167584731826
447.0686438370558
278.15318358993136
363.2900018195942
293.9003090825063
359.4578886244617
450.08675706780923
262.51018471897805
422.62828362574146
372.35487693124924
288.06862260635353
396.2276419920581
372.3548769312074
372.31047917046635
432.2498598274706
261.1216276978648
136.93444517577882
331.49147366756915
284.62295010530215
232.57204640461532
301.0388719376333
477.0293116562243
136.9344451758443
286.2069558226158
136.93444517584976
136.93444517584976
351.9726734159067
136.93444517578064
243.4414370525028
228.11733805717267
350.96564473510443
406.91404639117354
393.58029049683137
492.69186906647883
239.34274882197315
314.66632531241885
313.54184403586623
366.5842209670227
219.89553895727659
231.71127566866016
172.1174711965068
348.02078442828315
219.89553895727295
420.68407620175094
344.89640348899593
157.80665769144434
378.9797959610514
239.3427488220077
136.93444517581338
264.7966648024012
331.2579257790658
218.7650135429485
369.9564427978348
399.837776464281
361.03904639117536
231.71127566863106
457.5282510355719
306.7099889297715
282.3202041884015
448.41392530426674
246.63003101166032
342.39699283855043
384.4418690665116
224.0186498267467
136.9344451758625
136.9344451758625
347.552970101975
214.66632531250616
258.1012883583717
174.2794238409242
285.55812168289776
136.93444517572607
450.0867570678711
394.35820689899083
136.93444517584248
406.70998892977696
296.64425565922465
276.3508808703973
395.9617570679002
251.67445736086302
296.2283292212578
474.80907620174
520.1288729752414
460.811345012964
288.1122484291991
502.9322568915286
425.62733830746583
146.28676969003027
437.8306955579101
395.4891351481747
263.6749813678871
136.93444517585704
387.7642701255336
302.9150595619594
413.54184403578074
173.61377192109103
441.4068615044307
355.3689690340616
396.2942914603009
359.68927472044743
360.8349889297788
327.7144407750402
369.0940346613461
302.81535816071664
286.40269555823033
285.319258870104
353.6572089548481
217.7016405876966
465.1875000000364
217.70164058764385
231.7112756686638
325.2307658746995
306.3275128745572
345.53805611920507
450.0867570677892
347.8954581708458
389.4755835091328
376.85168941549455
376.2870771739672
136.93444517577882
479.75233830748584
381.2303392798167
136.93444517586977
257.764441741625
224.01864982677762
146.2867696899939
433.72786079972684
445.48695256197425
314.40261477176864
249.84935133321414
355.36896903405795
136.93444517581884
423.219034661337
384.8175455245437
291.03511402977165
418.2298769312147
368.52761477176136
136.93444517583157
358.8915951250474
373.1712499064088
356.7537794400323
136.93444517573153
372.75300118499945
218.76501354297216
400.39297969081235
470.81912710661345
408.3138234929138
425.6273383074331
243.44143705246097
457.56117285972323
136.93444517577882
369.40123957129435
214.6663253124516
324.074079214206
400.39297969080326
337.03735711843365
266.83735304981565
354.5179796907978
224.0186498267849
281.4343561460664
239.63722605863768
367.15051446636426
488.56875819698325
392.1344949084378
429.84107787872017
433.044668324339
397.39706299027785
460.7905911690614
341.5362221026571
214.66632531249707
384.44186906640425
406.9140463912063
224.01864982666666
261.23083933644375
225.08347802400385
366.6332955884791
235.53853782807892
392.17316648615633
338.14918913989095
243.44143705252282
404.7468936796504
331.2579257790585
416.9125874180063
438.9425455245673
239.63722605860494
164.7994626445452
295.1338022602722
261.3636284919048
252.09989465194485
354.5179796907196
398.97700572839494
409.54500914219716
268.79132531246796
136.93444517580247
397.6436159545865
239.63722605859402
136.93444517583885
435.298802749925
345.7163393159044
349.04026035400784
272.8900135429467
136.93444517571152
136.93444517571152
136.93444517571152
366.63329558842815
281.4594334524336
396.2942914603773
448.12031209757515
342.3969928385595
483.82955355266677
330.4039397615725
369.5801784529722
495.9617570678747
344.03563275313354
479.75233830746583
271.3064545211291
450.0867570678711
368.9673281757514
195.15163635661884
136.93444517578973
384.8175455246128
363.618315632586
219.8955389572693
300.3929796907487
272.8900135429376
375.30643665648495
314.6663253123934
492.89592652775536
446.2594949084323
476.75328362577056
448.80457555093926
377.90641824158956
277.21165160637247
392.97850783450303
392.13449490838866
355.85110732439716
240.2035195579083
136.93444517577154
136.93444517577154
338.8535078346067
200.12682621666136
136.93444517585522
352.04504799587994
383.7161247930944
268.79132531245705
136.93444517579155
136.93444517579155
495.5318615045526
387.5114652157372
278.15318358984223
404.4754710606285
224.0186498267085
214.6663253124898
136.9344451758243
342.14703975287375
455.36896903409615
191.54945417622366
136.9344451757952
285.58150344282876
429.825100196289
461.8554193663531
297.3576644156383
258.47965556336385
410.8613006992473
153.9793955319874
475.6254491768832
239.34274882198042
376.2870771739854
182.52897682526964
440.27084227079285
274.3922276576777
328.3800926949898
311.96835465456934
136.93444517585522
327.3686244862274
272.9721071675922
235.53853782811893
413.5418440357098
231.71127566864743
224.0186498266139
446.2594949084505
294.2841217971654
374.90736355983427
406.9140463911299
286.19737305812487
481.50036368492147
300.8822206782115
356.22279602478375
157.80665769140978
334.18412553671806
224.87942056265274
319.0509650820204
217.70164058764385
272.890013542974
438.77092652782267
219.8955389572293
298.3828100276605
284.45848813417615
371.49410619514856
231.7112756685401
217.70164058766204
381.93183198830593
479.7523383074695
384.44186906646974
258.47965556344207
405.33624179664
360.0520843250106
322.2374484280954
219.89553895726203
366.0496148485199
189.1624215527354
288.53570337933525
344.41357484254695
483.82955355259037
375.0895445521837
461.65136190502017
157.80665769148618
254.38096733295242
224.01864982673942
266.3037526164826
136.93444517582247
259.4057333087003
260.6735539329675
298.13285694208935
270.22723319987745
343.79676994036345
297.35766441554733
136.9344451757879
344.896403489116
410.3477960249311
469.8991909734468
220.7563096931699
430.8505078146409
298.3092054430417
294.0341687115488
368.5276147717341
347.8954581708149
347.8954581707876
136.934445175797
136.934445175797
136.934445175797
434.4589397663822
335.350583509231
136.93444517585522
136.93444517585522
136.93444517585522
256.75793263655396
436.17299153012027
218.7650135429285
136.93444517578246
298.2594231384228
460.8742214566246
438.77092652781175
232.57204640459167
397.35766441558735
136.9344451758534
303.72007659897645
231.71127566863288
157.8066576914407
272.4892906443092
136.93444517576245
136.93444517576245
435.74627496397625
231.71127566862197
436.41770377441753
214.66632531245887
327.9858668460656
218.56241132366085
360.83498892970783
400.39297969075415
281.4594334523772
282.32020418835236
240.20351955792648
340.22595107758025
445.48695256196515
333.92752696833486
239.63722605858857
355.8511073244117
428.1727505183153
442.7326024004433
214.66632531247342
428.6668390763298
402.5868780603032
298.1328569420075
223.9942271877153
487.78198383820745
232.57204640461714
389.62132187829775
282.8830347844014
389.6278602112725



The list of values average 

2394.6972589091497
6190.114521834007
3963.3290400808446
4280.146077621601
4312.81206573519
4116.614294769067
4206.503757276177
4081.6214524194406
4132.368199369807
4079.6364398827336
4060.8616446979945
4091.5070599392884
4065.0807498514805
4045.1169609463846
4136.8615213633
4049.2431332383953
4083.5095273377387
4119.000104416952
4090.2487282873417
4063.2966576096737
4096.59520516428
4074.12292863544
4035.955848482617
4093.576676183785
4095.400015006758
4090.6312849369115
4079.959571704531
4066.8473689386037
4099.061827756179
4079.9516510021904
4168.20143252501
4131.880314241739
4076.4155477512054
4110.622995205565
4106.528283460757
4107.706882784446
4120.181698652858
4042.520932048908
4091.7170214623707
4121.438267079236
4048.6964005900286
4080.8441090004258
4105.283830798628
4032.890242153504
4133.199041911923
4088.1669214758113
4057.3285948056064
4185.736879799248
4146.722128496807
4095.1719369074303
4091.297358628796
4098.5897306778
4068.4346001914946
4147.083968312392
4123.673871301625
4131.722934640474
4117.757715672271
4158.1560398718275
4179.6141046722605
4094.016847651812
4124.491244401948
4087.0096499289116
4137.333603297593
4029.9890954738707
4114.734251913309
4058.82223231189
4070.689310730817
4109.716675661772
4105.273412640203
4092.59696806697
4137.848695288497
4104.261484446957
4099.616189860215
4097.834817695708
4077.8411010585896
4164.524925016221
4122.696175033778
4075.8600657290826
4182.164803027963
4129.659711279963
4098.557995114351
4062.584607238565
4068.063744719004
4075.6096581915613
4087.732694742945
4109.7986647068
4059.2359823269303
4096.342678996662
4090.094071814539
4094.9312503430933
4133.237632254298
4143.621266162491
4066.1775851530338
4052.7135996659035
4116.014782152897
4106.91303350688
4129.921779837275
4096.550470796881
4135.080330648259
4131.399896352224
4100.119602030833
4054.185566325203
4160.148313620288
4034.154958229965
4127.150510168909
4039.4072171663743
4101.364709875401
4105.909616224714
4122.3061551820465
4154.749952145859
4079.6189398736415
4137.303669347152
4121.549132216041
4129.767638910536
4119.638099775423
4147.584406081246
4114.857328493102
4132.630156673742
4052.171746163366
4089.2184475700583
4083.6665736598875
4164.8316627042095
4120.239706645325
4162.748549010583
4127.197908198211
4148.777381078499
4077.2472670875086
4088.6563511998324
4052.201106593744
4095.2354601601382
4126.841567955636
4124.797682647364
4115.229323824632
4127.5827647188335
4139.41756734711
4115.592512664493
4102.24104975607
4147.723425199482
4119.991052112011
4086.357694786037
4110.467765170991
4094.122813610362
4078.978873360605
4074.6384646368338
4090.573963590668
4101.162817341732
4153.981498867037
4067.9113641462127
4139.898497384168
4099.691522436479
4086.4800139617337
4043.5337025541858
4123.193221492832
4070.200905312158
4150.262432286307
4108.094124880738
4104.101191377954
4138.234556413643
4081.985529387992
4101.825426799154
4131.4991322882715
4111.039692181055
4127.081479039775
4087.887252229248
4157.285707182632
4132.894333741833
4093.8646941446505
4102.918572932775
4071.8413006298397
4102.530229969141
4076.9360227972243
4086.082659727268
4123.609461086023
4088.0587050870804
4101.4248586666945
4089.403808186872
4153.76083377066
4126.063355534914
4129.204162416997
4165.939729528494
4147.358264594342
4112.620678233127
4113.141510896271
4133.159027901483
4135.917071962498
4067.8963279241852
4150.650551312289
4125.937022341172
4076.9592558670342
4110.151704644497
4111.6881285417
4121.694966984181
4057.2146884664558
4143.929997047508
4120.798610551621
4124.386376741114
4074.671234693232
4067.0732971224816
4143.233376601863
4117.526308941649
4136.51265351724
4143.574566484607
4168.873152722838
4071.8132508823555
4169.955874722615
4139.963303658837
4090.824565456629
4156.864881420623
4110.093840373609
4133.894206346952
4044.482372801632
4046.2552288821007
4101.633366973747
4063.365675583457
4164.9570905110695
4098.128622494716
4110.557869832879
4091.03222917973
4072.5037006900925
4065.7744704886627
4107.8675799156135
4092.685547881965
4073.2694833053106
4137.422826943112
4124.7515122180175
4104.084770483629
4163.892585342858
4120.419407841331
4126.4477136983805
4102.103293320421
4146.5456464860035
4122.895016795374
4066.9758012940742
4146.333985456208
4083.758604533345
4157.104383200709
4126.911522792297
4043.7912614491634
4114.628986089212
4074.552961947902
4094.321440617866
4164.214118676625
4118.8842792982905
4154.044840750846
4161.972883659332
4205.485220364059
4032.646922068986
4136.874154622626
4107.734929615423
4055.288262581011
4096.616192879433
4138.086051731844
4106.699893117937
4081.602303867518
4081.536779465021
4100.930059930732
4123.628259126091
4104.522084423835
4046.9318804693808
4098.086954734958
4074.780385844971
4085.4853947585866
4136.456231809146
4069.01598334205
4100.000852407523
4093.471011810535
4114.183544618109
4132.649218655757
4127.179369023204
4139.53824226637
4147.004992117383
4112.846274287138
4094.7225671868373
4058.44993407819
4162.859118648248
4063.168058732794
4125.634922822778
4089.488632061589
4096.357660890636
4115.295863002149
4118.789032895293
4077.9874749961714
4158.842320326304
4136.802850673093
4178.084361427225
4146.153542351646
4092.1284081495373
4085.458272271871
4134.684252213773
4130.89190928423
4131.852983831178
4101.8582095273405
4112.644000325145
4080.0467756281805
4049.890179956875
4109.122689654524
4041.0666679771493
4099.541447595499
4100.529324559152
4064.702081627408
4144.768438467733
4081.5492107601303
4091.170227931451
4099.665311671123
4069.2351461957287
4067.738291420793
4098.792724591328
4112.215883680893
4082.565979800161
4171.386279789249
4175.274695111686
4106.19228169943
4189.828176045237
4079.437176851938
4191.539554442889
4084.677889084133
4091.8542946204875
4157.089726423525
4109.0358020105305
4170.75621825141
4146.485055105077
4121.172948653449
4181.9555019312265
4169.543652140096
4130.828947639302
4141.809861999238
4179.639716885564
4140.224492834237
4091.778734893416
4106.454697393593
4144.357553812425
4159.639713745211
4125.37155111431
4126.360509968383
4121.886404098977
4064.2834896733084
4062.2847509672715
4063.65680690826
4116.318971084259
4116.039580553552
4098.537804115869
4114.258782066327
4071.314256845206
4142.79230662321
4153.054097965822
4077.2855726749353
4138.183042804707
4106.397296348457
4109.057829384458
4063.54345133185
4064.036859977138
4182.783448101655
4090.228164150155
4141.674719268876
4106.082220165122
4142.4196940125885
4109.396820691053
4030.850843396954
4082.333946059466
4090.0294398442597
4043.1634215661315
4193.083508679832
4068.6255643177064
4137.995120662251
4179.862139097862
4051.2869914493017
4162.260897832497
4074.036977104228
4104.136524500924
4125.888608202463
4117.914673695922
4109.651336369397
4154.808106823542
4111.050845946547
4095.1954615680047
4133.785833598871
4095.3484703794747
4114.005424880711
4042.7805040033677
4083.983971230731
4087.1023627846193
4118.734044781269
4106.2032782669285
4092.5383506259104
4127.0341354870625
4144.3183034581125
4134.553836652381
4102.121346159468
4099.216337308752
4151.367813778851
4092.208162387123
4118.298742553107
4156.716418213043
4028.1829342406236
4107.9249466853635
4041.7235170907134
4078.257600931287
4113.817588556701
4098.614184714516
4166.078338949716
4098.498475491951
4055.7310526882075
4068.8528040449137
4073.69351320511
4095.7351135141707
4086.0845786382183
4104.250043984558
4105.38759823136
4122.544937677902
4158.9281586486895
4118.472145978304
4096.501305088198
4109.281799270238
4140.562393738553
4121.777534119131
4171.856738700615
4134.849263247535
4153.78918319256
4162.530739502511
4113.538602867971
4149.465787245845
4088.878935038296
4079.50213786393
4126.1794070522
4231.063259190396
4113.207715722774
4153.098495186755
4115.414166587075
4165.926502051497
4106.756699107273
4107.674342542946
4054.288725288638
4106.933354594332
4043.40588093704
4107.928540490374
4151.061269742573
4083.0592995832985
4141.839231747629
4145.980252654154
4102.7121153208
4156.045070522172
4111.140493439263
4171.443215589829
4087.2332173219397
4083.354344302447
4095.2763341221494
4132.748023945342
4077.2398422836663
4189.721003651147
4115.4941068895605
4082.1592480218555
4076.719126652147
4169.220642966325
4105.835309392211
4122.483233175056
4155.119446196863
4037.2818576306354
4142.683820126341
4115.888197473253
4117.02486876986
4101.002437442468
4167.367415608053
4122.5636593395175
4120.229153431501
4192.070968348762
4111.212712787922
4179.620369864718
4122.921389518383
4121.427227340118
4134.898810192363
4169.139287166505
4143.109355457716
4109.538648089565
4085.6104772668095
4110.47366775981
4099.579939033171
4077.611518198572
4083.7923069758954
4091.1430412500918
4068.815203379758
4092.7572010370845
4123.8678843974
4108.271832158309
4064.195795185528
4057.985235920168
4055.4019704314746
4107.607700817159
4048.4679285749357
4122.740121373648
4060.4204988607935
4056.41178282436
4125.335787354308
4112.117467740965
4061.353804069595
4034.7204927424336
4110.015108724936
4115.807550058172
4161.006776687323
4142.107595901529
4129.448218539726
4141.353588673403
4068.5411061482396
4049.8499048357567
4130.3351634318215
4094.8552917336197
4162.620039177603
4196.199044475371
4170.654571039582
4096.897807467971
4128.539137114433
4093.557276287913
4063.1262302940354
4125.754575032875
4117.236615864475
4151.236840054895
4097.934547376849
4139.7212817255695
4159.982576422892
4045.111579578981
4075.1780343998535
4109.325668902972
4019.3646837888728
4107.57124186552
4051.8546786620655
4148.6447801077065
4095.904847844506
4072.240113039146
4137.037456619333
4117.4208712171385
4122.040404491198
4086.608239062693
4047.6360871943766
4085.968898434749
4105.485005954928
4099.785335472855
4031.771927854567
4094.2828407062716
4061.439822986092
4123.382627373687
4123.329543150771
4134.642498208786
4088.868406196044
4123.37947082153
4172.506781087533
4035.4833929890283
4189.205448752522
4115.386040527837
4139.53522560237
4102.122388005893
4135.222166223031
4071.4590765438243
4127.978527265927
4140.595639489907
4202.359267346454
4190.159827584241
4107.446671805786
4087.75832774608
4130.163004750635
4131.361056255059
4050.195064183076
4127.723086878064
4124.438822509264
4121.308726564293
4087.415966492343
4161.592017994502
4094.811839354916
4161.368635374549
4091.9300192129394
4168.49030056476
4055.40510336485
4084.7706331755285
4074.7089662715125
4077.047925999449
4120.632324654689
4172.5132429446885
4158.812921379379
4104.298067215285
4166.36374727994
4092.025719144313
4113.531352267059
4073.4607988263824
4112.759835022775
4095.636104472856
4092.9341310987957
4156.143372174936
4120.95797831666
4001.764564804281
4151.337028868235
3999.007710127108
4079.2472529442025
4095.4673627694156
4058.6010571542056
4087.7641091207674
4131.54837700802
4133.175313639502
4067.5327391934875
4117.018815269186
4072.9727606913825
4133.111791277425
4100.864897717379
4119.995488097916
4125.548864186411
4102.916239110759
4162.938626826256
4116.377284504485
4134.671834822179
4078.6490729849293
4137.147788373196
4124.2940601716
4105.550196853704
4147.97809487189
4096.054212832765
4133.685489159866
4092.9564504056793
4171.653119463022
4156.326488729854
4159.112635820691
4185.251906663035
4125.126830789306
4161.484320614662
4095.1239951398047
4124.954038614051
4154.357781174507
4130.089159420786
4128.747666299302
4069.286004921586
4116.820133370334
4061.662372111825
4070.775402827586
4139.079092990185
4148.951815934391
4175.770435975829
4059.128043720503
4090.1003878630518
4060.25160117604
4118.868846046914
4152.923692399614
4135.748933478068
4104.594637941519
4084.437646839151
4065.493852004565
4060.095551121399
4144.490078146969
4031.0847721386767
4062.151156810966
4057.6523660895455
4157.095258871629
4077.199087776105
4073.8411835296442
4093.295985360423
4065.534100312558
4086.517518494868
4105.294036452912
4056.4643511291874
4054.599856642644
4116.456900349303
4115.066651160333
4153.1076051148475
4166.098941901556
4084.279471755824
4081.598238098402
4090.3160521503114
4076.290382184087
4127.885855748921
4142.232539920581
4222.798826724926
4133.294839562348
4187.815768641022
4202.998342451816
4126.8574316114045
4179.0357311717535
4154.275027645896
4127.3084585731685
4096.026640031151
4060.6873410231296
4050.9787530938356
4094.4526576894277
4083.208034411869
4111.466134743973
4091.7447424322827
4154.236169194059
4103.349345725148
4145.929420928246
4096.323889242847
4083.598733847414
4118.166678987365
4136.240058816573
4125.631190959431
4144.106994620914
4062.178466731389
4104.683036530947
4121.284895867261
4081.6100372515857
4094.0812885827972
4090.309657175932
4112.134802555097
4079.378068244748
4102.42860595977
4160.920126951543
4109.59870411668
4123.434847661452
4163.139806553149
4050.937987408134
4121.368103551429
4075.133618286455
4099.972429584776
4075.1138091604676
4086.0872751298425
4108.9849585784705
4092.9806703746162
4055.828075386477
4090.2445485176327
4107.596826556088
4139.033188720232
4187.118831170676
4182.406589270226
4161.343051592026
4111.620026379927
4179.265839354559
4129.011461570831
4163.749988436654
4082.643200491092
4086.209171128622
4056.443818503968
4095.166704487717
4123.894209635002
4073.30990014301
4127.931102394007
4053.2315190679797
4100.107801216229
4116.660252039107
4169.115421647846
4097.87998299935
4164.92051167851
4123.196656315097
4147.006564981259
4098.730989101513
4100.569077963057
4106.984040331107
4089.6238086181033
4130.207423009081
4106.758724247864
4127.336263719887
4062.243619614228
4107.944365870563
4068.32005830274
4150.252412560268
4053.1065026092933
4131.5926371617825
4113.616742164518
4183.338247156249
4072.3469364219363
4085.417053149823
4133.209725137023
4048.941728851933
4111.131082468758
4108.66694398245
4063.023903617335
4119.530574701676
4068.5141077883836
4086.5251508189544
4076.9811617577766
4090.1266606666695
4110.284786100725
4122.634641594052
4143.653346241602
4147.878131297149
4158.875041402372
4159.8881903407255
4116.158544194767
4157.224346591293
4144.697765183619
4040.934649544424
4037.5391395892543
4110.167115265569
4045.2665497096077
4137.921221667727
4087.1660200050273
4132.010632079776
4082.4426072855294
4227.713686492096
4142.163839997436
4119.7881340215645
4123.7492919846645
4104.545236958151
4164.590447308257
4143.605524310575
4166.1549010589915
4156.69052524814
4087.808916792016
4101.96124754458
4101.3955750561245
4061.6009761262953
4126.786917770178
4144.552835280776
4109.379806108657
4138.697375565064
4060.994535378072
4116.717467018456
4073.664760673508
4055.741718042486
4117.8466648412195
4118.580858584608
4026.0425025267637
4113.36206798729
4082.9845988628776
4092.6300158694203
4093.3380783296734
4088.817720215675
4134.110199396034
4067.3505830518566
4084.6303967149233
4070.6511213865083
4114.325589346037
4131.726640325552
4134.506152151882
4083.5163776975187
4128.741790838075
4060.8785283129064
4151.4308217075395
4060.5390011447953
4149.339681869481
4136.95639118868
4143.227838708598
4047.0602173281786
4095.3777090660997
4121.427722737343
4145.8291961105815
4105.036011891688
4058.3423454539625
4122.275172004865
4107.52382576928
4128.819879704844
4134.082468385017
4115.874561567596
4132.888122285364
4163.60230220861
4100.736188988993
4134.55219189954
4087.329478174149
4162.405421843155
4120.409448403603
4074.88100579427
4122.584154700623
4078.2186965156893
4049.458115348029
4126.404566013454
4126.932176914865
4134.503971509656
4098.716289383881
4096.746674586173
4142.865829438117
4154.695265876816
4066.875292564151
4090.352138909487
4109.517916400908
4121.137788142807
4112.12291949102
4143.076623917762
4144.726199067167
4130.35162774425
4115.096749442739
4127.275188819464
4081.985953629438
4142.301047740227
4113.363994419848
4082.0221939238577
4072.5864262854525
4132.82104337282
4131.962931238499
4103.892807531244
4060.2310503353433
4080.288499264636
4129.383561426312
4079.3494486594245
4123.7827656448035
4114.346805343204
4130.217836097494
4100.831896249076
4110.3986250271755
4128.767326044391
4164.271354201144
4090.4256239136544
4164.05059288101
4054.1249814791263
4123.388009410637
4131.551209269499
4190.318869027715
4090.6765561028824
4069.7705898152567
4063.4593700379396
4080.9773929882986
4140.942467678164
4152.962732324091
4101.825427216306
4102.237372287424
4030.638534141527
4038.706231641195
4129.82642944473
4157.786131850616
4100.820449677975
4083.0943409253005
4099.556606239924
4168.240863794836
4122.099172767719
4101.633672043795
4146.649590120767
4097.349361603388
4134.746921790333
4070.994649011461
4112.572159135657
4070.468530548974
4059.887842689362
4136.611195929618
4088.149760219841
4096.599310043645
4070.6315013738194
4062.2588197271507
4128.04823979513
4096.013020955234
4157.75335693337
4102.554542721583
4078.5973251074565
4177.654163301735
4069.8886408153567
4163.191696588156
4108.320649775892
4074.147651896913
4073.5301187775553
4049.5496881234
4084.2382970473113
4130.88175090655
4127.295987517335
4087.4362823884167
4117.445409544692
4097.9401319693825
4195.728462656054
4120.640128251704
4102.348762241051
4120.464400704844
4118.072172541553
4172.0118946233415
4099.653114414933
4106.519443717631
4125.122967876117
4109.988005262245
4090.533721453759
4104.245943300644
4052.927332090896
4044.6770315519216
4123.221539573316
4176.432690791703
4165.503569423761
4153.357727398167
4108.559923389078
4129.119370226936
4145.238398934066
4088.9209008242838
4121.042133527525
4057.4003122571467
4066.741032722827
4073.901507634422
4076.485215631786
4143.574894933452
4087.7435623267243
4065.9234307336033
4081.582904240761
4075.1236670258777
4140.749346549461
4117.885740275304
4127.558918052535
4101.917822551637
4164.34683417127
4081.010253730213
4134.39278057609
4099.75144927946
4087.160976371379
4135.775347398953
4136.749945851348
4111.411274076081
4160.130629756096
4167.172749687701
4116.285276108334
4174.659441379071
4139.597971753052
4147.807275258505
4133.277142542088
4135.296694747584
4086.9183532179286
4133.368148858368
4105.9036320816995
4090.5481971113722
4135.828335186139
4070.2835753973573
4132.018990105226
4184.999600332722
4102.257269913366
4111.552830532518
4069.3880601202727
4136.593169454213
4147.7672036070235
4120.248181267818
4124.68714616621
4062.502048837183
4123.032858777051
4102.67998411532
4075.5979856241074
4077.965258016713
4114.872716733068
4123.237110351122
4118.4928340788165
4098.281268018584
4156.635638149925
4072.3467987325052
4161.938126268935
4104.127672578751
4152.265181621915
4056.020184739328
4075.3566121903627
4048.956325519087
4094.7050722048766
4135.74955710484
4085.5277385056934
4205.669110295914
4173.781826805234
4131.212280069526
4175.403213861449
4146.9568468677535
4116.110766654335
4145.21452006348
4037.495289199795
4095.6916945552452
4104.83110903648
4132.924690209818
4028.303072507562
4111.16978071572
4029.0312523901025
4092.837558630989
4065.6683884448908
4085.5074823125246



The list of best values average 

453.6979851650154
364.2848757888888
308.3864161467325
329.96617543590713
321.1514132174195
315.4159292047502
304.4999568159338
294.0179318352375
285.8780767406504
300.8159724102397
280.1813372859753
301.2108964715011
283.34249898677143
291.1006289772469
302.21777702649945
307.56913992183496
290.82619447642173
283.1438870744605
297.66423734849917
295.23555353579684
291.5138604432224
301.11452202380764
304.35899249704363
306.14173690920165
307.3672951956414
291.5920442354817
301.3666380234876
280.00337852077297
291.51973252256954
289.45613946119744
293.5176877493524
308.3314202152069
285.89807538652343
301.99733200637024
308.93823399107805
291.8229662653532
308.39912121045
283.22360136034087
286.6357984193929
287.65736538873114
276.4640830541141
298.6930616454197
274.8227078539592
277.07004740656146
296.92275279355067
287.30955269368656
292.5548911358912
309.63784483241267
306.48464416254456
279.34241420369034
291.5721787266082
313.6198147427758
286.5011782495272
307.7280098708406
308.0071953603849
306.497883280123
302.92418370756906
308.6867496475187
303.2646021540048
300.2187351901361
302.4623374074653
291.11030775792705
294.5595852882302
293.8737889011319
293.3062742771667
287.24474948423915
282.570436138122
284.05568861893966
311.35909925559184
288.7483433131511
307.2054282196827
289.60352046581494
302.83119746275395
287.45029392361477
296.962525997866
298.61990910645875
302.4873867116936
307.07492108951135
327.312765312452
290.12361533763874
284.89927692824006
285.33096380730836
275.2553035766324
295.91494292310074
282.646469820285
283.27590907048716
289.51523636519613
316.857385439985
284.0746498103347
307.9365308800381
299.66021270541614
302.11226160986786
279.63239427097443
279.93796566500976
300.9482606857605
294.56829315118677
305.23130420289567
298.1346482030343
287.2990903503738
306.52780401754313
287.31165313001634
275.77263359702016
294.14487658890647
294.4467639216356
297.9476501801093
286.9528283252324
294.24506899592393
314.7268187971171
295.000561820661
299.9541301936526
290.2368268261544
299.8379480103269
297.15664907286407
308.17396506197946
290.9682496302234
315.070062504405
299.2204105105359
290.98197166034504
284.5910510898561
307.7224360282513
302.3026806442391
299.8117047776661
318.3954510814365
302.9944365800478
293.82907677500566
292.2329205188732
292.24266354897406
291.4032207165628
295.673793218002
298.6786564127223
305.6175637141876
309.88913772452446
305.37105293334434
289.30627343155953
309.3810329615223
302.88943516632537
297.4246427933171
300.403167284414
303.4202708698253
301.5175118448236
295.9614293566431
287.6171802732216
307.1673387811921
293.01964878319575
301.94610407816754
292.25094336931096
290.3423288073043
314.14317123294035
301.79340811755003
291.14065359742165
270.2407426177479
296.93250113137344
306.10793305130727
288.57985489334305
309.6054204170457
303.5211467271012
323.45105186030486
320.2887011726566
297.7223078472924
306.79633430959404
304.22754646912654
298.55152069260356
304.8780738193664
292.17820790654605
296.8427764354061
299.6906889579024
291.82692045698616
300.45173426693606
302.25305878129785
289.4966363940157
305.6061636559536
292.86186492122624
302.8185113598492
295.9382619098572
280.33435206010535
305.618378029472
297.1626100000346
303.17000546155276
309.5734566090404
310.7574215275577
303.55856450866315
292.60517306644044
290.19285937564075
313.05173689700916
296.7617140051151
307.0274633673374
292.60552280521927
306.329668633217
308.09150037957824
298.1559580860944
308.8813111217361
304.1490623818807
288.2115078052195
303.17750215007294
301.4724537168666
304.6930143592559
294.12077370704264
299.19574405771357
308.7317334093409
301.3515044421044
303.92927182309467
303.8436224247531
304.848157368019
303.44563505730514
307.70062973046146
303.4216096730925
306.8075707402063
308.82985977136593
302.56674614556727
301.14320479798204
293.8958831639444
271.48065264844115
296.4771851876138
288.33557854021046
303.7387325454438
302.2048717295764
289.9680661151425
299.59954109915236
296.66418858891916
287.41444989698755
305.3068959767804
288.34641596035414
291.4121491757585
307.2083785031069
304.18285783832323
297.7261843289782
311.7591576916431
305.08371930307703
316.79150405296
316.03469660174744
314.63614081148444
294.0211125368524
281.2139678058028
297.1756742017637
302.2244626737215
286.1785833129333
306.6943917269462
300.0054520485838
305.3870836761811
292.9154769768519
292.437542015781
303.83267017364204
296.25344906992393
303.63172000786915
311.4213338310209
307.6030978058173
279.1593233946029
295.96524114057587
274.4756823635875
283.8811038865429
303.48648677559856
293.5341161494444
294.26297889250026
296.16586370568234
300.93725126289206
303.59846424567064
271.4059796044081
295.02039250764
279.68342767078946
294.50476740098776
297.04393723883305
310.05091756396956
301.09853225848906
303.459007704451
285.30839133596305
300.19918738769326
301.8956706607363
300.0417697816425
310.4289223543398
309.59288274085907
304.7444799542746
287.4236130119671
291.2716046001734
294.6819029599129
310.9065200195764
292.9902079467957
289.35768345156737
286.7967902743717
299.31922433569315
305.19999571090824
304.5390736085999
285.8936959257016
300.1229692745111
301.65576336867537
304.7460661801374
294.0632277146232
302.4981610192271
304.2991812329639
300.49170800853705
309.372253867149
297.47619935345057
284.39348155146183
282.8605185751177
297.4947881117437
279.97711151265673
281.18132719264116
283.556439235841
287.3567822437473
286.7798839792225
288.51786221845754
293.264921831533
297.07835034333493
285.2573316267919
277.25777326928306
284.9994827038001
295.23592515053645
303.96863613095235
285.4084573726051
295.0411179763026
308.2888336855101
303.865632885168
302.93127657848936
288.4267369361153
302.36910999976897
312.26045335221727
299.32615788233517
311.2964111165107
307.74194647624523
309.31504220400456
312.3457725963193
301.43297717794763
298.10839704112976
317.3555607488173
305.5399064207956
303.7398108026492
315.38992188213047
312.5916554123989
305.7762613968986
295.93290164263584
292.2542309764889
304.0047536936865
297.8957071946937
308.23855808048575
299.98400540206546
287.4505750270302
288.423500346595
298.75515601308837
299.85219829345357
292.6209487225412
292.0262586477797
294.90831145909965
302.9827756194034
295.5487779620336
306.3911488682542
313.9849491608351
291.4906441936924
294.8955374958118
307.41112955025244
296.9289557628368
290.43146267258146
291.0110402816139
314.6639278953663
298.63482004618857
299.2893251558727
291.03142492933733
289.7771211902434
285.74277508326117
278.2322815318375
273.49993283960026
322.53406624897895
290.7569828404054
321.34868807342787
288.6051644326464
302.75458407314386
311.51856625242556
304.06364734528455
306.7306502325272
285.92447273628176
292.4943189628319
287.1866995796629
309.9119076629842
296.3616534360347
303.5925779812725
310.9280956862225
298.4264880722353
285.78814444767943
304.16154051936684
302.8925816699467
281.13937607470996
288.17330646156944
302.6437916274152
283.58753456270176
283.0365404096141
302.24698884196147
295.0580748264169
299.3300155444153
296.0781971960931
307.07004031679014
292.09870005600425
299.63361676249696
286.15113333686566
290.3952586506652
291.0360015844915
275.834254533329
281.90327705118676
272.4295473070902
283.41918272746085
311.5152778219489
301.7550384665261
312.52713181116013
299.4720577135802
295.5514251718064
292.1046229783674
269.5694611606944
306.3742604201135
285.67109866189514
289.6698251094089
288.5502299178337
296.6248165999428
304.84214604911386
306.4906904012713
305.96611407291186
297.7783821084457
312.98863523080513
295.96498449001865
307.08897559796867
308.5161352095119
304.80041117952743
309.45580571495645
307.130423982285
294.38171721138036
287.9986687006791
302.280715509408
318.38721105165297
329.57463409735146
317.091559040017
299.9532876842677
308.3686955332169
318.36285356868154
297.6911053043958
289.90619923222147
283.6055987506272
282.45374934917083
292.8389173092331
299.8242212950934
310.84432018718246
304.2091700050726
289.73660793580984
297.12959070545014
304.49448819641117
296.01331199022457
306.56038925030504
304.90836717800346
294.7248124650833
277.08620262478956
292.9937350042466
290.5649461522911
311.25117087360286
313.6872060549164
302.4974523578507
283.132955023197
299.14628044614426
303.0294756014472
306.98364153780136
313.7005103000471
308.6838819297551
281.6552859269541
303.2602516865965
319.1493415060635
303.47965108069286
292.9961040334664
311.2544347986358
302.6953066952225
309.7890400311095
318.5094517486069
309.8937656958624
315.3380308086041
298.3624242447297
303.74553053865293
309.68184904093727
291.5622581226201
299.8150161655509
297.4569093792862
288.67587790854424
299.01181596619745
306.2658253705303
301.04564750786903
293.32199199954914
283.34087595474654
289.6193311481711
306.29476358677044
300.8397076470019
290.86854708745
281.0454726637105
295.0483051624972
285.4259291888312
293.4071220328314
280.8006677940093
291.97674619651116
296.191705791184
284.1943895914366
280.35027758565485
300.5888958172069
283.911393650973
282.26782451239825
306.96956365423597
308.4350097453147
301.28513045555434
286.73532992322674
291.29648775591085
306.2096041315835
285.5601619978762
292.50434800410903
301.3605055652482
311.6075975886757
296.8911440417424
306.02227985894484
303.18662075502664
309.32767853698533
298.3984434596104
310.55757625029895
274.81592693111696
304.12336891159083
290.97857172892174
295.6934712082415
295.4439570855071
303.98177225971693
290.70617230401774
293.46436129027677
284.4173213833566
290.33032715983603
277.9185094742722
272.416402568799
305.31048967612014
303.2898414987918
291.7195633679777
283.6407471042349
301.31111247856273
295.0615115138236
273.1124818515677
275.5893194026904
277.38630175696755
293.0896028039639
305.71013766145836
295.4593969065731
287.7753694247836
289.40029186335596
284.1302446262376
296.2679481303501
300.9654744520107
289.04674244710003
303.7017756193757
297.37345868435835
314.4452526312395
272.5046632815253
311.28114153464094
288.27804957756075
294.72851335442107
306.22556832080636
304.6327738273028
305.5614342584852
286.3409235965858
303.8873883263881
292.7765059169402
314.2104187400435
298.0373622058091
311.3857482826929
314.5208632045801
280.710411549833
297.8329884867844
304.4029113336672
317.6318226676456
308.51343947702895
286.8375239779219
314.6065956874554
291.672833564816
295.79603734644667
309.9054696475718
308.23995911486566
289.9606004028887
307.04681081851106
297.9456626574761
302.2401529010923
300.06080265706044
324.56088430421073
301.38246273800434
280.25692328922753
307.86399880440547
310.19525172565216
294.8622345948754
301.70669522832895
305.2716774666591
312.44242208104737
290.7321159938736
309.475378337373
313.27878449938635
277.6392742509822
293.63503328552696
271.2864168082572
286.75437017360105
293.0062625473332
284.9683756671351
288.49355342075177
310.94139342272575
308.04803432860103
304.9234708486058
283.820937980825
294.33677656490016
293.8924629465035
290.787026513172
300.65968843601587
293.031600693255
300.04545948983645
294.33626474630364
297.3911219491877
310.0618645677974
286.5705264200808
312.9667297916783
308.5417131606331
298.6624378419235
299.21803619201694
293.87439697354085
309.57950194039813
301.09220551055876
305.7763876769386
304.35374998770016
320.12199227440624
304.76455515193726
293.2533585326477
312.6946012506889
285.64128717140403
316.63932180549324
318.7626829965057
302.09680844497893
285.40038778650364
299.124787502518
302.7799621800985
287.8371584418723
307.98752532058523
297.57856902197517
307.3641143772911
314.1433799843325
294.79335449857894
287.3345032218453
300.3414825175431
311.2706579872068
300.0076487711499
298.92599048903224
289.39233866355687
305.90796480918726
279.5783010933455
302.04095696557357
291.7477412746279
278.90591783490305
275.780907065946
301.47722084990176
324.25274275741515
281.11782352026586
277.980009185248
298.4482756889966
270.86272070420705
283.75971932313973
301.05661397709076
277.963708621264
300.1975596064958
308.5814961693906
311.36801168947153
314.1797561823291
315.01111597772456
296.256472253554
284.36142864666886
278.3203867570848
294.4408969748822
300.79822868801205
297.9952183393308
320.30260697610845
312.7214348364912
318.30337848994026
325.0498287685512
311.5048964525314
312.7086016881711
307.1773004839764
308.05896577225747
300.81310432379297
278.52304902719146
297.3753402438726
296.32529991563285
304.6800402919049
302.7258524124953
295.0284770813096
305.35290781970065
293.66475857211236
302.5045289394594
294.700815336325
293.13014294832186
313.66937042947075
301.32772310288294
317.4871631943102
302.9722641938322
282.388545743422
301.4349961249022
304.59839330007645
283.8619357426339
309.10810059288946
289.9861898426815
311.49983409108114
296.6897288682146
299.6123605095042
305.9206059670379
291.08628137815776
302.160534031691
308.6552876233121
293.31711332047
300.3904619111015
302.6549733858696
283.0086277995122
275.02787447162916
297.15801224304886
293.925343532152
290.00191233597644
279.682705057027
304.6003689420034
304.82725689006537
290.7862246725796
325.8667852855434
306.5358277939666
292.5002824050156
298.68317528840487
295.0338363136966
302.92985191857696
283.8083727166027
295.77251151984234
302.2464338509706
305.5696792366354
287.11844450179035
297.28158475686206
285.99697617332987
287.1917432209215
279.3555742740266
302.12956167416365
305.315269997286
300.14754852113015
303.4922051089052
310.3319483801948
307.05648673472854
309.56178708780493
287.98766323801567
306.8648712475606
304.58326476201955
282.3470334977373
305.7528842769656
315.11055730009116
288.812525054903
293.9733689671282
295.63504630163675
293.55112307736863
302.35342311830954
284.01277126345235
289.1190022869794
301.9599919772649
302.64911646943875
292.8660471917312
307.1817974403745
302.0436690924954
280.746214195866
298.5168605248408
303.32570303142916
295.263224686093
294.1106273856537
293.1714502297107
295.78020977719484
292.4801042133439
284.822770890657
302.7426052810127
297.01910050138844
312.34117705557236
301.6922406090092
315.53257837119855
311.50025253194207
295.89881930666803
316.2215819622893
300.5729832225695
279.913612427975
285.54550524645066
292.703593544835
277.0182901801971
306.07189196414987
310.6348636784089
297.9678529532606
304.29189331582194
321.8208464196002
306.103672549606
296.75184955296385
298.18781082961306
304.6700136836969
290.9463459130105
300.6336884182598
299.6878230033642
301.13477803812617
293.36641234379925
287.3696371362878
299.866297633667
297.01547768367936
290.6886799051544
310.8061647735105
299.20016470229825
298.0603896841397
299.76780971756716
301.37707245815704
290.1990175813727
279.8442714922118
309.2947179784019
301.4539158190425
285.23173073676287
289.6852345758035
296.7744012952737
294.1340732358554
285.9932578652334
282.30711842965
304.2259267363417
283.753488014829
300.8911121940954
292.1267731468988
296.2607642071948
298.77036537938204
297.82651197211624
274.85218916772646
296.9065610188547
294.9007883713842
287.2923033132296
290.73959675483246
308.0644127770649
296.3868256685657
295.049335896667
279.0432175269323
295.81322128233194
284.38681179754667
314.78192728633724
301.82736081355785
298.21055298561583
298.6393363442759
317.6685082277789
305.476957109616
305.4502305152608
292.46178289969174
301.0719885005522
303.6245251417122
292.23335163464685
278.51753380586285
308.04798018652156
307.02611731500014
293.8088529474654
284.8263344726494
309.8194274768119
293.4788746478435
284.89424575678106
300.8208612464708
310.0449135592398
304.75149993572404
298.5658354043407
317.35101114377983
289.3540125661335
310.90699427249933
278.82968731036516
300.83401466021076
299.887407299801
294.81544510616374
306.69767186086165
287.19028895112075
300.987985229456
307.5594144835077
305.48081092469124
310.58102941607734
296.41357828010985
296.4928324384883
297.0416853371522
293.4846456276504
291.55629794631614
301.7257613446218
299.21995166749605
281.1846375051411
278.88195628969964
295.6777770822586
295.8048957177627
294.0807998713175
277.6995503172149
285.92264819568504
303.1716408100329
299.4016311327525
303.08704234498936
306.08555288067197
298.04688842984535
292.77209831700117
306.2419300435061
291.3597702326054
313.06135234494803
306.74904389241135
296.90911362269225
297.0081958220107
290.09659136553284
285.86971507297926
285.1126283874871
310.10094508148705
309.0025122705536
291.89329207058137
284.2258776840351
281.18923453000576
303.10635625477556
311.09774149238024
301.3723553686486
309.7948268935137
294.23959304002983
304.51536248764995
302.5728844443102
293.9365286040829
304.18325974915814
301.8919368355819
308.99962991083555
295.7644027584
299.98811878185614
306.4991390478554
298.76124384576
299.5183262120993
297.3019252999807
304.1843091742424
293.5739889210817
292.85857745588146
295.6119808123193
309.98389575494645
295.5132776610096
294.571216574977
303.3142614995355
303.5106286183541
285.0269055118412
314.20641800239537
299.05354443847295
291.161161293972
299.71099183586557
283.2185518242766
278.9528925950568
310.5065186147651
317.3280777873287
301.4923538254524
305.1881992895049
307.2809149450747
295.93000188755644
295.3654937872485
316.26828930018024
297.9459074552316
296.8449581083762
306.9384397269536
313.3261734097023
301.7656489269616
293.1348282589867
295.065569565412
305.6917131360685
296.42897472923545
295.4439686158832
284.76515504645425
285.7349007028525
298.25426536877944
310.19217805269574
306.5291524635717
290.51021671909757
286.56038461574946
308.40456440643845
302.13875780095
305.63286272404065
296.3992672064657
298.39286141253433
291.5704947811571
284.1614006515506
295.0342654341104
301.57850493664967
295.73548473732797
277.6903773642816
310.56214721139605
292.7316466457522
308.10162758297565
300.8765610519833
283.12203910014193
292.35796875642853
309.4588655536569
285.9370270658214
296.152886478133
291.39941408322835
297.50343957195304
303.75339229552407
301.85863945156746
296.5351780757673
318.08562321457407
306.87028073624913
302.40046717185123
292.7509085642697
303.7878362002426
303.4997355568466
296.88116648862405
286.3175210572426
303.32137230206246
318.8828496924619
300.01082541190556
303.0636571395248
296.7378041529353
282.1504728774801
303.87653979330855
319.9961902358676
305.0846099126099
293.81047912883565
282.2567604558211
309.76707533551587
314.9291836188738
299.77604224819726
292.7561568061355
293.8281197763301
305.036253187144
284.752290914053
287.88595055247987
285.34806259267447
316.15649517189297
295.15859837606297
299.15112123358534
302.5487860063357
299.23292563571914
290.10815702729707
316.26445619112303
290.12310242676426
302.9186850871989
287.5370813895962
283.0992816347948
305.0117925011179
292.29460832834917
299.7811493315044
308.7721788173529
306.541064386015
308.4640957697951
301.78318243212857
295.7479161117891
312.0750163923611
280.5862826257214
305.6446370105758
287.78211711768716
291.3742919319269
291.5890162750946
292.1956988111475
276.5371398178013
297.8157193109359
290.71594691704036
313.0038810442898
270.1199483093219
309.8693632818252
