----------Report of simulation of Quantum Parallel Tempering-----------
The number of considered Spin 80
The considered Annealing Duration 40
The considered Annealing Number 100
The considered T 1.0
The considered Gamma0 1.0
The considered Number Of Replica 3
The considered Number Of System 6
The solution found [-1 -1  1 -1  1 -1  1  1 -1  1  1  1  1  1  1  1  1  1  1  1 -1 -1 -1 -1
 -1 -1 -1 -1 -1 -1 -1 -1  1  1  1 -1  1 -1 -1  1  1  1  1  1  1  1 -1 -1
  1  1  1  1  1  1 -1  1  1 -1  1  1 -1 -1 -1 -1 -1 -1 -1 -1 -1 -1 -1  1
 -1 -1  1  1  1 -1  1  1]
The value found -2405.433219017251
The Success probability is 0.0
The average value is -2405.4243846305494
The total execution time is 195.21609902381897
The average time for execution is 1.9521598982810975
The average time for all systems update is 0.0486043621301651
The average time for system update is 0.008073465943336487
The average time for replica update is 0.002690775361326006
The average time for spin update is 3.338312945432133e-05
The list of values found 

-2405.431652523558
-2405.4234432036483
-2405.4205964607017
-2405.4324973035264
-2405.4322575679225
-2405.4212028664733
-2405.4291192690443
-2405.414567239596
-2405.4312114478425
-2405.4313604594845
-2405.431131792995
-2405.430013110148
-2405.431823072752
-2405.432450403372
-2405.4256726473395
-2405.39755593856
-2405.425975383393
-2405.432157812156
-2405.4288786171983
-2405.43194341847
-2405.4045015405545
-2405.431046483831
-2405.4212805744237
-2405.4309669205422
-2405.4316287692127
-2405.419612072268
-2405.424482129347
-2405.432867321597
-2405.427105307118
-2405.3852693908284
-2405.4285864465346
-2405.430556082034
-2405.4303231944114
-2405.432408927707
-2405.4012642640737
-2405.43037597495
-2405.428567985982
-2405.4291296257225
-2405.4330387155715
-2405.4330543617307
-2405.4327898775728
-2405.4328642641576
-2405.432452908457
-2405.4262604673804
-2405.428018792304
-2405.394362621908
-2405.428907277321
-2405.419337916288
-2405.420024341578
-2405.429102456892
-2405.432564940995
-2405.428335015972
-2405.431709679324
-2405.39681992239
-2405.3983289611087
-2405.429636699304
-2405.4322019667497
-2405.432143210156
-2405.4322073060157
-2405.4070207119357
-2405.431562060272
-2405.4178840593095
-2405.432804668543
-2405.433219017251
-2405.4326111457767
-2405.43074685588
-2405.428206712286
-2405.4331285654534
-2405.4325896502187
-2405.398094626549
-2405.432132333348
-2405.431003100286
-2405.419270736903
-2405.4310054283196
-2405.424280708212
-2405.421410485452
-2405.4299323534387
-2405.4035743152344
-2405.4298016489847
-2405.4188541418016
-2405.4302554618725
-2405.3947505903934
-2405.427084645218
-2405.429590439536
-2405.431701528173
-2405.393856063134
-2405.433053646111
-2405.432116961547
-2405.425648677903
-2405.43131692333
-2405.4311291306376
-2405.4182233977344
-2405.432845109478
-2405.405590834531
-2405.4289773695236
-2405.4203680583196
-2405.429561771799
-2405.421142342074
-2405.423880581001
-2405.398590944642



The list of values first execution 

-2213.5045809447142
-2225.820560691407
-2286.462753509087
-2233.933174570651
-2367.9176888764064
-2266.544087744723
-2288.429060127777
-2324.219999684657
-2372.0808641648773
-2300.282875679861
-2304.053807407506
-2344.0312476785352
-2380.3777807986503
-2363.341622097852
-2361.1323430085354
-2336.789089115658
-2389.8441368462727
-2365.94106517704
-2339.2982512711847
-2385.7397321240996
-2345.7602833311544
-2326.0247657613554
-2388.3746149883664
-2371.350150977029
-2329.0705679050066
-2329.646860096361
-2377.9929489239535
-2371.696447187828
-2365.597308719874
-2373.401737394969
-2368.328414768602
-2370.8244613521065
-2393.955434916166
-2387.701508138915
-2384.3088135367248
-2372.422740955396
-2366.2195779708068
-2374.956312378161
-2387.62965390975
-2387.4112278178172



The list of best values first execution 

-2405.1430816349275
-2405.411252951808
-2404.625009555607
-2405.3711019199545
-2405.309210478943
-2405.407519688146
-2403.5773623031055
-2405.222254786784
-2405.325022499789
-2405.274842262528
-2405.1318391689583
-2405.4310776493476
-2404.8855332458534
-2405.0995057580794
-2405.4157970436254
-2405.3119130404566
-2404.952474244721
-2404.331233227608
-2405.321311436952
-2405.3716803535754
-2404.969800601817
-2404.9800994451234
-2404.708997428862
-2404.926653627763
-2405.4305690116335
-2405.3542182165
-2405.371243650149
-2404.7983632663
-2405.3206682673554
-2405.0977950330252
-2405.384208717136
-2405.221074550468
-2405.431652523558
-2405.0835731677053
-2404.3442153036167
-2402.860371722263
-2405.379170106273
-2405.053297385778
-2405.406218704794
-2405.2657196500004



The list of values average 

-2294.922280370252
-2228.594216903132
-2282.9767297139083
-2302.014843094384
-2302.754266844498
-2315.7490050366046
-2315.7414197056646
-2328.344323011381
-2327.4172618475554
-2332.6386401651816
-2334.6967334927085
-2340.3296627920245
-2341.1750237527067
-2341.647355300323
-2342.1197689911787
-2344.2336432773686
-2343.891965371635
-2347.1828925048944
-2348.1285441039927
-2353.496784863368
-2351.9969962392374
-2353.4873469847307
-2356.837834945585
-2354.7322746509208
-2359.9566857425557
-2362.067969437762
-2353.05668856337
-2356.7905841209176
-2365.301180320172
-2362.5375577044447
-2361.8728267018623
-2365.271588115551
-2364.198472145275
-2366.259068161093
-2371.9152473952436
-2370.894221775753
-2366.4793826660125
-2371.161184321376
-2371.6906113506934
-2368.411172765064



The list of best values average 

-2404.0945751301897
-2403.762464688586
-2404.7636091785994
-2404.7638193304297
-2404.8012175020835
-2404.7298995462115
-2404.801902316804
-2404.8171958990865
-2404.880992533073
-2404.8908522896413
-2404.954302902009
-2404.931749166069
-2404.8587092899743
-2405.017786343147
-2404.942165973941
-2404.894793580732
-2404.999345822152
-2404.7689846426483
-2404.974926403732
-2405.0265687460396
-2405.01078066446
-2405.0177341415633
-2404.9571438060716
-2405.0576799139744
-2404.996999201135
-2404.8588315610823
-2404.9680660753106
-2405.0123664165258
-2404.97249061848
-2405.015220372869
-2404.966399688503
-2405.005447376277
-2404.941650514736
-2404.947434178044
-2404.9588557351362
-2404.9508867496656
-2405.0150374187556
-2405.0248083150245
-2404.9474591746484
-2405.0079152361727
