----------Report of simulation of Quantum Population Annealing-----------
The number of considered Spin 480
The considered Annealing Duration 240
The considered Annealing Number 100
The considered T 1.0
The considered Gamma0 1.0
The considered Number Of Replica 3
The considered Number Of System 6
The solution found [ 1.  1.  1.  1.  1.  1. -1.  1. -1.  1.  1.  1.  1. -1.  1.  1.  1.  1.
  1.  1.  1.  1.  1. -1.  1. -1.  1.  1.  1. -1.  1.  1.  1.  1. -1.  1.
  1.  1.  1.  1.  1.  1.  1.  1.  1.  1.  1.  1.  1.  1.  1.  1.  1.  1.
  1. -1. -1.  1.  1.  1.  1.  1.  1.  1.  1.  1.  1. -1.  1. -1.  1.  1.
 -1.  1.  1.  1. -1.  1.  1.  1.  1.  1. -1.  1. -1.  1.  1.  1.  1.  1.
  1.  1.  1.  1.  1.  1.  1.  1.  1.  1.  1. -1.  1.  1.  1.  1.  1. -1.
  1.  1.  1.  1.  1.  1.  1.  1.  1.  1.  1.  1.  1. -1. -1. -1. -1. -1.
 -1.  1. -1.  1. -1.  1. -1. -1. -1. -1. -1. -1. -1. -1.  1. -1. -1. -1.
 -1. -1. -1. -1.  1. -1. -1. -1. -1. -1. -1. -1. -1. -1. -1. -1. -1. -1.
 -1. -1.  1. -1. -1. -1.  1. -1. -1. -1. -1. -1. -1. -1. -1. -1. -1. -1.
 -1. -1. -1. -1. -1. -1. -1. -1. -1. -1. -1. -1. -1. -1.  1. -1.  1. -1.
  1. -1.  1. -1. -1. -1. -1. -1. -1. -1. -1. -1. -1. -1. -1. -1. -1. -1.
 -1. -1. -1. -1. -1. -1. -1. -1.  1. -1. -1. -1.  1. -1. -1.  1. -1. -1.
 -1. -1.  1.  1. -1.  1. -1. -1. -1.  1. -1.  1.  1.  1. -1.  1. -1. -1.
 -1. -1. -1. -1. -1. -1. -1. -1.  1. -1. -1. -1. -1. -1. -1.  1. -1.  1.
 -1. -1. -1. -1. -1. -1. -1. -1. -1. -1. -1. -1. -1. -1. -1. -1. -1. -1.
 -1.  1. -1. -1. -1. -1. -1. -1. -1. -1. -1. -1. -1. -1. -1. -1. -1. -1.
  1. -1. -1. -1. -1. -1. -1.  1. -1. -1.  1. -1. -1. -1. -1. -1. -1. -1.
 -1. -1. -1. -1. -1. -1. -1. -1. -1. -1. -1. -1. -1.  1. -1. -1. -1. -1.
 -1. -1. -1.  1. -1. -1. -1. -1. -1.  1. -1. -1. -1. -1. -1. -1. -1. -1.
  1.  1.  1.  1.  1.  1.  1.  1.  1.  1.  1.  1.  1.  1. -1.  1.  1.  1.
  1.  1.  1.  1.  1.  1.  1.  1.  1.  1.  1.  1.  1. -1.  1.  1.  1.  1.
  1.  1.  1.  1.  1.  1.  1. -1.  1.  1.  1. -1.  1.  1. -1.  1.  1.  1.
  1. -1.  1.  1.  1.  1.  1.  1.  1.  1. -1.  1. -1.  1.  1.  1.  1.  1.
  1.  1.  1.  1.  1.  1.  1.  1.  1.  1.  1.  1.  1.  1.  1. -1.  1.  1.
  1.  1.  1.  1.  1.  1.  1.  1.  1. -1.  1.  1.  1.  1.  1.  1.  1.  1.
  1. -1. -1.  1. -1.  1.  1.  1. -1. -1.  1. -1.]
The value found -1246.6486914420238
The Success probability is 0.0
The average value is -1246.6482116317209
The total execution time is 39461.19866633415
The average time for execution is 394.61198426008224
The average time for all systems update is 1.644027897208929
The average time for system update is 0.2739754536665148
The average time for replica update is 0.09132459950833409
The average time for spin update is 0.00018999494276940822
The list of values found 

-1246.648546430361
-1246.6482605130154
-1246.6481498627245
-1246.648683778374
-1246.6471302974019
-1246.647213089706
-1246.6478724158533
-1246.648424704511
-1246.6482159921652
-1246.6480135518336
-1246.648016060928
-1246.6484141714277
-1246.6481078324664
-1246.6485992074086
-1246.6472705382707
-1246.6486459612738
-1246.6485429020545
-1246.6485490661148
-1246.6486350944083
-1246.6462470023648
-1246.6486766240878
-1246.647864405949
-1246.6486844128517
-1246.6486542594416
-1246.6482917672756
-1246.6483158668457
-1246.6485641296413
-1246.6482836004316
-1246.6482867795335
-1246.647954994185
-1246.6481540757895
-1246.6482355545736
-1246.648619092161
-1246.6482135983115
-1246.6486914420238
-1246.6482653882917
-1246.6485422434916
-1246.6484115606795
-1246.6484269484504
-1246.648543667182
-1246.648469414179
-1246.647812704868
-1246.6482079698271
-1246.6478346889512
-1246.6481596553467
-1246.6485753580641
-1246.648296480586
-1246.6486171197512
-1246.648258602478
-1246.6486360730323
-1246.6477593748018
-1246.6485862408085
-1246.6478123962802
-1246.648319776455
-1246.6485753235156
-1246.6484105903428
-1246.648584586358
-1246.6485742349269
-1246.6477787617391
-1246.6486890925498
-1246.6485839329907
-1246.648463216548
-1246.648452329217
-1246.6472518747678
-1246.648182221532
-1246.6485072595551
-1246.6471462805557
-1246.6485861609876
-1246.6471482521874
-1246.648565751902
-1246.6473990731984
-1246.6485397814822
-1246.648180944103
-1246.6483703624476
-1246.6486792689634
-1246.6480648213333
-1246.6485549887889
-1246.6484750773652
-1246.6473029710905
-1246.6467858033002
-1246.6486330628404
-1246.6480712829225
-1246.648204720093
-1246.648207709803
-1246.6475243709492
-1246.6483120491012
-1246.6482901264585
-1246.6463550440471
-1246.6485957977534
-1246.648584730522
-1246.6483807234472
-1246.6483692694678
-1246.6486466164793
-1246.6483829515691
-1246.6485175777707
-1246.6486222535
-1246.6486816413903
-1246.6475242135689
-1246.6485863677553
-1246.648254961613



The list of values first execution 

-743.961662122289
-357.58323832441096
-886.1961232448964
-1154.9827238706955
-1017.2910656267585
-1129.606484203742
-1206.8982964594907
-1208.6358454121869
-1194.2666963262463
-1211.9407829597894
-1225.6251618321614
-1136.7990890311403
-1187.0126675180513
-1198.9488982890607
-1219.534325672489
-1197.0304462958654
-1204.7096399791235
-1212.845532443388
-1219.4830707393244
-1213.0952549964272
-1229.6301022690989
-1207.6253442290247
-1218.414268702971
-1199.5877934188163
-1215.8622304480575
-1221.5744492061665
-1213.9937116078497
-1203.3134031285672
-1216.1534494668015
-1216.496852640536
-1218.5958875752012
-1210.1609376011434
-1217.1944115241306
-1219.4071457765515
-1219.6356257465093
-1219.048091245963
-1218.5073134834222
-1209.422051595535
-1227.3074662618192
-1220.4930755578032
-1220.6329515636198
-1224.4028967540698
-1225.3733018469661
-1218.4669347627396
-1224.115359312736
-1230.2419740579217
-1223.7098058907493
-1227.9348422964792
-1217.756114844492
-1226.6893403528366
-1219.919310184135
-1224.2211326548086
-1217.6125210275122
-1225.691070958958
-1222.0711291122982
-1225.4304389859822
-1225.3725967511132
-1225.3177956294971
-1225.5421935906788
-1225.8506608623557
-1229.3823010499364
-1228.8775306490197
-1223.7528056306537
-1224.441620416891
-1229.4310181250212
-1231.4056785522382
-1225.4110587969788
-1229.6078005016063
-1223.0649684801033
-1224.0857792567833
-1228.2849411645493
-1223.9223456461705
-1227.2782907109015
-1228.159293901735
-1222.2852935271621
-1230.7780748099963
-1227.00798367472
-1230.8356421112944
-1230.5546304539457
-1229.7739673522572
-1229.239681179833
-1225.9663485565393
-1231.0371434561441
-1226.5779652398169
-1227.8674992119154
-1228.0840198108556
-1230.6228275707463
-1229.1013465686424
-1228.4016554523168
-1230.7004310004615
-1230.2897198925227
-1230.1060324702607
-1226.0020184974449
-1229.8032776184568
-1230.1336119426878
-1230.3728574524257
-1230.9396402549728
-1230.1719027244778
-1226.45103742903
-1229.684326344991
-1228.693988484143
-1232.3329836402909
-1230.838633753186
-1230.1648448890503
-1230.1255368739176
-1230.6115941874482
-1228.2158991213882
-1230.8172929498623
-1230.3728156652785
-1225.2635339172386
-1231.7892152817544
-1231.9190924709537
-1229.5683993254734
-1228.9541687893748
-1228.928809500394
-1232.796405331696
-1231.747810243106
-1230.6841088633785
-1229.3728768016126
-1229.6805367764314
-1231.1336557532013
-1229.8165235553251
-1229.2756717105174
-1231.2232472371072
-1231.1121926672606
-1231.6949456918564
-1226.4897421795788
-1232.7034452661214
-1229.9317866927395
-1230.2147472149345
-1231.8765285680422
-1230.2424308742818
-1230.0538002875664
-1231.1750301775867
-1230.8210534084383
-1230.6884431782237
-1231.171722561919
-1231.079826257046
-1230.9874893278673
-1232.1224901401029
-1232.9282127268468
-1228.7903435893932
-1225.6862549790867
-1231.9543551026559
-1229.3638883781214
-1229.5455594653358
-1230.9458151857789
-1231.5260377529817
-1230.2469511843508
-1230.8459856203135
-1228.1373748300166
-1230.8759848036682
-1229.8318517330301
-1230.5496845245627
-1233.1021354111067
-1229.2454024887586
-1231.807097377275
-1233.1923786619416
-1232.9419937077635
-1231.983035432058
-1231.9600571229532
-1229.5542026424455
-1231.6035598055028
-1230.4657093852984
-1231.1460389222646
-1233.11529701714
-1233.106388344971
-1231.4580636524433
-1225.811042298221
-1231.411911419177
-1227.9591007735203
-1233.0464097180463
-1230.6460271637366
-1229.5391936068286
-1228.1068997731777
-1232.5643231890253
-1231.5931893781108
-1231.86991687678
-1228.56675240157
-1231.7142497866362
-1232.5376067633756
-1230.721051584841
-1230.8900912180477
-1232.216212181197
-1230.3722289393345
-1233.027262218272
-1232.1532610177624
-1231.9071762636802
-1230.0385261394874
-1233.0411445783036
-1233.3392024517198
-1231.1073554613397
-1232.0430717992622
-1232.5715706486574
-1233.177949849539
-1233.3022816128369
-1232.3771479310933
-1233.729791387034
-1232.1318003195536
-1230.078069806036
-1232.9544019621192
-1231.6881275408878
-1230.3609871242697
-1230.309394961715
-1230.45506079838
-1232.6555507657806
-1232.9778657018321
-1233.6591792233426
-1232.4254146904395
-1233.539890188872
-1229.3815730936817
-1232.6178376735234
-1232.7192858844123
-1228.3143647875024
-1232.040846445552
-1229.7405476455356
-1231.2920301549818
-1229.9647280786996
-1232.131714363596
-1228.06888687249
-1231.8395973032484
-1232.857596921877
-1232.4286959084413
-1229.5821652295444
-1232.9791567349519
-1232.1270252231132
-1231.9815303004389
-1232.4755215740722
-1231.5093187242628
-1232.1189966194515
-1232.7614493249866
-1233.0312371529092
-1231.307401658296
-1233.4412112207503
-1234.1543749169732
-1233.078959632572
-1231.3913522856583
-1232.9437194848397
-1231.3345963174434
-1233.0931504563478



The list of best values first execution 

-1220.2590505833582
-1243.5574452023561
-1228.2186119980515
-1244.6163671364466
-1241.4240214271995
-1246.0196046699953
-1246.5168016038947
-1245.805436001454
-1244.1975812203455
-1245.3598898428017
-1246.3760646642704
-1244.8612172607322
-1246.4444169621197
-1246.130450793296
-1242.9422841783557
-1245.9743165479495
-1244.6704723217326
-1246.4854486696681
-1245.5537384274044
-1245.317885050159
-1246.377911422942
-1244.4035451627597
-1246.231756014864
-1246.2289959312175
-1246.118439874756
-1244.2448687475103
-1246.2267588276163
-1246.3812135855992
-1246.4683013418385
-1245.9806593669705
-1246.4174892447759
-1246.5688609734307
-1246.482840229161
-1246.170380101691
-1246.6382664081834
-1246.078629644363
-1246.5999005474596
-1246.4033839027989
-1245.7138635421638
-1245.9236223219364
-1245.500687001378
-1246.6302316904253
-1246.0623280169589
-1245.5775068284843
-1245.4326525460933
-1246.5732072536466
-1246.1135354786902
-1246.0724925027866
-1245.9921191938033
-1246.4795123668582
-1246.6398633646259
-1246.5934334709345
-1246.5220839377985
-1246.4583878138787
-1246.6323655171636
-1246.3135498305846
-1246.3077961199133
-1245.2418761479557
-1244.9294781218314
-1246.5192155918985
-1246.6406449081742
-1246.491702632958
-1246.412031658545
-1246.441779418546
-1245.8489507559284
-1246.3921950170675
-1246.572297986469
-1245.6596704170756
-1245.748120967014
-1246.5889253004857
-1246.5104398134204
-1246.6235683653622
-1246.397987602153
-1246.2321511613109
-1246.493735868161
-1246.515908212065
-1246.201372352385
-1246.318773130049
-1246.4755308165495
-1246.1621238449238
-1246.5469799149246
-1246.6314914760374
-1246.5789139789508
-1246.504798954585
-1246.4906310884862
-1246.5547071185292
-1246.5575440517282
-1246.4022769854973
-1246.610978268382
-1246.5167707657024
-1246.0073946127363
-1246.3916930162136
-1246.5089229605946
-1246.474430782836
-1246.5478550509838
-1246.4619553694765
-1246.5784837496858
-1246.5976348800477
-1246.5821738505515
-1246.4692868238953
-1246.6179377863764
-1246.5952343256795
-1246.6120507802148
-1246.3754096860434
-1246.6252231690878
-1246.2747908408928
-1246.3789434723021
-1246.3913787914303
-1246.6319353107992
-1246.4061399535512
-1246.641803420786
-1246.6414331625333
-1246.6462176605041
-1246.6283318009582
-1246.5182849958787
-1246.5858220159248
-1246.6473541963874
-1246.414743934075
-1246.6137236416362
-1246.6282967403204
-1246.556038583028
-1246.5471031700044
-1246.648546430361
-1246.6435417358484
-1246.582644211017
-1245.9764976448382
-1246.5794210132635
-1246.6417981035574
-1246.572758928217
-1246.6004252316816
-1246.5712771315734
-1245.610632723295
-1246.5501306700016
-1246.5678187598369
-1246.29446131622
-1246.5847094618857
-1246.633567765181
-1246.5954416543223
-1246.4694574097912
-1246.6457791937064
-1246.2266664657031
-1246.6381507681194
-1246.4140438775207
-1246.2664843177245
-1246.6424537717935
-1246.6435010033101
-1246.5675838529946
-1246.4607889427366
-1246.6315442061632
-1246.4569818501154
-1246.3556241441133
-1246.078462189069
-1246.647610337538
-1246.5870017925672
-1246.63073035646
-1246.6269463228018
-1246.6039450079734
-1246.6270864493467
-1246.5921824846314
-1246.5228920538289
-1246.6173340911164
-1246.6461110599803
-1246.2219238841576
-1246.6117504708177
-1246.564115002293
-1246.2888213147016
-1246.5670663708984
-1246.4826925124362
-1245.942076543607
-1246.6204508865658
-1246.5923042337618
-1246.4172360579132
-1246.5469835290423
-1246.245766620632
-1246.3556935565107
-1246.1213724248187
-1246.4559688911231
-1246.2674234999904
-1246.6307058396246
-1246.6370325318826
-1246.5873283958167
-1246.5664984609725
-1246.406806659223
-1246.6223115905386
-1246.6478831789268
-1246.6388568448383
-1246.5981381437496
-1246.6182053419147
-1246.5000507897457
-1246.5180241647931
-1246.5485616511
-1246.5091125999866
-1246.4888400786813
-1246.6345180980652
-1246.6467710701695
-1246.3542804565354
-1246.565720068896
-1246.5036426544107
-1246.5949580947795
-1246.623429332505
-1246.5894005624154
-1246.5963320389683
-1246.5780830260005
-1246.501687352743
-1246.557392850887
-1246.6268575526683
-1246.141624331478
-1246.5825713598047
-1246.62849066106
-1246.575054477969
-1246.638529448578
-1246.6357538250622
-1246.4184435044212
-1246.6229966406327
-1246.4785371438365
-1246.5610666498187
-1246.6313193744627
-1246.6181091990325
-1246.585410509465
-1246.626128807594
-1246.5908417039986
-1246.5952420863255
-1246.5646053799446
-1246.6073538466248
-1246.4127385504135
-1246.5127396394373
-1246.5477166243509
-1246.5209593499453
-1246.6079636522873
-1246.6345527884123
-1246.6211992763756
-1246.5488430710561
-1246.4898861028191
-1246.6142264946566
-1246.5278699979144
-1246.0093552891835
-1246.6454284028382
-1246.518316067919
-1246.5707602141542
-1246.6089143289519



The list of values average 

-647.0311558821212
-733.9991416707361
-984.8518928263082
-1085.2195857423987
-1149.5012014336016
-1175.4387401261522
-1182.3686955341332
-1189.331286224498
-1197.2540920154765
-1201.2904293055622
-1207.69231681968
-1211.1144318948218
-1211.9426628980507
-1213.218532713658
-1216.4711484015797
-1216.265527577928
-1220.5179169647047
-1220.8767804734043
-1223.008721159377
-1224.0417247055304
-1223.860311004316
-1225.9074403276852
-1226.6001061283193
-1227.4712388208486
-1228.6108669450846
-1228.7748008652025
-1228.8681691876118
-1229.7424966354165
-1230.193375913256
-1231.4086368777835
-1231.4538240625748
-1231.725682315978
-1231.2428971454087
-1232.2726963960304
-1232.3802426684783
-1232.5235161550343
-1233.32356343943
-1233.723163474129
-1233.6445375545916
-1233.745466402654
-1234.3723529591452
-1234.8328135400714
-1235.2403243052486
-1235.1399057588412
-1234.8822460181682
-1235.1791810512
-1235.8406054551751
-1236.2018803457995
-1235.9563164594745
-1236.6691706974468
-1236.8003790536204
-1236.790110093723
-1236.0886201364815
-1236.8023581530706
-1236.638830676473
-1236.5684151712042
-1237.3187848028135
-1236.7050723078323
-1237.228648864755
-1237.2471287898607
-1237.5312038150926
-1237.7664021290934
-1237.7483574209857
-1238.2554483689103
-1237.7901257508183
-1238.137801565575
-1238.18688446094
-1238.4417437290158
-1238.3444690976958
-1238.3330967944862
-1238.3036035216546
-1238.2650127124393
-1238.3978197533897
-1238.5422382912252
-1238.5654875034115
-1238.430125687282
-1238.9871946995938
-1238.553913049052
-1239.0232346182177
-1238.8665882949629
-1238.9238501320326
-1238.7311220087138
-1239.2305227592965
-1239.4721901199412
-1238.8931750122715
-1238.9947748924399
-1239.3178341505775
-1239.7357210027046
-1239.4800284824041
-1239.6796866882114
-1239.3129998544914
-1239.4699087730057
-1239.4392467053258
-1239.6611021183653
-1239.9008369472122
-1240.0570518496397
-1239.9527073322554
-1239.8712051162365
-1239.862567286929
-1239.9223085114486
-1239.9185937138063
-1240.00995720078
-1240.2454603832507
-1240.2029214265797
-1239.824252243172
-1240.3839596421742
-1239.9953295392097
-1240.11882967676
-1240.175068854948
-1239.8966368936153
-1240.1420118202266
-1240.3053283375455
-1240.3587742410507
-1240.324422585771
-1240.29113568556
-1240.3962194990622
-1240.2855929320558
-1240.3184408473749
-1240.616008180016
-1240.3803326344666
-1240.4893453371758
-1240.2172473106104
-1240.377488323568
-1240.6333596072104
-1240.3697299256796
-1240.3339575570797
-1240.5759061554438
-1240.4687294900962
-1240.469308114101
-1240.594728423766
-1240.3790754002866
-1240.7127241635371
-1240.8158440726224
-1240.6495149711918
-1240.8374927597986
-1240.6186223243874
-1240.737589928504
-1240.8892932138556
-1240.9740287478844
-1240.9932553859417
-1240.8286712979645
-1240.7889053486483
-1240.7657992746888
-1240.8514857850064
-1240.8697865175254
-1240.8251503436286
-1240.957524245999
-1240.8503425736471
-1241.056718845237
-1240.9979100482553
-1241.0932263007112
-1241.090763817794
-1241.0316977301275
-1240.966795682905
-1241.0313462444249
-1241.0078519766435
-1241.0471068074896
-1241.0141458759406
-1241.1659018704647
-1240.9162665971962
-1241.0727158279878
-1241.159898966037
-1241.0384700643697
-1241.0617337647495
-1241.2456127236355
-1241.2022153982589
-1241.1939013561346
-1241.168759274144
-1241.159630663701
-1241.0540784312316
-1241.0792528949007
-1241.2780316792696
-1241.0431049438248
-1240.8978437671722
-1241.2447695317196
-1241.0268677770648
-1241.3353074682225
-1241.1927845015111
-1241.1542125418487
-1241.3868557265196
-1241.354301447999
-1241.1430243205155
-1241.2896480018235
-1241.3269021622698
-1241.4314380594096
-1241.5329607912156
-1241.453192461253
-1241.3594870745192
-1241.3436685054462
-1241.3229390048155
-1241.537171098862
-1241.387062235551
-1241.3531486472298
-1241.473606616625
-1241.3466607301127
-1241.4205346925758
-1241.4865421759023
-1241.5717958299244
-1241.5016235625858
-1241.4946643641056
-1241.4458843781626
-1241.4838233461865
-1241.5081338863083
-1241.471234637001
-1241.5573012882812
-1241.469102830775
-1241.6812300851986
-1241.3813164662467
-1241.5087948655528
-1241.6252032946284
-1241.571112881305
-1241.451095465091
-1241.497987625884
-1241.4986590694218
-1241.5326905415343
-1241.530471154319
-1241.5687054245125
-1241.5911627030694
-1241.5720284501242
-1241.5118204011244
-1241.4776636112745
-1241.6297841636817
-1241.5845371034902
-1241.6883927437482
-1241.3940594392104
-1241.7044220956218
-1241.5791121943387
-1241.7176471599914
-1241.6559956770348
-1241.719893185879
-1241.6731789398716
-1241.765648036175
-1241.6219801972984
-1241.7266981857933
-1241.8209637743544
-1241.7086490641905
-1241.7417877932994
-1241.6605071946183
-1241.7312694724178
-1241.7886048830312



The list of best values average 

-1234.0756940930007
-1231.5778476234248
-1238.349006397357
-1242.4053432153164
-1243.0132930569996
-1244.2043600337868
-1244.8317602692757
-1244.444608708985
-1245.0636362543885
-1245.1162980598301
-1244.9759284270403
-1245.212010093198
-1245.1640957594216
-1245.5267433052597
-1245.3731184226453
-1245.612232461753
-1245.5394696166259
-1245.8161970790886
-1245.7839043490021
-1245.7080902507194
-1245.8943362634088
-1246.064210650611
-1246.1124130994767
-1245.9119386142713
-1246.0538835799068
-1245.9048091639963
-1246.138591338812
-1246.1137775905408
-1246.045164396932
-1246.0916119773756
-1246.1814694417465
-1246.2232771309853
-1246.1227188431815
-1246.1347116284164
-1246.2290175384367
-1246.1945866791275
-1246.241900246184
-1246.2530647396122
-1246.30416022233
-1246.208038854509
-1246.2818190547657
-1246.210756770494
-1246.2391706085511
-1246.3580013367348
-1246.2998632419256
-1246.3132387318456
-1246.2700908559264
-1246.312847560035
-1246.2709741383835
-1246.3691446656344
-1246.3262331124324
-1246.363049517007
-1246.4179500334124
-1246.3764992671865
-1246.3736884803675
-1246.3556111807754
-1246.404209363024
-1246.3217921248097
-1246.377802109031
-1246.4129377327754
-1246.410824986864
-1246.3750908771501
-1246.4104876422105
-1246.4382238651679
-1246.376155942138
-1246.3555715524865
-1246.404443424927
-1246.3709904377718
-1246.4121766218047
-1246.3304768771304
-1246.494963670633
-1246.392990987884
-1246.4185992341147
-1246.4550177365004
-1246.463783833376
-1246.4012970062947
-1246.4414228192177
-1246.4111662124858
-1246.4532369954788
-1246.4572240653158
-1246.4443011893668
-1246.4015345993673
-1246.5046874460363
-1246.4309289856851
-1246.4103586706804
-1246.4297589490673
-1246.4033672412606
-1246.4779159573889
-1246.4707209783824
-1246.4758344186432
-1246.4454349799526
-1246.4191270492443
-1246.466459054159
-1246.4940226102838
-1246.4769733060866
-1246.4607059567252
-1246.4948187881091
-1246.4523615310434
-1246.4501239083504
-1246.5066402857606
-1246.4853146194994
-1246.5057087079772
-1246.5115739086993
-1246.4419631539074
-1246.4864375378188
-1246.5117619417995
-1246.4984654291393
-1246.5032778542316
-1246.5244477371666
-1246.5181021294538
-1246.488703419872
-1246.484250203605
-1246.4871252981675
-1246.4919518752645
-1246.4855182343385
-1246.502887771453
-1246.5140023443591
-1246.4949481259323
-1246.524968738024
-1246.4741430644783
-1246.5170721332702
-1246.50373509916
-1246.4809572696463
-1246.5167216913085
-1246.5127031156603
-1246.5070217059067
-1246.4513604385393
-1246.5149184694403
-1246.5016449583034
-1246.5020118747477
-1246.541269906129
-1246.5157290853508
-1246.5314369886037
-1246.5374536871134
-1246.526527665396
-1246.5013157390927
-1246.5302904549728
-1246.518459401416
-1246.4786551679074
-1246.5371016952452
-1246.4853113462664
-1246.5231177297005
-1246.5113025788978
-1246.4938935415917
-1246.5272820038235
-1246.5283635131673
-1246.5211157574138
-1246.5447225884034
-1246.5262304897824
-1246.504895854601
-1246.5358226488938
-1246.5311263461895
-1246.5500892023667
-1246.5519830058706
-1246.525592609763
-1246.5078541051519
-1246.532076898041
-1246.5255749179669
-1246.490399119487
-1246.5197666022152
-1246.541450377055
-1246.552093776229
-1246.5330072847291
-1246.5104298066144
-1246.5138644851702
-1246.5389955172934
-1246.5070680894826
-1246.5702523044702
-1246.531672812827
-1246.5362656010498
-1246.547651812408
-1246.52390361004
-1246.5410818488122
-1246.515514831143
-1246.5546428360933
-1246.5196863119934
-1246.5526259419962
-1246.5476615656269
-1246.5159970808165
-1246.5573101319847
-1246.5436924264875
-1246.5055900267098
-1246.5271754425685
-1246.5379516891517
-1246.5318379091314
-1246.5462745070888
-1246.5263119825013
-1246.559262459138
-1246.5248401203532
-1246.5373259295504
-1246.5381984516525
-1246.5312368346993
-1246.5307989169255
-1246.5417001351846
-1246.5197279491367
-1246.5092299791809
-1246.4932828894516
-1246.5335885957134
-1246.5470125282554
-1246.5433997556604
-1246.529592743022
-1246.560471289539
-1246.5436252387033
-1246.5339114318242
-1246.52879941131
-1246.5197984780393
-1246.5477346765383
-1246.542649095757
-1246.5465921877046
-1246.544738146069
-1246.5461510587277
-1246.5311000005381
-1246.5498102211398
-1246.5237081778764
-1246.5222916243583
-1246.5479900583866
-1246.5327446337778
-1246.5805354405566
-1246.5413344161832
-1246.5746949041074
-1246.5807102806607
-1246.5680782174347
-1246.56964504778
-1246.573066662798
-1246.5714828763182
-1246.5429292690326
-1246.558398164913
-1246.5617240941176
-1246.5494233089664
-1246.5699915403811
-1246.5486504976843
-1246.550713910759
-1246.533285543758
-1246.5497161018939
-1246.5474937748395
-1246.560539408966
-1246.5472240648558
-1246.5479195294738
-1246.5686650567725
-1246.5711194815815
