----------Report of simulation of Quantum Parallel Tempering - Population Annealing v1-----------
The number of considered Spin400
The considered Annealing Duration 200
The considered Annealing Number 100
The considered T 1.0
The considered Gamma0 1.0
The considered Number Of Replica 3
The considered Number Of System Tempering 3
The considered Number Of System Population 3
The solution found [ 1. -1.  1. -1. -1. -1.  1.  1. -1.  1.  1.  1. -1.  1.  1.  1. -1. -1.
  1.  1.  1.  1.  1.  1. -1.  1.  1.  1.  1. -1.  1.  1.  1.  1.  1.  1.
  1.  1.  1.  1.  1. -1. -1.  1. -1.  1.  1.  1.  1.  1.  1.  1. -1.  1.
  1. -1.  1.  1.  1.  1.  1.  1.  1.  1.  1.  1.  1.  1.  1.  1.  1.  1.
  1.  1.  1.  1.  1.  1.  1.  1.  1.  1.  1.  1.  1.  1.  1.  1.  1.  1.
 -1.  1.  1.  1.  1.  1.  1.  1.  1.  1. -1. -1. -1. -1. -1. -1.  1. -1.
 -1. -1. -1. -1.  1.  1. -1. -1. -1. -1.  1.  1. -1. -1. -1.  1. -1. -1.
  1. -1.  1. -1. -1. -1. -1.  1. -1. -1.  1.  1. -1. -1. -1.  1. -1. -1.
 -1. -1. -1. -1. -1. -1. -1. -1. -1. -1. -1. -1. -1. -1. -1. -1. -1. -1.
  1. -1. -1. -1.  1.  1. -1.  1. -1. -1. -1. -1. -1. -1. -1. -1. -1.  1.
 -1. -1. -1. -1. -1. -1.  1.  1.  1. -1. -1. -1. -1. -1.  1.  1. -1. -1.
 -1.  1.  1. -1.  1. -1. -1.  1. -1. -1. -1. -1.  1. -1. -1. -1. -1. -1.
 -1. -1. -1. -1. -1. -1. -1. -1. -1. -1. -1. -1. -1. -1. -1. -1. -1.  1.
 -1. -1.  1. -1. -1. -1. -1. -1. -1. -1. -1. -1. -1. -1.  1. -1.  1. -1.
 -1. -1. -1. -1. -1. -1. -1. -1. -1.  1. -1. -1. -1.  1. -1. -1. -1. -1.
 -1. -1. -1. -1. -1. -1. -1. -1. -1. -1. -1. -1. -1. -1. -1. -1.  1. -1.
 -1. -1. -1. -1. -1.  1. -1.  1. -1. -1. -1. -1.  1.  1.  1.  1.  1.  1.
  1.  1.  1.  1.  1.  1. -1.  1.  1.  1.  1.  1.  1.  1. -1.  1.  1.  1.
 -1. -1.  1.  1.  1.  1.  1.  1.  1. -1.  1.  1.  1.  1.  1.  1.  1.  1.
  1.  1.  1.  1.  1.  1.  1.  1.  1. -1. -1.  1.  1.  1.  1.  1.  1.  1.
 -1. -1.  1.  1.  1.  1.  1. -1.  1.  1.  1. -1.  1.  1.  1. -1. -1.  1.
  1.  1.  1. -1.  1.  1.  1.  1.  1.  1.  1.  1.  1.  1.  1.  1.  1. -1.
  1.  1.  1.  1.]
The value found -156.17875769041575
The Success probability is 0.0
The average value is -156.17808365520327
The total execution time is 71605.95332574844
The average time for execution is 716.059531929493
The average time for all systems update is 3.580175068902969
The average time for system tempering update is 0.23302374724547067
The average time for system population update is 57615.01049876213
The average time for replica update is 0.19887829272150995
The average time for spin update is 0.000496766564183765
The list of values found 

-156.17802745606332
-156.1762074375929
-156.17787872454983
-156.1783308036097
-156.17847649566102
-156.17841048816808
-156.1782601624691
-156.1782034223611
-156.1784311622191
-156.1781572261957
-156.17719207081336
-156.1771440285147
-156.17862713412842
-156.17863063080358
-156.17712099042183
-156.17680207982994
-156.17813257938224
-156.1786727667959
-156.17846091893853
-156.17828148973558
-156.17813086999286
-156.1787575133535
-156.17865148692545
-156.17808194613326
-156.17838194085925
-156.1785733407869
-156.17790864120343
-156.17864264340187
-156.17803082193268
-156.17874071850747
-156.17760460009686
-156.17867918260345
-156.17862146656307
-156.17822305093796
-156.17712342645655
-156.17866909043005
-156.17856799311176
-156.177748117826
-156.1764734274866
-156.17663870746628
-156.17865646418068
-156.17856682346473
-156.1783261036394
-156.17818756010684
-156.17862931850868
-156.17845356789667
-156.17856634218515
-156.1780129608751
-156.17875769041575
-156.1771340786795
-156.1781851809892
-156.17862608400173
-156.1782295719754
-156.177734971076
-156.17863231601268
-156.17874812112586
-156.17755703428566
-156.1775150188837
-156.1783358061516
-156.17865800738173
-156.17798288828726
-156.17831017626986
-156.17875082899036
-156.17860715920142
-156.1769478348674
-156.1782912208987
-156.17861532767756
-156.17844097125908
-156.17818389146169
-156.17835915288288
-156.17859133203137
-156.1787101624509
-156.17872683182304
-156.1767996714034
-156.1763703368306
-156.17770896219918
-156.17847145417045
-156.1785777603991
-156.17766792172188
-156.1787308572989
-156.17863753532265
-156.17845788904242
-156.17801148922263
-156.1773940723374
-156.17665215830584
-156.17861772988
-156.17869897616356
-156.17732017696153
-156.17850330931242
-156.17862651898213
-156.17670397206257
-156.17739943130073
-156.17766320729606
-156.17870910977535
-156.17859792385843
-156.17689237248442
-156.1769447110396
-156.17787883665687
-156.17817957633451
-156.17842170569702



The list of values first execution 

341.43863469382336
0.7453755323019524
-15.441558078385217
-91.87828687072596
-66.72497876940474
-120.13602035168408
-80.27536574239042
-110.56169146041537
-88.26080796892352
-91.32909491272491
-87.24594515427067
-105.00835790197895
-117.08414412200712
-107.32734104001003
-94.06995197148909
94.06724069605278
-65.85317302446983
-93.05344114200544
-114.72323894488689
-88.9395695473109
-108.71437493374371
-116.29507396935063
-108.75220387340106
-71.16224311476746
-120.5167040392941
-89.47424379094426
-75.36899533867125
-59.8661677480883
-55.18876447448963
-85.16247834576312
-111.43333335925763
-114.32827698316646
-45.88788131646009
-116.17700547532344
-85.25746364463576
-97.74669174424965
-87.31098087549059
-117.61889192187898
-74.70570301058336
-109.84393350972171
-117.46724552636812
-109.62907950919258
-90.60932087240543
-74.44017582361637
-68.33518155583073
-121.18340528335794
-107.06265206902384
-116.08192691377548
-123.98791516142185
-82.38882164410691
-126.41445345926056
-114.8421271935912
-101.31774357014355
-87.85699179016736
-45.799502310285135
-18.43003344308027
-57.411528580161225
-92.56032535763
-55.05103063606704
-66.1172215370683
66.83528460978886
-118.74368897630403
-56.96656681412307
-52.24012877502592
-98.40122089032333
-53.01452853347908
-121.932565462438
-80.43542585038011
-104.52408078369656
-109.73466074739333
-91.71251254826322
-109.2360790216295
-104.94237862525314
-86.46822712060904
-73.75042258546378
-123.6461110813257
-43.68041790219715
-74.4665605109694
-114.30111935172548
-50.022103371929994
-108.33193658764701
-113.24029598595156
-88.47257118141593
-114.84520952817427
-87.61982166958657
-128.1546395110006
-97.16529207705155
-60.233972148677594
-83.48703709057823
-84.94764565950021
-113.49958525691919
-92.27240816308336
-85.04656505319187
-92.21057285278935
-104.02813818861955
-115.69756359102786
-127.66268257993995
-105.23785449922997
-130.6182574238768
-109.2171841193636
-79.21196992914896
96.57596598107028
-138.24136785257872
-124.34570694454212
-107.02821413645069
-82.0322345710703
-105.95458502409376
-97.69356904976222
-95.64017782099664
-93.20907014246346
-106.48451707314473
-106.34947536353043
-106.29398352280893
-112.3092325645028
-124.43224671250361
-103.0993545976132
-128.13262510922098
-83.08148162884262
-120.18526352312432
-95.64326387029223
-115.39718500029772
-93.57272061635724
-86.99099826104137
-63.03774600237242
-115.35143176613575
-128.85513848428616
-75.48895912506869
-117.74142715824512
-126.68266103764411
-108.79307418824344
-116.25856386963233
-94.8665731959036
-130.5299502533906
-83.554691046067
-111.27959628439315
-113.74177085064876
-98.37071031898202
-134.8885778163277
-109.16788073440716
-113.40927707245861
-116.05964577510824
-80.69853497524151
-92.00050074720768
-109.78623864941372
-109.47916852563748
-109.59798747688106
-77.14337915084049
-77.58721373137058
-128.84844093744994
-121.78208006175811
-88.29756243550491
-99.21097454429766
-79.15634258613211
-117.19525704709557
-108.46460952773171
-126.32194284788278
-69.26546104726596
-114.52911253133158
-126.90463947419961
-51.90563993661554
-131.3511913356783
-83.83288777203062
-43.782534440898935
122.31538159657083
-101.18644149341621
-91.60177692018014
-73.48219955400486
-105.34186371947834
-48.939396349780786
-63.46380931826674
-95.30426931110283
-66.15266360171344
-87.90579197868533
-116.98578530606558
-66.58666548734661
-114.21953978732103
-116.88856050020594
-86.72208526928148
-120.66840623323141
47.20342731572469
-96.29683126338831
-99.06265029578655
-91.89766922311487
-112.92667139688403
-88.4558612417292
-84.59243625074102
-108.80932731019973
-98.42274903202123
-119.99415095782075
-112.16414989086601
-94.76423169969797
-100.39140649901202
-116.13293732604603
-77.00935732044202
-54.132777799333276
-113.18877209138189
-135.8108716760638
-49.151914775915
-104.91908065057383
-71.3808578584197



The list of best values first execution 

-155.75454464843097
-154.45048778753517
-155.50351221143592
-155.95872249887452
-154.83796297044637
-154.62110735733086
-155.46407594158654
-155.87499748839718
-154.8447028340588
-155.8126469007134
-153.7854493469058
-151.0941671354135
-155.9647256429771
-155.95101384945383
-153.70136670413467
-156.0995185849606
-154.56750641660665
-156.02870184098356
-153.90789334810688
-155.59460843986153
-155.29917348001072
-155.67526014575424
-155.77889582407352
-155.4153873573423
-155.5224154920047
-156.13000098247903
-155.94626825462592
-156.17802745606332
-155.98650370234145
-155.7069305947357
-156.0561738457368
-156.0414345503923
-156.08880279241384
-155.69871494617337
-154.14775224372806
-156.04001549496024
-155.46192009396873
-155.92488965154507
-156.13529804349582
-156.08247666838497
-155.7065253119822
-155.60266348535424
-155.62622729952636
-156.0943119308913
-155.765555966153
-155.8922963504183
-156.15735091587476
-156.13848840621313
-156.00297243724208
-155.63772845801304
-156.12633551053568
-156.15258045326846
-156.05602179677453
-156.07157115180826
-154.3087841825336
-156.07693995535692
-154.58816180505846
-156.01847636717594
-156.16588637046925
-155.91388335655438
-155.7530771632628
-156.00945876723154
-155.97111347573855
-155.67246965020558
-156.10548444200867
-156.07747013980133
-156.04715224143274
-156.078101706908
-155.95870902294791
-155.2147782243551
-155.87101187027565
-155.62880504031182
-156.13782246875508
-155.91250248564165
-156.1650333696707
-155.3280132657851
-155.74001392131322
-155.12874233488947
-155.70988168304893
-155.76825096815128
-156.14970375004214
-156.1176601188381
-156.03799806009283
-156.02466934506765
-156.08064335502513
-155.68397591546454
-156.06449794484342
-155.7247935717346
-156.13174165262262
-155.7708228563356
-155.6275368756983
-156.15242119339064
-156.11593747820234
-155.75557702049173
-156.09641599955694
-156.1716579544027
-155.5982216618272
-156.10698091833456
-156.12333420824643
-156.12695152456672
-156.12654118874707
-155.9794865721774
-155.4354644585269
-156.12895858856155
-156.07721128077128
-156.01715851055587
-155.9975484116053
-155.54842472003293
-156.17052798961504
-156.1429888871462
-156.17044439224628
-156.11596288694273
-155.99657230635648
-156.07806518223651
-155.92151671885085
-155.86119521233059
-156.08569143190653
-156.0160065141945
-155.89539488675064
-156.15146436348914
-155.88620179189002
-155.9798411152342
-156.01249018299177
-156.06413018223293
-155.6546000364615
-155.86240207707306
-156.10552548892656
-156.1176676907894
-156.07695107993186
-156.17506716779098
-155.97412456922075
-156.14714083949502
-156.15161866980225
-156.17390383281554
-156.04675923497462
-156.1755924596937
-155.80246503733042
-155.46607131233168
-156.13371176142755
-155.57609121877022
-156.11942985163796
-156.1564569302559
-156.07942398272235
-155.994905448395
-156.14727380461545
-156.12591737933417
-156.12496115774775
-156.14337949395758
-156.09401171519812
-156.16288336599246
-155.87151134746773
-156.11755517827896
-156.04424567866408
-155.93274084541144
-156.08871636355343
-156.17649513868355
-156.16805943126838
-155.809126812479
-156.1259510753598
-156.0230935013965
-156.1007923231191
-155.9949432803637
-156.077446743549
-156.14395930279943
-155.84237886867595
-155.72822170754807
-156.16149049176056
-156.07499258861617
-155.93102949137074
-156.1529589523184
-156.06725749487123
-156.07416223134805
-156.07715141575954
-156.05114301130106
-156.12185095963787
-155.89623254635944
-156.0252313697997
-156.09190972294437
-156.12488062967532
-156.13200048284034
-156.08289496651742
-156.14241727034596
-155.71684523756176
-156.16090186491283
-155.94657840441187
-156.17346884634026
-156.11492127588872
-156.11113077435994
-156.16812579917223
-156.04223286505248
-156.1286289888808
-156.09145182845305
-155.95563084068272
-156.08901500639058
-155.97096367977792
-156.00661706939582
-155.7530154316164
-155.74452785710264
-156.08532873223248
-155.75883186908186



The list of values average 

271.3811867928653
46.76452224747897
-28.742838306218296
-42.64176460215023
-62.085054277999944
-68.15335401372424
-70.84091269215412
-73.2067709950254
-76.78763261341201
-76.40762960731907
-81.44112765629731
-80.16144407989451
-81.24171200880669
-85.62264599927427
-82.33613507609138
-85.34109473965088
-89.51492648542363
-84.30068972747955
-88.32019588443094
-90.4747833882811
-89.05518801895911
-90.03986824297759
-89.54615265555304
-88.57164223132072
-84.39697824671886
-90.67336900535149
-89.60972465783559
-93.09590640578385
-92.64489041483675
-94.30364614428298
-93.91116535963667
-92.9973803786016
-93.87455165325544
-94.0600118991299
-93.04199692501079
-91.18694995585163
-94.21600868979682
-93.03665026911874
-98.37356640010755
-94.87636452076545
-95.0776835360488
-99.59961102078914
-95.25983914269167
-97.16667992918106
-93.02606659190195
-98.37275770618541
-98.22430965231625
-93.01627878339886
-100.14986791495805
-99.87526988149843
-98.95737885572227
-98.02893545202704
-97.84133470838859
-95.92723101693853
-95.65219581278366
-96.4019393454402
-100.8076034737165
-99.15812689096262
-100.35102892077467
-99.64274908472682
-96.361801058478
-101.54570553736411
-96.0367756238739
-102.16621930404258
-101.28876371913213
-87.37589429346036
-102.15599246953033
-102.08194094022689
-94.09774261798407
-96.33078425313737
-94.76509674454311
-95.84917181324175
-97.86074813096103
-92.45590905842597
-97.39688000648279
-99.61397371681747
-97.97227168009347
-98.29321085915355
-93.46080261181116
-93.78064456687686
-98.98766302284152
-96.81379052074477
-99.69955509636347
-97.67313754236434
-97.62777056432263
-96.84795205470606
-95.28734609499418
-96.98142793558365
-100.41331382305295
-100.16616891579595
-97.61753457984331
-94.62709309666319
-101.14628882070357
-95.80629998543884
-102.4237372492676
-101.98954671827573
-105.96468510897587
-98.24886681457816
-99.64905593144631
-102.82259159656441
-97.94433792424203
-101.71984635880797
-99.09072151669633
-100.50031402506595
-103.47860427102738
-102.6020436718118
-94.83254868439982
-103.0628741205335
-96.66562234934057
-94.01917441732499
-98.73077680160792
-100.12435141335835
-95.91394640268476
-101.30836807271103
-101.53556139475862
-97.48769030631883
-102.25989554844165
-94.62185206449399
-98.03637755910175
-98.99650100557683
-100.7426106768325
-98.79549621495681
-99.6359407942687
-99.94606486121926
-100.04523177964148
-99.33803395905318
-101.55989035880887
-95.28513393327246
-100.78837397666521
-98.44839136469169
-98.73982345009613
-94.84231365351081
-100.11265835443457
-100.20120725854078
-101.17325142328579
-99.32584124976802
-99.36130994964056
-99.4497434621565
-102.4182024782993
-98.32369286607039
-104.78023372718779
-99.44586845736141
-96.53395520170098
-99.64811344203885
-98.3729598388594
-99.0373195950921
-97.06115749552674
-100.14240422726806
-96.31425065668884
-98.10302412505922
-96.90239102252062
-102.25294129321665
-103.7986179593246
-99.58828238995841
-100.43325396916254
-99.94466087686602
-101.41632230846831
-97.91947570991296
-99.85763598749153
-100.41747337704369
-95.8414091556133
-102.91709239557818
-99.46854714132405
-100.09290772334897
-102.92846501878034
-97.447772368969
-100.77053290638463
-92.31395171655863
-94.53148079925468
-101.33500132256125
-99.27609842765614
-92.13174062463783
-104.18900479786187
-100.85706270639304
-93.96608241512132
-99.79393219748333
-97.00719858020204
-102.58126258156324
-98.88275591309855
-99.53056187775242
-100.00684037709954
-97.76934305058022
-98.86234223083967
-102.23427148455082
-90.33825416735317
-100.2142604385152
-100.08703530885865
-93.84737459028112
-102.68845178061562
-105.02120289965761
-101.46409486155513
-99.0722515893235
-97.4186305832089
-99.67522254804027
-94.59618166903337
-100.5334877414443
-93.29653156088567
-101.84696855861712
-94.47152987977046
-101.76207522718275



The list of best values average 

-154.58976739016572-154.35611760383296-154.7797741145394-154.94370124312974-155.16583834123767-154.99348399443335-154.9246559637101-154.591944562247-155.0504443789416-155.31335946909144-155.2463613259896-155.22069185919952-155.23852251864247-155.41575459286042-155.36274455812617-155.1718310332808-155.29529182908007-155.30840511820054-155.45261770605467-155.38885025133067-155.2318386523031-155.34844389975262-155.45552919961622-155.3675307745212-155.28131689620517-155.47081940646214-155.58381472652277-155.6249665132071-155.6584779322368-155.72689975295228-155.386891966105-155.70455873824605-155.54919280682878-155.78642001333188-155.58630647809886-155.65204330146284-155.69251753850884-155.70843629125642-155.7556287773835-155.61489283801623-155.71374155560065-155.69161142416417-155.71396952517682-155.7216625256623-155.78521485307223-155.74575436178975-155.7288815819281-155.67603062935592-155.79823635434173-155.77015787808944-155.63116576116764-155.7681525982697-155.8034152964826-155.71512212861592-155.83905161454072-155.79579057745514-155.84592198765392-155.84163434306714-155.8003515852153-155.86979558971788-155.89005061566348-155.8372054148202-155.81322465310166-155.8527110787047-155.8865727888428-155.89325151100618-155.88843213151534-155.7928811800149-155.83940438275357-155.8575270078909-155.87784323734246-155.86798707512276-155.8342151009068-155.869465953995-155.89301417183492-155.89735961922221-155.93577612216262-155.90201454920557-155.88134823033215-155.94003740934392-155.9045578196205-155.78626803367743-155.86964538308607-155.8737421422826-155.95608321772434-155.89240423995432-155.90426003306848-155.9429646252143-155.88946968642-155.89436141999693-155.91780739325623-155.94020030879065-155.9230785626043-155.93373394541206-155.9517719249465-155.91414574918042-155.94556109577124-155.89979498161966-155.9534552169518-155.96848341142373-155.9655040428033-155.91766159555564-155.95805378327086-155.97582287388158-155.97120088499915-155.9591158121094-155.96903093357696-155.98271370613355-155.98849154178708-155.9689547695491-155.9824054508908-155.9907729815895-156.02842384645382-155.95465582829877-156.02816637995227-156.00905575476105-155.99336690268674-156.0016234802836-155.9880269782457-155.98128405243494-155.9737329843345-155.99058450885565-156.0045871557969-156.01618786699302-156.00969762578075-155.9658808834392-156.03238228024202-156.0100773396199-156.02843112302807-156.0149420039163-155.99509353655014-155.99567511547568-156.0165984743391-155.96289515454947-155.96219232089535-155.98976891078885-155.99788995402605-155.9690551484549-156.00548589025698-156.01714036425727-156.03220772558805-156.01058005658817-156.01967740043824-156.0081546539896-156.00973191707686-156.05610478098535-156.03957959669881-156.0420672102625-156.03464318621855-156.0411050470458-156.03101328229937-156.00327910448078-156.04208388415188-156.0279703230088-156.00577900710405-155.98690789526407-155.99383213165427-156.02086226039825-156.03853033242248-156.01492759876152-156.03463920395853-156.03291226928832-156.01509965965155-156.01100473276946-156.0046158281238-156.02475840988268-156.02559037876844-156.01571737016172-156.04379126094375-156.03237802627942-156.05405427794446-156.0467493987507-156.02651762432242-156.0521702247407-156.01972286347444-156.04184781018466-156.02205238526554-156.0479916553366-156.07122794106866-156.0224987458031-156.03845270337484-156.0361043374694-156.01713365537984-156.03040069793317-156.02319766478553-156.03590035538846-156.0452933859841-156.04309447960867-156.053679304664-156.0318073935889-156.0265124670947-156.00876542790832-156.02274778881724-156.000629706443-156.04727776415834-155.99080906419334-156.04986424623013-156.0738741524907-156.0247438079486-156.02217307400795