----------Report of simulation of Quantum Parallel Tempering - Population Annealing v1-----------
The number of considered Spin240
The considered Annealing Duration 120
The considered Annealing Number 100
The considered T 1.0
The considered Gamma0 1.0
The considered Number Of Replica 3
The considered Number Of System Tempering 3
The considered Number Of System Population 3
The solution found [-1.  1.  1.  1.  1.  1. -1. -1. -1. -1.  1.  1. -1.  1.  1.  1.  1.  1.
  1.  1.  1.  1.  1.  1.  1.  1. -1. -1.  1.  1. -1.  1.  1.  1. -1.  1.
  1.  1.  1. -1.  1.  1.  1.  1.  1.  1.  1.  1.  1.  1.  1. -1.  1.  1.
  1.  1.  1.  1.  1.  1. -1. -1. -1. -1. -1. -1. -1. -1. -1. -1. -1. -1.
 -1. -1.  1. -1. -1.  1. -1. -1. -1. -1. -1.  1. -1.  1. -1.  1. -1. -1.
 -1. -1. -1. -1. -1. -1. -1. -1. -1.  1. -1. -1. -1. -1. -1. -1. -1.  1.
  1. -1. -1.  1.  1.  1.  1.  1. -1.  1. -1. -1. -1.  1.  1. -1. -1.  1.
 -1.  1.  1. -1. -1. -1. -1. -1. -1. -1. -1. -1. -1. -1. -1. -1. -1. -1.
 -1. -1. -1. -1.  1.  1. -1.  1. -1. -1. -1. -1. -1. -1. -1. -1.  1.  1.
 -1. -1.  1. -1. -1.  1. -1. -1.  1. -1. -1. -1. -1. -1. -1. -1. -1. -1.
  1.  1.  1.  1. -1.  1.  1.  1.  1.  1.  1.  1.  1.  1.  1.  1.  1.  1.
  1.  1.  1.  1. -1. -1.  1.  1.  1.  1.  1.  1.  1.  1. -1.  1.  1.  1.
  1.  1. -1.  1.  1.  1.  1.  1.  1.  1.  1.  1.  1.  1.  1.  1.  1.  1.
  1.  1.  1. -1.  1.  1.]
The value found -1310.366713411583
The Success probability is 0.0
The average value is -1310.3649785155856
The total execution time is 16127.16439986229
The average time for execution is 161.27164291858674
The average time for all systems update is 1.3438102405865988
The average time for system tempering update is 0.1049035560687383
The average time for system population update is 12344.932330846786
The average time for replica update is 0.07463587459701079
The average time for spin update is 0.00031055584216467395
The list of values found 

-1310.3666259106326
-1310.3636667725495
-1310.3582849591867
-1310.3649026968233
-1310.3647871666512
-1310.3629180489265
-1310.3647332916157
-1310.3643777025568
-1310.3643051433555
-1310.3631689778194
-1310.3654575130186
-1310.3626671170146
-1310.3665747347404
-1310.3663909855354
-1310.3640181165824
-1310.3662278676188
-1310.3652747099513
-1310.3657972634114
-1310.3658392334733
-1310.3660948577203
-1310.366612816777
-1310.3651360976583
-1310.3654140692847
-1310.364843678969
-1310.364573235367
-1310.3647082055018
-1310.3657725978592
-1310.3648327812275
-1310.3657448291033
-1310.3630322689332
-1310.3667045663015
-1310.3653218005384
-1310.3644194393764
-1310.3632100109535
-1310.366553517758
-1310.3622595924826
-1310.366500255508
-1310.3643352710637
-1310.3657344922117
-1310.3606672689034
-1310.3632183448603
-1310.3633748866546
-1310.364219832974
-1310.3652867613196
-1310.366222038696
-1310.3666717197734
-1310.3639954953242
-1310.3662340570859
-1310.364962665196
-1310.3662042936307
-1310.3659259253213
-1310.3660452531644
-1310.3652169512784
-1310.3661584600222
-1310.3656718250768
-1310.3666197521075
-1310.3657694984686
-1310.3658843201652
-1310.3658877562043
-1310.3656399082124
-1310.365002246022
-1310.365793218984
-1310.3643822389267
-1310.3658821995518
-1310.3633112825705
-1310.3665589023312
-1310.3582495333344
-1310.366713411583
-1310.366151647111
-1310.3655509609794
-1310.366395724086
-1310.3630728406638
-1310.3614438885884
-1310.3654472229318
-1310.3640304362034
-1310.3666702849546
-1310.3630010734923
-1310.3648206143848
-1310.3666991228079
-1310.3665018240436
-1310.364504285224
-1310.3660154914392
-1310.3661276762032
-1310.366150899234
-1310.3665848410756
-1310.364532375807
-1310.3660838660148
-1310.3636976281023
-1310.366104922607
-1310.366696657548
-1310.3664166453786
-1310.364540330857
-1310.366271744534
-1310.3662837147353
-1310.3617993315997
-1310.3633477974076
-1310.363597648438
-1310.3647747734826
-1310.3650299458614
-1310.36591269894



The list of values first execution 

-738.7221611935579
-1031.760478765908
-1197.111726295485
-994.741678331487
-1206.8467390951648
-1143.5076642295662
-1207.166956605033
-1235.4659356051332
-1277.1934282008392
-1210.6787273329753
-1219.4934137095274
-1232.5212748099248
-1196.1586712564083
-1024.497420451093
-1223.0454693738423
-1189.8559616440175
-1214.7141160956655
-1230.3369426496195
-1255.094777464385
-1246.5563652391018
-1151.4728077849134
-1074.8916994148092
-1232.689355546429
-1254.2642822557723
-1249.2470748234018
-1239.21167173584
-1244.2234013128152
-1238.5818108714725
-1270.1273840402848
-1263.1349278905736
-1236.6408736889957
-1251.7697460205407
-1230.007663579162
-1241.2748475752016
-1235.0783954138617
-1257.1331798815004
-1250.0225332350235
-1262.920799442598
-1255.9068986532418
-1216.6461765831368
-1244.8782349920232
-1260.3495467067314
-1278.7716435938553
-1237.866631496607
-1255.0819197405751
-1244.0309100097534
-1219.7277779744918
-1268.5487608429362
-1217.3829712182292
-994.9613840282925
-1092.4178364432723
-1218.775805002797
-1227.6449527075065
-1248.6632446545436
-1252.6014900026555
-1263.738801598595
-1030.2414067980155
-1225.7929489845892
-1233.7637017822663
-1270.5213133363036
-1246.0159112030042
-1274.9352498061485
-1251.5105003674169
-1271.6832721642868
-1227.3886044666663
-1061.1581682974534
-1248.6633167469113
-1254.055769266859
-1036.5190642020846
-1277.1782814739183
-1244.7217067239371
-1271.26829281706
-1231.9832381925535
-1253.9499580240395
-1238.1212467040816
-1200.163744860443
-1278.4773607749962
-1210.4546702296175
-1250.3815001752419
-1207.6034418219253
-1181.4683795700241
-1178.7256892215557
-1262.6121480820811
-1245.9152441524184
-1251.0992665697795
-1257.5677410964897
-1232.777216096848
-1257.0331426608884
-1271.5378812411598
-1259.9149761997605
-1240.0586356589836
-1258.5793766538054
-1265.1328323123296
-1270.2668092520062
-1243.2965098522834
-1271.4428579427693
-1252.6174297120056
-1069.816002157422
-1270.5952686453252
-1280.0842575473507
-1027.1724985688934
-1265.4279148759206
-1208.447096948175
-1081.2784366901262
-1269.3494564439657
-1242.2598118774697
-1278.7648986140007
-1248.837732223737
-1276.31840264106
-1248.7224539271879
-1252.2378347250549
-1260.1296660725707
-1279.1452106422628
-1248.1498853894898
-1274.5773248007936
-1265.5841125063653
-1272.2144422462957
-1255.192387359223
-1236.805452845375
-1238.874654375448



The list of best values first execution 

-1298.7270393402346
-1310.34837253643
-1310.1910433519752
-1310.2189895477968
-1308.4943613036676
-1310.2270408856698
-1310.3166119792131
-1308.475456485914
-1309.6580090107368
-1310.1945306257617
-1309.9132778430194
-1310.2653596394734
-1307.6706088789879
-1308.4291662236092
-1310.0249076548316
-1309.130773863195
-1310.222593081569
-1310.3666259106326
-1310.3387055976596
-1309.0289685389926
-1306.494201643187
-1310.2982230057733
-1310.3200824895353
-1308.811259807886
-1310.157445363453
-1310.118898022161
-1310.3289956940544
-1310.1465266375703
-1310.3097572560196
-1310.283373704412
-1309.1592239500415
-1310.1417560134673
-1308.1033581844122
-1310.2642615886366
-1310.1617649129735
-1310.2707699145526
-1307.3721712146557
-1309.8151673098027
-1310.2108841871186
-1310.265210104813
-1309.9053854889826
-1309.9620725351456
-1310.1380262929779
-1310.097181674293
-1310.1704700945106
-1309.7117845178796
-1310.1535993118491
-1310.1654349786163
-1309.9382875205515
-1309.8366036477846
-1310.2687264767742
-1309.8757331892193
-1310.2121807858757
-1310.234404799332
-1308.0117708544149
-1310.328099491992
-1310.1078467617358
-1310.1624451920761
-1310.1349068632903
-1310.2529705589764
-1310.2998641266831
-1309.9086121412874
-1310.1061529523613
-1309.3499289565848
-1310.0611114816638
-1310.1226357456571
-1306.597832374829
-1310.348470892884
-1309.335181360048
-1309.4763375139783
-1310.3226651097098
-1309.9200362364004
-1310.130461631613
-1310.2285917541158
-1310.3464109589154
-1310.3309151640105
-1309.8705856503261
-1309.8975345054719
-1310.2117214328428
-1308.6452277344797
-1310.2435429087113
-1310.3659520457877
-1309.8975873750514
-1310.3367240271477
-1310.210332398372
-1310.2804608178571
-1310.3563857064933
-1310.3655494953223
-1310.1532110094936
-1310.3207504399093
-1310.356133152232
-1310.220520307732
-1310.3223905348855
-1310.3607613259037
-1310.2611349380118
-1310.3031794751691
-1310.3479137432178
-1309.509331146824
-1310.0401716769534
-1309.7539916413816
-1308.7011467189554
-1309.2779021434317
-1310.3340418713437
-1310.1570861613982
-1310.3332064513907
-1310.1729553514274
-1309.3170761323945
-1309.9930204966809
-1309.6302185995987
-1309.8355187731822
-1310.3594326324733
-1310.3189260031304
-1309.9858960831807
-1310.0693344241822
-1309.8625681967974
-1309.925140720538
-1309.8195832641786
-1310.0873565797406
-1309.7204934707565
-1310.0710249330336



The list of values average 

-951.2012135090354
-967.8768963966501
-1125.8243645814077
-1156.0127201330565
-1182.7834421689336
-1211.094382562595
-1214.9702646984929
-1218.4637933187266
-1219.6712834403872
-1215.021249251528
-1244.1665358462176
-1233.6396824441517
-1232.1588908426618
-1238.5152417027282
-1228.3437556295567
-1237.4684541053555
-1242.027897129101
-1235.7376028306608
-1235.4581963014043
-1236.934801267705
-1244.5112497274667
-1247.7568092335052
-1238.900999601435
-1244.2412603921025
-1236.0567869197753
-1238.6442362484743
-1234.254883118104
-1240.15566720664
-1240.3344142320975
-1242.4745478870755
-1243.6658515295558
-1244.9447343161128
-1244.6117907114963
-1236.0242080284554
-1249.8852038573884
-1250.3127942302401
-1246.9377057060785
-1249.8103837782367
-1253.1710970544698
-1247.118942853002
-1248.2686486474704
-1252.8436533390661
-1245.0109760244497
-1257.204624789303
-1249.7157842916176
-1254.4858685603838
-1250.7337494249557
-1256.945520208451
-1253.9339869598775
-1254.379989655007
-1246.8034321642376
-1252.9380614856125
-1255.5146498571298
-1243.9346383130585
-1249.0363397585386
-1250.484839400633
-1244.506818428312
-1249.8249980429885
-1251.866224380732
-1244.35372991005
-1251.0872127957593
-1248.8261883751527
-1252.6597233613704
-1242.1187295379877
-1253.3452188093788
-1252.4243796298992
-1249.7750524288174
-1250.0456695651055
-1253.909076265628
-1255.8909421713092
-1249.1962254354119
-1248.6227603068737
-1247.120024926218
-1249.0069377848183
-1246.7863742648121
-1247.6395320595077
-1254.157342858864
-1253.3185394421164
-1248.0452798521826
-1238.7343932852286
-1246.2242832145564
-1244.841949828203
-1249.6383332736252
-1254.4249929757952
-1243.169593562125
-1243.5317779342688
-1259.9567087677192
-1247.4059586478356
-1246.2477608750353
-1255.4322222981036
-1253.535944207753
-1248.3630227324106
-1250.069257151553
-1237.8421745445396
-1250.861351470373
-1250.3550059853185
-1242.6174197648622
-1254.6703639350073
-1257.0061498157886
-1255.6081826959744
-1255.0742158158018
-1252.5145263568343
-1252.2728800067769
-1247.9524432401836
-1242.795928127832
-1255.021792745034
-1251.90016681379
-1245.4429581112815
-1255.9645681065217
-1253.8062567591387
-1249.4949979352514
-1248.4106122761475
-1250.5906914946452
-1245.6933046499519
-1248.8949147636276
-1246.2248890368053
-1246.5938791432482
-1249.826846944855
-1257.067830375558
-1244.883645144657



The list of best values average 

-1307.9408112132285-1306.92190077707-1308.6104518589516-1308.5682077755685-1308.6285658764882-1309.2024003855256-1308.861131847079-1309.514280473046-1309.390190955254-1309.1417480308435-1309.4125684357168-1309.4338036207664-1309.6822830985623-1309.3125234696058-1309.5834320993329-1309.5530288033192-1309.5599063441475-1309.7625116207398-1309.6858151521058-1309.4414115759716-1309.7087329850328-1309.5428612368794-1309.8153742648976-1309.7500546506342-1309.729298757481-1309.8960331052708-1309.7107577104978-1309.747842722545-1309.8728715497339-1309.7962103297145-1309.931683369344-1309.9049201514604-1309.7764334639057-1309.8899726302552-1309.819670262796-1309.903440490237-1309.8897096419573-1309.9144361564277-1310.0954646518971-1309.9300610403836-1309.946733280717-1310.0081575743284-1310.0586487718888-1310.022119872148-1310.071935059975-1310.035352685875-1310.0956292029014-1310.0371968907132-1310.107835282707-1310.122669241913-1310.0075723721338-1310.0457451279296-1310.103093694978-1310.0910192859426-1310.049706059995-1310.0786640813712-1310.12724824216-1310.1764150644933-1310.060528148879-1310.1561100187175-1310.0932152433652-1310.1089652381822-1310.177545853061-1310.1491461230257-1310.1446920426176-1310.0330868837023-1310.1133971989286-1310.0959012523738-1310.1373205494933-1310.0965691314098-1310.1258575311208-1310.2030217077604-1310.1221492668376-1310.134759202465-1310.1235187561472-1310.1238104528888-1310.1148468357082-1310.1602857046637-1310.1536924498032-1310.1723509558685-1310.1613156338863-1310.1285938116478-1310.1357705584896-1310.1916862464159-1310.1431122278186-1310.1447539194744-1310.1346128874225-1310.1437328730913-1310.1595410252885-1310.1786870715239-1310.133757394707-1310.1985037153036-1310.0951930610026-1310.1708731037643-1310.1583120260168-1310.1723203750291-1310.2032561660108-1310.1775427370767-1310.171028334479-1310.2061224516865-1310.1115678667143-1310.1611239380431-1310.1700533451058-1310.1943183254214-1310.1994729285007-1310.1522408896396-1310.1671388744155-1310.1170517108692-1310.1966444582422-1310.1863170581155-1310.1934309322207-1310.2146419743467-1310.1688763265067-1310.197035132156-1310.1967539411366-1310.1978043782708-1310.2018047184404-1310.1737405765034-1310.1563392353344-1310.225417434758