----------Report of simulation of Path Integral Quantum Monte Carlo-----------
The number of considered Spin 54
The considered Annealing Duration 216
The considered Annealing Number 100
The considered T 1.0
The considered Gamma0 1.0
The considered Number Of Replica 18
The solution found [-1 -1  1 -1  1 -1 -1 -1 -1 -1 -1 -1 -1 -1 -1 -1 -1 -1 -1 -1 -1 -1 -1 -1
 -1 -1 -1 -1  1 -1 -1  1 -1 -1 -1 -1 -1 -1 -1 -1 -1 -1 -1 -1 -1 -1 -1 -1
 -1 -1  1 -1 -1  1]
The value found 56.0
The Success probability is 0.0
The average value is 81.63
The total execution time is 320.44321751594543
The average time for execution is 3.204430298805237
The average time for system update is 0.014803238643540276
The average time for replica update is 0.0008221902934366784
The average time for spin update is 1.5005026636663652e-05
The list of values found 

87.0
119.0
66.0
103.0
58.0
57.0
87.0
96.0
71.0
72.0
94.0
65.0
96.0
95.0
88.0
80.0
89.0
73.0
103.0
97.0
58.0
111.0
96.0
89.0
95.0
87.0
88.0
88.0
74.0
66.0
80.0
80.0
74.0
66.0
89.0
79.0
73.0
81.0
89.0
65.0
101.0
90.0
73.0
80.0
64.0
74.0
80.0
79.0
96.0
95.0
94.0
58.0
56.0
72.0
88.0
64.0
88.0
66.0
73.0
65.0
95.0
89.0
95.0
66.0
72.0
58.0
80.0
95.0
95.0
80.0
72.0
72.0
79.0
66.0
95.0
57.0
79.0
89.0
103.0
65.0
81.0
88.0
81.0
111.0
72.0
95.0
111.0
96.0
66.0
104.0
79.0
95.0
74.0
64.0
94.0
71.0
103.0
57.0
81.0
58.0



The list of values first execution 

608.4444444444445
1187.888888888889
533.8888888888889
835.2222222222222
545.8333333333334
722.2777777777778
519.4444444444445
639.8333333333334
523.0555555555555
600.5
526.6666666666666
541.9444444444445
552.5
528.7777777777778
527.5
540.3333333333334
550.5555555555555
498.44444444444446
522.1666666666666
469.94444444444446
558.0555555555555
440.94444444444446
551.8888888888889
452.22222222222223
549.6666666666666
440.5
557.2777777777778
480.3888888888889
546.5
465.0
541.3888888888889
487.77777777777777
494.6666666666667
492.44444444444446
484.94444444444446
512.4444444444445
462.6666666666667
518.2777777777778
473.3333333333333
548.6111111111111
453.1111111111111
516.4444444444445
456.3888888888889
503.72222222222223
469.72222222222223
507.0
472.27777777777777
513.1111111111111
447.6111111111111
511.6666666666667
446.3888888888889
531.8888888888889
434.0
552.9444444444445
458.8888888888889
500.44444444444446
497.77777777777777
482.8888888888889
485.94444444444446
488.8888888888889
496.77777777777777
452.6111111111111
532.1666666666666
448.72222222222223
500.6111111111111
457.8888888888889
496.0
428.5
519.3888888888889
480.44444444444446
498.27777777777777
490.1666666666667
519.5555555555555
460.55555555555554
487.6111111111111
475.05555555555554
496.27777777777777
487.3888888888889
497.3888888888889
473.8888888888889
470.5
472.55555555555554
489.3333333333333
476.22222222222223
491.6111111111111
481.1666666666667
505.72222222222223
452.1111111111111
489.72222222222223
483.6666666666667
459.72222222222223
511.94444444444446
473.05555555555554
504.6111111111111
468.6111111111111
525.4444444444445
489.27777777777777
460.55555555555554
511.72222222222223
469.22222222222223
497.05555555555554
489.6111111111111
499.72222222222223
498.22222222222223
464.3888888888889
496.6111111111111
467.6111111111111
522.0555555555555
484.1111111111111
531.2777777777778
488.6666666666667
473.27777777777777
490.1666666666667
465.72222222222223
492.72222222222223
481.6111111111111
474.72222222222223
470.72222222222223
500.6666666666667
476.77777777777777
468.5
484.55555555555554
464.3333333333333
498.1111111111111
468.3333333333333
504.72222222222223
448.77777777777777
487.6111111111111
451.3888888888889
466.5
475.72222222222223
497.3333333333333
489.77777777777777
458.3333333333333
488.77777777777777
471.8333333333333
503.94444444444446
480.8333333333333
491.3888888888889
446.8333333333333
521.6111111111111
487.5
524.5555555555555
480.94444444444446
501.1666666666667
529.1666666666666
497.1666666666667
500.05555555555554
485.55555555555554
469.05555555555554
472.22222222222223
463.3888888888889
510.5
445.55555555555554
533.1666666666666
452.1666666666667
501.72222222222223
473.6111111111111
496.0
488.5
469.0
481.3888888888889
478.8333333333333
502.94444444444446
460.44444444444446
476.5
459.3888888888889
478.72222222222223
468.3333333333333
508.55555555555554
448.22222222222223
521.2777777777778
430.6666666666667
503.44444444444446
486.22222222222223
505.5
473.44444444444446
507.27777777777777
472.05555555555554
503.8333333333333
456.1666666666667
513.1111111111111
454.3333333333333
489.8888888888889
463.8888888888889
506.0
449.55555555555554
488.8333333333333
459.8888888888889
488.05555555555554
480.1666666666667
461.5
504.8888888888889
446.1666666666667
505.94444444444446
463.8333333333333
517.3888888888889
460.8888888888889
543.3888888888889
456.3888888888889
488.8333333333333
492.55555555555554
485.05555555555554
459.3333333333333
516.7777777777778
436.55555555555554
516.0555555555555
444.77777777777777
503.1666666666667
429.94444444444446
534.4444444444445
467.3888888888889
505.77777777777777
482.72222222222223
515.4444444444445
489.77777777777777



The list of best values first execution 

235.0
628.0
212.0
282.0
181.0
283.0
314.0
336.0
235.0
304.0
250.0
282.0
243.0
141.0
134.0
173.0
236.0
189.0
259.0
174.0
306.0
189.0
297.0
236.0
322.0
182.0
229.0
134.0
158.0
156.0
252.0
165.0
299.0
314.0
329.0
267.0
228.0
282.0
182.0
204.0
142.0
212.0
189.0
235.0
260.0
228.0
274.0
212.0
290.0
204.0
221.0
220.0
141.0
173.0
95.0
164.0
159.0
158.0
212.0
204.0
197.0
166.0
274.0
134.0
219.0
196.0
180.0
243.0
321.0
197.0
220.0
243.0
158.0
196.0
266.0
228.0
235.0
251.0
306.0
289.0
258.0
220.0
259.0
189.0
219.0
188.0
158.0
143.0
306.0
197.0
197.0
275.0
173.0
203.0
212.0
149.0
143.0
135.0
189.0
173.0
181.0
173.0
87.0
166.0
243.0
298.0
235.0
236.0
165.0
188.0
181.0
165.0
219.0
197.0
244.0
266.0
250.0
205.0
180.0
260.0
290.0
275.0
275.0
298.0
235.0
281.0
220.0
243.0
133.0
250.0
211.0
166.0
212.0
197.0
188.0
220.0
128.0
112.0
188.0
212.0
141.0
104.0
173.0
181.0
111.0
119.0
150.0
181.0
219.0
227.0
236.0
283.0
150.0
180.0
275.0
220.0
166.0
173.0
181.0
135.0
174.0
150.0
244.0
181.0
196.0
236.0
283.0
290.0
235.0
196.0
258.0
297.0
235.0
112.0
173.0
190.0
205.0
166.0
251.0
213.0
236.0
173.0
149.0
166.0
174.0
119.0
205.0
266.0
181.0
164.0
220.0
182.0
243.0
228.0
299.0
212.0
251.0
119.0
103.0
157.0
180.0
142.0
142.0
197.0
243.0
220.0
235.0
251.0
212.0
166.0
251.0
174.0
134.0
89.0
173.0
158.0



The list of values average 

610.7377777777779
1158.9250000000002
593.881111111111
802.826111111111
586.4177777777778
660.1266666666667
564.8816666666665
594.5405555555554
541.5922222222222
556.9516666666665
530.6949999999999
533.225
521.0894444444444
521.4272222222222
513.7727777777776
510.92277777777764
509.97055555555534
502.78444444444455
502.1538888888889
501.0283333333332
501.7005555555557
497.38666666666654
500.17055555555567
495.9799999999999
498.9288888888891
496.00722222222214
499.9122222222221
496.38777777777784
494.185
499.21277777777766
488.2555555555555
496.33500000000004
490.30555555555566
496.23055555555544
489.67499999999995
497.6555555555556
485.63944444444434
498.2783333333333
485.85666666666657
491.6477777777777
490.11333333333323
492.65166666666676
489.55166666666656
490.46722222222223
491.64000000000004
488.5366666666667
490.29888888888894
488.0622222222222
493.10944444444465
485.832222222222
491.5616666666668
488.2488888888888
492.5988888888889
484.87777777777774
491.81555555555553
482.04499999999996
496.42666666666673
478.2711111111109
498.88611111111084
478.3694444444443
496.9166666666665
478.4838888888889
495.9544444444444
484.48555555555566
492.9916666666665
488.06444444444475
493.5211111111111
486.7122222222223
493.56555555555565
483.54333333333324
494.4366666666664
487.1244444444443
489.72999999999985
488.93555555555554
487.91777777777776
490.72833333333324
484.237777777778
497.3972222222223
480.64833333333326
497.4872222222222
480.5433333333333
499.49777777777797
480.76555555555547
501.6455555555554
477.871111111111
498.55444444444447
480.5283333333334
497.4716666666666
479.33111111111117
495.2694444444445
478.34277777777777
493.72388888888895
478.20166666666665
497.99388888888893
477.9000000000002
495.70166666666654
483.48722222222233
487.4166666666666
488.3905555555555
484.7105555555556
489.40444444444444
481.6344444444444
492.96666666666664
481.9472222222221
492.7000000000002
482.7633333333334
490.9694444444443
481.19944444444445
492.11888888888893
481.18777777777785
494.07666666666677
479.2516666666667
495.43000000000023
477.93555555555565
496.1527777777778
475.65388888888873
493.9888888888888
478.7111111111111
492.515
480.6694444444444
491.5855555555557
486.285
490.4727777777776
484.4500000000001
487.83000000000015
483.3083333333331
485.1594444444442
487.99499999999995
484.7933333333334
486.9605555555555
486.46888888888896
488.13666666666654
484.24500000000006
488.8166666666669
486.7777777777776
487.92611111111114
483.5077777777776
488.806111111111
484.7727777777777
485.9033333333334
484.26111111111095
488.33277777777806
481.2177777777779
491.50000000000006
481.8538888888888
489.78222222222234
484.36166666666674
487.62333333333345
482.34333333333353
490.126111111111
483.88944444444456
487.5822222222221
483.3983333333337
486.4294444444446
483.7955555555555
486.44777777777784
483.95333333333286
489.6394444444444
483.5800000000002
488.4227777777778
484.44500000000033
489.0327777777777
480.48944444444453
490.3938888888889
479.9255555555558
488.0277777777778
483.8122222222225
486.22611111111104
485.5505555555553
486.07999999999987
486.3166666666666
484.7299999999998
486.71111111111105
487.4627777777777
487.4511111111111
485.5444444444443
486.7394444444444
481.34388888888884
487.0933333333331
480.33722222222224
487.06277777777774
481.1805555555557
488.97777777777765
479.3888888888889
491.8711111111112
480.3399999999998
488.1172222222224
481.848888888889
490.09166666666675
481.3716666666666
489.6716666666665
479.93166666666673
488.6438888888888
482.1877777777776
487.70777777777795
485.3349999999998
485.43055555555566
485.46999999999997
485.25333333333344
486.42388888888865
481.5833333333335
486.4811111111112
481.5588888888889
487.0361111111111
482.33777777777766
487.87000000000023
479.34388888888884
487.7783333333332
480.0311111111111
487.09888888888867
482.37611111111113
487.5444444444444
480.45666666666665
487.3038888888889
483.0616666666666
484.3083333333334



The list of best values average 

269.01000000000005
552.7200000000003
250.31
360.90999999999997
265.99000000000007
307.81999999999994
269.9700000000001
283.85
256.32
255.69000000000003
246.44999999999996
250.49000000000007
238.71999999999994
233.9799999999999
232.01000000000013
223.07000000000005
217.28999999999996
224.25000000000003
221.13
210.26000000000008
217.66999999999996
225.8299999999998
221.55
210.16000000000003
211.37000000000003
218.49999999999994
210.43
212.0999999999999
216.9
213.77999999999994
211.03
211.08999999999995
202.27
203.45000000000005
202.45999999999998
212.3000000000001
196.48000000000002
203.79999999999993
202.23000000000002
212.79000000000002
206.66999999999996
201.0799999999999
215.70999999999995
200.93000000000006
209.5400000000001
200.11
211.14000000000007
197.39
205.23
202.67000000000004
197.33
205.54000000000008
204.13000000000005
202.32999999999993
204.32999999999993
200.88999999999993
205.13000000000008
202.66999999999996
209.21
191.09999999999994
202.72999999999996
199.68000000000004
210.33999999999995
203.43999999999997
207.29999999999998
194.19999999999996
204.84000000000003
207.38000000000002
211.26999999999998
203.5600000000001
206.67999999999998
214.89999999999984
208.35
208.42999999999998
204.81
210.34
194.01000000000002
206.38999999999993
203.20999999999995
210.3100000000001
200.58000000000004
208.79
198.14
201.16
197.64000000000004
206.38999999999996
192.4699999999999
205.66
206.02
207.29999999999993
201.35000000000005
210.10000000000002
190.55
206.02999999999997
196.27999999999994
205.55
198.9799999999999
199.84999999999997
212.99
199.83999999999995
202.37000000000003
205.42000000000002
210.59999999999997
198.69999999999996
208.5800000000001
204.29999999999987
209.7
209.25000000000006
203.54000000000002
196.27000000000004
214.79999999999993
199.15000000000003
202.9700000000001
195.40000000000003
217.22999999999996
198.10999999999993
212.18000000000004
199.64
214.04000000000002
200.52
199.17999999999998
195.97999999999988
199.3400000000001
200.63000000000005
204.48999999999998
212.24000000000007
210.65
205.35999999999996
210.70999999999995
200.98999999999998
204.04
204.74999999999997
201.97000000000006
203.49
198.55999999999995
197.65
197.20999999999998
205.88
199.97000000000006
198.62999999999997
200.57999999999998
201.6899999999999
200.4399999999999
214.46000000000004
200.15999999999997
198.24000000000004
201.0199999999999
203.79000000000002
206.8
214.45999999999998
205.76000000000002
213.93000000000004
213.5099999999999
207.9800000000001
205.50000000000006
208.84999999999988
204.63999999999996
210.52000000000004
207.39999999999995
205.94999999999996
204.19
209.53000000000006
207.42
201.97999999999993
204.1900000000001
206.32999999999998
211.27000000000004
203.03999999999996
204.76999999999992
199.59999999999994
204.0
204.09999999999997
208.5099999999999
204.81
202.0800000000001
201.78
204.44000000000003
201.49999999999991
201.45000000000007
198.1799999999999
206.25999999999993
201.94999999999996
201.80999999999995
194.7700000000001
201.52000000000004
205.23000000000002
206.65999999999994
198.90000000000018
205.24000000000004
195.33000000000004
213.04
203.21999999999989
210.41000000000003
201.80999999999995
211.20999999999995
203.4099999999999
211.36000000000007
197.58999999999995
207.4
210.31999999999996
209.48
211.14
202.89999999999995
212.85000000000005
206.20000000000007
205.72000000000006
207.50999999999993
210.84
201.49
212.47000000000003
206.83999999999997
203.4600000000001
202.6599999999999
206.01999999999998
197.45000000000007
211.92000000000002
