----------Report of simulation of Path Integral Quantum Monte Carlo-----------
The number of considered Spin 37
The considered Annealing Duration 148
The considered Annealing Number 100
The considered T 1.0
The considered Gamma0 1.0
The considered Number Of Replica 18
The solution found [-1 -1 -1 -1 -1  1 -1 -1 -1 -1 -1 -1 -1 -1  1 -1 -1 -1 -1 -1  1  1 -1 -1
 -1 -1 -1 -1 -1 -1 -1  1 -1 -1 -1  1 -1]
The value found 31.0
The Success probability is 0.01
The average value is 35.44
The total execution time is 106.17561864852905
The average time for execution is 1.0617547488212586
The average time for system update is 0.007147100567817688
The average time for replica update is 0.00039685798031431776
The average time for spin update is 1.0511934292818585e-05
The list of values found 

34.0
33.0
46.0
33.0
41.0
33.0
31.0
34.0
32.0
33.0
41.0
32.0
35.0
41.0
33.0
32.0
33.0
33.0
32.0
40.0
32.0
34.0
34.0
33.0
34.0
33.0
41.0
33.0
35.0
41.0
33.0
33.0
34.0
32.0
41.0
34.0
39.0
33.0
34.0
39.0
33.0
34.0
40.0
32.0
33.0
33.0
34.0
35.0
33.0
41.0
33.0
41.0
41.0
34.0
41.0
32.0
40.0
41.0
40.0
32.0
34.0
42.0
34.0
40.0
40.0
35.0
33.0
35.0
33.0
33.0
33.0
32.0
33.0
33.0
34.0
33.0
34.0
33.0
32.0
34.0
40.0
35.0
41.0
32.0
33.0
34.0
40.0
32.0
41.0
41.0
39.0
32.0
41.0
40.0
33.0
34.0
42.0
32.0
32.0
33.0



The list of values first execution 

282.8888888888889
507.1111111111111
277.0
380.27777777777777
265.94444444444446
323.3333333333333
235.5
300.6666666666667
240.27777777777777
260.22222222222223
238.94444444444446
282.3888888888889
213.5
292.6666666666667
214.11111111111111
280.72222222222223
222.16666666666666
258.27777777777777
253.11111111111111
239.55555555555554
250.0
216.55555555555554
275.3333333333333
212.66666666666666
257.8888888888889
223.94444444444446
252.61111111111111
227.94444444444446
255.83333333333334
242.33333333333334
243.77777777777777
234.0
253.11111111111111
226.88888888888889
260.72222222222223
244.72222222222223
230.94444444444446
235.16666666666666
217.83333333333334
222.88888888888889
230.05555555555554
248.33333333333334
214.94444444444446
236.72222222222223
210.05555555555554
259.72222222222223
208.88888888888889
260.94444444444446
209.83333333333334
265.05555555555554
233.61111111111111
272.44444444444446
202.72222222222223
257.94444444444446
207.0
253.55555555555554
212.77777777777777
259.3333333333333
221.72222222222223
219.83333333333334
239.44444444444446
221.11111111111111
253.05555555555554
218.22222222222223
259.94444444444446
210.88888888888889
278.3333333333333
188.44444444444446
272.77777777777777
219.38888888888889
230.77777777777777
216.55555555555554
245.22222222222223
212.44444444444446
245.16666666666666
212.11111111111111
264.1666666666667
208.0
261.77777777777777
225.0
273.22222222222223
212.66666666666666
255.16666666666666
246.11111111111111
210.72222222222223
258.44444444444446
234.5
244.11111111111111
216.83333333333334
237.83333333333334
219.38888888888889
239.88888888888889
212.83333333333334
245.83333333333334
215.61111111111111
233.94444444444446
224.16666666666666
263.0
214.11111111111111
239.16666666666666
202.27777777777777
229.94444444444446
205.77777777777777
240.5
208.27777777777777
238.0
193.72222222222223
240.66666666666666
217.38888888888889
220.11111111111111
228.44444444444446
227.72222222222223
229.5
212.72222222222223
233.38888888888889
199.11111111111111
233.77777777777777
196.94444444444446
249.16666666666666
194.61111111111111
257.27777777777777
212.44444444444446
238.88888888888889
206.61111111111111
231.38888888888889
232.44444444444446
222.5
228.05555555555554
228.11111111111111
218.38888888888889
215.66666666666666
214.83333333333334
230.22222222222223
208.72222222222223
226.44444444444446
224.88888888888889
218.88888888888889
224.27777777777777
200.0
254.94444444444446
225.38888888888889
261.44444444444446
226.16666666666666
242.61111111111111
250.38888888888889
216.0
243.16666666666666
231.55555555555554



The list of best values first execution 

87.0
186.0
86.0
124.0
100.0
62.0
132.0
148.0
87.0
101.0
126.0
70.0
78.0
63.0
93.0
72.0
111.0
87.0
95.0
79.0
125.0
101.0
141.0
80.0
64.0
49.0
64.0
72.0
50.0
80.0
63.0
102.0
117.0
87.0
65.0
95.0
56.0
109.0
79.0
94.0
72.0
57.0
79.0
64.0
64.0
117.0
80.0
72.0
71.0
65.0
50.0
88.0
96.0
111.0
88.0
85.0
64.0
111.0
87.0
86.0
86.0
64.0
111.0
57.0
86.0
34.0
41.0
41.0
41.0
79.0
88.0
72.0
119.0
103.0
124.0
49.0
102.0
78.0
80.0
72.0
34.0
56.0
63.0
63.0
34.0
64.0
49.0
64.0
80.0
71.0
71.0
102.0
63.0
72.0
63.0
71.0
57.0
95.0
48.0
94.0
48.0
63.0
72.0
110.0
93.0
79.0
86.0
102.0
110.0
64.0
41.0
57.0
41.0
34.0
57.0
64.0
41.0
47.0
80.0
57.0
71.0
71.0
95.0
85.0
87.0
72.0
78.0
56.0
80.0
79.0
132.0
79.0
64.0
47.0
79.0
64.0
87.0
71.0
55.0
56.0
50.0
50.0
64.0
87.0
95.0
79.0
71.0
56.0



The list of values average 

287.17222222222216
527.7149999999999
280.0688888888889
366.17999999999984
278.36277777777775
304.7544444444445
262.93944444444423
278.68777777777774
254.0516666666667
261.20388888888886
248.03888888888892
251.94388888888895
243.65277777777783
246.92388888888888
241.525
242.495
240.94944444444434
238.76055555555547
240.5727777777779
236.7683333333334
240.99833333333336
235.3000000000001
239.17222222222227
236.4438888888889
238.3461111111111
234.45166666666674
235.18944444444452
232.93611111111107
235.38444444444448
232.65555555555545
236.04333333333335
232.45222222222225
234.8427777777777
232.69833333333327
232.5227777777778
229.7711111111112
232.72833333333335
229.0744444444444
230.38999999999987
228.1638888888889
230.64888888888882
230.15888888888892
227.13388888888886
230.78444444444432
228.7577777777778
228.53666666666663
229.55166666666662
231.1605555555555
229.94500000000005
231.24333333333337
228.7666666666666
230.05
228.27944444444438
230.57611111111117
230.8344444444444
229.98222222222222
229.86944444444455
230.69777777777776
228.59666666666664
228.61944444444438
230.1055555555556
227.08555555555557
230.0988888888889
227.82111111111107
228.51111111111112
228.65555555555542
228.26611111111114
228.04388888888892
230.04611111111112
227.5011111111111
228.19777777777773
227.5883333333333
228.24666666666656
225.31000000000006
228.3677777777778
226.00222222222217
228.8155555555555
225.7461111111111
228.78833333333347
227.19499999999996
227.91777777777787
225.6577777777778
230.33166666666668
225.4711111111111
228.6672222222223
226.65555555555557
228.2116666666666
225.5666666666666
225.0577777777778
228.23277777777773
224.73388888888894
225.5483333333333
225.22722222222237
224.75944444444448
224.73000000000002
225.5722222222223
225.3233333333333
227.93444444444444
223.32555555555558
227.77611111111113
224.07388888888903
227.38388888888883
223.93333333333325
228.2294444444444
224.0238888888889
227.02111111111114
223.55055555555555
228.18666666666655
221.84777777777776
226.6705555555556
223.28222222222226
228.79555555555564
223.80999999999997
226.04222222222225
225.25666666666672
223.9422222222221
225.5516666666666
224.4877777777777
225.08000000000004
223.2972222222222
225.1277777777778
223.45777777777772
223.42055555555555
223.43499999999997
223.56722222222223
223.70777777777775
224.4683333333334
223.6000000000001
225.53944444444446
222.0233333333334
226.72222222222211
221.62
225.19833333333332
221.69000000000005
223.53888888888886
223.95666666666665
221.65611111111107
224.37111111111113
222.87388888888873
222.76111111111112
225.35499999999996
221.27222222222227
227.09277777777766
221.52833333333322
225.54222222222222
221.94111111111107
224.59444444444446
223.29333333333335



The list of best values average 

102.06999999999995
228.75000000000006
101.45
145.70999999999995
109.27999999999997
128.07000000000002
110.93999999999998
112.65000000000002
108.46999999999998
107.85999999999996
98.73000000000003
102.44000000000003
98.43
95.86000000000004
92.65999999999997
87.96000000000001
94.75999999999998
92.71000000000004
95.53
89.49000000000002
88.59999999999997
86.1
87.74999999999999
83.72000000000003
85.66999999999999
86.54000000000002
86.22
87.66000000000001
88.08
82.56000000000003
87.88
82.63000000000002
87.36
82.73999999999995
82.24999999999999
82.99
82.25000000000001
83.39000000000004
84.73
88.99
84.35000000000001
87.10000000000005
82.94000000000003
81.42000000000002
85.62000000000003
86.72000000000001
84.96000000000001
83.62999999999998
79.36000000000004
83.87000000000002
81.3
86.13999999999999
84.41000000000003
82.22000000000004
86.81000000000002
84.77000000000004
80.55
84.07000000000002
81.17000000000003
78.26999999999998
80.96000000000001
80.86999999999998
81.31999999999998
81.90999999999994
82.64000000000003
81.07000000000002
83.01000000000003
80.27
83.64999999999999
83.51999999999998
84.60999999999999
82.81
81.88999999999997
78.98000000000002
81.12000000000003
77.37
77.53999999999996
82.18
81.87
79.54999999999998
78.13
79.45999999999997
83.80000000000003
83.83
78.58999999999997
81.65999999999997
83.25999999999999
79.25000000000001
79.47999999999999
80.80000000000005
77.31999999999998
80.69999999999996
80.14
81.53000000000002
80.00000000000001
79.45999999999997
78.65
81.83999999999999
82.41999999999997
78.78999999999999
77.55999999999999
79.57999999999997
77.97000000000001
81.60000000000004
76.77000000000001
80.02999999999996
78.44000000000001
85.16000000000001
76.86000000000001
80.52999999999997
78.59999999999998
76.81999999999998
76.16000000000001
79.22999999999999
79.25999999999999
79.66999999999999
76.87
75.02
80.28999999999995
79.02000000000001
79.64999999999999
78.55000000000001
84.96999999999998
82.20999999999995
82.05000000000003
80.33999999999999
78.63000000000002
77.36
80.62
75.83999999999997
79.54000000000002
80.57
80.29000000000002
77.86999999999998
79.15999999999998
77.32999999999996
83.38000000000004
80.55999999999997
81.51000000000002
79.7
76.36000000000001
77.25000000000001
83.38999999999996
80.39000000000001
80.68999999999998
75.47999999999998
75.18
82.64000000000001
