----------Report of simulation of Quantum Parallel Tempering-----------
The number of considered Spin 73
The considered Annealing Duration 292
The considered Annealing Number 100
The considered T 1.0
The considered Gamma0 1.0
The considered Number Of Replica 3
The considered Number Of System 6
The solution found [-1 -1 -1 -1 -1 -1 -1 -1 -1 -1 -1 -1 -1 -1 -1 -1 -1 -1 -1 -1 -1 -1 -1 -1
 -1 -1 -1 -1 -1 -1 -1 -1 -1 -1 -1 -1 -1 -1 -1 -1 -1 -1 -1 -1 -1 -1 -1 -1
  1 -1 -1 -1 -1 -1 -1 -1 -1 -1 -1  1 -1  1 -1 -1 -1  1 -1 -1 -1 -1 -1 -1
  1]
The value found 68.0
The Success probability is 0.0
The average value is 79.05
The total execution time is 811.399083852768
The average time for execution is 8.11398868560791
The average time for all systems update is 0.02766582145266337
The average time for system update is 0.004598271035712603
The average time for replica update is 0.0015324349776250587
The average time for spin update is 2.0752382925678658e-05
The list of values found 

78.0
70.0
78.0
72.0
86.0
79.0
77.0
79.0
71.0
68.0
79.0
78.0
77.0
86.0
78.0
85.0
86.0
109.0
78.0
86.0
85.0
93.0
71.0
91.0
93.0
71.0
69.0
70.0
72.0
78.0
70.0
70.0
77.0
77.0
69.0
79.0
70.0
71.0
72.0
70.0
78.0
116.0
92.0
70.0
86.0
77.0
72.0
79.0
85.0
71.0
78.0
84.0
85.0
76.0
85.0
77.0
85.0
68.0
72.0
78.0
70.0
78.0
71.0
107.0
71.0
78.0
79.0
79.0
79.0
72.0
70.0
78.0
71.0
71.0
72.0
93.0
115.0
78.0
100.0
78.0
70.0
71.0
70.0
71.0
77.0
71.0
71.0
92.0
93.0
71.0
71.0
93.0
71.0
78.0
70.0
69.0
71.0
71.0
76.0
136.0



The list of values first execution 

859.6111111111111
1689.0
1282.6666666666667
1221.4444444444443
1353.1666666666667
1272.4444444444443
1265.9444444444443
1310.5555555555557
1284.2222222222222
1246.8333333333333
1224.3333333333333
1215.611111111111
1281.611111111111
1246.2777777777778
1386.2777777777778
1117.7222222222222
1375.6666666666667
1333.5555555555557
1201.388888888889
1307.0555555555557
1209.388888888889
1344.2222222222222
1265.6666666666667
1195.7222222222222
1494.0555555555557
1153.7222222222222
1252.2777777777778
1417.9444444444443
1157.9444444444443
1347.5555555555557
1258.8333333333333
1147.3333333333333
1422.0
1108.2777777777778
1401.111111111111
1230.611111111111
1301.1666666666667
1290.2777777777778
1239.1666666666667
1233.2777777777778
1306.3333333333333
1275.0555555555557
1264.6666666666667
1247.7222222222222
1289.1666666666667
1202.9444444444443
1266.8333333333333
1214.5
1303.388888888889
1280.2222222222222
1248.2222222222222
1333.0
1201.111111111111
1361.5
1173.7777777777778
1305.1666666666667
1278.111111111111
1276.7222222222222
1236.1666666666667
1365.888888888889
1163.611111111111
1380.9444444444443
1304.5
1201.111111111111
1317.5
1318.2777777777778
1236.0555555555557
1311.4444444444443
1209.5
1370.8333333333333
1267.2777777777778
1232.7777777777778
1299.2777777777778
1266.0555555555557
1173.6666666666667
1378.9444444444443
1283.3333333333333
1234.111111111111
1376.7777777777778
1257.1666666666667
1231.888888888889
1337.111111111111
1186.5555555555557
1323.5555555555557
1170.0
1318.0555555555557
1130.0
1301.2222222222222
1240.8333333333333
1259.5555555555557
1286.3333333333333
1252.5555555555557
1247.0555555555557
1248.4444444444443
1342.5
1176.0
1275.1666666666667
1383.7222222222222
1162.8333333333333
1419.1666666666667
1120.9444444444443
1422.611111111111
1217.6666666666667
1286.7777777777778
1287.4444444444443
1201.888888888889
1292.2222222222222
1152.1666666666667
1410.4444444444443
1207.4444444444443
1411.611111111111
1223.8333333333333
1226.4444444444443
1344.388888888889
1250.6666666666667
1210.6666666666667
1294.111111111111
1242.7222222222222
1309.3333333333333
1387.0555555555557
1261.4444444444443
1278.2222222222222
1242.3333333333333
1367.9444444444443
1279.7777777777778
1241.7777777777778
1231.7222222222222
1362.1666666666667
1168.2777777777778
1369.111111111111
1180.3333333333333
1322.2777777777778
1158.888888888889
1270.0
1349.2777777777778
1151.9444444444443
1365.888888888889
1155.7777777777778
1308.8333333333333
1316.111111111111
1215.388888888889
1342.2777777777778
1342.0
1186.888888888889
1303.0555555555557
1265.5555555555557
1219.0
1272.2777777777778
1170.888888888889
1316.0
1257.7777777777778
1303.888888888889
1338.3333333333333
1159.5555555555557
1412.388888888889
1245.3333333333333
1212.611111111111
1404.7222222222222
1108.388888888889
1554.2222222222222
1145.5555555555557
1362.111111111111
1259.2222222222222
1222.888888888889
1386.0
1284.5
1266.0
1218.9444444444443
1380.111111111111
1180.0
1352.2222222222222
1226.5
1331.388888888889
1208.5555555555557
1319.111111111111
1168.8333333333333
1393.5555555555557
1211.1666666666667
1390.6666666666667
1210.6666666666667
1354.9444444444443
1258.111111111111
1273.888888888889
1226.0555555555557
1353.3333333333333
1224.4444444444443
1338.111111111111
1242.2777777777778
1278.9444444444443
1259.0555555555557
1205.5
1195.9444444444443
1348.7222222222222
1166.0
1187.8333333333333
1365.1666666666667
1199.5555555555557
1316.111111111111
1267.5
1229.2222222222222
1332.111111111111
1186.4444444444443
1348.8333333333333
1152.7777777777778
1276.388888888889
1294.888888888889
1266.0555555555557
1259.7222222222222
1227.8333333333333
1378.1666666666667
1220.5555555555557
1288.2777777777778
1238.5
1307.5
1292.5555555555557
1341.1666666666667
1242.9444444444443
1297.5
1217.4444444444443
1338.0
1176.4444444444443
1292.9444444444443
1278.1666666666667
1161.888888888889
1340.388888888889
1191.9444444444443
1261.7777777777778
1352.4444444444443
1229.7222222222222
1240.9444444444443
1373.6666666666667
1229.6666666666667
1227.8333333333333
1301.2222222222222
1241.2777777777778
1323.1666666666667
1254.5555555555557
1217.5555555555557
1301.6666666666667
1346.5
1251.611111111111
1327.888888888889
1281.7222222222222
1274.111111111111
1275.4444444444443
1200.888888888889
1347.4444444444443
1227.2777777777778
1374.9444444444443
1216.388888888889
1179.5555555555557
1444.1666666666667
1220.7777777777778
1244.8333333333333
1304.111111111111
1232.2777777777778
1247.2222222222222
1238.388888888889
1306.388888888889
1194.7222222222222
1336.8333333333333
1303.9444444444443
1204.5
1373.611111111111
1212.9444444444443
1379.8333333333333
1156.111111111111
1426.7222222222222
1185.6666666666667
1367.2222222222222
1313.0
1266.5555555555557
1304.888888888889
1220.1666666666667
1338.0555555555557
1306.6666666666667
1198.7777777777778
1345.6666666666667
1206.6666666666667
1326.5555555555557
1313.9444444444443
1221.8333333333333
1354.4444444444443
1233.4444444444443
1294.0
1235.2222222222222
1242.611111111111
1304.611111111111
1168.111111111111
1418.388888888889
1295.111111111111
1300.7222222222222



The list of best values first execution 

78.0
417.0
168.0
168.0
379.0
129.0
199.0
308.0
107.0
307.0
114.0
160.0
291.0
246.0
262.0
291.0
223.0
348.0
347.0
230.0
277.0
348.0
230.0
245.0
347.0
261.0
309.0
276.0
205.0
222.0
207.0
299.0
276.0
254.0
276.0
363.0
230.0
292.0
292.0
199.0
316.0
215.0
316.0
261.0
370.0
215.0
355.0
285.0
222.0
261.0
176.0
167.0
300.0
331.0
190.0
230.0
300.0
269.0
230.0
252.0
215.0
199.0
284.0
340.0
277.0
245.0
369.0
229.0
277.0
339.0
292.0
277.0
308.0
222.0
253.0
190.0
301.0
161.0
261.0
222.0
270.0
292.0
308.0
269.0
284.0
370.0
270.0
269.0
308.0
300.0
238.0
331.0
262.0
285.0
252.0
144.0
308.0
291.0
222.0
277.0
300.0
207.0
207.0
363.0
199.0
238.0
299.0
285.0
262.0
316.0
284.0
224.0
224.0
330.0
261.0
244.0
292.0
206.0
284.0
254.0
309.0
348.0
276.0
307.0
292.0
246.0
246.0
230.0
254.0
206.0
199.0
276.0
291.0
269.0
190.0
308.0
356.0
191.0
309.0
307.0
294.0
277.0
323.0
145.0
363.0
301.0
206.0
285.0
223.0
301.0
277.0
207.0
260.0
300.0
332.0
214.0
293.0
348.0
262.0
317.0
309.0
245.0
347.0
230.0
293.0
253.0
324.0
161.0
262.0
190.0
223.0
160.0
284.0
116.0
222.0
331.0
293.0
284.0
308.0
167.0
292.0
237.0
277.0
262.0
309.0
215.0
276.0
332.0
261.0
292.0
261.0
229.0
314.0
269.0
323.0
277.0
323.0
207.0
239.0
277.0
269.0
254.0
277.0
293.0
332.0
191.0
284.0
230.0
323.0
292.0
230.0
309.0
191.0
293.0
261.0
246.0
324.0
278.0
253.0
230.0
269.0
269.0
278.0
284.0
300.0
84.0
292.0
293.0
189.0
246.0
284.0
292.0
269.0
223.0
316.0
238.0
316.0
198.0
207.0
239.0
223.0
300.0
308.0
253.0
348.0
261.0
230.0
159.0
379.0
254.0
325.0
254.0
199.0
215.0
393.0
153.0
307.0
307.0
207.0
183.0
292.0
260.0
245.0
347.0
261.0
253.0
300.0
245.0
300.0
276.0
223.0
299.0
214.0
247.0
198.0
254.0
245.0
246.0
308.0
237.0
261.0
285.0
236.0
269.0
206.0
277.0
348.0
223.0
176.0
339.0
137.0
198.0



The list of values average 

789.1227777777773
1683.7361111111104
1241.963888888889
1243.6566666666665
1352.8888888888898
1232.471666666667
1290.9227777777783
1274.973888888889
1282.2100000000005
1255.2166666666662
1296.1722222222215
1268.116666666667
1277.1822222222218
1278.8533333333328
1280.0194444444437
1267.2161111111118
1287.7627777777777
1263.8677777777777
1281.7877777777787
1273.8561111111112
1273.8949999999995
1276.5794444444446
1274.597777777778
1263.1761111111102
1293.0738888888882
1265.676111111111
1276.6611111111113
1276.3005555555558
1272.3600000000001
1283.3333333333342
1272.1327777777776
1278.6988888888893
1276.7666666666669
1277.4149999999997
1271.8938888888888
1282.1538888888888
1275.1322222222218
1275.971666666667
1273.4738888888887
1272.2805555555553
1269.4499999999996
1288.7049999999997
1270.6905555555559
1276.1877777777781
1270.773888888889
1286.1844444444441
1273.6916666666666
1272.6099999999997
1282.269444444444
1266.947222222222
1271.5816666666663
1284.543333333333
1268.9961111111113
1277.5688888888883
1279.684444444444
1278.7566666666664
1275.341666666667
1273.097222222222
1280.3333333333328
1275.1994444444435
1279.201666666667
1285.925
1261.6538888888888
1296.2333333333333
1261.3038888888893
1284.175
1269.6683333333344
1273.700555555556
1273.7377777777779
1271.6644444444444
1282.9572222222232
1265.6277777777786
1282.3849999999998
1273.5677777777773
1272.0266666666662
1279.569444444445
1271.9388888888889
1290.119444444444
1255.307222222222
1291.834444444444
1272.012222222222
1279.7577777777778
1279.7616666666672
1268.822222222222
1275.793888888889
1277.0205555555556
1271.3133333333333
1282.0927777777779
1273.446666666666
1277.443888888889
1274.2588888888897
1277.7955555555552
1273.3588888888885
1282.3805555555557
1280.5277777777785
1276.4594444444451
1274.7766666666666
1276.6055555555556
1275.2772222222222
1273.4483333333333
1274.8661111111105
1277.7177777777772
1272.253333333334
1278.2855555555564
1288.6005555555564
1270.7672222222213
1282.7633333333333
1263.2888888888892
1286.6944444444441
1259.6549999999997
1301.0588888888888
1256.2844444444445
1287.9355555555555
1268.2355555555562
1280.2794444444444
1278.1227777777774
1276.3888888888891
1281.0427777777775
1278.2744444444443
1276.7805555555556
1278.9383333333333
1261.6094444444443
1289.605
1266.9683333333332
1280.9300000000003
1276.168888888889
1273.2233333333334
1280.017777777778
1279.111111111111
1286.1238888888886
1263.7205555555554
1296.6988888888884
1254.8461111111112
1283.861666666667
1282.0466666666666
1269.7961111111113
1284.6205555555553
1281.2961111111113
1268.9244444444444
1280.912222222222
1273.2900000000002
1273.9861111111113
1284.499999999999
1275.6572222222217
1276.130555555555
1274.9450000000002
1284.835
1269.5094444444442
1274.423888888889
1286.6788888888884
1270.9250000000002
1277.140555555556
1276.6288888888892
1272.2477777777776
1268.583333333333
1279.8150000000003
1271.4194444444445
1286.6133333333328
1275.8838888888888
1268.926666666667
1285.8161111111108
1261.297777777778
1284.806111111111
1265.992777777778
1284.6883333333335
1271.037222222223
1271.4894444444444
1284.425
1272.434444444444
1275.867777777778
1279.8866666666665
1283.0077777777776
1271.9716666666668
1282.0866666666668
1273.8133333333333
1277.1905555555554
1272.0894444444448
1274.6227777777774
1277.3788888888887
1279.5511111111105
1275.3155555555559
1273.3044444444436
1275.7866666666673
1276.5211111111103
1277.505
1279.5016666666666
1284.4055555555558
1273.9261111111116
1272.4016666666669
1279.530555555555
1275.9244444444441
1278.1938888888894
1275.191111111111
1263.6944444444443
1283.3038888888889
1263.6272222222226
1285.3927777777778
1266.9750000000001
1271.4433333333338
1286.1711111111117
1264.154444444444
1284.076666666667
1285.977222222222
1267.6833333333332
1283.896666666666
1281.7016666666668
1267.528333333333
1280.6483333333333
1271.2411111111114
1279.0438888888893
1277.6938888888885
1267.3561111111105
1285.7055555555553
1266.264444444445
1283.3322222222223
1279.5183333333332
1269.1816666666666
1285.0966666666673
1273.6677777777775
1272.5033333333336
1276.9916666666672
1273.6199999999992
1275.508888888889
1281.44
1277.3233333333335
1273.593888888889
1278.6255555555551
1282.9527777777778
1267.892777777777
1286.8533333333332
1280.376666666666
1277.1049999999998
1279.753888888889
1270.9316666666668
1274.292777777778
1274.9633333333336
1272.1122222222223
1280.956666666667
1266.843888888889
1277.8005555555558
1284.4238888888883
1265.918888888889
1286.468888888889
1274.6894444444442
1278.8783333333338
1277.2577777777776
1272.849444444445
1272.2511111111112
1273.7872222222227
1276.0733333333335
1274.8055555555552
1275.457777777777
1273.0605555555553
1281.2527777777775
1271.6750000000004
1282.6533333333325
1273.141111111111
1278.9950000000001
1274.7238888888894
1275.378333333333
1269.7994444444441
1278.190555555555
1275.1161111111116
1278.1038888888884
1277.6038888888893
1272.2744444444447
1269.5727777777774
1286.99
1267.4011111111113
1273.6705555555561
1281.9327777777783
1280.0938888888895
1265.1288888888892
1291.6377777777773
1264.3394444444446
1279.2644444444443
1272.8522222222223
1271.4416666666666
1278.7422222222222
1278.0072222222218
1267.9549999999997
1281.7522222222224
1278.2122222222224
1261.0994444444439
1287.6733333333334
1256.6561111111112
1289.939444444445
1267.315
1279.7444444444443
1280.6333333333332
1274.6405555555566
1278.771111111111



The list of best values average 

80.13999999999999
353.34000000000003
257.35999999999996
176.69000000000003
335.41000000000014
224.77999999999997
217.91
328.41
240.94000000000005
240.72999999999993
300.43999999999994
248.16000000000017
269.5899999999999
288.74000000000007
259.2999999999999
262.86000000000007
284.09000000000003
267.97
256.97999999999996
288.43999999999994
269.47999999999996
269.2000000000001
280.42999999999995
266.48
267.64
276.04
266.2699999999999
267.8599999999999
277.2
270.04
269.37999999999994
274.56999999999994
275.51999999999987
278.3
273.94999999999993
273.36000000000007
269.05999999999995
279.44
268.16
269.13
270.31000000000006
274.73
280.2700000000001
266.39
275.4999999999999
264.44
275.6400000000001
268.57
271.03000000000003
276.72999999999996
263.4200000000001
273.6900000000001
284.29
267.2699999999999
267.71
267.9500000000001
267.3800000000001
271.23
268.7399999999999
262.94999999999993
274.9200000000001
281.48999999999995
270.81999999999994
270.83000000000004
267.99
268.4899999999999
276.8399999999998
271.07
270.71999999999997
265.94999999999993
285.40000000000003
269.36999999999995
279.12999999999994
276.71000000000004
281.73999999999995
262.11
268.78999999999996
267.65000000000003
271.4499999999999
273.62
272.57999999999987
271.53999999999996
270.34999999999997
276.73999999999995
274.6699999999999
274.65
276.3899999999998
276.66
265.63999999999993
277.66
269.76000000000005
265.46000000000004
278.65000000000003
267.8200000000001
258.2199999999999
277.46000000000004
267.46999999999997
267.5700000000002
273.62000000000006
267.09999999999997
271.93000000000006
274.5900000000001
267.35999999999984
264.52
271.79
271.41999999999996
276.0299999999999
274.14000000000016
270.21000000000004
275.08000000000004
276.64000000000004
279.79
263.50000000000017
273.47000000000014
279.0700000000001
268.43
275.64
272.81
268.69999999999993
277.54
272.49
270.62000000000006
280.93999999999994
270.4400000000001
271.2199999999999
269.1800000000001
258.50000000000006
273.73999999999995
269.9799999999999
267.3
275.6400000000001
272.69
272.66
269.65999999999997
265.76
267.23999999999995
277.21000000000015
267.50999999999993
266.4600000000001
265.99
272.9900000000002
271.30000000000007
274.3599999999999
269.07
272.67
274.54
270.3400000000001
270.78
273.7899999999999
268.89000000000004
277.95
263.84999999999997
272.63
271.73
269.85999999999996
268.22
270.2900000000001
269.76
265.71000000000004
271.74
269.4200000000001
271.39000000000004
270.14
272.18
260.74999999999994
276.93999999999994
270.5000000000001
273.29
272.6500000000001
271.20000000000005
273.0199999999999
276.5800000000001
273.56999999999994
276.5600000000001
274.17999999999995
265.43
277.56999999999994
276.5600000000002
264.9799999999999
275.6099999999999
275.33
273.66999999999996
265.4200000000001
276.3000000000001
266.71
270.22999999999996
278.90000000000003
276.03999999999996
272.50000000000006
267.96
268.8400000000001
268.55999999999995
274.74999999999994
261.9899999999999
277.7799999999999
272.4700000000001
270.4800000000001
271.36000000000007
275.5999999999998
266.13
277.5999999999999
277.23999999999984
268.38
270.13000000000005
274.6700000000002
275.38
272.89
277.4800000000001
274.8799999999999
271.88000000000005
271.71
267.62
265.52000000000004
276.0200000000001
272.76
272.43
274.32
271.12
268.2500000000001
274.4
272.5300000000001
269.17
270.18
278.9
271.1999999999999
267.81
276.7000000000001
262.5400000000001
274.9400000000001
272.77000000000004
260.53000000000003
267.7900000000001
273.17999999999995
265.92999999999984
273.1200000000002
266.4599999999999
268.34
270.84999999999997
270.59999999999997
262.24999999999994
268.28999999999985
268.00000000000006
267.8800000000001
269.68999999999994
275.88000000000005
268.93999999999994
264.12000000000006
282.98999999999995
260.5700000000001
278.6299999999998
273.6900000000001
267.88
275.8399999999999
270.48999999999995
266.92999999999984
274.54999999999995
273.9200000000001
268.14
266.27000000000004
278.1200000000001
270.12
276.5600000000002
276.00999999999993
263.14
278.91
274.8500000000001
270.86000000000007
270.5000000000001
272.49999999999994
270.9100000000001
274.11
263.62000000000006
275.90000000000003
276.90999999999997
268.06000000000006
270.4200000000001
274.3
273.4000000000001
277.40000000000003
275.71
263.90999999999997
281.98000000000013
269.72
273.07999999999987
274.94
264.90000000000003
263.9599999999999
275.69
264.51000000000016
283.05000000000007
266.64
262.58000000000004
