----------Report of simulation of Quantum Parallel Tempering - Population Annealing v2-----------
The number of considered Spin62
The considered Annealing Duration 248
The considered Annealing Number 100
The considered T 1.0
The considered Gamma0 1.0
The considered Number Of Replica 3
The considered Number Of System Tempering 3
The considered Number Of System Population 3
The solution found [-1. -1. -1. -1. -1. -1. -1. -1. -1. -1.  1. -1. -1. -1. -1. -1. -1. -1.
 -1. -1.  1. -1. -1. -1. -1. -1. -1. -1. -1. -1.  1. -1. -1. -1. -1. -1.
 -1.  1. -1. -1. -1. -1. -1. -1. -1. -1. -1. -1. -1. -1. -1. -1. -1.  1.
 -1.  1. -1. -1. -1. -1.  1. -1.]
The value found 55.0
The Success probability is 0.01
The average value is 61.15
The total execution time is 516.2018713951111
The average time for execution is 5.162017226219177
The average time for all systems update is 0.020781403260846293
The average time for system tempering update is 0.003505783872578734
The average time for system population update is 250.71367835998535
The average time for replica update is 0.0011456193061926032
The average time for spin update is 1.824520801392466e-05
The list of values found 

63.0
60.0
60.0
64.0
64.0
57.0
63.0
60.0
59.0
59.0
60.0
60.0
58.0
79.0
59.0
60.0
66.0
65.0
59.0
66.0
65.0
58.0
56.0
60.0
67.0
64.0
58.0
58.0
66.0
66.0
56.0
61.0
60.0
58.0
64.0
67.0
63.0
63.0
55.0
67.0
56.0
57.0
59.0
58.0
67.0
63.0
60.0
59.0
64.0
56.0
59.0
59.0
65.0
68.0
60.0
59.0
64.0
64.0
59.0
66.0
65.0
59.0
67.0
66.0
59.0
60.0
60.0
58.0
63.0
64.0
59.0
59.0
60.0
56.0
65.0
63.0
60.0
58.0
58.0
61.0
63.0
59.0
59.0
56.0
60.0
59.0
60.0
59.0
60.0
60.0
58.0
60.0
68.0
58.0
60.0
67.0
61.0
57.0
58.0
58.0



The list of values first execution 

652.5555555555555
1451.1666666666667
852.5555555555555
873.7777777777778
896.2222222222222
733.2222222222222
754.8888888888889
693.3888888888889
800.5
768.8888888888889
670.6111111111111
794.5
701.6666666666666
723.3888888888889
715.9444444444445
589.5555555555555
817.6111111111111
686.3333333333334
589.1111111111111
635.2777777777778
702.3888888888889
632.1111111111111
710.6111111111111
539.0
735.8888888888889
726.7222222222222
569.6666666666666
685.7777777777778
634.6111111111111
728.1666666666666
543.5
687.4444444444445
678.7777777777778
678.8333333333334
670.0
590.9444444444445
778.0
632.6666666666666
694.2777777777778
576.9444444444445
741.2222222222222
679.9444444444445
622.1111111111111
689.1111111111111
619.6666666666666
732.0555555555555
584.5555555555555
637.0555555555555
688.1666666666666
702.1666666666666
583.3888888888889
701.2777777777778
631.5555555555555
705.4444444444445
639.5555555555555
658.3333333333334
716.6111111111111
696.7777777777778
635.0
631.5
675.3333333333334
729.0555555555555
625.7222222222222
636.1666666666666
676.2222222222222
731.5555555555555
587.8888888888889
643.7777777777778
647.0555555555555
664.7777777777778
641.2777777777778
565.7777777777778
667.3333333333334
574.0
624.0
647.7222222222222
530.0555555555555
703.2777777777778
605.5555555555555
605.3333333333334
577.5555555555555
685.6111111111111
530.0555555555555
691.0
554.2222222222222
639.0555555555555
517.7777777777778
657.8888888888889
567.6666666666666
583.6666666666666
583.7222222222222
570.5555555555555
610.2777777777778
569.0555555555555
615.5555555555555
500.6111111111111
637.7777777777778
547.4444444444445
598.2777777777778
556.9444444444445
559.3888888888889
506.1111111111111
644.7222222222222
479.0
587.3333333333334
569.3333333333334
517.2222222222222
560.8888888888889
544.3333333333334
570.3888888888889
533.4444444444445
527.6666666666666
602.5555555555555
451.1111111111111
591.0
532.7777777777778
514.2777777777778
532.6666666666666
532.0
503.44444444444446
531.2222222222222
530.0
515.6666666666666
547.1111111111111
518.1111111111111
526.5555555555555
530.7222222222222
539.6111111111111
428.6111111111111
585.2777777777778
515.1111111111111
456.44444444444446
544.8888888888889
543.0
471.3333333333333
554.4444444444445
530.7222222222222
480.1111111111111
542.8888888888889
432.55555555555554
576.7777777777778
479.3333333333333
556.3888888888889
479.8888888888889
503.77777777777777
533.1111111111111
532.4444444444445
469.8333333333333
499.1666666666667
512.3888888888889
479.6111111111111
541.8333333333334
457.1666666666667
549.3888888888889
482.94444444444446
548.0
469.8888888888889
532.5555555555555
438.6111111111111
512.5555555555555
499.3888888888889
538.3888888888889
484.6111111111111
498.72222222222223
472.1111111111111
469.8888888888889
513.1111111111111
466.6111111111111
533.8333333333334
523.0555555555555
435.3888888888889
553.9444444444445
503.72222222222223
446.8333333333333
557.0555555555555
436.05555555555554
503.05555555555554
532.6111111111111
496.55555555555554
487.6111111111111
460.6111111111111
484.05555555555554
488.27777777777777
549.1666666666666
479.5
526.7777777777778
470.94444444444446
483.1111111111111
532.2777777777778
416.8888888888889
560.3888888888889
488.44444444444446
437.77777777777777
566.2777777777778
442.8333333333333
486.1111111111111
492.22222222222223
502.77777777777777
486.6111111111111
531.6666666666666
463.6666666666667
478.6111111111111
493.44444444444446
500.6111111111111
552.8333333333334
462.77777777777777
495.44444444444446
502.55555555555554
495.1666666666667
473.55555555555554
499.0
514.4444444444445
507.94444444444446
452.94444444444446
491.8888888888889
516.5555555555555
421.8333333333333
546.8888888888889
462.3333333333333
484.8333333333333
489.8888888888889
493.6666666666667
480.55555555555554
481.3888888888889
538.2777777777778
462.94444444444446
492.3888888888889
516.6666666666666
450.3333333333333
593.6666666666666
426.8333333333333
528.8888888888889
559.2777777777778
448.44444444444446
567.2222222222222
484.27777777777777
539.6666666666666
564.8333333333334
511.8888888888889
482.94444444444446
561.4444444444445
430.5
584.0
499.55555555555554
517.8888888888889
550.4444444444445
511.5
566.6666666666666



The list of best values first execution 

67.0
343.0
110.0
127.0
288.0
88.0
290.0
196.0
189.0
187.0
243.0
196.0
172.0
134.0
251.0
172.0
219.0
226.0
157.0
225.0
220.0
181.0
290.0
149.0
196.0
235.0
182.0
203.0
218.0
157.0
211.0
249.0
227.0
226.0
226.0
226.0
267.0
156.0
212.0
196.0
235.0
188.0
226.0
226.0
258.0
187.0
204.0
234.0
227.0
257.0
227.0
180.0
227.0
181.0
203.0
196.0
164.0
242.0
180.0
173.0
141.0
196.0
165.0
181.0
182.0
234.0
150.0
159.0
174.0
211.0
148.0
158.0
196.0
266.0
196.0
204.0
227.0
204.0
242.0
195.0
228.0
204.0
233.0
157.0
203.0
220.0
173.0
290.0
188.0
143.0
210.0
180.0
195.0
166.0
218.0
163.0
234.0
150.0
210.0
203.0
181.0
180.0
219.0
133.0
204.0
71.0
148.0
173.0
133.0
212.0
165.0
187.0
196.0
188.0
211.0
171.0
149.0
141.0
171.0
95.0
187.0
141.0
95.0
172.0
118.0
141.0
117.0
124.0
117.0
180.0
164.0
142.0
102.0
125.0
165.0
140.0
141.0
164.0
132.0
109.0
180.0
126.0
141.0
180.0
142.0
156.0
125.0
126.0
133.0
79.0
156.0
125.0
117.0
142.0
102.0
141.0
118.0
111.0
103.0
109.0
119.0
118.0
80.0
132.0
86.0
125.0
65.0
133.0
125.0
118.0
87.0
126.0
117.0
103.0
64.0
126.0
94.0
94.0
117.0
95.0
133.0
117.0
79.0
103.0
87.0
142.0
102.0
110.0
110.0
125.0
133.0
63.0
110.0
147.0
110.0
110.0
80.0
126.0
117.0
102.0
104.0
133.0
79.0
118.0
110.0
115.0
125.0
101.0
117.0
117.0
126.0
134.0
118.0
94.0
79.0
132.0
64.0
126.0
109.0
110.0
101.0
124.0
103.0
93.0
140.0
118.0
65.0
119.0
73.0
133.0
89.0
110.0
118.0
126.0
124.0
125.0
101.0
165.0
149.0
133.0
142.0
103.0
134.0
149.0
148.0
164.0
134.0
179.0



The list of values average 

662.2811111111109
1352.0738888888884
873.4244444444448
861.5766666666669
910.522222222222
751.9422222222223
803.9700000000003
761.5361111111109
748.4777777777776
734.31
719.8611111111111
716.1716666666666
705.3894444444444
697.9572222222221
689.0811111111111
691.2944444444443
682.8733333333333
674.7227777777778
687.0711111111117
665.1122222222223
683.6483333333331
669.5455555555553
669.0905555555555
660.7322222222224
670.3161111111111
656.288888888889
661.9622222222223
666.6472222222224
666.1972222222221
662.0038888888888
658.7733333333333
661.7094444444444
667.6305555555558
661.5761111111109
658.7811111111112
656.5383333333334
673.8777777777779
654.2449999999997
658.2283333333334
662.8094444444444
664.2155555555557
660.4333333333332
654.9366666666665
663.6783333333333
658.5866666666667
663.6527777777775
661.5249999999997
662.9238888888889
663.2733333333333
657.6772222222222
657.6644444444443
663.6600000000003
661.0800000000002
658.5583333333336
657.2205555555555
660.4250000000002
655.8288888888889
657.6288888888892
657.4355555555558
653.2355555555555
662.5994444444445
651.3844444444445
654.0372222222222
656.0800000000002
649.8077777777777
657.2500000000001
642.6811111111112
651.372222222222
662.1816666666664
640.0316666666669
637.8694444444442
640.2222222222223
632.4833333333333
641.7694444444445
627.2188888888888
631.4466666666668
623.1644444444444
617.7577777777776
619.8627777777778
612.5533333333333
605.7072222222221
611.8727777777775
598.4111111111116
607.0322222222223
602.5638888888891
597.3533333333336
593.0088888888887
584.7500000000001
590.0344444444443
576.5272222222221
579.9194444444448
580.6216666666664
575.6033333333332
575.9694444444444
569.7983333333335
580.4883333333335
573.235
566.4272222222222
569.7699999999998
555.9783333333335
559.9033333333332
554.3127777777779
554.936666666667
554.7505555555555
550.386111111111
549.9977777777777
548.2261111111112
542.3133333333335
549.4866666666667
548.0444444444443
535.7505555555556
553.3122222222224
541.9638888888888
541.6222222222223
550.8994444444444
536.8927777777777
537.5083333333332
530.1200000000001
535.7777777777779
530.5805555555555
531.6222222222224
533.8105555555558
525.0633333333333
526.7705555555557
527.4144444444445
518.0983333333332
526.9627777777779
523.0383333333334
516.8511111111112
526.318888888889
511.23388888888854
526.0827777777774
512.9816666666668
520.8466666666665
518.6222222222223
518.0194444444444
517.1594444444444
520.2061111111113
513.9111111111109
517.8005555555554
519.3777777777779
512.0183333333335
521.6361111111112
515.3616666666667
519.612222222222
516.9261111111109
512.741111111111
512.9605555555555
513.3755555555557
507.8916666666665
508.27611111111105
509.84055555555574
502.7055555555555
507.05888888888876
500.6366666666666
506.84388888888884
505.902777777778
497.0566666666668
503.8166666666668
499.34999999999997
498.6433333333334
502.6616666666665
498.522222222222
499.82111111111124
493.1061111111114
505.1816666666666
494.0088888888889
495.0894444444444
495.39777777777766
499.32666666666665
494.5005555555554
490.7488888888892
498.1355555555556
489.9750000000001
495.38277777777756
494.9916666666665
489.865
498.8205555555555
488.7072222222223
495.7388888888889
495.4644444444445
487.56666666666666
501.49833333333333
493.2527777777779
489.87611111111124
496.25388888888887
489.2688888888888
494.8411111111114
490.4733333333336
490.50611111111124
496.28277777777777
490.80888888888865
492.59055555555557
490.973888888889
492.67333333333335
495.657222222222
491.2922222222223
494.18888888888904
490.9027777777779
494.72888888888895
492.32722222222213
489.1566666666666
495.06
490.6966666666668
496.77777777777777
490.1216666666668
487.21555555555557
498.403888888889
482.99722222222215
491.77166666666665
494.45222222222213
487.6455555555557
497.31666666666666
491.7605555555556
487.6494444444444
497.24944444444446
487.3127777777777
496.7605555555557
491.62222222222226
492.581111111111
499.0961111111109
488.5344444444445
499.1455555555556
488.2138888888889
492.946111111111
498.2650000000001
489.22555555555556
497.6683333333333
495.015
496.13611111111084
496.7683333333336
493.9488888888887
497.3705555555555
491.15166666666676
504.7783333333333
495.5683333333333
506.9594444444445
507.53222222222234
521.0638888888889
512.9272222222221
519.9050000000001
512.5688888888891
518.6127777777776
522.3183333333334
515.0272222222225
523.1055555555557
521.2388888888889
543.7527777777776



The list of best values average 

65.07000000000005
287.8499999999999
142.4
142.37999999999994
264.44
135.17000000000004
209.54000000000002
223.5800000000001
156.57000000000005
245.03000000000006
200.21999999999997
201.51000000000002
230.64999999999998
195.12000000000006
216.06999999999994
214.58000000000004
197.96999999999997
219.82999999999998
208.65000000000003
205.31000000000006
213.04000000000002
197.29000000000005
204.17
210.7599999999999
210.42000000000007
211.80000000000004
206.40000000000003
208.37000000000006
219.26000000000002
199.98999999999992
213.82
203.73000000000013
208.14000000000001
208.65
201.61999999999983
215.62999999999994
204.25000000000003
200.09000000000003
211.66
202.67999999999992
213.95000000000002
202.8
218.29
207.4
205.37999999999988
209.23000000000002
208.63
212.58000000000004
213.15000000000015
209.12999999999997
214.99000000000004
210.75000000000009
206.06000000000003
208.2699999999999
201.24999999999991
202.79000000000008
210.50999999999996
200.64999999999995
205.77999999999994
208.72000000000003
203.89000000000001
215.18
202.73999999999995
202.48000000000005
215.04
211.17
206.70999999999998
213.1500000000001
212.96
203.18000000000004
203.87000000000006
207.07999999999996
201.54000000000005
206.37999999999997
208.59
208.73000000000005
209.46000000000012
201.16000000000003
204.0300000000001
210.70000000000005
201.82999999999998
209.72000000000006
195.23
200.63000000000002
209.64999999999998
190.37
194.48999999999992
199.55
194.98
188.27999999999992
193.8199999999999
185.07999999999993
197.66999999999996
192.68
191.27
185.64
181.79999999999993
185.21000000000006
175.9
183.87999999999994
176.13999999999996
173.61
169.26
173.45
173.94000000000005
171.82999999999993
169.76999999999995
172.35000000000002
170.31999999999996
171.19999999999996
170.34000000000003
176.70000000000005
171.4099999999999
170.30000000000004
170.69999999999996
165.78999999999994
156.14999999999998
155.44999999999996
157.53999999999996
151.68000000000004
150.54
145.11999999999998
146.21999999999997
147.61999999999992
140.09999999999997
144.19999999999993
143.55000000000004
140.01999999999998
142.08999999999997
142.80000000000004
138.11999999999998
138.66000000000003
139.62
141.96999999999997
142.32999999999998
137.01999999999995
140.69000000000003
145.11999999999995
137.81
148.29999999999998
142.47
140.59999999999994
144.89000000000004
141.74999999999991
145.20000000000002
135.96000000000006
133.05
127.67000000000002
126.83000000000003
125.29
123.10000000000004
120.27
118.57999999999998
116.85000000000001
115.08000000000007
120.08000000000001
111.65
109.67000000000003
111.06000000000002
110.57000000000001
109.54000000000002
111.51999999999997
110.03000000000006
109.34000000000003
107.33000000000003
106.08999999999995
108.11000000000003
107.57000000000001
107.26000000000005
107.33000000000001
110.18999999999998
106.19000000000003
105.76999999999998
103.80000000000005
104.45000000000002
106.74000000000001
106.95000000000002
105.74000000000005
105.18
108.64999999999999
104.88000000000005
107.52000000000008
107.08000000000001
106.35000000000001
106.81000000000006
108.23000000000003
107.10000000000004
107.90000000000008
106.73000000000002
108.94000000000004
104.78000000000004
107.38000000000005
105.13000000000004
108.05000000000003
108.16
105.84000000000002
110.12000000000002
104.77
110.10000000000002
105.00000000000001
105.85000000000001
108.33000000000001
108.08000000000004
107.49999999999999
111.74000000000002
108.57000000000002
109.90000000000002
108.78000000000002
108.05
111.32999999999997
107.52000000000005
107.89000000000003
106.73000000000003
108.10000000000002
109.60000000000004
106.32000000000004
105.91000000000005
108.01000000000002
103.98999999999997
110.34000000000002
104.75999999999999
109.96999999999998
107.46
102.63000000000001
107.14000000000001
106.0000000000001
107.45000000000003
107.13000000000001
108.38000000000002
108.81
108.85
106.21000000000004
106.92000000000004
108.93000000000004
109.78999999999999
112.93000000000006
115.65999999999995
124.50000000000004
132.70000000000002
143.74999999999997
147.80999999999995
142.94
152.59
151.37000000000003
144.36000000000004
144.74
144.42000000000002
177.25000000000003
