----------Report of simulation of Path Integral Quantum Monte Carlo-----------
The number of considered Spin 64
The considered Annealing Duration 256
The considered Annealing Number 100
The considered T 1.0
The considered Gamma0 1.0
The considered Number Of Replica 18
The solution found [-1 -1 -1 -1 -1 -1 -1 -1 -1 -1 -1 -1 -1 -1 -1  1  1  1 -1 -1 -1 -1 -1 -1
 -1 -1 -1 -1 -1 -1 -1 -1 -1 -1 -1 -1 -1  1 -1 -1 -1 -1 -1 -1 -1 -1 -1 -1
 -1 -1 -1 -1 -1 -1 -1 -1 -1 -1  1 -1 -1 -1 -1  1]
The value found 74.0
The Success probability is 0.0
The average value is 127.36
The total execution time is 518.9409694671631
The average time for execution is 5.1894073796272275
The average time for system update is 0.02023898876272142
The average time for replica update is 0.0011241784748724766
The average time for spin update is 1.7350367569532762e-05
The list of values found 

105.0
167.0
113.0
122.0
114.0
120.0
121.0
91.0
168.0
128.0
128.0
166.0
144.0
129.0
83.0
105.0
121.0
137.0
129.0
175.0
113.0
120.0
151.0
120.0
136.0
113.0
183.0
152.0
168.0
83.0
112.0
136.0
137.0
76.0
122.0
105.0
106.0
154.0
74.0
114.0
129.0
106.0
128.0
128.0
120.0
129.0
106.0
106.0
137.0
105.0
143.0
136.0
136.0
120.0
152.0
168.0
152.0
136.0
176.0
151.0
105.0
123.0
105.0
137.0
159.0
144.0
152.0
105.0
128.0
82.0
113.0
113.0
183.0
113.0
90.0
145.0
105.0
144.0
83.0
113.0
120.0
128.0
167.0
120.0
136.0
121.0
113.0
114.0
129.0
121.0
120.0
106.0
151.0
168.0
169.0
121.0
129.0
82.0
114.0
160.0



The list of values first execution 

798.1111111111111
1692.7777777777778
760.3888888888889
1131.7222222222222
763.1111111111111
906.0
743.1111111111111
838.4444444444445
720.2222222222222
721.5
789.7777777777778
674.2222222222222
745.5555555555555
674.0
721.6666666666666
692.2777777777778
738.8333333333334
688.8888888888889
710.2222222222222
655.2222222222222
718.1111111111111
676.9444444444445
681.6666666666666
643.3888888888889
721.7222222222222
645.6111111111111
685.0
716.1666666666666
627.1666666666666
721.7777777777778
671.0555555555555
696.0
651.9444444444445
743.8333333333334
649.3333333333334
736.5555555555555
661.1111111111111
703.2222222222222
617.2222222222222
690.4444444444445
633.0555555555555
669.2777777777778
652.1111111111111
700.7777777777778
641.5555555555555
689.6666666666666
614.2777777777778
703.1111111111111
610.6666666666666
711.1666666666666
608.1666666666666
703.6666666666666
631.4444444444445
671.6666666666666
653.7777777777778
654.0
706.4444444444445
670.0555555555555
657.5555555555555
669.2777777777778
680.6111111111111
651.3888888888889
696.7777777777778
646.5555555555555
681.0
633.6666666666666
722.0555555555555
572.2777777777778
753.6666666666666
585.5
748.6111111111111
627.1111111111111
754.9444444444445
627.7777777777778
720.3333333333334
681.6666666666666
653.1666666666666
700.5
704.5555555555555
628.5
721.9444444444445
653.0555555555555
697.1666666666666
651.5555555555555
704.9444444444445
633.6111111111111
691.6666666666666
666.1111111111111
660.3333333333334
649.7777777777778
666.0
657.8888888888889
618.0555555555555
660.1666666666666
675.5555555555555
630.6666666666666
701.6111111111111
673.7777777777778
646.7222222222222
696.6666666666666
655.6666666666666
714.4444444444445
611.7777777777778
746.5555555555555
616.6666666666666
759.0555555555555
603.1111111111111
727.3888888888889
612.1111111111111
704.2222222222222
677.2777777777778
658.0
677.8888888888889
692.5555555555555
633.8333333333334
736.8333333333334
640.4444444444445
725.8333333333334
625.2777777777778
765.1666666666666
660.8888888888889
691.6111111111111
662.0
703.0555555555555
677.2777777777778
654.1111111111111
677.9444444444445
645.8333333333334
675.2222222222222
628.1666666666666
680.4444444444445
628.2222222222222
701.1666666666666
604.8888888888889
712.3888888888889
580.7777777777778
703.4444444444445
602.2777777777778
762.6111111111111
603.5
700.6111111111111
645.9444444444445
713.2222222222222
655.4444444444445
699.0
654.8888888888889
692.5555555555555
662.7222222222222
696.3888888888889
650.8888888888889
671.1111111111111
656.2777777777778
699.3333333333334
629.1111111111111
655.3333333333334
677.5555555555555
647.2777777777778
714.3888888888889
623.7222222222222
723.9444444444445
669.6111111111111
682.8333333333334
637.3333333333334
719.9444444444445
655.0555555555555
674.5
688.8333333333334
703.5
632.4444444444445
728.5
625.8333333333334
709.0555555555555
634.1111111111111
709.0
599.2777777777778
679.3333333333334
639.6111111111111
659.8333333333334
665.1666666666666
659.9444444444445
683.6666666666666
661.7222222222222
666.1666666666666
716.8888888888889
659.2777777777778
691.0
683.5555555555555
670.5555555555555
663.9444444444445
675.0555555555555
703.3888888888889
651.4444444444445
680.5555555555555
676.7222222222222
659.2777777777778
692.4444444444445
667.1111111111111
687.7777777777778
665.3888888888889
715.0555555555555
669.1111111111111
677.2777777777778
725.1111111111111
637.3333333333334
736.3333333333334
692.3888888888889
702.3333333333334
652.1666666666666
713.2777777777778
657.5555555555555
702.8333333333334
671.8888888888889
686.3333333333334
653.4444444444445
672.1666666666666
640.1666666666666
693.2777777777778
643.2222222222222
696.8888888888889
634.2222222222222
694.7222222222222
634.0555555555555
676.5555555555555
639.2222222222222
659.5555555555555
640.6111111111111
650.0555555555555
685.9444444444445
683.2777777777778
643.2222222222222
676.1666666666666
658.5555555555555
648.5
682.7777777777778
643.2222222222222
689.6666666666666
624.1666666666666
689.7777777777778
629.2777777777778
709.7777777777778
613.4444444444445
686.5
643.0555555555555
709.3888888888889
651.0555555555555
667.7222222222222
682.5
655.5
668.6666666666666
708.1111111111111
652.3888888888889
674.7777777777778
625.1111111111111
663.5
643.3333333333334
669.7777777777778



The list of best values first execution 

363.0
938.0
333.0
638.0
410.0
543.0
268.0
465.0
229.0
253.0
402.0
291.0
316.0
230.0
387.0
347.0
338.0
300.0
301.0
253.0
300.0
276.0
403.0
380.0
347.0
238.0
253.0
347.0
236.0
323.0
260.0
245.0
300.0
207.0
166.0
222.0
238.0
291.0
340.0
338.0
214.0
299.0
113.0
229.0
323.0
315.0
346.0
402.0
267.0
308.0
253.0
316.0
332.0
402.0
330.0
316.0
347.0
285.0
221.0
270.0
268.0
276.0
402.0
410.0
285.0
277.0
323.0
262.0
393.0
252.0
308.0
144.0
207.0
152.0
183.0
252.0
253.0
339.0
215.0
246.0
293.0
276.0
261.0
380.0
308.0
371.0
228.0
316.0
330.0
346.0
267.0
315.0
355.0
379.0
331.0
340.0
309.0
254.0
301.0
278.0
182.0
253.0
197.0
316.0
190.0
254.0
253.0
323.0
237.0
323.0
244.0
261.0
330.0
316.0
253.0
290.0
300.0
292.0
206.0
246.0
145.0
306.0
230.0
347.0
363.0
385.0
339.0
354.0
269.0
354.0
340.0
299.0
277.0
286.0
340.0
317.0
378.0
176.0
347.0
251.0
260.0
315.0
315.0
222.0
222.0
238.0
362.0
214.0
276.0
298.0
222.0
191.0
252.0
283.0
260.0
308.0
317.0
285.0
245.0
168.0
214.0
254.0
275.0
347.0
145.0
159.0
262.0
316.0
168.0
346.0
277.0
300.0
308.0
292.0
236.0
338.0
347.0
292.0
339.0
253.0
393.0
332.0
293.0
269.0
308.0
362.0
270.0
214.0
316.0
237.0
246.0
191.0
330.0
284.0
175.0
307.0
216.0
222.0
340.0
167.0
182.0
261.0
184.0
221.0
246.0
277.0
105.0
261.0
291.0
245.0
167.0
324.0
316.0
174.0
307.0
253.0
340.0
338.0
348.0
237.0
331.0
292.0
332.0
316.0
347.0
394.0
315.0
205.0
245.0
246.0
207.0
331.0
355.0
332.0
261.0
308.0
284.0
339.0
292.0
276.0
331.0
386.0
198.0
307.0
175.0
246.0
245.0
293.0
276.0
433.0
183.0
268.0
331.0
371.0
347.0
417.0



The list of values average 

848.7261111111113
1596.6583333333326
822.86
1107.5422222222223
820.2877777777777
904.7566666666665
784.957777777778
812.7294444444443
761.220555555556
752.1216666666666
741.2705555555557
729.6405555555559
718.567777777778
713.9272222222219
706.4099999999997
702.3255555555555
699.3355555555556
694.9238888888885
686.6111111111113
694.1049999999998
689.4138888888888
688.8716666666661
682.4483333333333
689.1200000000002
681.2727777777774
685.9616666666666
679.4349999999998
684.0683333333335
678.3955555555556
682.6094444444442
675.6127777777781
681.6166666666668
671.503888888889
677.9316666666667
676.6422222222222
679.8083333333332
675.5094444444442
677.7272222222222
676.373888888889
673.1138888888888
676.3538888888888
675.772777777778
677.3255555555555
673.9405555555554
678.6950000000002
672.9094444444446
679.8416666666665
668.7788888888888
679.8411111111112
666.8905555555554
682.1955555555559
668.1155555555559
682.3083333333335
668.1572222222222
675.0238888888889
670.3611111111113
676.9438888888889
668.5061111111111
676.5855555555556
670.675
674.4544444444447
671.4666666666664
674.2511111111107
673.4055555555557
673.8588888888888
673.0372222222222
674.4027777777778
674.545
669.632222222222
675.4666666666668
670.5344444444446
677.2249999999999
669.0600000000002
678.9766666666667
667.0344444444445
682.6266666666663
666.0738888888891
677.6499999999997
670.4488888888889
675.7244444444445
670.2455555555557
676.9572222222223
668.6516666666665
671.8388888888888
673.9955555555555
670.6394444444446
669.3161111111112
673.7494444444444
673.0661111111115
672.8644444444444
671.1072222222224
674.6694444444445
671.6561111111112
669.8799999999998
676.3066666666667
667.6283333333331
675.0305555555558
671.2161111111111
670.8622222222223
671.6999999999999
671.2149999999999
669.9372222222221
673.2733333333335
669.7622222222225
674.5750000000002
671.2861111111112
676.9883333333339
671.258888888889
674.2327777777783
673.3550000000001
675.813333333333
670.017222222222
674.5833333333333
673.6144444444443
670.907222222222
670.5283333333332
671.4211111111113
675.8188888888889
666.5305555555553
673.6133333333335
670.6650000000002
671.8022222222222
673.9711111111113
672.1272222222228
671.9200000000002
671.2022222222225
673.453888888889
671.8722222222221
673.4577777777778
670.2394444444442
674.0116666666665
672.2677777777776
674.2472222222223
668.8638888888892
672.48
670.568333333334
671.1016666666666
671.5077777777776
675.5572222222221
669.616111111111
669.7233333333335
672.9866666666665
670.3366666666668
670.7444444444443
672.7727777777783
672.2477777777779
669.5088888888888
673.5894444444444
671.2794444444445
673.0433333333333
674.2277777777778
670.7305555555557
671.841111111111
670.3866666666665
672.2438888888887
671.6344444444442
670.5061111111112
674.4561111111112
667.8777777777779
672.282222222222
672.38
669.1122222222222
671.1855555555555
672.5422222222222
668.6444444444446
671.0077777777778
669.4783333333337
673.2577777777777
666.6683333333331
674.9944444444444
669.1750000000005
670.8372222222224
669.2466666666668
672.5149999999999
669.8194444444443
668.6294444444443
673.8550000000001
670.8372222222224
673.0816666666667
670.8144444444446
669.5983333333336
673.9899999999998
669.9099999999999
675.1938888888886
671.7138888888888
673.4311111111112
671.4144444444443
671.6683333333334
668.1411111111114
672.348888888889
669.5950000000001
674.9122222222222
672.3166666666667
668.9411111111112
677.1783333333333
671.1533333333332
674.7455555555558
670.6122222222224
673.7861111111114
673.7166666666668
678.3316666666667
671.0511111111111
676.405
668.8594444444442
679.513888888889
665.7933333333332
677.4794444444444
668.1150000000001
674.971111111111
668.6477777777775
674.2999999999996
669.1283333333336
672.5822222222223
669.3305555555553
671.7766666666663
666.4755555555553
675.4722222222222
667.6005555555553
674.2211111111112
669.428888888889
674.0216666666666
669.7094444444447
671.0961111111111
677.2488888888889
666.9272222222222
674.6366666666662
667.1583333333335
674.5683333333334
665.6355555555556
676.7483333333337
666.4816666666668
676.2738888888889
665.605
676.4755555555553
665.1722222222222
676.176111111111
671.43
674.7972222222221
665.3299999999999
678.6944444444448
666.9449999999999
675.5216666666662
667.7222222222221
674.933888888889
668.9766666666666
673.6266666666662
668.8522222222222
674.1722222222227
673.2938888888889
667.7272222222223
676.5466666666665
666.5233333333333
672.0288888888886
670.6794444444444
672.5427777777777
669.0761111111112



The list of best values average 

385.67
843.9700000000004
372.78
536.7699999999999
394.7200000000001
443.2600000000001
385.2699999999998
398.49999999999983
362.67999999999995
359.42000000000013
370.47
348.13999999999993
346.3
341.40999999999997
333.49000000000007
334.22
326.55
327.06
324.77
334.08000000000004
316.73
315.79999999999995
317.28
326.4500000000001
308.77000000000004
301.79
308.9500000000001
297.7
299.7799999999999
295.56
307.88999999999993
309.58
308.98999999999995
312.14
296.01000000000005
307.88000000000005
305.97
303.48
310.80000000000007
315.32
310.10000000000014
308.8199999999998
296.8100000000001
307.68
301.0500000000002
298.28000000000003
308.03
299.34000000000003
304.94
305.9299999999999
302.08
298.61
301.8300000000001
296.2899999999999
304.3900000000001
303.43
303.46999999999997
299.45
295.34
302.02
302.45000000000005
307.82
319.89
309.9000000000001
293.73
296.43999999999994
292.15000000000003
293.65000000000003
290.42999999999995
288.97
294.27000000000004
289.6
303.42999999999995
301.87000000000006
291.57000000000005
299.3100000000002
291.7900000000001
306.0599999999999
308.4999999999998
306.25999999999993
305.2200000000001
302.45000000000005
300.0299999999999
295.45
302.07
302.96999999999997
306.86000000000007
296.69999999999993
297.0400000000001
299.3099999999999
297.31
297.4699999999999
298.8
315.84
305.55000000000007
300.21999999999997
312.77
301.78999999999996
304.31
306.19
308.78999999999996
307.92
306.34000000000003
304.63
306.2800000000001
307.68
306.47999999999996
306.60999999999996
306.71
300.6300000000001
298.4299999999999
291.07000000000005
290.6299999999999
287.95000000000005
299.28999999999985
302.07
314.85
307.22999999999996
314.3900000000001
301.2100000000001
308.73999999999995
304.02
306.41999999999985
302.0100000000001
320.03000000000003
297.14999999999986
320.7099999999999
295.99000000000007
313.1300000000001
308.02000000000015
316.0499999999999
304.96999999999997
301.74999999999994
297.4500000000001
304.51
308.46000000000004
303.56999999999994
306.37
309.41
302.16
304.45000000000005
306.77
306.7399999999999
305.7000000000001
306.50999999999993
305.16999999999996
297.45
309.02999999999986
305.69000000000005
304.71
295.27000000000004
309.81999999999994
308.64000000000004
306.25999999999993
305.51000000000016
308.26
306.00000000000017
309.73
298.39000000000004
298.7199999999999
297.13000000000005
313.8299999999999
294.63000000000005
300.52000000000015
314.16999999999996
300.09
305.24
308.32000000000005
309.2799999999998
307.2099999999999
317.68000000000006
304.69000000000005
308.93
300.94
302.0800000000001
294.5799999999999
310.4599999999999
280.67
306.2900000000001
305.11000000000007
314.2000000000001
291.09000000000003
312.1099999999998
295.2199999999999
304.41
315.26999999999987
311.26000000000005
299.8
298.54999999999995
304.20000000000005
303.59000000000003
298.71000000000004
295.9799999999999
294.74000000000007
291.8199999999999
294.49
296.9299999999999
312.77
299.83
293.65999999999997
304.03999999999996
289.06999999999994
284.5
295.34
293.15
291.4299999999999
300.4299999999997
300.0300000000001
306.4
301.73999999999984
297.9900000000002
292.9200000000001
299.70000000000016
294.12000000000006
306.14000000000004
308.7000000000001
300.2199999999998
293.58000000000004
298.96999999999997
305.5300000000001
297.5399999999999
314.48000000000013
283.0900000000001
308.6200000000001
306.74999999999994
308.85
299.72000000000014
306.73999999999984
292.86000000000007
299.38
297.83
308.38
299.70000000000005
301.24999999999994
298.36000000000007
295.0099999999999
294.1500000000002
300.1000000000001
304.45999999999987
313.85
293.7399999999999
308.22
289.2700000000001
303.85000000000014
293.5099999999999
304.0999999999999
300.91
304.72999999999996
307.3200000000001
311.84000000000003
301.99999999999983
309.07000000000005
309.2099999999999
305.5799999999998
302.00999999999993
299.70000000000016
