----------Report of simulation of Quantum Parallel Tempering - Population Annealing v1-----------
The number of considered Spin72
The considered Annealing Duration 288
The considered Annealing Number 100
The considered T 1.0
The considered Gamma0 1.0
The considered Number Of Replica 3
The considered Number Of System Tempering 3
The considered Number Of System Population 3
The solution found [-1. -1. -1. -1. -1. -1. -1. -1. -1. -1. -1. -1. -1.  1. -1. -1. -1. -1.
 -1. -1. -1. -1. -1. -1. -1. -1. -1. -1. -1. -1. -1. -1.  1. -1. -1. -1.
 -1. -1. -1.  1. -1. -1. -1.  1. -1. -1. -1. -1. -1. -1.  1. -1. -1. -1.
  1. -1. -1. -1. -1. -1. -1. -1. -1. -1. -1. -1. -1. -1. -1.  1. -1. -1.]
The value found 65.0
The Success probability is 0.01
The average value is 73.23
The total execution time is 916.9629507064819
The average time for execution is 9.169627811908722
The average time for all systems update is 0.031795962775746985
The average time for system tempering update is 0.004515080358143206
The average time for system population update is 520.9261074066162
The average time for replica update is 0.0017570217781596714
The average time for spin update is 2.413763580984335e-05
The list of values found 

73.0
77.0
74.0
67.0
68.0
71.0
74.0
74.0
70.0
72.0
70.0
66.0
68.0
69.0
80.0
73.0
70.0
74.0
75.0
69.0
80.0
80.0
81.0
76.0
74.0
73.0
70.0
79.0
70.0
74.0
82.0
69.0
81.0
69.0
76.0
74.0
83.0
70.0
69.0
66.0
68.0
69.0
77.0
68.0
79.0
77.0
75.0
71.0
69.0
70.0
80.0
76.0
74.0
77.0
74.0
77.0
78.0
69.0
76.0
72.0
87.0
69.0
70.0
71.0
74.0
68.0
70.0
79.0
72.0
75.0
80.0
69.0
69.0
79.0
84.0
70.0
65.0
70.0
70.0
70.0
73.0
69.0
73.0
82.0
73.0
67.0
66.0
78.0
69.0
76.0
70.0
69.0
81.0
70.0
70.0
71.0
74.0
69.0
78.0
78.0



The list of values first execution 

895.1111111111111
1789.5
1063.6666666666667
1190.111111111111
1059.2777777777778
1102.5
1025.2777777777778
985.5555555555555
989.6666666666666
1030.611111111111
1094.0
761.3888888888889
1034.611111111111
919.3888888888889
898.5555555555555
962.2777777777778
840.0
1004.0555555555555
856.5
871.7777777777778
836.1666666666666
885.5555555555555
895.2222222222222
813.8888888888889
894.6666666666666
849.9444444444445
872.0
920.3333333333334
733.0
902.0555555555555
882.7777777777778
867.7777777777778
872.1111111111111
868.5555555555555
867.8888888888889
866.7222222222222
800.3888888888889
865.6666666666666
822.8888888888889
901.8888888888889
739.6111111111111
921.5555555555555
854.7777777777778
884.1111111111111
823.0555555555555
869.2777777777778
895.3333333333334
778.3888888888889
785.8333333333334
887.0555555555555
816.0555555555555
893.1666666666666
753.5555555555555
942.3333333333334
888.6666666666666
857.7777777777778
783.7777777777778
873.8888888888889
921.6111111111111
842.1111111111111
808.3333333333334
946.9444444444445
836.3888888888889
858.3333333333334
860.5
898.7777777777778
875.9444444444445
799.1666666666666
825.8888888888889
892.7222222222222
838.8333333333334
799.4444444444445
882.3888888888889
887.7222222222222
766.8333333333334
942.5555555555555
749.2777777777778
849.1666666666666
797.3888888888889
864.3888888888889
826.3333333333334
841.6666666666666
722.2222222222222
962.3888888888889
654.4444444444445
887.3333333333334
850.0555555555555
718.1111111111111
889.6666666666666
749.6666666666666
767.0555555555555
842.2222222222222
783.7222222222222
823.7777777777778
754.1111111111111
787.8888888888889
823.3888888888889
646.7222222222222
865.8333333333334
732.4444444444445
759.9444444444445
740.4444444444445
741.4444444444445
725.7777777777778
702.6666666666666
690.1666666666666
675.7777777777778
695.8888888888889
817.3333333333334
660.6666666666666
768.7222222222222
718.1111111111111
799.1111111111111
639.1111111111111
730.1111111111111
749.3333333333334
643.4444444444445
712.9444444444445
668.3888888888889
750.8333333333334
685.9444444444445
708.7777777777778
695.2222222222222
706.7777777777778
701.2777777777778
682.7777777777778
765.6666666666666
567.6666666666666
844.8333333333334
633.3333333333334
708.4444444444445
775.0
636.6111111111111
717.5555555555555
724.5555555555555
581.5555555555555
779.4444444444445
658.7777777777778
638.3888888888889
767.6666666666666
680.7222222222222
693.0
660.5
680.5555555555555
713.3888888888889
609.8333333333334
727.1666666666666
685.2222222222222
648.1666666666666
687.6111111111111
669.7777777777778
684.1666666666666
654.2777777777778
725.1111111111111
577.8333333333334
693.1666666666666
713.0555555555555
607.2777777777778
709.3888888888889
598.7777777777778
667.5
620.8888888888889
675.2222222222222
655.5
718.9444444444445
637.2222222222222
603.5555555555555
760.2777777777778
614.6111111111111
710.0
650.2222222222222
627.9444444444445
718.8333333333334
557.0555555555555
694.8333333333334
644.3888888888889
697.3333333333334
595.2222222222222
684.3333333333334
678.8333333333334
599.2222222222222
752.0
579.0
690.1666666666666
580.8333333333334
683.5555555555555
623.8888888888889
698.6111111111111
610.3888888888889
668.7222222222222
667.5555555555555
634.2222222222222
683.7777777777778
712.3333333333334
543.4444444444445
771.7777777777778
594.7222222222222
673.6666666666666
701.2777777777778
570.8888888888889
666.8333333333334
719.5555555555555
599.3333333333334
652.1666666666666
600.6666666666666
652.5555555555555
651.2777777777778
656.8333333333334
643.8333333333334
613.8888888888889
675.3888888888889
613.7222222222222
653.1111111111111
598.2777777777778
617.2777777777778
607.6111111111111
651.9444444444445
651.7222222222222
635.3333333333334
679.6111111111111
605.5
678.1666666666666
591.8333333333334
641.4444444444445
634.0555555555555
662.7777777777778
619.0555555555555
707.3888888888889
538.8888888888889
734.1666666666666
584.2222222222222
653.0555555555555
639.3888888888889
570.7777777777778
696.2222222222222
628.1111111111111
637.5
649.8888888888889
699.3888888888889
561.8333333333334
735.7222222222222
559.0555555555555
695.6111111111111
636.3888888888889
653.0555555555555
658.5555555555555
647.6666666666666
614.7222222222222
675.9444444444445
592.0
650.7222222222222
590.6666666666666
643.1111111111111
643.0555555555555
667.5555555555555
594.5
744.7222222222222
552.7777777777778
649.6111111111111
665.0555555555555
589.2777777777778
701.0555555555555
547.3888888888889
641.1111111111111
611.6111111111111
663.3333333333334
596.5555555555555
649.2222222222222
659.1666666666666
625.5555555555555
669.8888888888889
675.7222222222222
622.1111111111111
686.0
642.7222222222222
650.4444444444445
715.8888888888889
591.2222222222222
712.1111111111111
659.8888888888889
664.2222222222222
649.1111111111111
675.3333333333334
633.1111111111111
801.9444444444445
553.7222222222222
725.5
715.3333333333334



The list of best values first execution 

77.0
322.0
347.0
129.0
346.0
338.0
222.0
322.0
198.0
222.0
282.0
251.0
230.0
306.0
346.0
260.0
213.0
252.0
253.0
290.0
284.0
268.0
307.0
267.0
330.0
229.0
307.0
252.0
236.0
245.0
229.0
206.0
291.0
237.0
251.0
363.0
206.0
268.0
346.0
214.0
292.0
261.0
245.0
329.0
252.0
198.0
229.0
276.0
228.0
274.0
251.0
160.0
284.0
323.0
159.0
353.0
292.0
228.0
369.0
268.0
291.0
267.0
252.0
283.0
276.0
284.0
283.0
347.0
260.0
268.0
244.0
276.0
315.0
400.0
143.0
261.0
277.0
261.0
269.0
299.0
182.0
268.0
284.0
268.0
214.0
330.0
305.0
282.0
275.0
299.0
291.0
284.0
284.0
267.0
284.0
206.0
299.0
281.0
261.0
315.0
235.0
167.0
246.0
205.0
276.0
237.0
159.0
174.0
230.0
260.0
306.0
175.0
222.0
181.0
189.0
252.0
175.0
220.0
174.0
260.0
229.0
206.0
245.0
189.0
229.0
222.0
228.0
196.0
228.0
143.0
190.0
198.0
175.0
136.0
214.0
199.0
173.0
237.0
198.0
167.0
158.0
167.0
182.0
159.0
174.0
129.0
182.0
167.0
173.0
120.0
151.0
183.0
143.0
166.0
135.0
205.0
158.0
183.0
188.0
135.0
197.0
112.0
150.0
182.0
189.0
136.0
182.0
213.0
98.0
128.0
127.0
159.0
150.0
113.0
150.0
159.0
135.0
142.0
166.0
120.0
143.0
96.0
135.0
73.0
128.0
134.0
136.0
106.0
97.0
111.0
128.0
128.0
128.0
159.0
151.0
120.0
127.0
149.0
126.0
142.0
96.0
127.0
129.0
120.0
120.0
120.0
96.0
158.0
128.0
142.0
142.0
106.0
136.0
166.0
97.0
105.0
112.0
135.0
97.0
135.0
121.0
96.0
143.0
111.0
104.0
98.0
96.0
95.0
104.0
126.0
112.0
120.0
119.0
111.0
135.0
112.0
166.0
112.0
143.0
135.0
127.0
107.0
112.0
167.0
143.0
119.0
105.0
111.0
110.0
134.0
119.0
119.0
127.0
112.0
79.0
103.0
119.0
119.0
119.0
134.0
74.0
90.0
149.0
142.0
105.0
128.0
120.0
126.0
127.0
144.0
105.0
142.0
111.0
127.0
120.0
152.0
144.0
188.0
144.0
213.0
166.0
182.0
174.0
181.0
197.0
150.0
150.0
189.0



The list of values average 

887.0405555555554
1761.3866666666663
1163.37
1134.6300000000003
1211.3005555555553
1013.3894444444446
1067.2944444444445
1008.6961111111113
999.9422222222222
980.4344444444445
955.4950000000002
962.6111111111112
942.573888888889
927.872777777778
918.3416666666667
921.3872222222222
910.3650000000001
907.1961111111109
892.3744444444443
903.845
902.6622222222222
890.9122222222225
891.6511111111113
898.4399999999997
891.3144444444446
889.632222222222
880.4705555555557
888.6194444444442
886.871111111111
886.9288888888888
874.612777777778
888.1700000000003
881.4427777777779
881.2111111111109
875.9749999999998
888.2744444444443
878.6844444444446
881.7449999999997
875.4483333333332
886.3305555555559
874.0994444444443
887.7194444444444
874.5027777777777
880.8577777777775
883.0027777777779
877.0833333333333
873.372222222222
887.6483333333329
880.7033333333333
881.4588888888892
874.7683333333335
881.9633333333331
880.6894444444446
879.9327777777776
881.0933333333332
877.5922222222222
888.586111111111
873.3938888888888
881.8255555555555
876.0422222222222
872.6444444444447
883.6844444444447
873.8727777777775
871.2216666666666
878.7166666666666
874.6977777777777
860.2488888888887
881.7877777777778
864.9349999999998
867.9105555555554
865.4027777777775
858.3555555555554
865.9355555555553
858.5561111111108
849.326666666667
833.3694444444446
850.4911111111107
837.307777777778
837.0244444444444
834.8611111111119
819.4666666666666
826.477777777778
807.2855555555554
811.9722222222221
806.1633333333332
809.3861111111113
796.7611111111112
801.6083333333328
784.4450000000002
784.0377777777776
784.328333333333
774.5194444444444
774.51
770.2050000000004
771.8461111111118
766.7261111111114
766.9472222222222
760.0944444444447
759.7766666666666
766.6405555555556
744.197777777778
753.2049999999999
749.9466666666666
730.7411111111112
743.3538888888887
732.906111111111
736.2905555555557
725.9622222222221
736.166666666667
728.5822222222222
723.8822222222223
738.7099999999999
725.6916666666666
723.8672222222222
721.3800000000001
714.6966666666666
713.1838888888891
710.8872222222221
709.742777777778
708.75
697.8222222222224
713.8511111111111
693.9661111111111
700.2405555555557
699.5600000000001
697.7794444444444
701.0922222222217
693.1755555555552
699.9461111111111
696.165
695.163888888889
694.1833333333332
697.2883333333334
692.0416666666666
678.3650000000002
700.9983333333334
680.3399999999999
679.466111111111
682.0827777777777
682.505
683.7288888888892
677.5055555555551
666.7344444444444
673.7777777777778
674.5177777777775
669.3544444444444
668.9755555555552
675.7777777777777
673.093888888889
666.8566666666666
668.1605555555557
670.1649999999998
661.9511111111107
672.1072222222222
664.5688888888892
663.7627777777776
663.5816666666669
671.1733333333334
662.5072222222223
664.6083333333335
666.5394444444446
665.1816666666668
671.0288888888891
659.002777777778
676.3211111111112
657.0716666666665
665.8888888888888
670.6022222222222
661.5694444444443
669.7405555555555
655.9577777777778
663.078333333333
662.9866666666665
655.3744444444442
663.7933333333332
657.2300000000005
654.7611111111111
656.7699999999999
655.3611111111112
654.9177777777776
649.2416666666668
653.5144444444444
648.5672222222221
650.1733333333334
646.6822222222221
645.4377777777779
649.767777777778
645.5299999999999
653.5500000000003
639.5777777777779
651.4927777777777
647.2727777777777
638.8727777777779
649.462777777778
642.0127777777777
644.127222222222
646.4766666666667
640.4649999999999
641.3005555555555
643.7116666666667
637.2294444444442
644.4994444444444
638.0983333333334
644.81
637.5783333333331
644.0766666666667
642.2177777777779
641.1161111111112
643.1027777777774
639.9783333333337
641.6422222222222
644.5516666666667
635.3633333333335
641.5816666666669
639.1777777777777
638.5877777777778
641.7433333333335
636.9461111111112
644.1788888888885
629.2772222222221
650.3705555555556
630.7705555555556
642.3038888888893
640.7822222222223
637.0405555555553
636.2972222222223
648.2122222222224
632.133333333333
639.3599999999998
638.5194444444445
634.7872222222222
643.3638888888888
633.8944444444445
642.656111111111
640.3266666666672
632.7938888888888
645.5166666666665
637.6516666666668
645.7655555555557
637.1222222222224
643.0055555555556
640.7683333333335
641.447777777778
642.3511111111112
640.8949999999999
639.4361111111111
636.7300000000001
633.6144444444443
644.977777777778
634.3644444444446
643.0877777777779
641.7694444444443
634.982777777778
646.5488888888887
636.1727777777775
638.8872222222221
641.9283333333332
637.4505555555555
644.1411111111111
635.0716666666664
643.5266666666668
639.4005555555556
641.9672222222222
644.8199999999998
638.1416666666667
643.5849999999999
641.8261111111109
647.5705555555556
633.9733333333332
653.2011111111107
645.0505555555555
639.4533333333334
658.2088888888887
641.4688888888888
651.7566666666664
663.183888888889
656.8677777777774
675.548333333333
658.153888888889
672.4261111111111
664.1705555555557
662.0455555555553
673.6283333333333
653.598888888889
676.7588888888888
666.852222222222
684.5444444444443
703.628888888889



The list of best values average 

80.13000000000004336.24000000000024254.10000000000002178.24000000000004316.71000000000004224.45000000000005220.29999999999993316.68999999999994243.78999999999994241.46000000000012291.24260.96999999999997259.79281.38000000000005264.99999999999994263.15269.26999999999987266.49999999999994266.85999999999996266.09263.54261.98268.38271.21259.12999999999994270.86999999999995269.69268.4199999999999267.0699999999999270.9100000000002267.1259.1499999999999264.30000000000007257.33000000000004268.4599999999999267.13000000000005264.0900000000001269.65000000000003264.0300000000001265.13000000000005266.61263.18271.57000000000005263.8263.0499999999999268.25999999999993264.46999999999997268.4599999999999263.85999999999996269.40000000000003266.43265.39260.67000000000013267.9100000000001252.4799999999999268.4599999999999268.77266.42999999999995267.91999999999996269.0400000000001262.47275.46000000000004269.70999999999987262.67999999999995270.5999999999999264.78999999999996262.5799999999999273.21999999999997272.0199999999999262.92999999999984273.3799999999999269.5399999999999265.55000000000007259.00000000000006273.82999999999987262.9267.7199999999999262.6000000000001275.05264.2800000000001266.0267.91268.1700000000002263.95000000000005252.86000000000007258.53264.38000000000017265.6699999999999267.2700000000001255.83999999999997257.34000000000003256.38251.90000000000015256.63256.84999999999997246.46000000000015259.16252.21000000000004249.83999999999997253.45000000000005242.12999999999997235.25999999999993247.11999999999992227.67000000000002236.53234.69000000000005237.06000000000003227.86999999999998233.84000000000003227.88999999999996230.83235.32238.63999999999996221.77999999999992213.93999999999997219.6199999999999207.20999999999998206.38207.72999999999988206.44000000000005202.4899999999999205.29000000000002196.51999999999998204.37999999999994198.56199.34202.01999999999995199.27000000000004197.36999999999992202.08000000000004195.08999999999997202.94000000000003199.46000000000004197.86000000000007188.75000000000003183.83999999999992181.01999999999998175.54000000000002171.73000000000002173.34000000000012174.6499999999999160.22000000000006162.89162.91165.89165.49159.05000000000004165.01000000000008160.96158.97158.01999999999995161.38157.98000000000005161.38999999999993160.95999999999995160.38000000000002152.45999999999998161.17999999999998159.74000000000004155.98000000000002156.28000000000003156.3700000000001160.39999999999992162.61163.66000000000005158.25163.24164.96161.88152.15999999999997148.73000000000005145.84143.88000000000005138.39000000000004140.67000000000002145.04000000000002137.26999999999995137.20000000000002133.75000000000003134.99129.0300000000001130.23126.87000000000008129.50000000000003126.63999999999994124.1125.78000000000002123.94000000000001129.03125.78000000000003120.15000000000003123.49999999999996118.55000000000003127.33999999999999122.52000000000002121.51000000000005121.21999999999996119.12000000000002120.23000000000002122.99000000000001120.17000000000003120.82000000000002118.76000000000008119.39000000000001120.44000000000001120.21000000000001118.28999999999996121.43000000000002120.08000000000003117.92000000000002118.90000000000002120.96999999999997118.21000000000002119.91000000000004122.56000000000004118.1000000000001119.07999999999997119.87999999999998121.17999999999999118.08000000000001121.66000000000001118.69000000000001121.31000000000003121.93999999999997121.86000000000003116.67000000000004121.62121.61000000000006118.74000000000004122.69000000000001118.26000000000003124.59000000000003121.21000000000002121.76000000000005119.81000000000006120.77000000000001121.46000000000001117.39121.80000000000005121.76120.18999999999997124.62119.14000000000004120.36000000000003118.89000000000003119.13000000000004121.03999999999999121.68000000000002119.74000000000001122.22000000000004119.91000000000003121.71000000000001121.60000000000002121.35000000000001121.16000000000003121.33000000000001118.52000000000007120.32000000000004122.88000000000002120.19119.85000000000004117.46999999999997120.42120.44000000000007120.65999999999995120.69000000000003121.45000000000003122.83000000000001121.20000000000002124.37000000000008125.67000000000004124.55000000000005130.68999999999997129.93999999999997130.28000000000006143.58000000000004151.08000000000004161.80999999999995163.78999999999996168.82999999999993164.49000000000007166.18163.60000000000002159.78000000000003157.82000000000002160.17999999999995176.15000000000003213.12999999999994