----------Report of simulation of Quantum Parallel Tempering - Population Annealing v2-----------
The number of considered Spin40
The considered Annealing Duration 160
The considered Annealing Number 100
The considered T 1.0
The considered Gamma0 1.0
The considered Number Of Replica 3
The considered Number Of System Tempering 3
The considered Number Of System Population 3
The solution found [-1. -1. -1. -1.  1.  1. -1. -1. -1. -1. -1.  1. -1. -1.  1. -1. -1.  1.
 -1. -1. -1. -1. -1. -1. -1. -1. -1. -1. -1. -1. -1. -1. -1. -1. -1. -1.
 -1. -1. -1.  1.]
The value found 34.0
The Success probability is 0.01
The average value is 37.13
The total execution time is 147.47596669197083
The average time for execution is 1.4747580909729003
The average time for all systems update is 0.00918622249364853
The average time for system tempering update is 0.0015487245817979176
The average time for system population update is 70.35256743431091
The average time for replica update is 0.0005020869912372695
The average time for spin update is 1.2316399460865392e-05
The list of values found 

37.0
35.0
37.0
36.0
35.0
36.0
35.0
36.0
35.0
42.0
35.0
36.0
36.0
37.0
36.0
35.0
37.0
36.0
36.0
36.0
36.0
38.0
36.0
35.0
35.0
35.0
36.0
38.0
36.0
35.0
38.0
38.0
35.0
36.0
38.0
37.0
36.0
35.0
37.0
35.0
39.0
36.0
36.0
42.0
34.0
43.0
42.0
35.0
36.0
35.0
35.0
44.0
35.0
42.0
36.0
36.0
42.0
42.0
37.0
38.0
37.0
36.0
36.0
37.0
37.0
35.0
35.0
35.0
44.0
37.0
36.0
42.0
36.0
43.0
37.0
37.0
35.0
36.0
35.0
37.0
35.0
37.0
36.0
43.0
42.0
36.0
37.0
36.0
38.0
43.0
38.0
38.0
35.0
35.0
36.0
37.0
42.0
42.0
35.0
35.0



The list of values first execution 

316.8888888888889
585.2222222222222
382.6666666666667
394.5
401.8888888888889
368.6666666666667
302.27777777777777
319.8888888888889
313.6111111111111
340.72222222222223
289.6111111111111
298.55555555555554
273.44444444444446
313.8888888888889
278.3888888888889
258.6666666666667
329.0
279.5
298.27777777777777
280.94444444444446
294.44444444444446
310.94444444444446
287.05555555555554
275.8888888888889
283.1111111111111
285.77777777777777
278.6111111111111
245.11111111111111
305.8333333333333
291.3888888888889
275.27777777777777
284.77777777777777
276.72222222222223
298.0
263.6111111111111
287.05555555555554
257.72222222222223
335.27777777777777
250.66666666666666
269.8888888888889
270.1111111111111
329.22222222222223
261.0
291.6111111111111
263.1666666666667
354.6111111111111
254.0
270.8888888888889
319.3888888888889
266.6666666666667
284.05555555555554
273.3888888888889
304.6111111111111
294.8333333333333
257.3333333333333
300.77777777777777
261.6666666666667
292.94444444444446
321.77777777777777
222.05555555555554
310.6666666666667
283.6111111111111
300.3888888888889
286.8333333333333
251.61111111111111
283.05555555555554
269.3888888888889
272.55555555555554
286.6666666666667
262.5
265.6666666666667
278.55555555555554
303.05555555555554
239.61111111111111
260.5
251.16666666666666
306.8888888888889
219.88888888888889
288.3888888888889
257.0
256.94444444444446
249.0
296.22222222222223
192.0
292.72222222222223
249.55555555555554
247.61111111111111
249.22222222222223
262.94444444444446
241.44444444444446
253.77777777777777
292.1666666666667
228.05555555555554
266.3333333333333
244.72222222222223
249.11111111111111
253.83333333333334
254.55555555555554
211.27777777777777
277.3333333333333
226.83333333333334
258.1111111111111
259.6666666666667
204.11111111111111
299.55555555555554
204.66666666666666
264.27777777777777
230.16666666666666
260.6666666666667
215.72222222222223
241.0
240.11111111111111
204.33333333333334
233.0
254.88888888888889
218.77777777777777
230.66666666666666
226.16666666666666
242.33333333333334
213.22222222222223
289.3333333333333
174.66666666666666
306.1111111111111
212.33333333333334
247.0
229.33333333333334
230.33333333333334
253.83333333333334
212.27777777777777
214.83333333333334
236.27777777777777
247.05555555555554
238.44444444444446
260.55555555555554
225.22222222222223
238.05555555555554
220.22222222222223
247.88888888888889
218.44444444444446
220.05555555555554
224.38888888888889
208.27777777777777
244.94444444444446
213.88888888888889
231.72222222222223
241.88888888888889
250.05555555555554
234.11111111111111
227.88888888888889
223.16666666666666
271.05555555555554
196.61111111111111
253.55555555555554
206.38888888888889
272.1111111111111
212.27777777777777
288.1111111111111
215.38888888888889
274.77777777777777
228.61111111111111



The list of best values first execution 

37.0
252.0
51.0
120.0
104.0
182.0
81.0
98.0
58.0
90.0
65.0
50.0
67.0
166.0
73.0
88.0
75.0
136.0
81.0
58.0
58.0
144.0
66.0
80.0
65.0
74.0
66.0
66.0
66.0
59.0
66.0
66.0
66.0
50.0
59.0
59.0
52.0
105.0
52.0
67.0
67.0
182.0
67.0
67.0
52.0
151.0
52.0
52.0
52.0
90.0
44.0
61.0
84.0
105.0
91.0
91.0
91.0
81.0
137.0
89.0
160.0
66.0
113.0
97.0
105.0
74.0
105.0
105.0
106.0
96.0
67.0
120.0
89.0
113.0
112.0
89.0
72.0
74.0
66.0
66.0
81.0
113.0
43.0
75.0
82.0
74.0
50.0
98.0
104.0
105.0
81.0
51.0
104.0
74.0
103.0
50.0
51.0
90.0
59.0
112.0
82.0
67.0
89.0
73.0
89.0
51.0
74.0
57.0
75.0
58.0
51.0
50.0
60.0
57.0
75.0
51.0
89.0
66.0
65.0
79.0
97.0
74.0
73.0
73.0
97.0
73.0
73.0
66.0
49.0
71.0
81.0
72.0
88.0
104.0
66.0
58.0
65.0
98.0
51.0
58.0
43.0
58.0
73.0
50.0
82.0
66.0
58.0
73.0
81.0
41.0
88.0
52.0
74.0
87.0
65.0
90.0
119.0
73.0
128.0
72.0



The list of values average 

287.26444444444456
559.0672222222227
371.9816666666666
370.0827777777778
375.6655555555556
330.28444444444443
340.57888888888886
325.1388888888888
321.0827777777778
316.1272222222222
307.95944444444444
312.15111111111094
295.4822222222223
307.86944444444447
288.2638888888888
296.77777777777777
293.15555555555557
289.49055555555555
288.663888888889
287.49722222222226
285.47555555555556
286.8144444444444
285.5622222222224
282.7738888888889
283.4183333333333
284.9244444444445
283.1066666666668
284.50777777777773
281.3505555555557
287.6033333333333
281.4794444444445
281.2183333333333
283.81055555555565
279.1855555555556
281.67555555555555
284.80722222222226
276.5561111111112
283.7300000000001
279.9861111111111
282.7972222222223
280.28222222222223
280.94166666666666
281.43777777777774
283.6944444444444
278.2094444444444
283.3594444444444
277.9572222222222
283.23000000000013
281.6105555555556
279.7294444444444
279.55666666666673
280.5111111111111
278.39666666666653
282.6255555555555
280.90055555555557
279.5172222222223
279.84999999999997
278.1788888888889
278.19888888888886
280.7855555555555
277.9366666666666
280.16611111111104
280.85055555555556
275.82166666666666
275.6955555555554
271.75111111111096
274.2150000000001
271.11833333333334
269.3988888888888
268.3777777777778
269.1066666666667
262.6038888888889
271.2816666666667
267.86944444444435
265.4261111111112
260.40222222222224
258.7649999999999
265.3444444444445
251.70166666666663
257.8572222222222
250.68555555555548
253.99055555555552
254.9505555555556
253.6588888888889
250.42888888888888
256.5905555555555
248.69611111111124
252.15611111111116
251.70166666666657
245.3622222222222
255.53833333333324
247.54277777777787
252.7905555555556
247.1144444444445
250.11222222222221
245.6794444444445
247.66999999999993
245.02222222222227
240.6933333333333
243.49777777777783
238.325
243.2377777777778
239.15777777777774
236.46611111111105
240.63166666666663
233.7822222222222
239.01500000000004
236.83888888888885
235.88555555555556
236.63000000000002
233.17333333333332
238.01611111111106
234.75388888888892
236.31500000000005
233.16666666666674
233.07333333333335
238.6288888888889
229.805
237.1011111111111
234.0255555555555
235.8788888888889
236.05888888888887
233.34166666666664
235.85833333333332
233.4544444444444
239.1994444444445
231.36666666666673
235.74388888888893
235.02277777777775
234.73388888888883
235.14111111111106
232.9183333333333
235.35666666666677
232.74722222222218
233.2205555555556
233.93722222222226
232.2727777777777
237.3166666666668
228.98833333333332
239.12555555555545
232.66777777777773
234.5272222222222
239.0305555555556
231.39722222222218
237.08499999999995
234.18944444444452
234.54944444444453
233.8066666666667
234.9272222222222
232.9822222222222
241.47833333333332
236.7455555555556
236.50222222222217
244.46944444444446
243.4233333333333
254.76111111111112
250.4700000000001
252.1055555555555
251.52444444444444
251.5822222222222



The list of best values average 

42.89000000000004
158.55000000000004
67.79000000000003
128.73999999999998
84.13999999999997
126.19
89.65000000000002
122.07999999999998
95.10999999999996
117.8900000000001
95.61999999999998
110.73
96.81999999999995
109.77000000000004
92.45999999999998
103.46
96.78000000000003
106.01
97.14000000000001
101.78000000000004
101.77000000000001
107.52999999999997
98.05000000000003
96.27000000000005
101.09000000000005
99.82999999999998
97.38000000000001
98.93000000000004
97.35999999999997
99.98000000000002
98.06000000000002
100.07999999999998
97.60000000000001
97.18
97.47000000000001
100.46999999999997
96.27
104.12999999999995
100.32
98.67999999999999
99.60999999999999
101.59
97.75000000000001
99.72000000000001
98.03000000000004
101.80999999999997
96.58
98.11999999999996
97.27000000000005
104.46000000000006
101.52000000000001
103.02000000000001
97.14999999999996
103.62
102.01999999999997
98.97000000000003
98.81999999999992
100.66
97.59000000000002
102.43000000000005
101.79000000000002
104.57000000000002
103.22000000000004
95.46000000000001
97.74999999999997
95.61999999999996
100.25999999999995
97.49000000000001
99.64
90.29
97.03999999999996
94.33999999999999
100.25000000000001
100.90999999999997
97.90000000000003
92.72999999999999
89.61000000000001
86.93999999999997
81.70999999999995
86.45999999999995
85.66999999999994
87.58999999999996
87.7
85.82000000000001
86.05999999999996
83.99000000000002
83.87999999999997
85.63999999999999
86.43999999999997
84.11999999999998
85.70000000000005
89.65999999999998
92.46
83.10999999999994
83.74999999999997
75.32999999999998
79.96
74.04
74.30000000000005
72.23999999999997
70.34999999999998
70.6
70.92999999999998
68.68999999999996
71.77999999999999
70.15999999999997
68.91999999999999
69.57999999999996
69.27999999999997
70.49999999999997
68.20999999999998
67.66
70.33999999999996
68.25999999999995
64.87999999999997
70.48
68.31000000000002
70.64
70.20999999999998
69.54
71.16
73.03999999999998
66.86999999999999
73.24999999999997
71.89999999999999
69.40999999999997
70.51
72.77999999999997
69.92999999999996
70.65999999999997
71.21999999999998
71.26999999999998
70.22999999999996
71.43999999999996
71.1
72.26999999999997
72.67999999999999
71.15999999999997
70.50999999999996
73.55000000000003
72.53999999999996
71.41999999999999
71.67999999999999
72.29999999999998
68.56999999999998
70.78999999999999
67.52999999999997
70.7
68.63999999999994
67.65
68.02000000000001
69.42999999999999
69.67999999999999
74.45999999999997
78.13000000000001
86.58
93.31000000000003
88.35
93.33999999999995
86.69999999999996
