----------Report of simulation of Quantum Parallel Tempering - Population Annealing v1-----------
The number of considered Spin61
The considered Annealing Duration 244
The considered Annealing Number 100
The considered T 1.0
The considered Gamma0 1.0
The considered Number Of Replica 3
The considered Number Of System Tempering 3
The considered Number Of System Population 3
The solution found [-1. -1. -1. -1.  1. -1. -1. -1. -1. -1. -1. -1. -1. -1. -1. -1. -1. -1.
 -1. -1.  1. -1. -1. -1. -1. -1. -1.  1. -1. -1. -1. -1. -1. -1. -1. -1.
 -1. -1. -1. -1. -1. -1. -1. -1. -1. -1. -1. -1. -1.  1. -1. -1. -1. -1.
 -1. -1.  1. -1.  1. -1. -1.]
The value found 55.0
The Success probability is 0.0
The average value is 60.02
The total execution time is 567.6254367828369
The average time for execution is 5.676252875328064
The average time for all systems update is 0.0232226856321585
The average time for system tempering update is 0.00330694100895866
The average time for system population update is 320.7620587348938
The average time for replica update is 0.0012811417912959183
The average time for spin update is 2.0741638846373053e-05
The list of values found 

57.0
58.0
59.0
59.0
61.0
62.0
57.0
67.0
58.0
62.0
59.0
60.0
58.0
66.0
58.0
59.0
63.0
59.0
59.0
58.0
62.0
65.0
66.0
65.0
58.0
59.0
66.0
61.0
55.0
59.0
57.0
70.0
57.0
57.0
58.0
55.0
65.0
58.0
60.0
58.0
59.0
58.0
60.0
56.0
58.0
58.0
63.0
60.0
63.0
56.0
56.0
66.0
58.0
66.0
58.0
57.0
64.0
57.0
58.0
66.0
58.0
70.0
58.0
57.0
57.0
56.0
58.0
59.0
60.0
63.0
56.0
64.0
58.0
56.0
58.0
58.0
63.0
67.0
71.0
58.0
58.0
55.0
64.0
58.0
58.0
64.0
57.0
62.0
58.0
58.0
57.0
59.0
58.0
65.0
63.0
58.0
57.0
58.0
63.0
60.0



The list of values first execution 

647.0555555555555
1433.3333333333333
828.3888888888889
883.6666666666666
868.7777777777778
697.6111111111111
888.8333333333334
758.9444444444445
777.6666666666666
763.0
708.5555555555555
686.2222222222222
702.2222222222222
698.6666666666666
682.6666666666666
745.6111111111111
618.6111111111111
713.4444444444445
688.1111111111111
683.9444444444445
621.7222222222222
668.5555555555555
704.5555555555555
617.4444444444445
671.7777777777778
611.5555555555555
721.8333333333334
633.9444444444445
599.1111111111111
703.5555555555555
654.7222222222222
680.0555555555555
554.2777777777778
698.4444444444445
624.1666666666666
654.3333333333334
605.1666666666666
655.8888888888889
664.5555555555555
702.6111111111111
598.3888888888889
654.7777777777778
684.4444444444445
610.2777777777778
609.3333333333334
660.6666666666666
692.7222222222222
641.9444444444445
588.3333333333334
700.1111111111111
645.5
663.2222222222222
648.5555555555555
654.7777777777778
722.7777777777778
652.7222222222222
615.5555555555555
732.4444444444445
608.1666666666666
641.4444444444445
637.2222222222222
743.6111111111111
617.3333333333334
620.5
712.3888888888889
509.0
817.5
607.2777777777778
655.5
670.3333333333334
644.5
588.7777777777778
642.3888888888889
615.1111111111111
650.8888888888889
697.1666666666666
504.77777777777777
671.4444444444445
600.5555555555555
601.2777777777778
614.7222222222222
544.7222222222222
615.7222222222222
560.6111111111111
614.4444444444445
553.6666666666666
503.8333333333333
631.3888888888889
527.7222222222222
627.9444444444445
541.9444444444445
561.3333333333334
601.7222222222222
575.1666666666666
517.5
640.1666666666666
491.0
548.6666666666666
576.5555555555555
502.72222222222223
562.3888888888889
558.2777777777778
521.6666666666666
546.3888888888889
546.7222222222222
522.2222222222222
517.8888888888889
546.0
517.5
555.3888888888889
534.7777777777778
519.6666666666666
562.6666666666666
599.7222222222222
509.05555555555554
589.4444444444445
460.6111111111111
631.7222222222222
454.6111111111111
614.0555555555555
509.0
522.3333333333334
541.7777777777778
465.8333333333333
546.0555555555555
507.6111111111111
489.0
559.3333333333334
459.27777777777777
552.3333333333334
513.2777777777778
534.1666666666666
447.1666666666667
554.8333333333334
476.1666666666667
481.44444444444446
525.1666666666666
517.0555555555555
561.7777777777778
415.22222222222223
594.2222222222222
447.8888888888889
548.6111111111111
488.94444444444446
441.6111111111111
560.1111111111111
438.3888888888889
601.8333333333334
455.22222222222223
520.5
527.6666666666666
456.5
529.6666666666666
467.5
458.1666666666667
502.55555555555554
508.8888888888889
492.0
523.9444444444445
504.77777777777777
460.8888888888889
541.5
438.3888888888889
503.8333333333333
478.6111111111111
471.6666666666667
536.2777777777778
414.6111111111111
521.7777777777778
529.4444444444445
438.27777777777777
574.0555555555555
458.44444444444446
525.7222222222222
505.8888888888889
496.3888888888889
414.3888888888889
554.1111111111111
473.3333333333333
471.8888888888889
535.2777777777778
489.8333333333333
516.8888888888889
511.6111111111111
454.94444444444446
538.1111111111111
468.05555555555554
480.0
476.1666666666667
476.3888888888889
554.8888888888889
481.5
474.8888888888889
513.4444444444445
440.1666666666667
533.6666666666666
452.22222222222223
478.05555555555554
538.6666666666666
443.3888888888889
495.6111111111111
454.05555555555554
508.1666666666667
444.94444444444446
524.6666666666666
467.1111111111111
444.8333333333333
516.0555555555555
455.5
464.27777777777777
485.72222222222223
473.72222222222223
508.3333333333333
414.0
565.2222222222222
400.3333333333333
537.5
494.55555555555554
449.05555555555554
519.4444444444445
437.22222222222223
551.4444444444445
505.1111111111111
465.0
521.0
445.77777777777777
465.6111111111111
499.72222222222223
485.27777777777777
524.8888888888889
458.1666666666667
508.6666666666667
513.7222222222222
476.27777777777777
482.44444444444446
551.8333333333334
465.1666666666667
530.5555555555555
496.94444444444446
538.9444444444445
474.8888888888889
538.7777777777778
563.4444444444445
492.77777777777777



The list of best values first execution 

65.0
328.0
119.0
156.0
202.0
156.0
149.0
234.0
211.0
227.0
196.0
241.0
217.0
209.0
273.0
149.0
242.0
241.0
242.0
225.0
296.0
125.0
195.0
218.0
235.0
141.0
242.0
171.0
241.0
134.0
226.0
155.0
165.0
179.0
210.0
109.0
250.0
226.0
234.0
195.0
188.0
172.0
234.0
210.0
195.0
218.0
225.0
135.0
187.0
288.0
142.0
210.0
218.0
171.0
226.0
188.0
141.0
273.0
180.0
141.0
172.0
273.0
188.0
164.0
250.0
210.0
156.0
242.0
227.0
164.0
250.0
211.0
156.0
173.0
274.0
172.0
171.0
264.0
180.0
149.0
225.0
193.0
140.0
193.0
188.0
125.0
172.0
219.0
124.0
163.0
195.0
195.0
156.0
203.0
210.0
211.0
164.0
155.0
226.0
147.0
195.0
204.0
156.0
186.0
179.0
140.0
179.0
179.0
179.0
133.0
210.0
148.0
140.0
211.0
118.0
179.0
156.0
162.0
132.0
187.0
179.0
163.0
140.0
133.0
123.0
124.0
148.0
140.0
134.0
148.0
132.0
163.0
95.0
163.0
116.0
95.0
126.0
156.0
133.0
101.0
149.0
125.0
109.0
157.0
110.0
132.0
126.0
108.0
102.0
132.0
102.0
94.0
109.0
101.0
57.0
117.0
117.0
110.0
117.0
94.0
86.0
125.0
86.0
125.0
87.0
94.0
80.0
86.0
101.0
118.0
109.0
132.0
140.0
101.0
93.0
109.0
93.0
94.0
116.0
118.0
108.0
110.0
94.0
85.0
101.0
111.0
125.0
101.0
116.0
125.0
79.0
124.0
117.0
102.0
126.0
131.0
110.0
132.0
110.0
108.0
110.0
132.0
72.0
125.0
116.0
117.0
101.0
86.0
102.0
87.0
132.0
116.0
86.0
125.0
94.0
102.0
101.0
117.0
117.0
101.0
118.0
108.0
131.0
101.0
87.0
95.0
108.0
109.0
100.0
92.0
124.0
87.0
133.0
132.0
117.0
171.0
179.0
156.0
162.0
141.0
109.0
109.0
210.0
157.0



The list of values average 

667.2577777777778
1308.1094444444436
883.6872222222222
829.1094444444443
899.5288888888889
748.5455555555554
795.2650000000001
758.7011111111108
739.0672222222222
735.6827777777777
709.393888888889
715.3894444444447
704.9427777777779
689.0522222222226
681.6727777777779
686.606111111111
684.2677777777777
672.093888888889
667.6361111111113
672.0761111111111
677.3088888888892
660.4572222222221
667.588333333333
666.278888888889
666.346111111111
663.4622222222222
660.5338888888887
658.7499999999999
666.1655555555556
658.2994444444445
659.8588888888887
660.0038888888886
658.4200000000001
659.3522222222219
657.248888888889
656.8777777777777
663.9327777777777
653.3927777777776
653.2005555555555
663.4622222222223
655.2950000000001
657.6072222222222
655.2149999999999
656.7038888888889
657.0027777777779
658.3572222222222
657.7350000000001
656.5544444444446
658.4844444444448
657.9816666666665
656.9088888888889
654.397777777778
659.8883333333332
653.9283333333335
657.2972222222221
654.0088888888887
660.005
654.9
648.9794444444441
657.0894444444444
655.1244444444443
659.1950000000002
651.9055555555558
652.3294444444444
651.1388888888887
648.052222222222
650.8316666666667
642.8972222222222
642.5766666666665
636.2372222222226
638.761111111111
632.5855555555557
631.8527777777776
626.6494444444445
629.6855555555554
617.9522222222221
607.1461111111112
607.0355555555551
607.7794444444442
597.3894444444445
599.6577777777777
595.512777777778
595.0900000000001
594.6388888888889
586.0477777777776
582.8611111111111
582.0661111111112
574.9927777777776
576.648888888889
572.8399999999997
569.5222222222225
571.7188888888891
564.6172222222222
575.7550000000002
563.9588888888886
569.472222222222
563.5561111111111
556.9344444444441
558.2227777777777
545.7905555555556
554.8361111111113
545.2166666666669
548.9733333333331
543.5611111111108
545.3572222222226
537.9877777777776
550.1744444444446
537.0683333333334
547.1194444444444
537.2316666666667
539.8116666666666
541.8794444444443
538.4355555555554
537.4355555555554
535.2155555555554
529.4766666666667
527.658888888889
530.2877777777777
524.5699999999999
524.9722222222222
522.5916666666669
523.878888888889
518.9294444444442
519.2183333333331
519.4599999999999
512.2527777777775
522.0627777777778
514.4249999999998
516.5344444444445
510.9005555555556
518.9244444444445
508.6722222222223
518.9494444444443
513.438888888889
511.99444444444447
513.5894444444447
513.6455555555557
517.8244444444445
509.0716666666666
513.9038888888887
511.2072222222223
514.7072222222223
514.2044444444443
507.34444444444426
512.841111111111
505.22722222222217
506.343888888889
502.5422222222223
504.3577777777778
507.04444444444425
500.0100000000001
500.8727777777777
506.48666666666657
490.7972222222223
503.97499999999997
502.5405555555555
491.9138888888889
501.28555555555556
489.9011111111109
496.38722222222214
495.14611111111105
501.85666666666674
487.98999999999984
499.3338888888889
493.22666666666674
485.39555555555546
497.0866666666666
489.8372222222222
492.22444444444443
490.645
492.3727777777777
496.3038888888888
489.7127777777779
494.3633333333335
486.16166666666675
494.79833333333323
482.51222222222225
494.78277777777777
483.693888888889
488.9194444444444
491.245
488.6711111111112
493.42666666666656
488.94222222222203
490.887222222222
487.80555555555543
488.2683333333331
489.4116666666667
492.0549999999999
487.4211111111111
491.6005555555555
491.8333333333332
488.25500000000005
485.09888888888906
490.605
487.4861111111111
487.1205555555557
493.8716666666665
482.3933333333333
492.65777777777794
486.83333333333337
485.4927777777778
486.64833333333326
489.0172222222222
482.9188888888888
493.511666666667
479.7822222222222
491.3961111111111
489.6511111111113
485.3738888888889
493.6127777777778
481.6372222222222
499.63555555555536
481.5505555555558
494.4161111111111
484.68611111111096
493.7055555555556
485.9811111111114
493.94777777777773
491.888888888889
484.95611111111117
488.8877777777777
490.9561111111112
487.7422222222224
492.4255555555555
494.3216666666668
487.9305555555556
494.0522222222221
491.6944444444444
496.37277777777786
491.72833333333335
500.1549999999997
497.9116666666664
502.70111111111095
508.29
515.8594444444443
514.8055555555554
506.45555555555586
516.2199999999997
512.9716666666668
512.4288888888889
515.2422222222222
522.9383333333334
539.8866666666665



The list of best values average 

63.239999999999945268.96165.77999999999994140.00999999999993255.08999999999995153.19000000000005192.15219.61000000000004163.57227.27202.15000000000015188.3799999999999216.2599999999999201.01999999999998204.91999999999996199.95999999999998209.14000000000001199.33999999999997202.17999999999998210.06999999999996198.23999999999998203.82999999999998204.95000000000002202.13000000000005202.44999999999996205.17999999999998198.38206.64000000000001203.45198.64999999999998201.93999999999997202.66999999999993202.91000000000014206.57202.27000000000007204.39201.45000000000002205.16000000000003199.7204.39204.0399999999999209.20000000000002208.18999999999997210.82204.66000000000003200.66195.89999999999998205.40000000000006207.4400000000001205.22000000000003208.55199.58201.54000000000002203.70999999999995204.52999999999992202.50000000000003203.63000000000005209.61999999999995206.41999999999996197.93199.99203.62000000000003198.05198.97000000000006201.71000000000006198.07000000000008201.9800000000001200.08000000000004204.91000000000008200.56000000000003200.09196.59192.6700000000001203.40999999999994198.83000000000007198.36999999999992198.2599999999999194.32000000000008191.78000000000003193.69194.78000000000003193.8100000000001200.26191.14999999999998192.10999999999999190.24000000000004191.17000000000007185.21999999999994188.03000000000003186.71999999999994188.47000000000008185.83999999999997188.0799999999999192.14000000000001188.64999999999998182.8399999999999182.27000000000004172.69000000000005174.35000000000008164.49172.71999999999997168.42999999999998170.84999999999997167.7170.44165.56999999999996167.02163.45999999999998167.88168.64000000000004167.12000000000003164.88999999999993163.73000000000008162.25999999999993152.59999999999997150.06999999999994145.46999999999997148.43999999999997142.43999999999997147.55999999999995142.84140.64000000000001140.29000000000002136.34999999999997135.61999999999998138.92999999999995134.20999999999998133.25135.10999999999996136.26000000000002137.59999999999997135.66134.48139.52999999999992133.41138.08999999999997136.63138.09999999999997137.82000000000005135.27999999999994141.47999999999996144.95999999999998139.68000000000004134.39124.70999999999995126.67122.33999999999996123.52000000000002116.77117.05000000000001116.28113.79000000000002113.19999999999997111.85000000000004109.95000000000003108.59000000000002110.42999999999999105.41107.24000000000002107.04000000000002106.93000000000005106.11000000000004105.24106.41000000000001104.67999999999998100.94999999999999101.75999999999999104.94000000000011101.53000000000003106.29000000000003102.23107.34104.13000000000002104.44000000000003103.12999999999997103.32000000000005105.31105.26103.44000000000004102.70000000000007104.83999999999999104.38999999999997102.56000000000006104.59105.64000000000001102.21000000000002103.93999999999998104.75000000000003102.57000000000002105.26107.2104.09101.28000000000002105.13000000000004102.77000000000002106.57000000000002102.55000000000004105.86105.51999999999998104.79000000000005104.27999999999999104.04000000000003105.81999999999998103.66000000000001104.63000000000002106.87000000000003102.50000000000006104.78000000000004106.68000000000002103.82000000000004107.17000000000002104.33999999999997103.25999999999999104.58000000000001106.21000000000002101.72000000000003104.11102.32000000000004102.76000000000002105.82999999999996103.27106.40000000000002101.56000000000004107.09999999999998107.32999999999996104.17000000000002103.72000000000001103.94000000000003107.99106.28000000000002106.16999999999994111.36000000000003113.09118.23132.13140.91000000000008142.06999999999996142.01999999999998150.32000000000002137.22138.42138.60000000000002142.51999999999992167.75