----------Report of simulation of Quantum Parallel Tempering-----------
The number of considered Spin 50
The considered Annealing Duration 200
The considered Annealing Number 100
The considered T 1.0
The considered Gamma0 1.0
The considered Number Of Replica 3
The considered Number Of System 6
The solution found [-1 -1 -1 -1 -1 -1 -1 -1 -1 -1  1  1 -1 -1 -1 -1 -1 -1 -1 -1 -1 -1 -1 -1
 -1 -1 -1 -1 -1 -1 -1 -1 -1 -1 -1 -1 -1  1 -1 -1  1 -1  1 -1 -1 -1 -1 -1
  1 -1]
The value found 44.0
The Success probability is 0.0
The average value is 49.26
The total execution time is 279.26093888282776
The average time for execution is 2.792607944011688
The average time for all systems update is 0.013848982167243958
The average time for system update is 0.0022956424554189045
The average time for replica update is 0.0007649027234978146
The average time for spin update is 1.5056469652387831e-05
The list of values found 

53.0
49.0
47.0
47.0
61.0
47.0
46.0
46.0
48.0
45.0
46.0
48.0
47.0
46.0
54.0
45.0
46.0
46.0
48.0
46.0
47.0
46.0
55.0
48.0
47.0
47.0
48.0
47.0
48.0
48.0
54.0
47.0
48.0
53.0
47.0
55.0
62.0
54.0
47.0
46.0
52.0
54.0
46.0
47.0
47.0
52.0
46.0
47.0
54.0
62.0
47.0
47.0
49.0
52.0
47.0
47.0
47.0
48.0
46.0
46.0
48.0
54.0
47.0
47.0
60.0
47.0
48.0
49.0
48.0
54.0
48.0
56.0
45.0
53.0
48.0
46.0
44.0
68.0
60.0
46.0
46.0
47.0
49.0
46.0
47.0
47.0
48.0
47.0
56.0
45.0
45.0
46.0
47.0
53.0
54.0
47.0
55.0
47.0
46.0
54.0



The list of values first execution 

452.94444444444446
733.7777777777778
646.6111111111111
556.4444444444445
604.1111111111111
659.8888888888889
566.3333333333334
595.9444444444445
599.0555555555555
579.4444444444445
553.9444444444445
740.6666666666666
543.1666666666666
632.1666666666666
573.3888888888889
581.1666666666666
609.0
578.5
623.6111111111111
599.4444444444445
537.5
658.2222222222222
581.7777777777778
581.9444444444445
569.6666666666666
573.0
620.6111111111111
609.0
613.5
587.7222222222222
570.6666666666666
595.0555555555555
585.5555555555555
647.6666666666666
558.1666666666666
639.4444444444445
560.0
642.3333333333334
594.7222222222222
597.7777777777778
608.0555555555555
591.5555555555555
593.8888888888889
587.1111111111111
625.5
589.6111111111111
609.7222222222222
569.5
602.5
605.7222222222222
543.0555555555555
590.9444444444445
589.6111111111111
628.4444444444445
567.3888888888889
648.6666666666666
530.9444444444445
665.5
522.0
632.4444444444445
616.2222222222222
551.3333333333334
607.1666666666666
578.8333333333334
614.8888888888889
613.1666666666666
559.7222222222222
638.2222222222222
624.6666666666666
581.7222222222222
606.8333333333334
595.9444444444445
590.5
600.8888888888889
606.6666666666666
599.0
618.1111111111111
589.1666666666666
574.1111111111111
601.8888888888889
566.8333333333334
596.9444444444445
614.7777777777778
599.9444444444445
631.2777777777778
577.3333333333334
633.0
602.0555555555555
563.3333333333334
636.1666666666666
578.1666666666666
631.9444444444445
533.3333333333334
623.5
630.7222222222222
597.5
616.6666666666666
576.7777777777778
647.1666666666666
554.5555555555555
672.9444444444445
567.0555555555555
650.6666666666666
592.3888888888889
611.0
616.3333333333334
566.8888888888889
544.5555555555555
636.4444444444445
540.7222222222222
617.7222222222222
614.5
564.7222222222222
730.3333333333334
520.0
634.5
619.7777777777778
579.2777777777778
614.3333333333334
584.5
624.2777777777778
546.8333333333334
599.7777777777778
589.3333333333334
570.8333333333334
621.0
581.0555555555555
602.3888888888889
576.0
642.6111111111111
582.8333333333334
614.1666666666666
626.2222222222222
587.2222222222222
612.6666666666666
531.3888888888889
659.3888888888889
530.0555555555555
670.9444444444445
535.2222222222222
657.6111111111111
554.6666666666666
592.8888888888889
559.0555555555555
646.6666666666666
533.4444444444445
548.0555555555555
608.1111111111111
523.3888888888889
658.3888888888889
535.0
648.6111111111111
569.0
634.8888888888889
541.5555555555555
654.1666666666666
579.7777777777778
617.9444444444445
595.8888888888889
599.4444444444445
557.4444444444445
558.1666666666666
660.7222222222222
531.1666666666666
645.6666666666666
560.8888888888889
616.8333333333334
613.8333333333334
596.5555555555555
608.6666666666666
586.2777777777778
601.2777777777778
623.9444444444445
576.6111111111111
581.9444444444445
640.9444444444445
556.6111111111111
599.3888888888889
605.6666666666666
579.4444444444445
629.0555555555555
596.8888888888889
612.3333333333334
600.0
601.2222222222222
621.1111111111111
564.3888888888889
598.2222222222222
601.8888888888889
597.0555555555555
605.0
557.6111111111111
659.5
536.4444444444445
621.4444444444445
579.7222222222222
599.1111111111111
603.9444444444445
582.8888888888889
630.0555555555555



The list of best values first execution 

63.0
215.0
92.0
152.0
107.0
138.0
137.0
107.0
98.0
137.0
138.0
176.0
145.0
92.0
231.0
115.0
167.0
122.0
131.0
184.0
161.0
200.0
136.0
168.0
166.0
154.0
123.0
139.0
168.0
216.0
139.0
114.0
107.0
232.0
91.0
191.0
115.0
230.0
177.0
145.0
161.0
153.0
120.0
199.0
122.0
93.0
159.0
123.0
169.0
277.0
124.0
191.0
123.0
161.0
231.0
123.0
230.0
69.0
100.0
167.0
122.0
138.0
193.0
153.0
239.0
98.0
115.0
162.0
168.0
146.0
123.0
184.0
146.0
223.0
161.0
201.0
130.0
167.0
160.0
152.0
160.0
83.0
194.0
62.0
224.0
222.0
85.0
130.0
121.0
160.0
115.0
216.0
121.0
183.0
175.0
99.0
207.0
162.0
176.0
200.0
162.0
199.0
70.0
216.0
130.0
153.0
161.0
192.0
115.0
176.0
170.0
168.0
216.0
169.0
146.0
185.0
170.0
191.0
131.0
199.0
138.0
138.0
122.0
123.0
223.0
145.0
106.0
106.0
192.0
200.0
176.0
200.0
168.0
184.0
153.0
184.0
169.0
113.0
177.0
128.0
145.0
200.0
121.0
168.0
68.0
207.0
114.0
199.0
114.0
68.0
177.0
200.0
162.0
184.0
114.0
170.0
208.0
153.0
224.0
183.0
107.0
192.0
169.0
176.0
138.0
184.0
175.0
99.0
152.0
137.0
152.0
160.0
129.0
177.0
201.0
176.0
114.0
146.0
183.0
192.0
184.0
183.0
69.0
206.0
53.0
99.0
192.0
114.0
246.0
61.0
277.0
130.0
160.0
146.0
161.0
185.0
84.0
137.0
91.0
206.0



The list of values average 

380.633888888889
784.2716666666666
577.9900000000001
589.5633333333335
631.541666666667
574.992777777778
612.5188888888889
590.0699999999998
609.0405555555558
587.0888888888891
607.4144444444445
595.9911111111112
598.7327777777776
601.5144444444444
592.8705555555554
603.5227777777776
592.6027777777776
599.0411111111108
604.6938888888888
596.5527777777783
603.9272222222221
592.0216666666669
600.4177777777777
597.9655555555554
598.4983333333336
601.6316666666667
596.9266666666667
601.3022222222222
598.3044444444445
602.0755555555553
595.843888888889
604.3455555555557
595.2161111111112
595.975
603.753333333333
592.702222222222
603.481666666667
601.2333333333335
592.4183333333335
603.7127777777778
592.1388888888887
604.8900000000002
592.5800000000002
598.1694444444444
601.7683333333334
596.7483333333334
597.8699999999995
605.3366666666665
597.9183333333336
604.2383333333333
598.7722222222224
598.0966666666669
598.4988888888889
597.1483333333337
597.3672222222223
596.2683333333333
602.6933333333334
597.4955555555558
597.376111111111
596.9316666666667
600.9255555555555
595.926111111111
595.5133333333332
602.6477777777776
598.7955555555556
599.3322222222223
599.2344444444444
595.7922222222222
603.4455555555556
603.4388888888886
592.4599999999998
605.0366666666665
597.2899999999997
598.7211111111109
600.062777777778
599.8294444444443
602.0083333333332
599.3316666666665
596.0483333333336
604.5666666666667
596.5794444444444
599.538888888889
597.491111111111
601.0527777777777
598.6016666666665
598.8794444444445
599.926111111111
594.2716666666666
602.3394444444443
590.1377777777778
607.6644444444445
592.888888888889
603.6005555555555
591.5255555555559
600.216111111111
599.1444444444447
599.5794444444446
601.0077777777777
598.4900000000002
599.2722222222221
602.2094444444446
595.7150000000001
597.6883333333334
600.7238888888891
593.2672222222219
600.1972222222223
598.6572222222221
595.9555555555554
605.5711111111115
599.6727777777778
595.4283333333334
599.9855555555556
603.4288888888889
594.6294444444443
600.3572222222222
598.7844444444445
598.7161111111111
598.466111111111
599.2650000000003
597.8638888888889
596.2194444444447
602.1105555555555
598.1144444444444
601.5822222222221
595.4655555555553
601.7066666666669
603.5711111111111
597.1072222222219
598.6383333333335
600.7666666666664
597.278333333333
597.3511111111112
604.0094444444445
599.5455555555557
601.983888888889
595.372777777778
601.9783333333334
597.2605555555554
598.9799999999999
598.3650000000004
597.7816666666669
600.515
597.0605555555558
597.8483333333332
604.4255555555553
597.6988888888889
594.7799999999999
597.992222222222
599.5994444444447
593.7316666666662
602.3494444444445
594.3133333333332
603.9288888888889
597.6861111111111
600.0349999999997
600.371111111111
596.6555555555553
603.6772222222221
597.0333333333334
601.3900000000001
594.5877777777777
601.5150000000004
603.3227777777779
592.8666666666663
599.3216666666668
596.8344444444442
601.8094444444445
600.0683333333332
599.3066666666668
602.7883333333331
597.5616666666667
596.0405555555553
599.5566666666667
596.8755555555556
600.458888888889
598.7016666666669
601.9911111111112
594.042777777778
601.2888888888893
598.9461111111108
594.7638888888888
604.477222222222
595.167222222222
599.6555555555556
602.2455555555556
595.0094444444446
601.7622222222225
596.8761111111114
599.5238888888892
599.0916666666665
599.7516666666666
602.006666666667
595.1205555555555
603.8805555555557
598.2711111111113
604.7316666666667
600.03
600.8772222222224
604.0727777777777
600.4644444444443



The list of best values average 

53.72999999999998
210.2900000000001
98.58999999999999
136.72999999999996
145.48000000000008
124.81999999999998
176.0900000000001
131.87000000000006
159.63999999999996
146.11000000000007
150.11999999999998
162.64000000000001
145.17000000000002
160.18999999999997
154.52000000000004
153.17000000000002
156.31
151.11999999999998
158.67999999999998
150.24999999999997
158.34000000000003
152.76999999999998
160.92999999999995
157.87999999999997
158.43999999999988
158.43000000000006
152.6400000000001
166.45
154.02
148.29
156.41000000000005
153.16
151.18000000000006
156.89000000000001
152.44999999999993
159.54000000000005
154.2199999999999
155.01999999999995
156.87
155.43999999999997
160.0
155.20000000000005
160.49000000000004
158.47999999999996
165.89000000000001
153.21000000000004
152.33999999999997
160.03999999999996
153.99999999999994
159.47000000000006
147.63
158.6500000000001
151.81000000000003
159.99000000000007
154.02999999999997
152.63000000000002
151.82000000000002
146.66
163.00000000000006
154.13999999999993
159.34000000000003
155.7300000000001
159.0700000000001
155.77000000000007
154.46
153.76999999999992
156.3499999999999
153.65
153.64000000000001
152.72
157.25
156.88000000000002
156.67000000000002
154.38000000000005
157.67000000000007
156.62
154.28999999999994
166.04000000000008
158.88999999999993
151.88000000000002
159.57999999999996
152.85000000000002
160.25000000000003
157.25999999999996
162.20000000000005
157.63000000000002
157.59
160.61000000000004
152.02
154.33000000000004
162.64999999999992
157.91
151.42999999999998
157.85
158.7
153.44000000000003
153.14
159.60000000000008
155.09999999999997
151.01000000000002
158.7899999999999
160.04999999999998
155.17000000000002
163.35999999999993
147.67000000000004
154.50999999999996
158.65
151.60999999999996
156.48000000000005
150.96
154.68999999999997
153.74000000000004
158.51
154.51999999999995
154.11
156.05999999999992
147.25
162.74999999999997
154.22999999999996
150.67
155.26000000000008
156.12
160.06999999999996
155.44000000000003
156.98000000000008
155.40000000000003
151.30000000000004
162.81999999999996
156.72000000000003
153.24000000000004
156.31000000000003
160.41999999999993
156.99999999999991
157.86
150.46
156.99999999999997
152.0699999999999
152.87000000000003
158.8
149.28000000000006
165.68000000000006
154.69999999999993
160.32000000000002
157.28999999999994
154.83000000000004
158.64999999999998
156.49999999999997
156.56
152.17999999999998
157.20000000000002
156.15999999999994
156.76000000000005
156.68999999999997
151.92999999999995
156.57
167.69999999999993
152.38000000000005
161.61000000000004
152.38
157.10999999999999
152.25999999999993
155.25999999999996
154.49000000000004
155.63000000000008
157.19999999999996
151.82999999999996
153.40999999999994
162.4499999999999
153.42000000000002
151.06
154.48000000000005
155.12000000000003
160.73
155.26
154.28999999999996
159.77000000000004
157.93999999999994
155.92
148.29999999999998
156.59000000000003
160.02999999999997
160.95999999999995
146.26000000000002
152.70000000000005
155.67000000000002
148.01000000000005
167.54999999999998
151.98
160.27
160.18000000000004
160.95999999999992
154.62000000000003
163.53000000000003
156.63000000000002
166.86
150.50000000000006
165.90000000000006
156.86
155.67
155.44999999999993
