----------Report of simulation of Quantum Population Annealing-----------
The number of considered Spin 73
The considered Annealing Duration 292
The considered Annealing Number 100
The considered T 1.0
The considered Gamma0 1.0
The considered Number Of Replica 3
The considered Number Of System 6
The solution found [-1. -1. -1. -1. -1. -1. -1. -1. -1. -1. -1. -1. -1. -1. -1. -1.  1. -1.
 -1.  1. -1. -1. -1. -1. -1. -1. -1. -1. -1.  1. -1. -1. -1. -1. -1. -1.
 -1. -1. -1. -1. -1. -1.  1. -1. -1. -1. -1. -1. -1. -1. -1. -1. -1. -1.
  1. -1. -1. -1. -1. -1. -1. -1. -1. -1.  1. -1. -1. -1. -1. -1. -1. -1.
  1.]
The value found 66.0
The Success probability is 0.02
The average value is 76.83
The total execution time is 766.8967695236206
The average time for execution is 7.668965985774994
The average time for all systems update is 0.026228612612371575
The average time for system update is 0.004359014558193346
The average time for replica update is 0.001452687178118951
The average time for spin update is 1.9680307731251412e-05
The list of values found 

76.0
81.0
74.0
84.0
82.0
75.0
82.0
75.0
81.0
81.0
74.0
75.0
73.0
73.0
82.0
74.0
74.0
74.0
68.0
83.0
77.0
75.0
82.0
75.0
82.0
67.0
81.0
74.0
66.0
67.0
75.0
75.0
75.0
72.0
74.0
89.0
75.0
74.0
76.0
90.0
81.0
82.0
75.0
88.0
74.0
82.0
75.0
76.0
82.0
68.0
74.0
69.0
82.0
83.0
67.0
75.0
80.0
89.0
74.0
75.0
82.0
82.0
75.0
77.0
74.0
67.0
73.0
91.0
77.0
67.0
82.0
74.0
89.0
67.0
82.0
81.0
83.0
75.0
74.0
75.0
89.0
75.0
82.0
75.0
82.0
75.0
83.0
72.0
74.0
75.0
66.0
74.0
67.0
74.0
67.0
83.0
82.0
82.0
74.0
72.0



The list of values first execution 

1105.7777777777778
2208.277777777778
1418.388888888889
1259.4444444444443
1161.4444444444443
1077.6666666666667
968.0555555555555
975.3888888888889
896.0
831.9444444444445
862.4444444444445
845.0
671.1111111111111
821.2777777777778
829.6666666666666
664.4444444444445
627.7777777777778
823.4444444444445
826.1666666666666
676.9444444444445
542.8333333333334
757.0555555555555
676.7777777777778
662.1666666666666
517.3888888888889
717.7777777777778
611.1111111111111
677.6666666666666
562.5555555555555
681.3888888888889
605.5
674.5555555555555
565.3333333333334
695.1666666666666
604.6666666666666
675.0
560.0
683.3333333333334
604.6666666666666
682.0
560.0
686.0
618.7777777777778
678.5555555555555
549.0
686.8888888888889
604.6666666666666
675.0
560.0
683.3333333333334
605.9444444444445
675.0
560.0
683.3333333333334
604.6666666666666
678.5
560.0
683.3333333333334
604.6666666666666
675.0
565.3333333333334
694.0
578.3333333333334
712.0
570.2222222222222
672.9444444444445
601.2777777777778
727.1111111111111
554.1111111111111
679.8333333333334
594.4444444444445
657.3333333333334
570.7222222222222
612.8333333333334
618.2222222222222
608.4444444444445
594.6111111111111
612.2777777777778
513.5
609.3333333333334
560.5
579.6666666666666
457.55555555555554
557.6111111111111
480.6111111111111
508.0
503.22222222222223
473.1111111111111
537.1111111111111
411.44444444444446
507.0
396.94444444444446
427.44444444444446
426.1111111111111
411.8333333333333
452.5
401.72222222222223
390.05555555555554
469.27777777777777
443.3888888888889
353.77777777777777
410.3888888888889
373.6111111111111
408.77777777777777
353.94444444444446
360.6666666666667
362.94444444444446
373.77777777777777
327.72222222222223
354.0
386.1666666666667
324.1666666666667
317.3333333333333
380.27777777777777
318.27777777777777
327.3333333333333
310.22222222222223
281.3888888888889
309.8333333333333
311.6666666666667
301.44444444444446
294.55555555555554
302.3888888888889
290.3888888888889
266.1111111111111
318.44444444444446
257.77777777777777
258.6666666666667
295.6111111111111
270.44444444444446
262.1666666666667
304.1666666666667
286.0
310.5
251.94444444444446
240.94444444444446
259.5
252.72222222222223
234.33333333333334
250.11111111111111
254.16666666666666
223.77777777777777
232.66666666666666
263.1666666666667
211.5
222.66666666666666
229.22222222222223
214.88888888888889
233.11111111111111
230.05555555555554
248.83333333333334
235.27777777777777
233.05555555555554
212.44444444444446
210.72222222222223
235.44444444444446
197.77777777777777
207.94444444444446
226.33333333333334
219.77777777777777
211.77777777777777
183.0
239.27777777777777
206.38888888888889
192.83333333333334
215.0
227.94444444444446
223.27777777777777
194.66666666666666
207.72222222222223
209.11111111111111
191.88888888888889
213.55555555555554
193.77777777777777
185.38888888888889
195.61111111111111
210.94444444444446
180.55555555555554
183.5
188.22222222222223
194.16666666666666
175.83333333333334
195.27777777777777
176.5
194.55555555555554
187.5
207.55555555555554
167.94444444444446
191.11111111111111
182.27777777777777
176.22222222222223
168.88888888888889
179.72222222222223
171.88888888888889
164.88888888888889
180.38888888888889
172.66666666666666
172.38888888888889
147.44444444444446
175.55555555555554
156.27777777777777
184.55555555555554
166.38888888888889
171.33333333333334
158.77777777777777
151.22222222222223
182.55555555555554
175.33333333333334
155.61111111111111
158.72222222222223
144.66666666666666
160.55555555555554
162.5
166.11111111111111
162.44444444444446
162.66666666666666
172.38888888888889
148.16666666666666
165.22222222222223
165.44444444444446
157.27777777777777
176.94444444444446
151.55555555555554
175.72222222222223
151.55555555555554
148.55555555555554
171.5
157.72222222222223
150.44444444444446
176.33333333333334
155.77777777777777
168.55555555555554
173.66666666666666
147.83333333333334
175.88888888888889
156.94444444444446
164.0
157.94444444444446
149.55555555555554
171.27777777777777
168.88888888888889
158.94444444444446
148.16666666666666
153.16666666666666
164.88888888888889
163.11111111111111
158.88888888888889
155.44444444444446
165.55555555555554
160.72222222222223
171.55555555555554
148.66666666666666
159.72222222222223
167.66666666666666
170.83333333333334
142.05555555555554
149.94444444444446
143.61111111111111
155.44444444444446
170.27777777777777
147.61111111111111
157.83333333333334
159.22222222222223
145.72222222222223
160.83333333333334
167.05555555555554
164.27777777777777
149.94444444444446
160.16666666666666
179.38888888888889
172.72222222222223
160.11111111111111
155.66666666666666
180.94444444444446
174.33333333333334
177.77777777777777
164.05555555555554
202.44444444444446
179.5
206.61111111111111
218.94444444444446
208.05555555555554
177.55555555555554
251.5
185.33333333333334
235.72222222222223
219.38888888888889
213.77777777777777
211.38888888888889
212.72222222222223
269.8333333333333
279.8888888888889



The list of best values first execution 

395.0
639.0
466.0
679.0
695.0
528.0
647.0
521.0
403.0
521.0
583.0
372.0
442.0
411.0
246.0
340.0
317.0
301.0
355.0
269.0
403.0
504.0
387.0
434.0
434.0
473.0
395.0
434.0
427.0
458.0
394.0
394.0
434.0
498.0
473.0
473.0
473.0
498.0
473.0
473.0
410.0
451.0
451.0
473.0
473.0
498.0
473.0
473.0
473.0
498.0
473.0
473.0
473.0
498.0
473.0
473.0
473.0
498.0
473.0
473.0
419.0
419.0
419.0
473.0
419.0
419.0
419.0
497.0
419.0
419.0
419.0
434.0
466.0
513.0
536.0
505.0
435.0
504.0
372.0
418.0
339.0
425.0
269.0
370.0
395.0
340.0
395.0
339.0
316.0
285.0
347.0
191.0
292.0
261.0
269.0
356.0
269.0
183.0
348.0
293.0
223.0
339.0
230.0
267.0
254.0
230.0
230.0
276.0
182.0
269.0
213.0
229.0
214.0
167.0
199.0
190.0
183.0
213.0
152.0
207.0
182.0
214.0
230.0
216.0
161.0
167.0
167.0
167.0
190.0
176.0
199.0
191.0
167.0
198.0
160.0
143.0
183.0
176.0
129.0
167.0
152.0
166.0
105.0
174.0
152.0
121.0
145.0
152.0
182.0
174.0
168.0
137.0
167.0
114.0
144.0
135.0
113.0
152.0
136.0
145.0
135.0
145.0
190.0
152.0
159.0
182.0
159.0
159.0
152.0
175.0
143.0
106.0
166.0
145.0
121.0
105.0
145.0
107.0
121.0
121.0
128.0
89.0
128.0
105.0
130.0
128.0
153.0
99.0
105.0
114.0
112.0
107.0
121.0
120.0
76.0
113.0
120.0
136.0
112.0
136.0
98.0
121.0
106.0
136.0
121.0
105.0
121.0
114.0
98.0
98.0
106.0
106.0
122.0
122.0
121.0
83.0
127.0
105.0
113.0
136.0
129.0
114.0
112.0
113.0
98.0
104.0
113.0
120.0
115.0
136.0
82.0
136.0
121.0
83.0
137.0
120.0
119.0
90.0
112.0
128.0
120.0
122.0
121.0
113.0
135.0
113.0
113.0
121.0
122.0
136.0
121.0
104.0
105.0
114.0
127.0
113.0
120.0
90.0
92.0
105.0
113.0
98.0
113.0
103.0
104.0
144.0
114.0
120.0
112.0
113.0
120.0
128.0
113.0
136.0
143.0
129.0
97.0
137.0
129.0
105.0
151.0
183.0
167.0
183.0
144.0
177.0
175.0
159.0
160.0
152.0
198.0
199.0



The list of values average 

1136.645
2127.9194444444447
1307.8649999999996
1227.4316666666664
1237.1616666666669
1022.0605555555555
1014.4005555555557
934.2611111111114
910.3544444444439
852.426111111111
841.6761111111111
798.330555555556
792.3616666666665
774.0327777777778
744.5227777777777
744.3500000000003
738.7227777777777
723.4461111111107
699.2616666666665
704.9672222222223
704.086111111111
697.7255555555554
677.4422222222223
679.0055555555555
685.6927777777776
687.4488888888886
667.0433333333335
672.7888888888888
677.0294444444443
680.6594444444443
661.8050000000001
666.4438888888888
674.7733333333333
675.0622222222223
657.9200000000002
665.7550000000003
672.5038888888889
672.0066666666668
657.8172222222223
662.83
671.6894444444443
669.4455555555555
657.2294444444444
662.673333333333
670.5494444444444
666.9033333333333
657.6772222222223
661.3905555555558
669.6049999999996
667.9616666666661
657.1844444444444
660.7166666666667
669.7283333333336
666.5488888888889
655.5799999999999
658.6333333333334
668.3344444444444
662.1338888888887
659.8827777777777
659.0883333333336
667.8244444444442
657.2644444444443
660.4405555555559
659.6905555555558
654.2044444444447
656.7266666666668
646.3044444444444
647.6899999999996
650.0850000000002
644.3872222222222
626.7927777777778
628.5022222222223
619.6766666666666
625.4005555555556
597.1833333333334
597.3061111111111
577.3555555555552
578.8199999999997
556.4811111111113
562.0155555555555
560.8338888888889
531.4338888888891
523.7477777777774
515.616111111111
497.72666666666674
499.4099999999998
488.771111111111
487.23222222222205
479.6961111111111
462.23499999999996
459.47888888888895
441.3427777777777
441.3322222222222
428.82111111111124
425.16555555555556
424.475
409.35444444444454
417.3727777777779
406.36111111111114
414.706111111111
388.82666666666665
389.34277777777777
376.78277777777777
370.3233333333333
367.1494444444444
360.6311111111111
353.37666666666644
349.26444444444445
345.2794444444444
343.3177777777779
345.19166666666683
339.3949999999999
345.2055555555555
338.6622222222222
331.436111111111
326.24611111111113
313.3411111111111
311.56944444444446
305.94166666666655
300.86444444444453
297.87000000000006
293.8627777777778
286.44555555555564
288.21222222222224
285.6755555555556
284.42055555555555
283.4572222222222
274.895
278.4249999999999
278.37388888888887
272.9688888888888
274.9816666666667
277.7844444444445
271.51944444444445
272.7644444444445
269.82388888888903
261.2994444444444
257.9716666666667
255.19722222222225
247.60000000000005
244.98111111111112
242.35388888888895
239.45833333333343
238.45888888888896
232.98722222222239
232.47666666666666
229.52833333333336
223.77388888888885
224.95500000000007
224.5972222222223
223.31777777777782
218.39111111111106
222.31388888888893
215.67611111111117
218.75833333333338
217.5705555555556
216.7544444444445
215.25499999999997
213.0522222222222
215.5316666666667
213.72333333333336
210.0838888888888
214.34777777777782
211.09333333333342
212.34944444444443
213.83944444444433
211.8333333333334
211.96666666666673
209.4049999999999
209.87555555555554
212.35277777777785
207.62777777777777
206.5466666666666
201.06055555555548
200.83722222222224
198.2233333333333
197.82000000000005
189.8794444444445
191.56166666666667
189.73722222222227
188.18055555555551
186.53555555555565
183.65333333333328
181.3427777777778
181.50777777777773
179.33111111111114
179.62833333333333
176.10555555555544
175.58222222222227
176.23777777777778
173.3672222222222
171.54999999999993
170.71666666666673
172.8688888888889
169.79944444444442
170.78722222222228
167.2444444444445
167.65000000000003
166.93611111111116
164.21222222222224
165.3783333333334
166.95055555555547
164.95833333333337
164.04611111111112
164.8261111111111
161.16777777777767
163.86555555555555
163.51944444444447
161.03166666666672
161.98999999999995
160.78611111111115
160.7205555555555
163.1772222222221
160.6661111111111
159.17111111111117
159.56611111111107
162.00388888888887
159.35055555555556
160.01611111111114
161.21944444444446
159.85833333333335
157.49777777777786
158.95444444444436
157.87833333333333
160.86833333333325
157.01500000000001
159.89166666666662
160.6977777777777
159.15499999999997
159.51277777777784
159.3488888888888
157.23888888888894
158.2911111111111
157.98999999999995
158.99888888888884
158.28611111111113
157.16833333333338
158.3744444444443
158.6788888888889
159.63999999999996
158.33999999999986
156.92333333333332
159.15222222222212
157.37444444444438
158.54222222222222
157.56500000000008
157.48111111111115
156.54222222222222
158.5505555555556
159.68166666666667
158.03888888888895
157.27166666666668
159.10722222222225
159.45499999999998
159.75
159.15388888888884
157.33944444444447
160.12222222222223
159.60499999999996
157.9433333333333
159.79777777777778
159.02944444444444
160.92000000000004
158.4783333333333
160.86555555555557
160.20444444444445
161.41555555555558
161.8838888888889
164.12055555555554
163.31388888888887
168.3794444444445
164.21111111111114
168.55611111111105
168.91944444444445
173.48111111111112
175.59388888888887
178.1888888888889
185.0166666666666
189.73611111111111
197.97055555555568
212.28777777777782
209.33499999999992
206.92888888888885
210.66722222222216
210.0272222222222
210.21555555555554
211.87222222222223
211.30444444444458
213.81388888888887
223.82166666666663
249.99222222222224
277.6288888888889



The list of best values average 

559.6599999999996
983.7900000000001
515.51
618.3400000000001
696.8700000000002
576.06
576.66
536.0699999999999
527.8
477.40999999999997
469.2700000000002
446.18000000000006
447.67000000000013
441.48
411.4099999999999
417.8399999999999
422.47
426.5400000000001
399.82
419.1299999999998
434.45
439.2199999999999
423.96000000000004
427.62000000000006
434.9799999999997
446.0399999999999
430.84999999999985
435.52
441.4199999999998
454.5799999999999
436.1599999999999
437.86999999999983
455.8299999999999
467.68999999999994
449.34
456.09999999999997
463.2200000000001
466.0200000000001
451.19000000000005
457.11000000000007
467.59
472.9100000000001
452.54
462.4800000000001
471.49
478.09000000000015
459.88000000000005
465.8100000000001
476.69
479.87
461.54
463.08
479.6700000000001
478.58000000000004
455.4900000000001
458.76000000000005
475.57
469.89
447.6000000000001
455.82000000000016
461.33000000000015
457.53000000000003
451.0599999999999
465.06000000000006
440.57000000000016
439.34000000000015
422.32000000000016
424.9999999999999
422.22
434.09000000000015
409.3600000000001
421.50999999999993
410.32
417.43
391.5599999999999
387.1700000000001
371.52000000000004
384.3
363.9799999999999
370.4399999999999
359.86000000000007
342.73
344.63999999999993
345.59
318.98999999999995
318.1500000000001
315.1899999999999
312.01000000000005
309.09000000000003
299.89
290.22999999999996
279.3100000000001
283.63
273.36999999999995
270.41
281.7900000000001
270.14000000000016
273.01000000000005
269.15
274.38000000000017
252.79000000000005
245.11000000000007
244.57000000000002
241.18999999999986
232.37999999999988
239.05999999999992
227.37999999999994
231.62000000000006
229.21999999999997
231.39999999999995
225.3600000000001
224.85999999999996
228.81
227.6100000000001
219.20000000000007
218.2399999999999
198.76
201.22999999999993
201.67
199.44000000000003
196.69999999999996
193.24999999999991
189.23
189.74000000000004
191.26999999999995
189.26999999999998
184.12999999999997
184.70000000000002
184.13000000000005
186.41999999999993
185.77
185.47999999999993
186.80999999999997
189.84999999999994
189.72999999999996
183.0800000000001
178.07000000000005
172.19
171.1899999999999
163.05999999999997
159.08000000000004
158.66000000000005
159.16000000000003
156.71999999999997
156.94
157.28
149.01
148.76000000000016
151.30000000000007
149.12000000000003
151.76000000000002
145.06
149.26000000000002
145.17999999999998
148.72000000000008
147.7
146.61000000000004
147.34
146.10000000000005
147.50000000000006
147.23000000000002
144.48000000000005
151.41000000000003
148.16000000000005
150.09999999999997
149.58
147.29000000000005
148.22000000000008
147.52999999999997
146.23000000000002
152.2399999999999
145.70999999999998
142.48000000000008
135.78
134.81
133.50000000000006
133.77
123.48999999999998
127.34000000000002
127.78999999999999
125.61999999999998
123.53999999999996
123.31000000000002
119.75000000000001
121.93999999999991
123.06999999999998
119.60000000000004
118.21
118.04000000000002
120.59000000000002
114.67999999999995
115.12999999999998
115.60000000000001
118.90999999999997
115.16
115.67999999999998
113.16999999999996
113.32999999999998
115.42000000000003
109.01999999999998
112.03
114.60999999999997
112.35000000000002
111.96000000000002
115.22000000000003
110.19
113.27999999999997
113.07000000000001
111.59
111.77999999999997
110.22000000000001
109.80999999999999
113.82000000000001
112.79000000000003
111.73999999999998
108.98999999999995
112.06000000000002
112.0
111.47999999999998
113.59999999999995
112.10000000000001
109.45
110.95999999999997
109.88999999999999
113.22000000000001
110.64999999999995
111.55000000000004
115.08999999999996
112.52999999999997
114.75
114.16000000000001
112.03000000000004
111.27000000000001
113.83999999999997
113.75000000000003
114.25999999999998
112.92999999999995
111.81
111.37
114.05
113.02000000000002
114.05000000000003
113.48999999999998
110.36000000000001
111.72999999999993
113.49000000000005
113.66999999999996
112.66000000000003
113.94000000000003
113.70999999999995
111.30999999999996
111.57999999999998
113.55999999999996
112.84
113.80999999999992
112.26000000000002
111.29999999999998
114.96999999999998
109.40999999999993
112.08
113.75999999999995
112.67999999999995
112.77999999999997
110.08999999999996
111.80999999999993
111.59000000000002
111.77000000000001
111.93999999999997
113.28
111.79999999999998
116.36000000000001
113.77999999999999
114.84999999999998
115.56999999999998
117.80999999999999
116.43999999999996
120.89000000000001
124.44000000000004
129.74000000000007
129.76000000000002
144.45999999999995
152.61999999999995
147.42000000000004
156.48000000000008
158.36000000000004
158.23000000000008
160.17999999999998
154.00000000000003
149.10000000000005
154.5400000000001
167.57000000000005
193.67999999999995
