----------Report of simulation of Quantum Parallel Tempering-----------
The number of considered Spin 56
The considered Annealing Duration 224
The considered Annealing Number 100
The considered T 1.0
The considered Gamma0 1.0
The considered Number Of Replica 3
The considered Number Of System 6
The solution found [-1 -1 -1 -1 -1 -1 -1 -1 -1 -1 -1 -1 -1 -1 -1 -1 -1 -1 -1 -1 -1 -1 -1  1
 -1 -1 -1 -1 -1 -1  1 -1 -1 -1 -1  1 -1 -1 -1 -1 -1  1 -1 -1 -1  1 -1 -1
 -1 -1 -1 -1 -1 -1 -1 -1]
The value found 51.0
The Success probability is 0.0
The average value is 57.45
The total execution time is 381.675927400589
The average time for execution is 3.8167577052116393
The average time for all systems update is 0.01692022188433579
The average time for system update is 0.0028072742585624967
The average time for replica update is 0.0009354453054921968
The average time for spin update is 1.646651117692864e-05
The list of values found 

52.0
54.0
53.0
53.0
53.0
69.0
54.0
60.0
61.0
55.0
67.0
54.0
52.0
54.0
60.0
53.0
52.0
61.0
55.0
59.0
69.0
61.0
54.0
52.0
52.0
53.0
58.0
67.0
53.0
52.0
54.0
54.0
53.0
54.0
60.0
54.0
53.0
81.0
68.0
62.0
76.0
54.0
54.0
53.0
68.0
52.0
52.0
66.0
60.0
60.0
74.0
53.0
61.0
61.0
68.0
62.0
61.0
53.0
53.0
51.0
54.0
60.0
54.0
62.0
52.0
60.0
53.0
53.0
52.0
52.0
53.0
54.0
61.0
54.0
62.0
53.0
58.0
52.0
54.0
52.0
61.0
68.0
52.0
54.0
54.0
61.0
53.0
69.0
60.0
52.0
61.0
68.0
54.0
60.0
54.0
60.0
52.0
54.0
54.0
52.0



The list of values first execution 

378.72222222222223
1127.2777777777778
678.6111111111111
789.2777777777778
791.2222222222222
791.8888888888889
695.5
834.5555555555555
711.0
777.5555555555555
744.8333333333334
736.7777777777778
804.4444444444445
740.1666666666666
776.3888888888889
799.9444444444445
743.1111111111111
797.5555555555555
772.0
745.5
858.5555555555555
727.3888888888889
819.3333333333334
731.2777777777778
811.6111111111111
701.0
839.6666666666666
749.4444444444445
823.0555555555555
805.0555555555555
716.0
807.8888888888889
774.5555555555555
809.6111111111111
697.5555555555555
823.1111111111111
684.4444444444445
778.1111111111111
776.9444444444445
704.7777777777778
807.3888888888889
769.5555555555555
783.4444444444445
788.7222222222222
746.2777777777778
766.2222222222222
789.2777777777778
774.2777777777778
746.2222222222222
731.1666666666666
797.1111111111111
778.1666666666666
786.8888888888889
742.0
758.2222222222222
763.3333333333334
741.1111111111111
781.9444444444445
786.7777777777778
754.8333333333334
761.3333333333334
820.3333333333334
692.5555555555555
787.8888888888889
690.3333333333334
820.7777777777778
687.6111111111111
827.3333333333334
712.8333333333334
847.1666666666666
722.1111111111111
851.9444444444445
678.2777777777778
891.0
666.8333333333334
836.1666666666666
781.1111111111111
752.3333333333334
791.5555555555555
708.0555555555555
816.8888888888889
761.6666666666666
795.0555555555555
724.1666666666666
723.8888888888889
826.8888888888889
766.0555555555555
791.7222222222222
755.6111111111111
773.4444444444445
746.5
822.1666666666666
767.3888888888889
760.7777777777778
741.3333333333334
779.0
764.3333333333334
695.5
875.5
745.0555555555555
845.6111111111111
749.0
803.3888888888889
801.5555555555555
737.7777777777778
804.2222222222222
741.4444444444445
807.3333333333334
766.0
778.2777777777778
822.1111111111111
776.6111111111111
782.8888888888889
716.6666666666666
740.7222222222222
834.8888888888889
756.7777777777778
812.6666666666666
766.7222222222222
768.5
711.3333333333334
846.1111111111111
739.0555555555555
776.7777777777778
759.3888888888889
793.6111111111111
759.9444444444445
799.3333333333334
800.5555555555555
748.0555555555555
733.8888888888889
747.4444444444445
818.9444444444445
715.8333333333334
789.1666666666666
733.0555555555555
832.3888888888889
737.7777777777778
764.0
837.1111111111111
733.8888888888889
834.5555555555555
719.6111111111111
712.2777777777778
761.6666666666666
703.4444444444445
824.2777777777778
717.6666666666666
746.6111111111111
754.6111111111111
750.5555555555555
742.7777777777778
823.4444444444445
739.5555555555555
740.8888888888889
795.1111111111111
856.1666666666666
676.9444444444445
856.6666666666666
726.0555555555555
841.1666666666666
732.5555555555555
788.6111111111111
812.6111111111111
732.6111111111111
817.5555555555555
721.7222222222222
790.1666666666666
743.8333333333334
739.7777777777778
777.3888888888889
785.3333333333334
712.7777777777778
777.1111111111111
703.4444444444445
785.3333333333334
764.8333333333334
798.2222222222222
748.2222222222222
801.1111111111111
764.2777777777778
753.6111111111111
772.0
803.4444444444445
749.4444444444445
792.8333333333334
777.7777777777778
711.9444444444445
806.5
775.0
739.6666666666666
730.6111111111111
791.6111111111111
726.9444444444445
791.1111111111111
834.4444444444445
711.6111111111111
842.0555555555555
737.2777777777778
753.8888888888889
776.2777777777778
731.5
802.2777777777778
767.3333333333334
842.8888888888889
727.9444444444445
838.2222222222222
718.2777777777778
813.5
767.8888888888889
790.1111111111111
742.7777777777778
757.8888888888889
774.5555555555555
767.1111111111111
786.1666666666666
702.8333333333334
816.0555555555555
718.3888888888889
747.8888888888889
715.0
817.8333333333334
754.3888888888889
777.8888888888889



The list of best values first execution 

52.0
277.0
120.0
137.0
229.0
113.0
229.0
245.0
213.0
190.0
182.0
167.0
291.0
144.0
261.0
205.0
135.0
198.0
144.0
221.0
190.0
167.0
207.0
150.0
183.0
198.0
127.0
182.0
198.0
221.0
204.0
213.0
197.0
144.0
251.0
121.0
156.0
182.0
182.0
191.0
229.0
152.0
221.0
236.0
190.0
152.0
238.0
120.0
128.0
199.0
229.0
136.0
207.0
269.0
114.0
237.0
167.0
222.0
252.0
166.0
151.0
258.0
143.0
159.0
205.0
175.0
206.0
181.0
238.0
143.0
198.0
244.0
129.0
244.0
144.0
189.0
182.0
197.0
158.0
214.0
221.0
182.0
97.0
173.0
175.0
135.0
245.0
136.0
237.0
213.0
221.0
166.0
190.0
190.0
167.0
182.0
214.0
183.0
159.0
237.0
199.0
221.0
182.0
206.0
159.0
160.0
175.0
113.0
237.0
222.0
198.0
197.0
150.0
222.0
191.0
245.0
229.0
159.0
213.0
213.0
144.0
221.0
160.0
197.0
206.0
129.0
159.0
237.0
99.0
207.0
191.0
230.0
190.0
190.0
229.0
166.0
183.0
157.0
127.0
183.0
144.0
166.0
206.0
198.0
173.0
174.0
190.0
221.0
167.0
236.0
128.0
89.0
267.0
183.0
111.0
213.0
68.0
214.0
198.0
182.0
189.0
207.0
136.0
182.0
205.0
222.0
120.0
221.0
167.0
165.0
237.0
150.0
268.0
167.0
176.0
175.0
236.0
213.0
166.0
198.0
113.0
244.0
159.0
253.0
165.0
206.0
206.0
150.0
167.0
159.0
97.0
229.0
143.0
144.0
206.0
76.0
150.0
222.0
135.0
212.0
128.0
151.0
191.0
160.0
174.0
205.0
73.0
167.0
153.0
206.0
166.0
128.0
261.0
91.0
105.0
228.0
159.0
261.0
159.0
199.0
175.0
173.0
231.0
128.0



The list of values average 

479.5411111111113
1019.1722222222222
733.9827777777775
756.0305555555556
814.2899999999996
732.0399999999996
797.0000000000006
755.7138888888893
775.9355555555557
763.2116666666665
772.1938888888889
766.887222222222
767.7538888888885
778.4511111111113
763.0811111111113
777.6222222222225
768.0466666666669
771.2122222222221
772.4522222222224
771.6750000000001
770.0949999999998
766.2483333333336
770.5327777777777
769.5894444444446
767.9405555555556
773.2616666666663
764.7683333333334
767.0722222222222
780.6288888888889
758.5188888888889
778.1755555555557
766.6766666666666
772.3622222222227
767.7038888888889
777.9833333333333
768.6349999999998
773.4594444444442
768.6616666666669
771.6433333333331
770.9899999999997
767.9905555555556
769.5277777777783
772.3305555555556
770.8700000000001
767.4555555555555
770.1894444444445
763.6761111111109
778.4255555555555
769.0944444444441
764.693888888889
775.5755555555556
767.4777777777779
769.4455555555554
768.5122222222221
768.262222222222
770.9077777777778
768.3594444444445
774.0633333333332
763.7383333333331
775.0694444444445
771.9105555555554
766.075
767.9627777777778
770.38
768.6872222222221
771.6016666666673
772.3372222222225
769.9949999999999
767.73
775.2300000000001
769.3599999999999
775.2894444444445
772.2072222222225
774.7450000000003
768.834444444444
765.1138888888889
771.228333333333
771.176111111111
768.0305555555557
771.7938888888892
776.932222222222
774.1627777777776
774.9283333333335
761.225
777.5472222222226
769.338888888889
767.6144444444443
778.631111111111
765.5838888888889
768.1933333333337
768.7594444444443
768.7749999999999
774.8566666666669
762.7349999999997
778.1322222222221
764.6711111111113
776.6833333333329
767.7594444444444
769.6066666666669
772.0161111111113
766.9949999999999
772.9294444444447
759.9494444444443
776.0138888888889
764.2422222222222
775.6538888888887
767.962222222222
767.0005555555556
771.2983333333331
775.7072222222222
766.2894444444447
778.4744444444448
760.4833333333331
781.472777777778
764.0227777777777
768.1555555555552
777.9261111111107
762.3211111111111
778.1927777777779
765.8633333333333
772.705
768.4511111111113
778.0572222222224
761.6805555555555
776.1399999999999
769.9633333333333
768.9472222222223
775.9772222222222
765.0516666666663
772.4966666666668
771.7566666666665
767.3805555555555
773.1238888888889
767.0927777777779
777.2983333333331
765.6055555555557
775.7733333333331
764.1261111111108
769.495
769.4394444444445
767.2288888888888
775.1716666666669
765.4194444444445
774.8194444444441
773.7833333333332
768.9533333333334
770.7533333333332
772.2005555555556
763.9255555555558
778.7849999999996
759.8494444444443
775.688333333333
771.9861111111115
765.9672222222225
774.762777777778
763.8355555555553
774.5111111111114
766.0588888888886
773.3772222222223
766.2277777777778
772.9088888888886
763.0233333333337
771.6727777777778
763.3649999999996
776.3105555555557
763.7461111111114
770.6888888888889
777.3977777777781
765.2433333333332
778.0566666666664
769.9116666666665
771.0105555555555
769.2544444444447
769.076111111111
763.2733333333332
772.2338888888887
772.9711111111112
768.6894444444443
780.4244444444444
767.5272222222223
772.513888888889
762.8866666666669
777.4511111111112
764.3183333333334
775.336111111111
768.9738888888884
764.9583333333334
769.3344444444442
765.2527777777779
771.8000000000001
762.6338888888888
772.2027777777779
770.6255555555551
771.6966666666669
767.3355555555555
777.4533333333333
764.8355555555555
776.9738888888887
772.7888888888889
764.8727777777777
775.7444444444443
766.8927777777776
775.7016666666665
775.3877777777774
769.5605555555554
774.6283333333331
769.7533333333331
768.6511111111112
777.5572222222223
764.113333333333
773.4144444444446
764.833888888889
771.9327777777779
767.8050000000002
769.2005555555555
771.3233333333335
769.7855555555554
777.1727777777777
760.4022222222225
773.9755555555553
763.8672222222223
767.616666666667
766.8511111111111
773.7533333333333



The list of best values average 

59.850000000000016
249.94000000000005
134.02999999999994
136.44999999999993
211.54
139.13000000000005
195.29
187.88000000000005
166.81
190.19000000000003
183.74
180.43999999999997
187.05000000000007
178.1200000000001
184.88
186.44000000000005
172.83999999999995
190.37000000000003
180.18000000000004
187.39999999999998
184.48999999999995
186.4499999999999
184.28
189.74000000000004
189.53999999999994
184.89000000000007
184.78
181.94
182.17000000000002
184.66000000000003
178.32999999999998
191.59
181.10000000000002
184.46
181.25000000000003
175.50000000000003
187.75
180.25000000000003
187.86999999999998
176.81000000000003
184.39
180.45999999999995
189.59
182.98999999999995
184.53000000000006
182.22000000000006
193.20999999999998
186.50000000000003
180.76999999999995
186.42999999999995
180.97000000000003
182.82
191.77999999999994
183.95999999999995
187.70999999999998
193.06000000000012
183.65
184.11999999999992
180.07
183.57999999999998
186.49999999999997
181.67000000000002
192.63999999999996
184.96000000000006
185.14
186.16999999999996
185.53000000000006
188.48000000000005
183.01
178.19
191.92000000000002
187.01999999999998
182.91
187.29000000000002
186.65
181.96000000000006
185.58999999999997
186.0599999999999
183.09999999999997
179.35999999999999
184.17000000000002
184.05
181.94
183.33
179.1199999999999
183.32000000000002
185.23
179.05999999999995
183.82000000000005
182.71000000000006
182.62
188.93999999999994
178.07
188.08999999999995
192.64999999999995
191.55999999999997
181.89000000000004
195.47000000000003
187.7
185.89
185.14999999999998
184.0600000000001
185.90000000000003
183.1200000000001
186.95999999999995
184.44
188.01
184.44000000000005
191.19000000000003
178.75
190.64000000000001
176.17
183.97
186.32999999999996
177.54000000000008
185.73
188.17999999999992
189.03000000000006
189.42000000000002
181.49
193.9
182.00999999999996
183.63999999999993
191.34
178.89
183.79000000000005
183.54999999999998
180.77
182.52999999999997
187.85000000000002
186.18999999999997
182.23000000000005
190.39000000000001
182.53999999999985
190.26999999999998
184.5500000000001
179.67000000000004
186.83000000000004
178.15000000000003
186.60999999999996
192.05000000000004
186.27
181.64000000000001
184.21999999999997
180.69
187.26999999999998
173.21
185.03000000000003
190.92000000000007
185.70000000000002
188.34000000000003
181.28999999999996
181.77999999999992
184.34000000000003
180.80000000000007
186.95
183.24
194.20000000000005
183.37999999999994
184.8099999999999
186.13000000000005
186.67999999999995
189.00000000000003
182.92000000000007
190.08000000000004
195.04000000000005
182.94000000000003
182.80000000000004
185.26000000000002
184.94
187.8799999999999
180.91000000000008
185.57999999999998
183.30999999999995
182.44
184.18999999999997
177.47000000000003
189.65000000000006
178.12
188.19
180.68000000000004
182.17
178.48999999999995
185.92000000000004
178.99
194.03
176.97999999999993
185.45000000000002
186.08999999999995
182.36999999999998
180.26000000000008
185.79999999999995
180.57000000000005
178.36999999999995
185.86000000000004
180.73999999999998
189.37000000000006
186.23
179.76999999999992
179.97999999999996
182.39000000000004
182.17
185.53000000000003
183.51999999999998
176.65
190.83999999999992
180.93
185.30000000000004
183.96000000000004
184.45000000000007
181.23000000000002
183.92000000000002
188.83999999999992
179.06000000000003
187.15000000000003
186.47999999999996
188.51000000000002
187.11000000000004
182.56999999999996
183.74000000000007
182.7899999999999
181.67
183.98000000000002
189.93
