----------Report of simulation of Quantum Parallel Tempering - Population Annealing v1-----------
The number of considered Spin74
The considered Annealing Duration 296
The considered Annealing Number 100
The considered T 1.0
The considered Gamma0 1.0
The considered Number Of Replica 3
The considered Number Of System Tempering 3
The considered Number Of System Population 3
The solution found [-1. -1.  1. -1. -1.  1. -1. -1. -1. -1.  1. -1. -1. -1. -1. -1. -1. -1.
 -1. -1. -1. -1. -1. -1. -1. -1.  1. -1. -1. -1.  1. -1. -1. -1. -1. -1.
 -1.  1. -1. -1. -1. -1. -1. -1. -1. -1. -1. -1. -1. -1. -1. -1. -1. -1.
 -1. -1. -1. -1. -1. -1. -1. -1. -1. -1. -1. -1. -1. -1. -1. -1. -1. -1.
 -1.  1.]
The value found 67.0
The Success probability is 0.0
The average value is 76.88
The total execution time is 967.3973307609558
The average time for execution is 9.673971531391144
The average time for all systems update is 0.032641453694652864
The average time for system tempering update is 0.004701203647497538
The average time for system population update is 544.0068473815918
The average time for replica update is 0.0018042136992778147
The average time for spin update is 2.412187322404572e-05
The list of values found 

90.0
79.0
77.0
71.0
71.0
83.0
86.0
82.0
83.0
69.0
76.0
77.0
74.0
83.0
87.0
73.0
80.0
79.0
78.0
73.0
84.0
80.0
67.0
84.0
82.0
82.0
76.0
72.0
71.0
73.0
74.0
78.0
74.0
83.0
73.0
83.0
73.0
84.0
72.0
79.0
72.0
73.0
72.0
71.0
83.0
82.0
75.0
83.0
90.0
72.0
68.0
82.0
76.0
67.0
76.0
72.0
78.0
75.0
70.0
72.0
83.0
79.0
70.0
74.0
73.0
73.0
80.0
80.0
78.0
75.0
78.0
79.0
80.0
76.0
72.0
71.0
79.0
72.0
83.0
77.0
72.0
83.0
73.0
90.0
71.0
82.0
80.0
82.0
76.0
71.0
71.0
84.0
78.0
81.0
72.0
68.0
76.0
71.0
72.0
79.0



The list of values first execution 

972.8888888888889
1750.388888888889
1145.611111111111
1285.2222222222222
1173.6666666666667
1122.7222222222222
1146.6666666666667
983.1666666666666
1057.6666666666667
1043.5
1018.6666666666666
1102.0
901.1111111111111
1113.7222222222222
921.1666666666666
931.3333333333334
923.9444444444445
1054.5555555555557
883.1111111111111
901.8333333333334
916.6666666666666
957.1666666666666
864.7222222222222
883.7777777777778
888.7777777777778
951.8333333333334
891.2222222222222
871.0
885.9444444444445
951.1111111111111
858.0555555555555
877.4444444444445
961.7777777777778
868.1111111111111
991.5
853.8333333333334
892.5
947.5
894.5
980.4444444444445
803.5555555555555
1091.7777777777778
869.8888888888889
858.8888888888889
871.3888888888889
1003.2222222222222
839.0
891.8888888888889
874.1111111111111
1035.6666666666667
924.3888888888889
828.3888888888889
912.9444444444445
984.2222222222222
850.0555555555555
907.3888888888889
883.8888888888889
1021.6666666666666
844.0555555555555
939.0555555555555
892.3888888888889
1017.4444444444445
891.1111111111111
867.8333333333334
913.3333333333334
967.7777777777778
881.9444444444445
865.7777777777778
895.8888888888889
898.5
893.6666666666666
886.9444444444445
883.3333333333334
886.6666666666666
973.1666666666666
786.0555555555555
941.6666666666666
882.7777777777778
889.4444444444445
837.5555555555555
808.1666666666666
897.6666666666666
845.6111111111111
786.1666666666666
877.1111111111111
773.0555555555555
896.9444444444445
773.0
883.6111111111111
829.6666666666666
843.0
837.1666666666666
893.6111111111111
753.7777777777778
819.3888888888889
825.3333333333334
843.2222222222222
808.5555555555555
799.5555555555555
850.5555555555555
790.8333333333334
774.7222222222222
765.1666666666666
756.8888888888889
859.5
697.7777777777778
824.4444444444445
774.7222222222222
660.0
883.0555555555555
741.7222222222222
710.2777777777778
765.3888888888889
752.8888888888889
694.3888888888889
777.7777777777778
798.2777777777778
710.1111111111111
773.3888888888889
696.0555555555555
777.4444444444445
669.1666666666666
714.7222222222222
700.6111111111111
752.9444444444445
777.7222222222222
710.5555555555555
732.5
685.6111111111111
714.3333333333334
701.8333333333334
724.0555555555555
724.0
718.1666666666666
731.7222222222222
669.0
799.9444444444445
717.8333333333334
725.8333333333334
695.6111111111111
701.9444444444445
714.0555555555555
777.2222222222222
649.0555555555555
783.6666666666666
638.2222222222222
742.0
717.6111111111111
681.0
683.0
711.8333333333334
754.9444444444445
639.8888888888889
812.7222222222222
641.5
731.9444444444445
752.0555555555555
625.8888888888889
745.2777777777778
691.9444444444445
726.3333333333334
714.3333333333334
704.9444444444445
666.8888888888889
678.0555555555555
720.0
643.6666666666666
724.5555555555555
723.9444444444445
638.6666666666666
767.0
597.7222222222222
788.1666666666666
611.3333333333334
757.3888888888889
628.0
750.5
700.2777777777778
718.7777777777778
648.0
689.3333333333334
713.6111111111111
632.0555555555555
688.7777777777778
673.6666666666666
669.8333333333334
722.9444444444445
656.6666666666666
651.2777777777778
624.5555555555555
778.8333333333334
567.5555555555555
749.5555555555555
679.5
680.1111111111111
683.2222222222222
654.4444444444445
705.7777777777778
689.2222222222222
628.4444444444445
693.0555555555555
659.9444444444445
675.7222222222222
676.7777777777778
699.7222222222222
575.0555555555555
768.1666666666666
593.8888888888889
717.4444444444445
623.5
680.2222222222222
679.2777777777778
611.7777777777778
733.6111111111111
591.7777777777778
723.3333333333334
606.3333333333334
646.8333333333334
661.3888888888889
706.5555555555555
726.7777777777778
620.7777777777778
729.1111111111111
591.8333333333334
677.4444444444445
632.5
679.4444444444445
650.9444444444445
703.6666666666666
574.5
692.3333333333334
707.6111111111111
656.2777777777778
720.2222222222222
621.7222222222222
631.8333333333334
763.5555555555555
600.2222222222222
682.5
641.1111111111111
692.5555555555555
686.1666666666666
672.5
674.6666666666666
616.5555555555555
708.4444444444445
677.3333333333334
619.8888888888889
673.8333333333334
679.0555555555555
710.2222222222222
635.8888888888889
691.5555555555555
654.3333333333334
669.2222222222222
671.1111111111111
627.4444444444445
734.3888888888889
600.3888888888889
718.7777777777778
641.5
636.2222222222222
695.5555555555555
639.1111111111111
710.4444444444445
644.7777777777778
623.2777777777778
650.1666666666666
671.4444444444445
662.6111111111111
680.2222222222222
647.0
694.8888888888889
686.2777777777778
600.6666666666666
711.4444444444445
699.3888888888889
669.5
668.7777777777778
694.0555555555555
672.8888888888889
704.9444444444445
681.1666666666666
747.0555555555555
620.1666666666666
768.0555555555555
696.6666666666666
677.3888888888889
718.5
668.8888888888889
736.7777777777778
684.8333333333334
705.2222222222222
808.5555555555555
674.1666666666666
767.6666666666666



The list of best values first execution 

102.0
307.0
247.0
270.0
199.0
317.0
247.0
222.0
323.0
262.0
253.0
371.0
223.0
294.0
286.0
239.0
207.0
301.0
253.0
239.0
253.0
231.0
246.0
332.0
215.0
332.0
277.0
239.0
252.0
269.0
232.0
229.0
239.0
263.0
215.0
269.0
277.0
284.0
262.0
206.0
277.0
223.0
317.0
246.0
239.0
309.0
270.0
285.0
317.0
153.0
356.0
169.0
238.0
340.0
200.0
223.0
308.0
270.0
302.0
184.0
284.0
278.0
176.0
302.0
239.0
191.0
294.0
286.0
247.0
286.0
294.0
183.0
324.0
261.0
325.0
222.0
262.0
277.0
216.0
230.0
269.0
191.0
286.0
292.0
324.0
245.0
238.0
253.0
347.0
256.0
317.0
277.0
263.0
207.0
230.0
253.0
291.0
214.0
262.0
222.0
247.0
183.0
300.0
277.0
277.0
215.0
276.0
302.0
238.0
230.0
262.0
190.0
261.0
293.0
191.0
208.0
263.0
237.0
239.0
215.0
246.0
162.0
176.0
222.0
230.0
168.0
221.0
206.0
222.0
174.0
183.0
169.0
215.0
169.0
207.0
183.0
153.0
182.0
207.0
144.0
199.0
145.0
184.0
146.0
152.0
144.0
167.0
208.0
131.0
150.0
184.0
199.0
183.0
130.0
192.0
222.0
167.0
167.0
145.0
129.0
191.0
168.0
145.0
159.0
200.0
176.0
121.0
229.0
182.0
128.0
176.0
138.0
160.0
191.0
153.0
166.0
122.0
160.0
159.0
175.0
122.0
151.0
130.0
153.0
145.0
136.0
160.0
130.0
107.0
129.0
129.0
121.0
145.0
129.0
114.0
144.0
100.0
115.0
106.0
152.0
122.0
98.0
145.0
144.0
115.0
105.0
129.0
122.0
122.0
114.0
159.0
105.0
129.0
101.0
107.0
129.0
137.0
138.0
160.0
106.0
121.0
138.0
99.0
104.0
128.0
105.0
136.0
129.0
113.0
130.0
136.0
99.0
121.0
129.0
98.0
145.0
105.0
98.0
144.0
114.0
121.0
113.0
114.0
106.0
121.0
115.0
129.0
113.0
97.0
130.0
136.0
90.0
153.0
120.0
153.0
115.0
122.0
120.0
137.0
145.0
145.0
114.0
114.0
99.0
138.0
129.0
114.0
99.0
138.0
121.0
107.0
145.0
129.0
153.0
107.0
161.0
114.0
122.0
122.0
168.0
137.0
106.0
106.0
168.0
169.0
123.0
177.0
114.0
208.0
129.0
183.0
192.0
176.0
138.0
192.0
221.0



The list of values average 

947.6694444444446
1831.4583333333335
1218.064444444445
1197.549444444445
1255.6344444444437
1069.443888888889
1115.798888888889
1057.8999999999999
1061.4622222222224
1010.1305555555554
1020.5911111111108
990.1699999999998
980.6227777777776
982.6616666666669
968.5783333333334
960.5894444444443
960.386666666667
950.8994444444444
943.8422222222216
950.4399999999999
941.3733333333333
942.3166666666666
927.4727777777778
932.1738888888888
940.8061111111112
925.8461111111111
923.5661111111111
937.3955555555553
924.3838888888888
921.8394444444444
922.3238888888893
933.6855555555558
923.3777777777775
919.7816666666669
931.9338888888889
915.6972222222223
928.2827777777782
915.5494444444446
925.2938888888891
928.6955555555558
923.61
916.371666666667
929.9061111111114
927.1522222222221
916.5627777777781
928.2183333333332
910.1483333333331
931.576666666667
919.4905555555556
920.0099999999999
924.4216666666667
918.0633333333335
927.7972222222222
915.0988888888888
926.6833333333329
921.7138888888891
919.3061111111116
923.4772222222222
913.3516666666666
925.5083333333338
918.3349999999999
919.6044444444443
915.8377777777777
919.2988888888887
911.6477777777777
916.1488888888887
909.2805555555556
907.5499999999997
915.592222222222
912.5955555555553
897.2099999999995
906.7311111111105
899.0811111111108
894.0577777777779
896.2777777777775
884.6316666666664
874.6544444444447
883.7961111111111
863.0949999999999
866.8538888888892
867.3261111111113
867.4733333333339
857.0038888888888
844.4361111111114
846.727777777778
834.892222222222
840.0638888888886
829.2344444444444
827.7749999999999
829.9494444444443
817.688888888889
817.8738888888887
812.9933333333335
806.2083333333335
807.5816666666665
794.7300000000001
804.127222222222
793.0016666666666
792.4311111111109
799.7866666666666
783.7738888888892
793.366666666667
775.2538888888889
780.8611111111109
776.2577777777777
766.4622222222224
769.2111111111113
764.1266666666666
769.0688888888889
760.2783333333331
760.8327777777774
757.0799999999998
758.3422222222226
762.9611111111107
758.1144444444449
757.7583333333332
753.1922222222216
752.8783333333336
739.2133333333329
745.8655555555556
731.1577777777779
742.7450000000002
730.9966666666666
739.1394444444443
726.0155555555556
735.2522222222221
723.4411111111111
726.3911111111112
729.2244444444443
717.4094444444445
726.5522222222218
726.9683333333331
723.3477777777777
723.4322222222218
728.4588888888887
724.1116666666668
726.4466666666661
722.2666666666668
718.0200000000002
715.7016666666672
718.3116666666667
703.1316666666664
714.944444444444
704.7422222222222
714.8761111111114
702.7188888888893
697.2622222222224
706.2811111111109
704.9477777777776
698.8888888888888
703.7961111111109
696.2405555555554
696.3794444444443
706.8011111111107
688.7255555555553
695.6605555555554
700.1899999999997
692.1077777777778
698.5544444444444
700.9988888888892
688.1261111111111
698.3911111111113
694.9266666666666
687.5466666666664
700.7477777777776
689.0361111111115
695.8027777777779
691.776111111111
701.6533333333335
684.0838888888889
703.3661111111113
678.7688888888889
708.9400000000002
683.6366666666668
691.0494444444446
693.1611111111109
688.6816666666667
690.2311111111114
680.0683333333332
688.1383333333333
675.4161111111111
684.7155555555555
678.3911111111112
675.6255555555558
673.6416666666667
686.1800000000001
668.3477777777778
682.552222222222
675.1455555555556
676.5438888888888
680.0699999999999
673.8872222222224
671.6194444444443
672.6572222222225
676.9861111111111
669.3233333333334
681.6716666666666
663.967777777778
672.2583333333332
670.4638888888892
671.9616666666667
674.305
669.2050000000003
667.2811111111112
675.5588888888889
668.3594444444442
672.3311111111112
672.4716666666665
669.0694444444443
673.0133333333334
663.1094444444444
680.555
656.5649999999997
670.822222222222
670.0972222222223
670.7938888888889
661.678888888889
668.3061111111114
667.6622222222223
668.5094444444444
665.8777777777779
663.9588888888889
675.2938888888891
662.5277777777779
671.02
662.2116666666666
666.4444444444446
667.7950000000001
669.9216666666666
666.8444444444442
664.1966666666666
667.5227777777778
666.0105555555555
665.6844444444444
665.8472222222221
662.3872222222222
672.2644444444446
661.0677777777777
669.3266666666668
669.5905555555556
667.2066666666669
662.1144444444445
664.227222222222
670.1555555555553
659.1033333333334
670.7038888888891
661.8327777777776
668.078888888889
664.3222222222224
665.7916666666667
665.8266666666668
668.721111111111
670.4705555555555
664.13
669.5888888888892
667.8755555555559
662.4872222222223
669.975555555556
667.7994444444445
664.0527777777779
673.9588888888891
659.1844444444446
668.8827777777777
669.8161111111115
664.7983333333332
663.7716666666664
671.4344444444442
664.3966666666666
666.917222222222
668.3966666666665
671.1188888888888
669.137777777778
673.9300000000002
670.7411111111109
666.7033333333334
674.1572222222221
667.8877777777777
668.0972222222223
672.3988888888891
679.3311111111109
677.1116666666668
679.4805555555555
688.7622222222224
680.0433333333331
703.1772222222224
697.6288888888888
692.5322222222226
700.4450000000004
684.9844444444446
692.963888888889
696.7033333333333
687.5594444444442
699.3416666666667
705.3666666666669
710.3699999999995
733.4983333333332



The list of best values average 

82.26999999999995335.6099999999999232.05000000000004173.88000000000005318.5299999999999241.30000000000004220.77000000000004310.66261.00000000000006252.36000000000007285.6700000000001269.53258.99284.37999999999994271.63000000000005264.58273.05273.53000000000003263.96273.24265.99266.9267.75000000000006267.56265.4199999999999270.3399999999999274.25270.09999999999997271.4399999999999263.92999999999995275.01999999999987266.67999999999995267.78275.70000000000005267.8299999999999258.63000000000005276.29999999999995269.0099999999998270.94274.71264.93999999999994274.2300000000001276.23999999999995272.9699999999999272.49999999999994261.06274.5000000000001265.5599999999999271.34000000000015271.0699999999999271.17000000000013268.03264.8300000000001277.21000000000004269.18270.40999999999997271.0900000000001271.42265.5400000000001275.18267.32268.0275.0500000000002269.1000000000001267.50999999999993264.0999999999999269.40999999999997265.45272.64000000000004266.48270.49000000000007265.71999999999997273.4000000000001261.92273.81999999999994262.6100000000001267.86999999999995279.2899999999999267.60999999999984270.32000000000005269.5400000000002267.39265.4000000000001266.63000000000005266.53000000000003261.97270.81999999999994268.67999999999995261.64268.36999999999983263.42259.07000000000005256.93260.4699999999999260.97253.35252.15000000000015245.73000000000008254.32999999999998253.9099999999999251.9100000000001253.35999999999999250.06000000000006250.59999999999997241.95999999999992238.7300000000001235.72000000000003240.6100000000001235.35999999999999239.0199999999999234.5600000000001232.61999999999998239.90999999999997238.25000000000003231.17000000000007236.13999999999982227.05000000000004220.37000000000006218.24999999999997215.64999999999995212.17999999999998213.20999999999987206.89208.57999999999996204.37207.80000000000004200.3400000000001201.20999999999992208.63000000000005199.94000000000003201.93000000000006202.15204.28000000000011202.54000000000002206.05000000000004202.71000000000004199.73198.10999999999999191.1299999999999187.22000000000006183.68000000000004177.07000000000005179.53176.16999999999993175.87000000000003172.43000000000006170.57171.66000000000003165.97161.87000000000006166.4800000000001161.34000000000003163.95999999999998161.86000000000004163.21164.54999999999998161.5158.76000000000005162.73157.33000000000004163.76162.98000000000005164.12999999999994162.31166.17000000000004164.16159.71000000000012164.94159.71000000000004160.14000000000001167.28161.50000000000006163.09000000000006163.62000000000003151.16000000000003150.54149.85999999999996146.06143.46000000000004146.20000000000005139.63000000000005142.10000000000002134.7137.61999999999992137.14999999999995130.28999999999996136.78999999999996131.92999999999998131.08000000000004131.85000000000002131.99000000000007127.93999999999998128.43129.37125.82999999999996131.47124.72000000000003124.15000000000002125.61999999999998125.81000000000002125.33000000000006125.76000000000002126.32999999999998122.92999999999991123.39000000000001124.38999999999997122.22125.09999999999998122.2123.14999999999998123.13999999999999124.19000000000004123.04999999999998122.39000000000004122.42000000000003122.81123.44999999999997120.86000000000001123.83121.26999999999997119.89000000000004122.47000000000003122.89999999999999122.39999999999999119.52999999999996122.66999999999993122.47999999999993119.72999999999996122.68999999999997121.22999999999995122.19999999999996120.8124.36124.96999999999998123.74000000000004125.03999999999996120.08999999999996124.38999999999994122.73999999999998124.02121.93123.75122.81000000000003123.92000000000003122.99122.90999999999998125.87999999999995123.99999999999997120.39999999999993124.90999999999994123.01121.38999999999997124.92000000000003126.74000000000001127.33121.67120.36999999999998124.57000000000002125.11000000000003123.33999999999996124.55000000000003125.73000000000003123.23999999999998122.25000000000001122.38999999999999124.15999999999998123.74999999999999120.50000000000001122.75000000000001124.76000000000003122.89999999999992124.73125.47120.74999999999996125.38999999999996124.74000000000001124.36000000000003123.84999999999998127.92000000000004131.72000000000008133.13000000000005136.88137.15999999999997147.31000000000003158.47999999999996167.52000000000004173.39999999999998164.21166.76999999999992170.22000000000003167.52160.33000000000004164.59000000000006172.49185.13208.57999999999987