----------Report of simulation of Quantum Population Annealing-----------
The number of considered Spin 68
The considered Annealing Duration 272
The considered Annealing Number 100
The considered T 1.0
The considered Gamma0 1.0
The considered Number Of Replica 3
The considered Number Of System 6
The solution found [-1. -1. -1. -1. -1. -1. -1. -1. -1. -1. -1. -1. -1. -1.  1. -1. -1. -1.
 -1.  1. -1. -1. -1.  1. -1. -1. -1. -1. -1. -1. -1. -1. -1. -1.  1. -1.
 -1. -1. -1. -1. -1. -1. -1.  1. -1. -1. -1. -1. -1. -1. -1. -1.  1. -1.
 -1. -1. -1. -1. -1. -1. -1. -1. -1. -1. -1. -1. -1.  1.]
The value found 61.0
The Success probability is 0.0
The average value is 70.11
The total execution time is 628.6449339389801
The average time for execution is 6.286447603702545
The average time for all systems update is 0.023076518186751535
The average time for system update is 0.0038336497063145916
The average time for replica update is 0.0012775636951323428
The average time for spin update is 1.8568121889367647e-05
The list of values found 

78.0
76.0
69.0
70.0
69.0
77.0
76.0
70.0
69.0
62.0
62.0
64.0
61.0
77.0
69.0
77.0
77.0
77.0
68.0
69.0
70.0
77.0
62.0
76.0
77.0
70.0
70.0
77.0
70.0
68.0
85.0
70.0
70.0
69.0
77.0
62.0
63.0
70.0
61.0
69.0
76.0
68.0
76.0
63.0
70.0
62.0
63.0
83.0
70.0
70.0
69.0
69.0
64.0
70.0
70.0
70.0
77.0
63.0
70.0
69.0
69.0
69.0
76.0
78.0
62.0
71.0
76.0
69.0
61.0
70.0
70.0
77.0
69.0
78.0
70.0
69.0
69.0
62.0
69.0
68.0
77.0
68.0
76.0
68.0
69.0
70.0
69.0
68.0
72.0
70.0
70.0
62.0
63.0
77.0
70.0
64.0
76.0
68.0
68.0
62.0



The list of values first execution 

1093.5555555555557
1721.1666666666667
1058.8333333333333
1101.1666666666667
906.2777777777778
920.6111111111111
912.5
766.6111111111111
767.6111111111111
707.3333333333334
744.6111111111111
653.5555555555555
723.4444444444445
615.5
687.1111111111111
569.5
721.5555555555555
556.1111111111111
594.3888888888889
556.3888888888889
639.7777777777778
591.5
522.2777777777778
595.8333333333334
552.5
531.2222222222222
521.5555555555555
598.4444444444445
566.0555555555555
485.55555555555554
521.8888888888889
589.6666666666666
569.1111111111111
484.22222222222223
514.9444444444445
582.7222222222222
563.8333333333334
491.6666666666667
517.6111111111111
580.9444444444445
564.2777777777778
489.8888888888889
512.3333333333334
578.3333333333334
560.3333333333334
489.0
512.3333333333334
578.3333333333334
560.3333333333334
489.0
512.3333333333334
578.3333333333334
560.3333333333334
489.0
512.3333333333334
578.3333333333334
560.3333333333334
489.0
512.3333333333334
578.3333333333334
554.2222222222222
479.94444444444446
516.0
620.2222222222222
480.6666666666667
592.0
524.0555555555555
552.6666666666666
533.6666666666666
501.6111111111111
484.55555555555554
544.7777777777778
426.22222222222223
565.6111111111111
499.6666666666667
551.7777777777778
468.27777777777777
475.55555555555554
497.0
462.8333333333333
507.6111111111111
439.05555555555554
405.3333333333333
453.5
392.44444444444446
428.94444444444446
418.1666666666667
388.22222222222223
403.27777777777777
375.0
403.94444444444446
379.72222222222223
362.05555555555554
385.1666666666667
383.1666666666667
318.1111111111111
346.0
340.1666666666667
301.1111111111111
375.0
298.1111111111111
352.55555555555554
334.8333333333333
295.22222222222223
323.6111111111111
286.3888888888889
322.77777777777777
309.72222222222223
289.77777777777777
270.3333333333333
330.55555555555554
255.44444444444446
288.6111111111111
269.8333333333333
315.72222222222223
297.22222222222223
255.72222222222223
243.72222222222223
307.55555555555554
236.38888888888889
265.55555555555554
265.44444444444446
295.22222222222223
215.5
256.72222222222223
267.6111111111111
233.77777777777777
238.44444444444446
252.0
241.11111111111111
231.38888888888889
223.83333333333334
225.83333333333334
206.22222222222223
209.83333333333334
225.11111111111111
191.83333333333334
221.83333333333334
231.77777777777777
177.22222222222223
234.88888888888889
218.22222222222223
202.22222222222223
193.27777777777777
203.61111111111111
216.38888888888889
213.05555555555554
181.55555555555554
207.22222222222223
209.55555555555554
204.55555555555554
181.88888888888889
203.61111111111111
203.0
213.38888888888889
165.11111111111111
217.61111111111111
205.83333333333334
167.16666666666666
231.61111111111111
191.22222222222223
195.88888888888889
188.11111111111111
179.27777777777777
194.66666666666666
169.88888888888889
170.16666666666666
190.5
168.55555555555554
174.77777777777777
174.5
173.5
175.83333333333334
168.22222222222223
156.44444444444446
184.22222222222223
167.88888888888889
144.44444444444446
175.94444444444446
166.44444444444446
147.22222222222223
176.0
145.88888888888889
149.61111111111111
165.16666666666666
165.27777777777777
144.77777777777777
160.33333333333334
155.83333333333334
148.72222222222223
155.77777777777777
161.38888888888889
142.94444444444446
153.88888888888889
172.94444444444446
156.77777777777777
150.77777777777777
123.16666666666667
158.83333333333334
168.61111111111111
127.72222222222223
163.44444444444446
135.0
152.38888888888889
148.66666666666666
134.55555555555554
162.11111111111111
133.16666666666666
143.33333333333334
171.27777777777777
143.38888888888889
143.0
139.5
159.94444444444446
166.05555555555554
161.66666666666666
148.27777777777777
156.11111111111111
137.77777777777777
153.94444444444446
151.05555555555554
146.38888888888889
155.72222222222223
159.55555555555554
151.38888888888889
132.61111111111111
141.11111111111111
147.44444444444446
165.83333333333334
133.61111111111111
136.77777777777777
161.5
151.11111111111111
148.61111111111111
167.94444444444446
134.22222222222223
141.0
157.27777777777777
144.5
155.44444444444446
138.55555555555554
139.55555555555554
161.77777777777777
168.0
159.27777777777777
136.38888888888889
177.11111111111111
152.05555555555554
145.55555555555554
160.72222222222223
153.38888888888889
170.88888888888889
159.5
150.05555555555554
168.38888888888889
157.27777777777777
163.66666666666666
166.11111111111111
177.16666666666666
187.33333333333334
199.11111111111111
170.0
205.5
201.88888888888889
205.33333333333334
189.88888888888889
232.11111111111111
174.88888888888889
191.83333333333334
228.88888888888889
201.88888888888889
265.3888888888889



The list of best values first execution 

604.0
791.0
516.0
625.0
445.0
602.0
382.0
334.0
476.0
469.0
531.0
476.0
492.0
351.0
296.0
263.0
263.0
343.0
351.0
350.0
468.0
350.0
366.0
451.0
366.0
366.0
335.0
459.0
366.0
366.0
366.0
459.0
319.0
319.0
405.0
459.0
405.0
404.0
404.0
459.0
374.0
374.0
405.0
459.0
405.0
405.0
405.0
459.0
405.0
405.0
405.0
459.0
405.0
405.0
405.0
459.0
405.0
405.0
405.0
459.0
350.0
350.0
350.0
515.0
350.0
350.0
350.0
413.0
429.0
311.0
264.0
351.0
303.0
343.0
335.0
352.0
328.0
383.0
342.0
310.0
257.0
335.0
287.0
341.0
249.0
263.0
295.0
287.0
279.0
287.0
286.0
131.0
194.0
288.0
295.0
163.0
257.0
210.0
179.0
271.0
163.0
279.0
225.0
225.0
249.0
211.0
217.0
195.0
194.0
169.0
231.0
171.0
185.0
202.0
248.0
154.0
187.0
201.0
208.0
131.0
171.0
101.0
232.0
115.0
177.0
154.0
169.0
156.0
146.0
132.0
162.0
78.0
131.0
123.0
146.0
156.0
139.0
178.0
138.0
115.0
122.0
176.0
155.0
130.0
109.0
117.0
154.0
124.0
145.0
146.0
138.0
117.0
123.0
146.0
124.0
109.0
125.0
154.0
101.0
186.0
140.0
146.0
116.0
115.0
131.0
109.0
95.0
139.0
86.0
124.0
109.0
109.0
116.0
108.0
116.0
148.0
108.0
93.0
102.0
109.0
108.0
108.0
93.0
98.0
107.0
123.0
107.0
115.0
101.0
107.0
116.0
123.0
102.0
107.0
131.0
109.0
99.0
106.0
107.0
131.0
93.0
107.0
101.0
114.0
100.0
101.0
130.0
108.0
93.0
139.0
108.0
93.0
100.0
123.0
133.0
123.0
117.0
79.0
85.0
124.0
100.0
85.0
108.0
124.0
107.0
107.0
84.0
93.0
100.0
109.0
106.0
116.0
117.0
101.0
116.0
93.0
108.0
123.0
92.0
108.0
93.0
109.0
123.0
131.0
116.0
87.0
138.0
116.0
92.0
131.0
116.0
131.0
109.0
101.0
108.0
106.0
101.0
94.0
116.0
108.0
122.0
108.0
146.0
131.0
116.0
132.0
139.0
123.0
125.0
154.0
100.0
170.0



The list of values average 

982.9188888888888
1823.176666666666
1141.2894444444448
1059.905
1058.9177777777777
902.0772222222222
859.6916666666671
817.8227777777777
776.4216666666662
747.5027777777779
708.7727777777777
705.0377777777777
686.4588888888893
663.918888888889
645.7572222222221
635.4311111111109
637.0372222222221
609.571111111111
611.4100000000001
604.5155555555557
602.525
589.348888888889
593.9188888888888
590.7427777777777
585.852777777778
575.4122222222222
582.811111111111
583.8744444444441
581.9950000000001
566.4583333333333
575.8066666666666
576.7994444444445
573.785
562.6194444444448
570.8888888888886
575.8044444444444
571.4033333333333
562.4205555555556
568.9888888888887
573.362222222222
567.2688888888888
564.0633333333335
565.1394444444443
573.267777777778
565.0855555555556
566.5738888888889
564.211111111111
572.5322222222225
566.3149999999999
567.0805555555556
564.2294444444444
573.3705555555557
564.4983333333332
570.3755555555557
563.5733333333332
577.636111111111
560.8088888888888
572.1950000000003
560.1188888888892
583.9155555555553
552.0388888888888
568.9900000000001
553.7672222222224
571.2405555555556
549.266111111111
552.4105555555554
538.5961111111111
551.9116666666669
545.3033333333334
534.4433333333335
522.6594444444445
522.831111111111
520.5805555555557
513.4533333333331
509.3366666666669
506.67555555555543
484.58555555555563
480.2455555555556
468.13277777777796
466.9444444444444
457.09111111111133
455.6638888888888
450.4416666666666
432.4616666666666
424.2161111111108
413.5705555555557
410.49222222222227
396.8822222222224
393.5066666666668
391.1305555555556
391.5477777777778
388.2416666666667
376.961111111111
379.635
362.8788888888887
351.14833333333326
345.13166666666666
342.7838888888889
332.785
327.5194444444446
332.4872222222223
322.7894444444445
320.4966666666666
327.48166666666674
322.6694444444445
316.6894444444444
310.90722222222234
309.22833333333335
295.6316666666667
292.7583333333334
285.96055555555546
283.2566666666667
277.46333333333325
277.2222222222223
272.6905555555556
270.31388888888887
266.83333333333337
264.52333333333337
262.1438888888891
263.5622222222222
259.7677777777778
261.5633333333333
257.54666666666674
259.76055555555564
257.17499999999984
257.16944444444437
251.98055555555558
243.7427777777778
241.9
236.7377777777778
233.7227777777778
229.57611111111115
227.27833333333334
221.63333333333335
220.2261111111111
219.34388888888887
212.35000000000002
215.13666666666663
209.90444444444444
210.98222222222213
209.71222222222212
208.31277777777782
206.89000000000004
207.19611111111107
204.10388888888883
204.8366666666667
202.3572222222222
201.04333333333332
205.1799999999999
198.87333333333336
202.20833333333334
204.34166666666655
196.96277777777783
197.11888888888888
199.8199999999999
200.58499999999995
197.2611111111112
203.9177777777777
199.22166666666672
196.2433333333333
194.6616666666666
191.355
188.77666666666667
186.71944444444443
183.73722222222224
182.8983333333333
179.74611111111102
178.93999999999997
176.5955555555556
174.67944444444436
170.45277777777773
171.37111111111113
171.28000000000003
167.70888888888882
165.75555555555565
167.07055555555553
163.86277777777784
162.49444444444447
161.21944444444446
162.58722222222227
160.60111111111112
160.26944444444445
159.61388888888885
158.23999999999992
157.80611111111114
155.82388888888886
154.93111111111114
156.975
155.24055555555555
154.31555555555562
156.5088888888889
154.36277777777778
154.73388888888888
153.53722222222214
152.42333333333335
155.56388888888887
151.09555555555548
152.6538888888889
153.1316666666667
150.07777777777778
151.91499999999996
151.97333333333333
152.70666666666673
150.8127777777778
148.59111111111113
151.0455555555556
151.55555555555554
151.74055555555557
149.1222222222222
150.4361111111111
148.1777777777778
150.3794444444445
149.96333333333334
150.27944444444447
148.21055555555563
149.6
151.0855555555555
149.7527777777778
148.5711111111111
149.16111111111115
149.64499999999998
149.31500000000005
149.56166666666667
146.69555555555556
150.97333333333333
150.92555555555555
147.28055555555554
148.49166666666665
149.3272222222222
148.95388888888894
150.29944444444448
148.4077777777777
151.1183333333333
151.7355555555556
149.5544444444444
149.66888888888886
149.7022222222223
149.96500000000003
147.92055555555552
148.98888888888888
153.2155555555556
149.30555555555554
150.98277777777776
150.92777777777775
151.45500000000004
150.98999999999998
151.63111111111115
154.0761111111111
151.665
154.84555555555562
150.7322222222222
156.90611111111116
158.2694444444445
155.8738888888889
159.71777777777777
161.53666666666666
164.2011111111111
165.81333333333325
172.7244444444444
178.27722222222212
186.7422222222222
197.76444444444445
199.32611111111112
197.48388888888886
197.68388888888893
196.87000000000006
201.64055555555555
199.06111111111116
200.7283333333333
206.6944444444444
226.0155555555556
262.92333333333335



The list of best values average 

472.34
814.9499999999999
450.66000000000014
519.51
583.1100000000001
482.15000000000015
462.09999999999997
447.26999999999987
443.4699999999999
412.54999999999995
371.96999999999986
371.78999999999996
372.20999999999987
368.9
348.59999999999985
343.11000000000007
346.8299999999999
339.25000000000006
351.66999999999973
353.92999999999995
344.85999999999996
352.97
367.51
362.51
356.74999999999994
357.65999999999997
369.23
372.33
362.07999999999987
364.98000000000013
365.23
384.2399999999999
366.19999999999993
374.0600000000001
376.0200000000001
389.79
368.9500000000001
379.41999999999996
380.87999999999994
394.71999999999997
371.27000000000004
381.18
380.4299999999998
396.4199999999999
375.93
388.7399999999999
383.9999999999998
397.6699999999999
377.73
389.7699999999999
377.73999999999984
395.27999999999986
376.84999999999997
381.6699999999999
365.08
389.04999999999995
352.98000000000013
364.85999999999996
345.65000000000003
373.69999999999993
337.56999999999994
354.78000000000014
338.33999999999986
364.95000000000016
339.03000000000003
341.4799999999999
333.5900000000001
342.69
357.3299999999999
345.86000000000007
315.62999999999994
319.83000000000004
335.36000000000007
321.69000000000005
324.12000000000006
325.46
310.75999999999993
295.08999999999986
294.37
300.8399999999999
287.85
295.23
290.43
269.5
275.56999999999994
258.17000000000013
259.29
252.82
258.03999999999996
251.51000000000002
255.4200000000001
251.09999999999997
242.53
247.91000000000003
233.62000000000003
223.51999999999992
215.89999999999998
215.09999999999994
212.59
210.90999999999997
216.2500000000001
203.21
205.64000000000001
211.96000000000004
204.76000000000005
208.72000000000003
202.48000000000005
196.56999999999996
187.27999999999997
188.16000000000005
181.56000000000003
174.89999999999998
176.97000000000008
179.62000000000003
176.05999999999997
173.04000000000002
172.96999999999997
175.09
168.62
169.07999999999998
173.37
171.4700000000001
170.9599999999999
170.94
173.64000000000007
173.77
164.54999999999995
155.83000000000004
151.67000000000002
152.99000000000007
149.74
147.92999999999998
142.95999999999998
141.67999999999995
143.26000000000002
145.83000000000004
140.23999999999998
138.92999999999998
137.97999999999993
137.25
136.45000000000002
138.21999999999997
135.92
136.01
134.94
133.99999999999997
134.18999999999994
134.02
135.8
134.89000000000007
139.65000000000003
137.73999999999998
132.94999999999993
138.04000000000002
140.26999999999995
138.03999999999996
133.94999999999996
139.43000000000004
136.93999999999997
137.87
131.35
130.02000000000004
125.00999999999999
123.52
119.35
119.62000000000002
118.06
116.13999999999994
116.16
113.96999999999998
110.57999999999996
113.17999999999994
112.31
110.86999999999998
107.19999999999999
111.41000000000001
108.09000000000002
107.57999999999994
107.32999999999998
106.21999999999998
106.46000000000004
107.47999999999995
106.79999999999997
106.16999999999999
106.70000000000003
105.17999999999998
105.59000000000003
106.07999999999997
103.49999999999999
104.81000000000003
105.72999999999995
106.04
104.67999999999999
105.15999999999997
102.45999999999998
106.26
103.26000000000002
104.57
104.24000000000001
102.61999999999999
106.19000000000003
105.80000000000004
105.26999999999997
104.44
102.61000000000001
106.61000000000007
103.42000000000007
105.61000000000003
102.22
103.58
103.89000000000003
105.35000000000005
104.65
107.06000000000003
102.6
107.65
105.48000000000003
103.63000000000001
102.82999999999993
105.75000000000001
105.42
106.13
105.76
103.69
108.08999999999992
106.41000000000001
101.82
103.89000000000004
104.68999999999997
105.59999999999998
104.01999999999997
103.01999999999998
106.12
107.94999999999997
106.32999999999997
104.53000000000002
107.19
104.16
104.16
105.46
107.35
103.87000000000002
104.74999999999996
103.35000000000002
105.06999999999998
102.38000000000002
104.04999999999997
106.44999999999995
100.90000000000003
105.80000000000004
101.65999999999998
108.62999999999998
106.13999999999997
104.97999999999999
105.32
108.23999999999998
108.33
109.70000000000002
112.15
115.46000000000001
123.72999999999998
129.91000000000003
139.13
137.07999999999996
141.68000000000004
147.07
147.56999999999996
143.97
142.92000000000004
138.87999999999997
149.42000000000007
183.1200000000001
