----------Report of simulation of Quantum Parallel Tempering - Population Annealing v1-----------
The number of considered Spin60
The considered Annealing Duration 240
The considered Annealing Number 100
The considered T 1.0
The considered Gamma0 1.0
The considered Number Of Replica 3
The considered Number Of System Tempering 3
The considered Number Of System Population 3
The solution found [-1.  1. -1.  1. -1.  1. -1. -1.  1. -1. -1. -1.  1. -1. -1. -1. -1. -1.
 -1. -1. -1. -1. -1. -1. -1. -1. -1. -1. -1. -1. -1. -1. -1. -1. -1. -1.
 -1. -1. -1. -1.  1. -1. -1. -1. -1. -1.  1. -1. -1. -1. -1.  1. -1. -1.
 -1. -1. -1. -1. -1. -1.]
The value found 52.0
The Success probability is 0.01
The average value is 59.01
The total execution time is 548.9410965442657
The average time for execution is 5.4894094252586365
The average time for all systems update is 0.022830951988697053
The average time for system tempering update is 0.0032462941308816274
The average time for system population update is 310.39151787757874
The average time for replica update is 0.001259192098070074
The average time for spin update is 2.0720766696297092e-05
The list of values found 

56.0
56.0
62.0
55.0
59.0
62.0
59.0
57.0
54.0
57.0
69.0
57.0
62.0
65.0
55.0
58.0
59.0
63.0
57.0
59.0
57.0
57.0
61.0
59.0
55.0
66.0
58.0
55.0
66.0
56.0
52.0
68.0
58.0
56.0
58.0
58.0
58.0
65.0
54.0
56.0
59.0
57.0
58.0
57.0
55.0
58.0
57.0
70.0
57.0
58.0
58.0
57.0
56.0
56.0
65.0
55.0
58.0
54.0
58.0
63.0
58.0
62.0
57.0
59.0
62.0
57.0
53.0
58.0
61.0
69.0
62.0
59.0
58.0
65.0
56.0
60.0
64.0
57.0
58.0
64.0
58.0
65.0
59.0
58.0
58.0
58.0
58.0
57.0
55.0
56.0
66.0
57.0
57.0
69.0
58.0
55.0
57.0
61.0
66.0
54.0



The list of values first execution 

646.7777777777778
1215.2777777777778
776.7777777777778
1025.2222222222222
758.5
739.7222222222222
797.8888888888889
626.2777777777778
761.6666666666666
684.5555555555555
621.7777777777778
663.3888888888889
624.5
672.0
677.4444444444445
616.1666666666666
648.3888888888889
606.6111111111111
676.3333333333334
561.8888888888889
683.1666666666666
581.2777777777778
672.5
670.0555555555555
585.6666666666666
726.6111111111111
590.7222222222222
580.6111111111111
652.2777777777778
614.3888888888889
714.8333333333334
538.1111111111111
679.8333333333334
660.7222222222222
629.2222222222222
604.5555555555555
635.8333333333334
619.9444444444445
653.2777777777778
629.2222222222222
613.0555555555555
637.2777777777778
704.8333333333334
542.1666666666666
669.1111111111111
620.6666666666666
712.5555555555555
521.4444444444445
707.7777777777778
608.0
646.3333333333334
588.5
641.8888888888889
671.8888888888889
663.7222222222222
556.5555555555555
698.2777777777778
582.6666666666666
647.3888888888889
606.8888888888889
631.6111111111111
630.4444444444445
649.4444444444445
577.2222222222222
618.0
576.3888888888889
641.2222222222222
571.5
612.7222222222222
591.0
619.6666666666666
585.3333333333334
642.7222222222222
605.5555555555555
659.1666666666666
551.8333333333334
590.6111111111111
577.7777777777778
607.6666666666666
562.6111111111111
569.2777777777778
545.1666666666666
590.0
546.3333333333334
516.8333333333334
529.8333333333334
538.9444444444445
542.5555555555555
527.5
547.0555555555555
577.5555555555555
539.2777777777778
585.9444444444445
561.8333333333334
525.8333333333334
608.8888888888889
552.8888888888889
511.72222222222223
535.1666666666666
526.0
507.27777777777777
549.5
507.44444444444446
525.1666666666666
534.7222222222222
504.3333333333333
544.8888888888889
505.72222222222223
556.3333333333334
447.0
625.1666666666666
472.3333333333333
551.6111111111111
499.8888888888889
513.2222222222222
562.2222222222222
420.3333333333333
564.7777777777778
523.5555555555555
471.6666666666667
521.6666666666666
497.8888888888889
487.0
520.2777777777778
545.0555555555555
486.05555555555554
511.44444444444446
500.72222222222223
490.05555555555554
511.8333333333333
510.8888888888889
488.27777777777777
533.9444444444445
447.8888888888889
541.5
516.5555555555555
485.3888888888889
463.27777777777777
569.1666666666666
519.5555555555555
442.3333333333333
515.3888888888889
521.7777777777778
419.05555555555554
542.2777777777778
424.3333333333333
530.3888888888889
472.05555555555554
484.77777777777777
466.1666666666667
483.05555555555554
478.77777777777777
472.1666666666667
482.55555555555554
511.77777777777777
482.6666666666667
430.77777777777777
536.0
395.3333333333333
500.55555555555554
500.8888888888889
410.55555555555554
523.7222222222222
452.8333333333333
519.2222222222222
449.72222222222223
505.8888888888889
466.05555555555554
465.8333333333333
494.6111111111111
460.6111111111111
516.4444444444445
406.05555555555554
523.6666666666666
455.22222222222223
479.6111111111111
490.94444444444446
453.8888888888889
482.3888888888889
458.05555555555554
536.7222222222222
491.1666666666667
440.6111111111111
550.3333333333334
417.8888888888889
469.3888888888889
452.6111111111111
514.6666666666666
484.55555555555554
448.77777777777777
501.44444444444446
464.1666666666667
482.3888888888889
472.27777777777777
539.0555555555555
411.8333333333333
439.94444444444446
514.3888888888889
414.94444444444446
494.3888888888889
431.3888888888889
485.77777777777777
526.8333333333334
440.3333333333333
467.27777777777777
496.77777777777777
478.8333333333333
436.6666666666667
534.4444444444445
410.94444444444446
512.8888888888889
462.5
489.5
420.8888888888889
538.1111111111111
439.3333333333333
470.6111111111111
478.8333333333333
442.72222222222223
526.2222222222222
425.55555555555554
483.3888888888889
459.55555555555554
478.27777777777777
476.55555555555554
451.3888888888889
478.77777777777777
450.8888888888889
456.6111111111111
486.5
508.27777777777777
453.1111111111111
489.3333333333333
445.6666666666667
518.7777777777778
462.0
530.7777777777778
459.8888888888889
487.77777777777777
513.2777777777778



The list of best values first execution 

56.0
225.0
217.0
125.0
210.0
218.0
232.0
249.0
216.0
272.0
202.0
171.0
169.0
186.0
233.0
218.0
195.0
279.0
178.0
210.0
194.0
193.0
108.0
263.0
216.0
201.0
248.0
116.0
240.0
178.0
194.0
209.0
208.0
202.0
193.0
193.0
155.0
216.0
240.0
233.0
163.0
263.0
217.0
218.0
202.0
265.0
123.0
225.0
216.0
163.0
195.0
242.0
201.0
193.0
210.0
248.0
234.0
217.0
203.0
264.0
169.0
203.0
218.0
257.0
194.0
179.0
179.0
179.0
264.0
202.0
272.0
171.0
226.0
185.0
163.0
179.0
179.0
210.0
202.0
117.0
241.0
186.0
147.0
163.0
156.0
155.0
179.0
217.0
209.0
146.0
234.0
179.0
248.0
162.0
163.0
179.0
185.0
164.0
140.0
171.0
116.0
176.0
154.0
117.0
132.0
186.0
109.0
124.0
216.0
117.0
201.0
188.0
164.0
101.0
179.0
146.0
177.0
132.0
130.0
162.0
114.0
148.0
155.0
132.0
139.0
146.0
148.0
108.0
146.0
132.0
162.0
130.0
170.0
139.0
115.0
147.0
147.0
125.0
201.0
124.0
148.0
186.0
101.0
94.0
108.0
114.0
148.0
69.0
92.0
116.0
117.0
102.0
93.0
115.0
124.0
131.0
101.0
91.0
107.0
78.0
139.0
71.0
115.0
102.0
117.0
116.0
102.0
91.0
102.0
116.0
115.0
72.0
100.0
123.0
92.0
78.0
101.0
123.0
86.0
131.0
131.0
86.0
99.0
139.0
116.0
107.0
107.0
70.0
92.0
84.0
117.0
108.0
69.0
100.0
123.0
86.0
116.0
132.0
78.0
107.0
124.0
116.0
108.0
77.0
78.0
106.0
100.0
84.0
115.0
108.0
78.0
131.0
70.0
99.0
108.0
115.0
101.0
107.0
108.0
102.0
109.0
86.0
86.0
109.0
115.0
63.0
78.0
132.0
124.0
116.0
85.0
155.0
115.0
131.0
100.0
148.0
131.0
122.0
162.0
185.0



The list of values average 

647.1594444444446
1246.7205555555554
828.58
825.1816666666667
854.6872222222223
723.3661111111111
772.7866666666665
721.3538888888888
716.9783333333337
694.5788888888892
684.7466666666667
683.7266666666669
675.523888888889
667.5172222222227
659.1650000000002
656.1444444444444
659.4011111111114
645.1072222222225
650.1155555555554
648.8805555555554
641.8516666666668
640.6555555555556
643.1783333333337
644.3500000000003
643.2355555555554
635.1916666666665
635.8061111111112
640.4622222222222
630.3794444444446
638.6850000000001
630.167222222222
632.3649999999998
633.302777777778
631.3172222222224
630.2550000000001
630.5033333333337
634.9161111111114
628.9477777777774
631.3905555555554
632.2572222222221
639.43
622.036111111111
630.9372222222222
637.9733333333334
628.1149999999999
632.6105555555555
627.3077777777779
636.6783333333332
630.9961111111113
624.1327777777777
634.8683333333335
626.5894444444446
642.4227777777776
623.5277777777777
633.1755555555555
630.7377777777781
631.7105555555553
632.8283333333334
623.147777777778
632.1311111111106
632.9294444444442
619.4349999999998
622.4433333333332
625.0122222222222
626.835
624.5655555555555
622.7016666666665
616.967777777778
615.5577777777777
613.296111111111
609.1350000000001
608.4750000000001
601.3922222222222
611.9438888888889
590.3955555555555
592.1933333333334
580.9055555555555
587.5022222222223
580.1588888888891
581.2322222222224
580.7877777777779
579.9538888888889
570.3888888888891
571.8655555555557
568.6444444444446
557.3783333333333
558.8616666666667
551.8988888888889
552.286666666667
556.4238888888889
548.6205555555557
551.9338888888891
551.0188888888887
550.6044444444444
543.2155555555554
541.7061111111113
539.0050000000001
534.1338888888888
536.2661111111111
528.2816666666666
533.6255555555555
523.9866666666667
524.6327777777776
523.5216666666666
526.5600000000001
522.8194444444447
521.9383333333335
525.2355555555554
523.9655555555554
524.4377777777778
522.8666666666666
520.6988888888889
517.3466666666668
512.6838888888889
510.2727777777777
510.08000000000004
511.68888888888887
500.1650000000001
507.8016666666667
501.07833333333326
500.018888888889
501.6638888888889
497.47111111111104
500.2805555555556
497.0711111111111
494.5750000000001
500.79833333333335
494.101111111111
497.9761111111109
498.84000000000003
492.33611111111117
502.06222222222226
490.1227777777779
497.667222222222
495.9016666666666
493.6122222222223
496.19722222222214
491.62722222222226
497.7983333333334
495.3972222222221
488.4944444444444
491.4088888888888
489.14222222222213
493.3933333333333
487.39777777777766
483.3727777777777
483.62222222222204
483.6255555555556
482.2227777777776
476.06166666666655
485.2144444444445
479.08944444444427
475.2677777777778
488.2149999999999
474.9483333333334
475.0077777777779
478.2827777777778
479.4594444444444
476.9583333333336
474.45000000000005
475.4333333333334
478.9072222222223
479.4666666666669
469.90333333333325
476.5511111111112
473.6000000000002
474.4555555555556
475.6249999999999
472.5355555555557
475.033888888889
472.801111111111
470.2838888888889
469.3511111111111
475.29
468.78833333333364
477.4038888888888
467.9411111111111
471.5305555555556
476.6361111111111
468.15777777777777
476.0150000000001
476.19222222222237
467.75666666666683
473.8572222222223
469.7572222222221
469.5716666666667
474.87388888888887
467.5805555555554
476.78833333333336
469.5505555555556
468.2416666666666
476.1894444444444
468.7055555555554
474.5044444444443
471.78333333333325
467.29277777777776
470.7711111111111
463.8699999999999
475.89722222222235
471.14666666666653
468.522222222222
473.24666666666644
468.19944444444434
475.08500000000004
465.15111111111133
466.87333333333333
473.88055555555565
468.241111111111
470.17611111111086
469.6488888888888
471.81222222222215
475.7172222222223
468.7983333333331
469.0166666666667
474.11722222222227
467.9433333333335
470.2855555555556
472.4700000000002
470.0522222222221
470.2877777777778
471.8866666666667
474.46055555555563
474.1255555555556
477.73555555555555
471.90333333333325
480.4666666666667
474.95333333333343
475.69111111111096
484.22722222222234
482.34888888888884
489.34277777777805
493.81555555555553
501.1988888888889
485.136111111111
496.59499999999997
497.82500000000016
485.55555555555554
503.67166666666685
496.57166666666654
516.9422222222222



The list of best values average 

61.99999999999996286.6000000000001149.17000000000004164.46000000000004226.73000000000005166.05000000000004193.95999999999995218.48999999999992174.96999999999997210.04999999999998209.52178.19204.91999999999996192.5699999999999196.42999999999995206.46195.79206.55999999999997198.03199.30000000000007196.59999999999997201.13999999999993196.73000000000002194.29199.56000000000003193.35199.92999999999998199.10000000000008197.33000000000004199.37999999999994202.29194.64194.26000000000005202.16999999999996202.67999999999998202.83204.43000000000006203.29202.32000000000005202.66999999999996194.77000000000007204.20000000000007202.19000000000005194.4600000000001193.72000000000006199.07000000000002201.26000000000008196.56195.0800000000001197.03195.20999999999998194.9299999999999205.87000000000006198.01999999999998198.73000000000008196.16193.20999999999998194.05999999999997198.41000000000008196.45000000000002204.11999999999998200.60000000000008195.19000000000003205.07000000000002198.28999999999996196.33999999999995200.30000000000004201.25200.88999999999996197.4300000000001197.67000000000007200.38195.5999999999999204.14000000000001195.74000000000007192.0599999999999192.05000000000004195.05999999999997194.30999999999997191.38999999999996193.38191.53000000000006186.77999999999997187.39999999999992188.01000000000002183.0188.40000000000003185.70999999999998186.88999999999996188.8700000000001180.71000000000015188.61176.37000000000006185.73999999999995175.05999999999995178.32999999999998167.23999999999995172.6000000000001168.46165.5161.16000000000003163.94165.92999999999998159.73000000000002162.97000000000003164.9600000000001158.31162.08000000000007164.0699999999999166.16999999999996166.86000000000004160.67999999999998150.00999999999993148.86000000000004146.03999999999994145.9499999999999143.66140.73999999999992140.47000000000006138.72000000000003135.10999999999999139.19000000000003134.78999999999988134.79999999999995133.39130.04138.47131.09000000000003135.04000000000002138.85999999999999130.85135.90000000000003134.2099999999999135.45000000000002135.67999999999995137.22999999999996138.25141.04000000000005140.26134.99134.98999999999998126.95999999999998124.44000000000004123.42999999999998118.85999999999996117.20999999999998118.25999999999999112.89114.56113.68999999999993110.95999999999998108.39000000000001109.81000000000006107.58999999999995110.43104.68999999999997105.66999999999999103.44999999999996104.26100.26000000000002103.92103.0599999999999699.50000000000001101.77999999999999101.54102.00000000000003101.63000000000001101.44999999999999103.29000000000003103.88000000000001103.70000000000003104.39100.2699999999999599.35000000000002102.47000000000001104.6198.5500000000000198.96000000000002103.04999999999997101.59000000000002101.30000000000005104.15999999999995103.54105.52000000000002100.51103.97999999999998101.55000000000001104.37999999999997100.83104.3102.06000000000002101.71102.30999999999999105.95106.27000000000002104.62999999999997102.98999999999998102.09000000000002101.81999999999998101.79104.32106.97103.72999999999999105.67000000000004101.9103.49000000000004103.19000000000003103.00999999999999101.45999999999998104.46999999999996102.99000000000001101.48000000000003103.22000000000003101.46000000000002100.79000000000002102.78999999999996102.69999999999995101.19000000000003100.16000000000003101.61101.31999999999995104.40000000000002104.6799999999999899.93999999999998105.57000000000002103.97999999999996103.04999999999998110.60000000000001111.0115.45999999999997118.01000000000005141.90000000000003140.51000000000005139.88139.57139.68999999999997136.78135.20999999999998141.49999999999994156.06000000000006