----------Report of simulation of Quantum Parallel Tempering - Population Annealing v1-----------
The number of considered Spin36
The considered Annealing Duration 144
The considered Annealing Number 100
The considered T 1.0
The considered Gamma0 1.0
The considered Number Of Replica 3
The considered Number Of System Tempering 3
The considered Number Of System Population 3
The solution found [-1.  1. -1. -1. -1. -1. -1. -1. -1. -1. -1. -1. -1. -1. -1. -1.  1. -1.
 -1.  1. -1. -1. -1.  1.  1. -1. -1. -1. -1.  1. -1. -1. -1. -1. -1. -1.]
The value found 30.0
The Success probability is 0.13
The average value is 32.43
The total execution time is 135.76770067214966
The average time for execution is 1.3576758742332458
The average time for all systems update is 0.009390083965328005
The average time for system tempering update is 0.0012908084525002374
The average time for system population update is 77.36522173881531
The average time for replica update is 0.000513266384785558
The average time for spin update is 1.3983665220694941e-05
The list of values found 

30.0
32.0
31.0
30.0
30.0
32.0
32.0
31.0
32.0
31.0
33.0
31.0
31.0
32.0
30.0
34.0
32.0
33.0
32.0
31.0
33.0
30.0
31.0
31.0
31.0
33.0
31.0
34.0
32.0
38.0
32.0
32.0
32.0
32.0
32.0
30.0
34.0
32.0
33.0
31.0
31.0
32.0
38.0
31.0
31.0
39.0
34.0
32.0
30.0
33.0
32.0
32.0
39.0
32.0
32.0
33.0
31.0
32.0
32.0
33.0
33.0
31.0
31.0
30.0
33.0
33.0
31.0
39.0
32.0
32.0
32.0
32.0
30.0
30.0
33.0
34.0
39.0
32.0
34.0
32.0
30.0
32.0
30.0
37.0
33.0
31.0
32.0
35.0
30.0
35.0
32.0
39.0
32.0
34.0
31.0
37.0
31.0
33.0
31.0
32.0



The list of values first execution 

305.1666666666667
411.55555555555554
315.55555555555554
311.1666666666667
350.72222222222223
235.22222222222223
313.77777777777777
263.05555555555554
286.3888888888889
278.22222222222223
265.0
271.3888888888889
218.38888888888889
242.44444444444446
248.27777777777777
258.3333333333333
232.38888888888889
237.38888888888889
222.72222222222223
268.27777777777777
225.72222222222223
245.61111111111111
235.38888888888889
236.38888888888889
233.55555555555554
252.11111111111111
225.72222222222223
234.16666666666666
229.27777777777777
246.88888888888889
221.94444444444446
244.38888888888889
243.77777777777777
233.94444444444446
266.72222222222223
221.27777777777777
277.5
247.27777777777777
201.16666666666666
300.55555555555554
192.22222222222223
272.1666666666667
231.88888888888889
228.61111111111111
237.11111111111111
253.05555555555554
231.05555555555554
247.83333333333334
233.61111111111111
260.3888888888889
193.05555555555554
273.1111111111111
210.72222222222223
259.72222222222223
219.0
257.94444444444446
239.27777777777777
208.16666666666666
249.22222222222223
228.83333333333334
238.77777777777777
205.5
234.44444444444446
269.8888888888889
226.83333333333334
286.44444444444446
192.83333333333334
245.38888888888889
231.22222222222223
219.33333333333334
219.33333333333334
206.55555555555554
206.38888888888889
234.5
181.33333333333334
260.05555555555554
205.38888888888889
226.55555555555554
220.77777777777777
242.11111111111111
194.0
236.16666666666666
210.27777777777777
211.11111111111111
209.5
211.11111111111111
191.55555555555554
214.16666666666666
204.11111111111111
244.61111111111111
186.16666666666666
206.22222222222223
217.22222222222223
203.88888888888889
183.83333333333334
236.83333333333334
186.94444444444446
177.55555555555554
215.94444444444446
181.16666666666666
207.66666666666666
198.38888888888889
192.38888888888889
201.72222222222223
191.83333333333334
220.83333333333334
202.77777777777777
209.61111111111111
219.61111111111111
181.27777777777777
198.0
179.0
201.05555555555554
174.61111111111111
186.66666666666666
211.83333333333334
190.88888888888889
183.88888888888889
204.72222222222223
221.66666666666666
174.88888888888889
207.27777777777777
210.16666666666666
196.44444444444446
193.72222222222223
194.05555555555554
213.55555555555554
186.66666666666666
215.05555555555554
196.94444444444446
193.55555555555554
196.83333333333334
197.16666666666666
232.27777777777777
174.33333333333334
206.55555555555554
219.38888888888889
202.33333333333334
225.5
205.27777777777777
216.94444444444446
222.22222222222223
210.83333333333334
229.61111111111111



The list of best values first execution 

35.0
117.0
57.0
125.0
70.0
109.0
48.0
87.0
79.0
72.0
54.0
54.0
94.0
140.0
109.0
93.0
108.0
70.0
101.0
63.0
86.0
101.0
101.0
109.0
101.0
101.0
84.0
101.0
46.0
100.0
32.0
86.0
86.0
101.0
63.0
132.0
92.0
85.0
101.0
115.0
101.0
78.0
77.0
76.0
100.0
101.0
100.0
100.0
100.0
101.0
100.0
100.0
100.0
69.0
54.0
100.0
54.0
54.0
93.0
100.0
100.0
93.0
78.0
100.0
100.0
131.0
78.0
48.0
100.0
86.0
92.0
46.0
100.0
93.0
70.0
100.0
85.0
63.0
94.0
100.0
53.0
93.0
86.0
62.0
93.0
46.0
31.0
86.0
47.0
94.0
62.0
70.0
62.0
62.0
77.0
85.0
78.0
48.0
46.0
54.0
53.0
47.0
62.0
62.0
30.0
92.0
77.0
48.0
55.0
69.0
85.0
77.0
77.0
40.0
53.0
70.0
46.0
48.0
39.0
84.0
47.0
61.0
62.0
46.0
68.0
55.0
70.0
56.0
64.0
77.0
46.0
69.0
69.0
69.0
48.0
61.0
47.0
77.0
41.0
93.0
84.0
78.0
100.0
93.0



The list of values average 

241.29944444444448
481.8661111111111
307.77277777777783
315.24333333333334
313.0072222222222
278.5677777777777
285.9394444444444
276.3916666666667
272.3022222222223
262.5605555555554
260.6755555555555
257.4988888888888
254.80777777777783
252.38277777777773
246.3144444444445
252.7522222222222
245.65944444444446
244.47555555555553
243.31666666666663
242.52055555555543
244.18666666666664
242.0577777777779
242.7083333333334
238.88888888888886
243.76166666666668
236.74777777777774
238.25999999999996
241.47666666666666
238.0183333333333
236.63166666666672
237.04277777777781
238.3861111111111
238.45944444444444
234.1005555555557
237.41944444444434
238.58777777777777
236.5166666666667
235.8722222222222
236.9416666666666
237.0311111111112
238.89166666666677
231.7972222222222
239.90499999999992
235.3322222222222
240.53055555555557
232.7333333333334
240.76555555555555
234.9300000000001
239.42333333333335
233.7172222222223
238.15500000000006
234.35777777777778
236.72388888888887
235.30944444444444
238.67944444444436
234.9816666666667
238.15444444444432
233.7311111111111
234.29499999999996
231.26055555555564
234.60666666666665
232.0122222222223
234.1705555555556
230.31277777777777
234.51611111111106
232.79611111111112
229.37611111111104
229.51222222222225
225.04555555555555
225.83500000000015
220.68111111111105
223.1833333333333
216.8883333333334
220.56055555555557
217.34499999999997
217.38166666666663
218.9266666666666
216.59444444444438
216.5238888888888
218.13833333333335
216.67277777777775
216.73222222222225
217.2205555555556
215.93500000000017
217.20111111111106
213.41111111111115
210.0638888888889
215.32111111111115
208.53888888888886
208.2522222222222
208.33499999999998
209.4844444444444
202.30333333333337
208.3122222222223
203.68944444444435
207.8261111111111
204.02833333333345
202.70666666666662
206.79333333333324
203.00388888888878
205.17388888888885
203.50833333333335
200.115
206.08611111111108
203.25722222222217
202.69111111111107
204.45055555555564
201.46277777777775
205.0894444444445
200.29888888888883
203.66388888888878
204.04222222222228
202.25388888888887
201.15666666666652
202.04555555555552
204.27722222222226
200.3061111111111
202.19333333333324
201.5066666666667
205.44388888888886
200.54555555555564
204.32777777777778
201.38888888888886
204.92277777777775
203.10166666666672
201.25388888888898
205.81777777777782
200.94666666666677
203.17333333333326
202.25888888888886
205.32833333333335
201.86611111111102
203.9722222222222
205.09500000000006
203.58944444444433
207.98277777777767
203.5672222222222
211.65611111111116
206.6733333333334
218.4088888888888
217.93944444444452
213.7016666666666
221.2877777777778
214.79388888888897



The list of best values average 

38.400000000000006124.7799999999999762.78999999999998110.3599999999999971.63000000000002103.6200000000000378.88000000000001101.7700000000000182.7299999999999990.9300000000000482.283.8799999999999887.7900000000000683.2200000000000484.2888.2500000000000384.4299999999999680.9400000000000181.8800000000000279.6800000000000286.7599999999999984.5984.1785.8999999999999988.7699999999999883.0881.4599999999999884.4600000000000289.1000000000000485.8200000000000185.3600000000000186.8900000000000188.2700000000000184.3191.3800000000000487.8500000000000292.5288.8100000000000388.3600000000000389.6900000000000193.8400000000000289.7593.2500000000000492.2200000000000194.1400000000000490.5000000000000391.6291.9100000000000194.5300000000000289.3399999999999986.5000000000000387.6800000000000490.2200000000000387.9900000000000287.0286.4500000000000291.1178.7500000000000180.5399999999999880.3300000000000487.0399999999999984.5600000000000486.9799999999999987.5799999999999789.9500000000000286.2600000000000289.381.4100000000000376.3000000000000476.7675.7900000000000278.2200000000000178.1400000000000178.7000000000000272.3999999999999876.5400000000000374.3277.8100000000000377.2400000000000176.678.077.4400000000000380.8300000000000176.0399999999999976.2200000000000666.9900000000000168.1365.765.4600000000000263.9899999999999660.7865.7299999999999960.9700000000000263.31999999999998662.6200000000000162.26999999999997560.9800000000000260.5000000000000362.41999999999999561.9999999999999961.2361.1199999999999862.1900000000000163.58000000000000561.8299999999999962.8499999999999761.2799999999999762.75999999999998463.10999999999996460.11999999999997663.8400000000000466.1699999999999962.5662.3500000000000162.2199999999999964.7663.5900000000000264.0200000000000164.3465.4399999999999863.0399999999999962.69999999999997464.2899999999999965.0099999999999863.2599999999999960.7900000000000266.7560.1799999999999963.58999999999997562.40000000000000664.5462.30999999999997464.8762.5163.4599999999999964.6260.83999999999999662.91000000000000463.9300000000000171.3300000000000180.7876.7400000000000287.9000000000000379.17000000000003