----------Report of simulation of Quantum Parallel Tempering - Population Annealing v1-----------
The number of considered Spin62
The considered Annealing Duration 248
The considered Annealing Number 100
The considered T 1.0
The considered Gamma0 1.0
The considered Number Of Replica 3
The considered Number Of System Tempering 3
The considered Number Of System Population 3
The solution found [-1. -1. -1. -1. -1. -1. -1. -1. -1. -1. -1. -1.  1. -1. -1. -1. -1. -1.
 -1. -1.  1. -1. -1. -1. -1.  1. -1. -1. -1. -1. -1. -1. -1. -1. -1. -1.
 -1.  1. -1.  1. -1. -1. -1.  1. -1. -1. -1. -1. -1. -1. -1. -1. -1. -1.
 -1. -1. -1. -1.  1. -1. -1. -1.]
The value found 55.0
The Success probability is 0.03
The average value is 61.24
The total execution time is 604.1718385219574
The average time for execution is 6.041716885566712
The average time for all systems update is 0.024319658558214864
The average time for system tempering update is 0.003394769234682924
The average time for system population update is 346.6449830532074
The average time for replica update is 0.0013419726261314953
The average time for spin update is 2.137839806219073e-05
The list of values found 

57.0
59.0
63.0
58.0
59.0
64.0
61.0
59.0
56.0
66.0
59.0
67.0
64.0
60.0
60.0
60.0
64.0
59.0
61.0
60.0
71.0
60.0
59.0
60.0
64.0
67.0
67.0
59.0
56.0
58.0
59.0
65.0
55.0
56.0
64.0
56.0
57.0
64.0
61.0
58.0
70.0
58.0
63.0
59.0
60.0
63.0
64.0
66.0
63.0
64.0
57.0
65.0
59.0
60.0
65.0
65.0
59.0
60.0
61.0
59.0
61.0
60.0
56.0
55.0
59.0
59.0
59.0
67.0
66.0
60.0
61.0
60.0
59.0
60.0
60.0
66.0
59.0
59.0
64.0
67.0
60.0
69.0
60.0
73.0
60.0
59.0
60.0
66.0
64.0
61.0
63.0
63.0
58.0
55.0
59.0
63.0
64.0
59.0
58.0
61.0



The list of values first execution 

741.7222222222222
1288.8333333333333
797.8888888888889
923.9444444444445
821.3333333333334
810.7222222222222
929.8888888888889
777.0
699.6111111111111
749.8333333333334
796.0555555555555
673.9444444444445
673.8888888888889
675.1666666666666
810.0555555555555
596.1111111111111
696.6111111111111
746.6666666666666
653.6111111111111
699.9444444444445
649.4444444444445
737.5555555555555
678.9444444444445
646.8333333333334
679.1111111111111
685.2222222222222
724.3333333333334
639.0555555555555
620.8333333333334
740.6666666666666
672.2222222222222
654.3888888888889
614.0
713.3888888888889
699.8333333333334
642.2222222222222
647.2777777777778
704.6111111111111
671.1666666666666
635.0555555555555
631.5555555555555
692.5555555555555
682.2777777777778
650.2222222222222
614.3333333333334
716.5
630.5
605.0
616.0555555555555
709.3333333333334
657.1666666666666
648.9444444444445
654.2777777777778
672.9444444444445
693.9444444444445
666.1111111111111
598.0
703.9444444444445
631.6111111111111
619.4444444444445
699.0
629.9444444444445
710.1111111111111
616.7222222222222
615.7222222222222
742.1666666666666
622.6666666666666
689.3333333333334
635.1666666666666
636.0555555555555
729.7777777777778
570.6111111111111
626.2222222222222
680.7777777777778
627.0555555555555
611.6666666666666
653.9444444444445
548.8888888888889
654.5555555555555
625.5555555555555
593.1111111111111
622.4444444444445
574.1111111111111
672.0555555555555
515.0
671.1111111111111
540.5
578.2222222222222
639.2222222222222
565.0555555555555
590.8333333333334
599.6666666666666
598.4444444444445
537.6666666666666
612.5
533.3333333333334
584.3333333333334
577.7777777777778
526.4444444444445
594.8888888888889
499.8888888888889
635.3333333333334
504.55555555555554
532.1666666666666
543.4444444444445
504.94444444444446
576.1111111111111
557.4444444444445
545.8888888888889
521.6111111111111
527.6666666666666
550.3888888888889
548.5555555555555
570.7777777777778
515.1666666666666
577.3888888888889
533.1666666666666
561.7777777777778
544.2222222222222
509.27777777777777
535.4444444444445
508.1666666666667
504.27777777777777
475.72222222222223
528.6666666666666
591.2777777777778
446.1666666666667
605.7777777777778
459.27777777777777
523.5
556.5555555555555
455.8888888888889
586.7777777777778
463.55555555555554
512.6666666666666
556.6666666666666
427.5
535.6666666666666
490.0
471.22222222222223
520.2222222222222
540.2777777777778
461.1666666666667
627.6111111111111
468.1111111111111
503.1666666666667
535.5555555555555
475.0
604.3888888888889
445.3888888888889
562.5
449.22222222222223
543.8333333333334
532.9444444444445
484.44444444444446
458.1666666666667
529.8888888888889
475.8333333333333
556.6666666666666
480.1666666666667
504.8333333333333
479.6111111111111
513.8333333333334
483.8888888888889
507.55555555555554
507.55555555555554
471.05555555555554
525.0
488.55555555555554
488.77777777777777
487.27777777777777
468.8888888888889
515.6666666666666
461.44444444444446
487.05555555555554
533.5
458.8333333333333
525.6666666666666
515.1666666666666
454.5
458.5
473.94444444444446
498.8888888888889
442.1111111111111
545.8888888888889
439.0
513.8333333333334
479.3333333333333
500.72222222222223
553.7222222222222
424.72222222222223
525.1666666666666
424.6111111111111
553.1111111111111
413.44444444444446
513.0555555555555
510.94444444444446
434.0
567.4444444444445
428.94444444444446
515.9444444444445
511.0
469.3333333333333
478.72222222222223
445.8333333333333
527.0555555555555
443.3333333333333
533.9444444444445
519.3333333333334
469.5
519.2222222222222
507.27777777777777
466.27777777777777
504.8333333333333
481.55555555555554
511.72222222222223
471.1111111111111
495.3888888888889
545.1111111111111
494.8333333333333
502.44444444444446
573.9444444444445
485.05555555555554
496.6666666666667
517.5
450.22222222222223
533.0555555555555
478.77777777777777
461.0
497.72222222222223
477.3333333333333
473.0
514.5555555555555
465.8888888888889
506.05555555555554
519.5
468.3888888888889
569.9444444444445
469.3888888888889
534.3888888888889
496.05555555555554
552.6666666666666
478.6666666666667
568.0555555555555
525.7222222222222
490.72222222222223
559.4444444444445
545.0555555555555



The list of best values first execution 

82.0
220.0
180.0
172.0
179.0
259.0
173.0
218.0
165.0
196.0
180.0
212.0
151.0
249.0
149.0
212.0
219.0
235.0
243.0
234.0
195.0
281.0
204.0
259.0
172.0
219.0
219.0
210.0
274.0
220.0
227.0
164.0
195.0
259.0
195.0
195.0
195.0
157.0
195.0
188.0
156.0
289.0
188.0
234.0
234.0
172.0
212.0
211.0
165.0
281.0
195.0
234.0
234.0
212.0
251.0
243.0
180.0
250.0
157.0
258.0
273.0
226.0
226.0
297.0
149.0
219.0
211.0
220.0
164.0
242.0
228.0
126.0
251.0
187.0
150.0
181.0
196.0
156.0
251.0
252.0
243.0
236.0
188.0
157.0
196.0
195.0
182.0
179.0
258.0
165.0
141.0
179.0
142.0
290.0
165.0
166.0
196.0
196.0
195.0
150.0
196.0
95.0
242.0
104.0
179.0
187.0
149.0
188.0
204.0
148.0
140.0
211.0
133.0
197.0
180.0
243.0
165.0
196.0
157.0
156.0
173.0
149.0
111.0
131.0
148.0
195.0
87.0
110.0
112.0
94.0
141.0
134.0
157.0
71.0
117.0
164.0
165.0
133.0
119.0
162.0
140.0
110.0
150.0
172.0
133.0
179.0
103.0
127.0
173.0
118.0
96.0
132.0
133.0
93.0
141.0
95.0
72.0
133.0
101.0
140.0
96.0
126.0
97.0
110.0
125.0
110.0
101.0
111.0
118.0
102.0
87.0
79.0
102.0
95.0
102.0
110.0
87.0
101.0
140.0
88.0
118.0
109.0
110.0
65.0
111.0
104.0
97.0
125.0
96.0
118.0
95.0
95.0
103.0
94.0
108.0
102.0
73.0
94.0
110.0
118.0
132.0
102.0
110.0
79.0
94.0
132.0
111.0
110.0
103.0
110.0
109.0
132.0
57.0
124.0
94.0
111.0
110.0
126.0
126.0
116.0
79.0
118.0
118.0
102.0
126.0
103.0
109.0
86.0
119.0
132.0
118.0
118.0
102.0
103.0
164.0
94.0
156.0
118.0
172.0
157.0
165.0
166.0
133.0
194.0
126.0
165.0
149.0
150.0



The list of values average 

668.6227777777781
1302.2116666666666
873.0094444444442
847.4294444444446
887.0183333333334
756.3188888888884
809.3022222222221
749.3744444444447
748.0166666666664
733.5733333333333
721.6872222222221
713.6266666666666
705.7244444444447
701.3549999999998
691.8499999999999
689.6900000000003
684.3166666666667
670.9361111111112
683.5244444444446
662.5100000000001
677.0450000000002
655.9550000000004
677.0416666666664
664.981111111111
664.7183333333334
664.4188888888888
659.0511111111109
666.3761111111111
661.8750000000002
663.0800000000002
655.9294444444442
660.9977777777779
662.7033333333334
656.5788888888889
661.7144444444444
657.683888888889
657.485
656.8766666666668
658.0150000000002
663.0744444444445
651.806111111111
659.2105555555556
660.3644444444444
658.1622222222225
660.6111111111113
652.5333333333332
662.0450000000003
653.5344444444445
652.0605555555559
656.9783333333334
651.8799999999999
655.1977777777779
657.762777777778
646.8750000000001
656.487777777778
656.5855555555555
655.3233333333333
662.5033333333336
646.4205555555554
659.4772222222223
650.4622222222223
658.5616666666668
651.3877777777778
659.788888888889
644.9461111111109
654.6900000000005
649.6244444444445
651.0288888888891
652.7244444444447
641.072222222222
642.2144444444444
636.816111111111
642.0533333333334
630.8361111111111
626.5944444444442
634.6088888888887
624.4683333333336
620.032222222222
616.4794444444444
610.6211111111111
613.6305555555556
606.1766666666666
600.9633333333333
612.7449999999999
599.4727777777777
599.0866666666668
588.0383333333331
587.588888888889
585.5566666666666
583.0705555555555
583.245
574.2388888888889
575.4744444444448
576.4672222222223
572.8461111111108
577.2211111111112
571.5177777777777
567.7344444444443
561.723333333333
562.5799999999997
557.5877777777775
556.5144444444443
554.64
551.1622222222221
553.1172222222223
551.4527777777778
544.0372222222223
555.9655555555559
540.7216666666666
550.1772222222221
546.4061111111115
542.1111111111109
547.2022222222218
550.98
541.8127777777779
540.3927777777778
540.7455555555555
535.3861111111113
534.2472222222223
537.412777777778
526.6800000000002
527.4950000000001
531.896111111111
524.0672222222221
525.2738888888889
516.1249999999998
529.0627777777777
525.818888888889
511.42222222222193
525.1350000000001
516.3088888888888
516.9783333333334
517.825
519.433888888889
519.2677777777777
523.8983333333334
513.1611111111109
524.2911111111111
515.6872222222223
517.3266666666666
519.6811111111112
518.3283333333333
519.6638888888887
518.2488888888889
518.8111111111112
513.6888888888889
514.1727777777776
514.3805555555555
512.9233333333333
506.9133333333333
504.50000000000006
511.81611111111096
505.9305555555553
499.0433333333334
506.24944444444435
498.7444444444442
507.0983333333336
500.20444444444445
500.4033333333332
503.8555555555557
494.1199999999998
500.34000000000003
495.51111111111106
495.03000000000003
501.56055555555577
491.72944444444454
498.9750000000001
496.5222222222223
494.0966666666668
495.453888888889
497.42333333333323
494.1000000000003
490.3455555555557
502.32999999999987
488.4938888888888
503.5822222222221
483.402777777778
500.6977777777778
495.7527777777778
492.09388888888896
495.501111111111
492.298888888889
491.3322222222223
494.3322222222221
492.81666666666644
498.5605555555555
488.7105555555554
497.4422222222222
494.74666666666684
495.648888888889
487.2866666666668
494.8833333333331
489.13333333333344
491.66833333333335
493.66166666666663
487.3694444444444
496.31111111111113
488.20555555555535
491.61444444444436
496.61944444444435
485.45611111111117
494.10333333333335
488.54555555555567
498.2972222222222
489.06611111111107
494.3688888888888
495.7377777777778
488.7211111111111
492.7016666666666
492.34722222222223
492.92277777777775
495.08888888888885
489.457777777778
494.0172222222222
495.77722222222235
490.25555555555565
494.80222222222227
486.22944444444414
494.6577777777777
494.4061111111112
487.01888888888885
500.57722222222236
490.8466666666667
494.06833333333327
498.1338888888889
489.7905555555555
493.31888888888886
494.3900000000001
490.56944444444446
496.5738888888891
492.29611111111103
491.1372222222221
498.13555555555536
501.31444444444435
489.16777777777787
509.61555555555566
496.5794444444444
512.122777777778
513.708888888889
515.0444444444445
519.6533333333334
511.2605555555555
518.7283333333334
512.653888888889
513.8072222222222
520.6494444444443
524.2072222222223
545.7144444444444



The list of best values average 

64.36000000000004289.3999999999999134.92000000000004143.40999999999994251.98999999999995140.31000000000006221.35219.65000000000006168.86999999999998237.49999999999994198.0200000000001196.52000000000004218.4799999999999202.30999999999992206.58000000000004213.94000000000005199.42214.54000000000008212.17206.63000000000008215.32999999999993207.92999999999992209.61000000000004206.32000000000005203.22208.13217.06000000000003206.9799999999999208.86000000000004213.95210.36000000000007206.67203.13000000000002210.39000000000001205.01000000000005203.15000000000006204.34000000000012205.25000000000003205.99000000000004208.29000000000005204.89999999999998211.18000000000006214.42000000000004202.48000000000002212.6100000000001204.84207.10000000000014214.64000000000004207.68000000000004207.39999999999998206.73000000000005215.88000000000005201.75202.71999999999997203.81000000000006208.76000000000005201.19000000000017217.12200.51999999999998207.36208.28999999999996206.77203.96000000000004215.63000000000002199.92205.97000000000006213.9499999999999205.61999999999995205.13216.35000000000005202.04999999999995210.47209.8207.43214.92207.16000000000005209.90999999999994202.47999999999993209.4214.32000000000005202.99999999999991208.79201.39199.21999999999994208.97000000000006197.81999999999994197.48999999999995195.22000000000003193.29000000000005187.8900000000001191.02999999999997187.70000000000002192.62193.50999999999993189.41189.45999999999992192.94000000000003186.63000000000002178.76999999999998177.64999999999992179.29999999999993169.01999999999992175.28999999999996170.86000000000007171.87999999999997171.08000000000004169.82999999999998172.30000000000004169.22169.32999999999998168.92000000000002174.73000000000008172.21999999999994183.98000000000002164.88999999999996163.9299999999999156.82158.09999999999994156.43999999999997152.7199999999999148.77999999999994149.17999999999986145.75147.06000000000006144.83999999999995138.89144.13999999999993135.60000000000002137.19000000000003142.9139.4140.63999999999996142.52999999999994136.75141.95000000000005143.64999999999998144.91141.69999999999996145.13999999999996138.85000000000002143.03000000000003141.79144.64999999999998142.48999999999995147.80999999999997136.26000000000002131.75000000000006128.99000000000004128.60000000000002120.99000000000001124.5121.31122.54000000000002112.84000000000005117.66000000000005119.88999999999996114.41115.67000000000003115.31114.11000000000001112.1111.98108.45000000000005110.05000000000001108.37106.06000000000002109.93000000000005107.92000000000002108.47000000000004106.39999999999999105.17999999999999106.17108.10999999999999107.64999999999999108.28999999999999106.47105.46999999999998106.08000000000001107.44999999999999103.94000000000007107.14000000000006106.71000000000006105.24000000000004105.42999999999998104.92000000000002108.78000000000004104.81999999999996107.30000000000003108.63108.00000000000003104.02999999999999103.92104.79108.91000000000001106.9106.11000000000001106.43000000000005111.34000000000007107.33000000000003106.42000000000004107.71000000000001109.35999999999999107.64000000000004107.92999999999996105.30999999999997108.50999999999998107.56000000000003106.05999999999999106.71999999999998109.47000000000004110.92109.86000000000008104.54000000000003107.51111.14000000000003106.57000000000005107.08000000000004110.60000000000004108.79000000000003106.47000000000003106.03000000000003108.46000000000001107.28000000000003107.85000000000004107.96999999999998103.61000000000003107.19000000000003105.94999999999999105.97000000000006107.34000000000003110.05107.33000000000003110.60000000000002111.17000000000002112.15000000000002113.37119.48000000000003120.55000000000001133.92145.95999999999992145.78999999999994147.94000000000003149.68000000000004144.21144.31000000000003144.39999999999998143.95000000000002168.95999999999998