----------Report of simulation of Quantum Population Annealing-----------
The number of considered Spin 59
The considered Annealing Duration 236
The considered Annealing Number 100
The considered T 1.0
The considered Gamma0 1.0
The considered Number Of Replica 3
The considered Number Of System 6
The solution found [-1.  1. -1.  1. -1. -1. -1. -1. -1.  1. -1. -1. -1. -1. -1. -1. -1. -1.
 -1. -1.  1. -1.  1. -1. -1. -1. -1. -1. -1. -1. -1. -1. -1. -1. -1. -1.
 -1. -1.  1. -1. -1. -1. -1. -1. -1. -1. -1. -1. -1. -1. -1. -1. -1.  1.
 -1. -1. -1.  1. -1.]
The value found 51.0
The Success probability is 0.01
The average value is 58.13
The total execution time is 421.66384506225586
The average time for execution is 4.2166365098953245
The average time for all systems update is 0.017835415177426095
The average time for system update is 0.0029612376511433704
The average time for replica update is 0.0009867643580373847
The average time for spin update is 1.6507511098353885e-05
The list of values found 

60.0
54.0
62.0
60.0
61.0
61.0
54.0
54.0
69.0
55.0
61.0
53.0
62.0
67.0
55.0
62.0
54.0
52.0
52.0
68.0
52.0
61.0
60.0
54.0
54.0
53.0
62.0
62.0
61.0
61.0
53.0
54.0
61.0
61.0
52.0
62.0
53.0
55.0
54.0
60.0
62.0
61.0
67.0
61.0
63.0
54.0
54.0
55.0
53.0
56.0
60.0
60.0
68.0
53.0
60.0
60.0
61.0
53.0
60.0
52.0
53.0
61.0
61.0
62.0
61.0
68.0
59.0
60.0
61.0
60.0
61.0
56.0
54.0
53.0
53.0
56.0
54.0
60.0
61.0
69.0
51.0
53.0
54.0
53.0
55.0
56.0
61.0
60.0
63.0
60.0
55.0
59.0
60.0
54.0
60.0
53.0
54.0
61.0
55.0
59.0



The list of values first execution 

837.0555555555555
1291.7777777777778
885.0555555555555
694.0555555555555
868.3333333333334
613.7222222222222
717.6111111111111
515.0555555555555
695.1111111111111
500.77777777777777
514.0555555555555
595.6111111111111
470.3333333333333
458.1111111111111
469.1666666666667
505.22222222222223
348.1111111111111
488.8888888888889
427.27777777777777
484.94444444444446
351.1666666666667
481.8888888888889
440.5
509.8888888888889
376.3333333333333
469.0
433.1666666666667
475.5
383.8888888888889
402.0
440.22222222222223
470.6666666666667
352.0
423.0
448.1111111111111
473.77777777777777
355.55555555555554
427.77777777777777
446.77777777777777
466.3888888888889
357.27777777777777
427.77777777777777
446.8333333333333
468.1111111111111
352.0
423.0
446.3333333333333
467.6666666666667
352.0
424.72222222222223
444.55555555555554
453.6666666666667
341.3333333333333
433.3333333333333
435.6666666666667
446.6666666666667
341.3333333333333
433.3333333333333
435.6666666666667
446.6666666666667
338.27777777777777
434.22222222222223
441.44444444444446
403.8333333333333
370.3333333333333
450.8888888888889
422.55555555555554
389.8333333333333
388.72222222222223
397.77777777777777
496.55555555555554
371.27777777777777
401.6666666666667
350.6111111111111
397.6111111111111
331.05555555555554
356.1111111111111
372.3888888888889
319.6111111111111
362.94444444444446
314.3333333333333
379.3333333333333
318.8888888888889
318.55555555555554
321.94444444444446
292.6111111111111
331.6111111111111
285.8888888888889
309.94444444444446
298.22222222222223
283.1666666666667
299.94444444444446
309.8888888888889
249.33333333333334
276.94444444444446
287.55555555555554
273.8333333333333
246.22222222222223
264.22222222222223
255.22222222222223
251.83333333333334
245.05555555555554
255.88888888888889
263.1666666666667
226.33333333333334
239.83333333333334
238.44444444444446
237.05555555555554
256.6666666666667
195.16666666666666
267.55555555555554
181.77777777777777
225.72222222222223
209.16666666666666
191.0
214.94444444444446
225.05555555555554
192.83333333333334
204.77777777777777
186.83333333333334
185.94444444444446
168.77777777777777
205.22222222222223
181.72222222222223
185.61111111111111
185.55555555555554
204.27777777777777
184.44444444444446
181.83333333333334
188.77777777777777
184.0
190.77777777777777
195.05555555555554
171.72222222222223
160.0
197.88888888888889
179.83333333333334
188.22222222222223
179.0
177.27777777777777
177.16666666666666
173.44444444444446
157.38888888888889
184.5
160.88888888888889
168.83333333333334
162.88888888888889
147.94444444444446
144.16666666666666
174.94444444444446
152.5
146.22222222222223
131.38888888888889
152.22222222222223
140.83333333333334
159.11111111111111
140.16666666666666
143.5
143.38888888888889
125.94444444444444
152.16666666666666
150.77777777777777
128.83333333333334
147.94444444444446
122.94444444444444
144.72222222222223
129.22222222222223
137.05555555555554
143.33333333333334
138.94444444444446
155.33333333333334
135.66666666666666
135.55555555555554
128.0
126.05555555555556
139.38888888888889
140.05555555555554
134.16666666666666
149.16666666666666
139.77777777777777
110.27777777777777
134.66666666666666
147.72222222222223
135.16666666666666
146.66666666666666
140.5
133.88888888888889
139.55555555555554
145.0
137.77777777777777
142.11111111111111
125.11111111111111
150.55555555555554
141.11111111111111
146.16666666666666
119.61111111111111
134.55555555555554
128.22222222222223
144.22222222222223
144.83333333333334
133.27777777777777
137.55555555555554
137.33333333333334
155.83333333333334
119.11111111111111
126.05555555555556
145.05555555555554
127.27777777777777
132.05555555555554
160.33333333333334
140.61111111111111
126.66666666666667
132.38888888888889
120.38888888888889
129.0
139.27777777777777
135.16666666666666
134.0
147.16666666666666
156.5
127.66666666666667
143.94444444444446
163.77777777777777
117.72222222222223
148.22222222222223
170.66666666666666
150.66666666666666
196.61111111111111
172.0
174.72222222222223
191.38888888888889
189.11111111111111
184.72222222222223
180.5
188.33333333333334
257.6111111111111



The list of best values first execution 

428.0
539.0
483.0
404.0
467.0
264.0
467.0
256.0
389.0
311.0
240.0
398.0
201.0
201.0
271.0
302.0
154.0
225.0
225.0
247.0
209.0
178.0
178.0
232.0
178.0
178.0
186.0
389.0
286.0
286.0
286.0
350.0
286.0
286.0
263.0
350.0
263.0
286.0
286.0
350.0
286.0
286.0
286.0
350.0
286.0
286.0
286.0
350.0
286.0
286.0
286.0
350.0
317.0
317.0
317.0
350.0
317.0
317.0
317.0
350.0
302.0
317.0
302.0
302.0
302.0
334.0
255.0
263.0
209.0
147.0
397.0
123.0
84.0
138.0
319.0
224.0
217.0
271.0
216.0
208.0
163.0
177.0
208.0
216.0
233.0
170.0
208.0
200.0
202.0
178.0
161.0
247.0
216.0
100.0
162.0
162.0
139.0
154.0
200.0
123.0
131.0
155.0
178.0
154.0
101.0
92.0
161.0
115.0
178.0
139.0
176.0
99.0
139.0
123.0
115.0
138.0
123.0
139.0
146.0
109.0
139.0
121.0
153.0
75.0
123.0
131.0
131.0
146.0
122.0
122.0
91.0
138.0
84.0
121.0
123.0
130.0
115.0
145.0
137.0
114.0
92.0
100.0
114.0
130.0
108.0
115.0
122.0
83.0
70.0
105.0
101.0
67.0
83.0
84.0
93.0
92.0
106.0
83.0
91.0
77.0
77.0
76.0
92.0
100.0
68.0
92.0
91.0
92.0
99.0
99.0
98.0
91.0
92.0
90.0
83.0
115.0
91.0
99.0
98.0
93.0
69.0
99.0
115.0
92.0
98.0
83.0
86.0
68.0
123.0
68.0
100.0
92.0
130.0
84.0
106.0
60.0
99.0
68.0
69.0
61.0
94.0
84.0
99.0
106.0
99.0
83.0
92.0
84.0
92.0
100.0
100.0
77.0
100.0
100.0
75.0
98.0
90.0
77.0
100.0
91.0
86.0
108.0
114.0
77.0
91.0
114.0
100.0
122.0
138.0
109.0
107.0
146.0
92.0
106.0
138.0
177.0



The list of values average 

755.1355555555556
1388.0144444444445
856.3600000000001
810.3749999999999
813.4527777777778
656.0805555555556
672.3372222222225
602.3838888888888
598.5327777777777
566.2322222222224
544.7666666666667
520.5955555555555
519.6155555555555
502.68500000000006
494.63944444444456
474.862777777778
482.44111111111107
470.43444444444447
457.99166666666656
452.18611111111113
457.83500000000004
457.5266666666666
445.49722222222215
438.8255555555557
443.1111111111112
445.30833333333334
437.10111111111115
431.696111111111
435.2694444444446
435.0683333333332
435.855
426.9694444444445
431.01722222222213
435.98944444444453
433.2255555555556
426.1483333333334
426.6044444444446
435.2366666666668
433.29388888888894
424.6883333333333
426.79166666666674
432.8888888888892
433.4155555555554
424.22722222222205
425.99222222222227
433.0127777777778
432.1416666666665
424.7483333333333
425.3505555555554
433.63722222222225
432.6366666666663
424.39722222222207
423.6272222222222
434.47666666666663
429.1566666666665
423.7894444444444
423.1466666666667
433.5144444444444
428.91444444444454
427.7094444444446
421.04833333333323
428.86055555555555
420.8749999999999
427.9722222222224
416.6633333333332
422.87055555555565
415.01222222222214
408.04388888888894
395.34999999999997
406.29333333333346
401.7322222222222
402.4255555555556
387.7488888888888
375.28555555555556
371.98055555555544
363.8044444444444
353.7077777777777
352.96944444444455
351.19
348.9755555555555
343.4883333333332
332.39222222222236
329.2522222222223
310.83888888888896
312.02777777777794
303.3838888888889
299.28333333333325
297.8966666666667
291.87555555555565
293.34166666666664
289.07888888888897
287.99500000000006
283.0183333333334
277.7827777777778
270.8433333333333
259.29722222222216
260.2666666666667
252.66666666666669
249.04777777777775
249.2366666666666
240.975
244.19388888888886
242.48722222222227
238.58166666666668
235.7816666666667
240.42055555555558
233.63944444444445
236.97388888888895
241.19333333333327
230.2433333333333
223.31777777777782
221.95611111111106
215.4733333333334
210.02499999999995
208.39
205.7622222222222
200.275
200.31111111111116
194.87444444444444
194.84500000000003
193.75555555555553
189.15111111111105
192.0672222222222
190.40944444444446
186.12833333333327
189.4761111111111
190.4972222222222
185.03444444444446
184.576111111111
186.50888888888886
185.10777777777778
184.74277777777775
184.78611111111113
183.85444444444448
184.691111111111
181.46388888888885
181.80888888888893
181.35666666666665
180.86722222222224
177.26444444444445
175.12722222222217
172.12555555555562
168.84555555555556
168.13222222222223
162.60333333333332
162.01777777777778
160.4438888888889
155.5466666666667
157.46555555555554
155.57333333333332
152.2938888888889
151.77111111111105
150.43388888888893
147.7633333333333
147.6111111111111
147.0594444444445
147.16833333333332
144.04944444444442
144.9983333333333
143.02055555555557
141.8166666666666
141.10666666666668
142.413888888889
141.40666666666672
141.51833333333335
139.6261111111111
140.08222222222219
139.62444444444444
140.06333333333333
139.01388888888886
139.61055555555552
139.63277777777776
138.9666666666667
137.23666666666668
136.08999999999997
137.68
137.58444444444447
137.35944444444448
136.73222222222213
137.00055555555554
138.1027777777778
137.08000000000004
136.6277777777778
135.9461111111111
134.99111111111114
139.30722222222224
135.16777777777776
137.30722222222224
137.85222222222217
135.01611111111112
138.75555555555556
135.31722222222217
136.41
136.94999999999996
135.20777777777778
135.5194444444445
135.42111111111106
134.85888888888888
136.80444444444447
137.745
135.26166666666666
133.6672222222222
136.37944444444446
137.98555555555552
136.9005555555555
135.6388888888889
136.33000000000004
135.49222222222215
139.60166666666672
136.34166666666664
137.61666666666673
134.91222222222223
137.84611111111107
137.62166666666664
137.85666666666665
136.99777777777783
140.26888888888888
137.0961111111111
139.83055555555552
144.46388888888885
142.9772222222222
143.44277777777782
147.00888888888895
150.34500000000003
155.66833333333338
161.82666666666668
170.04722222222222
184.88555555555556
182.4805555555556
180.04999999999998
186.28777777777782
180.92611111111117
186.44000000000008
184.57611111111106
191.50222222222226
231.6916666666667



The list of best values average 

339.8999999999999
601.6600000000001
315.8400000000001
375.88999999999993
402.5400000000002
341.2300000000002
359.19
323.4199999999999
312.7499999999999
303.7799999999999
293.85999999999984
278.36999999999995
276.3399999999999
269.19
276.9099999999999
259.7600000000001
267.7100000000001
270.8299999999998
259.04999999999995
256.12999999999994
261.72999999999996
265.3999999999999
262.4500000000001
255.15000000000006
260.50000000000006
269.22000000000014
266.3000000000002
260.6
270.76000000000005
277.96
275.04
271.12000000000006
279.84
291.27
283.0599999999999
274.5300000000001
290.31000000000006
297.24
290.98
279.78
292.5199999999999
302.44999999999993
293.68
285.41
294.20000000000005
308.21000000000004
294.65
286.91000000000014
296.23
304.9100000000001
295.37000000000006
285.10000000000014
289.8400000000001
299.8700000000001
293.6400000000001
278.67000000000013
271.53999999999996
281.3500000000001
279.7800000000001
272.74
261.07
271.8800000000001
265.7000000000001
271.4600000000001
274.3900000000001
266.01000000000005
259.45
250.4499999999999
243.21999999999997
243.67999999999998
251.86999999999995
261.15
246.07999999999996
231.67
234.06000000000003
218.91
212.02999999999992
215.05
223.08999999999997
225.75999999999993
218.35999999999996
202.32999999999987
206.95999999999992
189.89000000000001
187.44000000000003
186.73
180.40999999999988
180.83999999999995
180.04999999999995
183.13000000000005
178.58000000000004
180.48
174.67999999999995
171.38
168.61
158.90000000000006
153.31
156.12000000000003
155.51
158.24999999999991
146.72
155.43000000000006
156.95999999999995
150.09999999999997
149.25
153.97000000000008
147.56000000000003
156.33
157.70000000000002
150.14000000000004
137.91
136.36
133.83999999999997
126.65999999999995
128.82000000000002
127.12000000000002
124.61999999999998
123.71
120.76
118.82999999999997
119.36000000000003
119.75000000000001
119.18999999999997
122.85999999999999
115.95000000000006
120.70999999999998
123.36999999999995
117.49999999999994
121.57999999999998
120.33999999999997
122.34999999999998
119.93999999999997
121.15000000000002
121.62999999999995
123.64999999999999
117.10999999999999
122.79999999999997
123.20999999999997
121.12999999999997
113.93999999999998
111.73000000000002
108.94
103.56999999999996
105.97
100.33999999999999
102.03999999999994
100.08999999999997
96.78000000000002
99.65999999999998
96.62000000000002
98.61999999999999
96.2
96.16000000000001
94.01999999999998
94.01999999999998
92.75000000000006
93.40999999999997
90.84999999999998
94.58
92.96
91.85999999999997
89.70999999999997
90.67999999999999
93.76
91.81000000000002
91.91999999999999
90.12999999999998
91.47
90.58000000000004
88.54
88.84000000000003
92.44999999999995
93.59000000000002
90.20999999999998
91.03999999999999
90.94000000000004
91.88000000000002
91.72000000000001
92.58
91.01999999999998
91.98000000000003
91.40000000000002
93.15999999999998
92.39000000000003
91.05000000000001
93.35000000000004
90.97999999999999
90.0
94.65
89.57000000000001
95.57999999999997
91.63
93.32999999999998
92.26000000000003
92.02000000000001
92.92999999999999
91.77000000000001
93.56999999999995
92.97000000000003
94.25
94.75
92.62000000000002
91.84999999999998
94.53999999999994
93.46999999999996
94.29999999999998
92.38
91.62
94.46999999999998
92.54
94.26999999999997
91.49
91.91000000000001
90.64999999999999
92.59
91.30000000000001
90.08000000000001
90.12
92.04000000000003
92.30999999999996
91.46
93.53
95.39999999999999
96.94999999999999
98.36999999999998
99.40999999999995
107.74999999999994
119.60000000000005
126.61
124.07999999999997
134.51000000000005
129.42
131.02
123.24
124.08000000000001
148.67000000000007
