-16.4 4.8 9.6 2.4 9.6 2.4 2.4 4.8 7.199999999999999 9.6 7.199999999999999 9.6 2.4 2.4 9.6 7.199999999999999 2.4 2.4 7.199999999999999 4.8 2.4 4.8 9.6 
4.8 -16.4 9.6 2.4 9.6 2.4 2.4 4.8 7.199999999999999 9.6 7.199999999999999 9.6 2.4 2.4 9.6 7.199999999999999 2.4 2.4 7.199999999999999 4.8 2.4 4.8 9.6 
9.6 9.6 -21.2 4.8 19.2 4.8 4.8 9.6 14.399999999999999 19.2 14.399999999999999 19.2 4.8 4.8 19.2 14.399999999999999 4.8 4.8 14.399999999999999 9.6 4.8 9.6 19.2 
2.4 2.4 4.8 -12.399999999999999 4.8 1.2 1.2 2.4 3.5999999999999996 4.8 3.5999999999999996 4.8 1.2 1.2 4.8 3.5999999999999996 1.2 1.2 3.5999999999999996 2.4 1.2 2.4 4.8 
9.6 9.6 19.2 4.8 -22.2 4.8 4.8 9.6 14.399999999999999 19.2 14.399999999999999 19.2 4.8 4.8 19.2 14.399999999999999 4.8 4.8 14.399999999999999 9.6 4.8 9.6 19.2 
2.4 2.4 4.8 1.2 4.8 -10.399999999999999 1.2 2.4 3.5999999999999996 4.8 3.5999999999999996 4.8 1.2 1.2 4.8 3.5999999999999996 1.2 1.2 3.5999999999999996 2.4 1.2 2.4 4.8 
2.4 2.4 4.8 1.2 4.8 1.2 -9.399999999999999 2.4 3.5999999999999996 4.8 3.5999999999999996 4.8 1.2 1.2 4.8 3.5999999999999996 1.2 1.2 3.5999999999999996 2.4 1.2 2.4 4.8 
4.8 4.8 9.6 2.4 9.6 2.4 2.4 -17.4 7.199999999999999 9.6 7.199999999999999 9.6 2.4 2.4 9.6 7.199999999999999 2.4 2.4 7.199999999999999 4.8 2.4 4.8 9.6 
7.199999999999999 7.199999999999999 14.399999999999999 3.5999999999999996 14.399999999999999 3.5999999999999996 3.5999999999999996 7.199999999999999 -21.0 14.399999999999999 10.799999999999999 14.399999999999999 3.5999999999999996 3.5999999999999996 14.399999999999999 10.799999999999999 3.5999999999999996 3.5999999999999996 10.799999999999999 7.199999999999999 3.5999999999999996 7.199999999999999 14.399999999999999 
9.6 9.6 19.2 4.8 19.2 4.8 4.8 9.6 14.399999999999999 -23.2 14.399999999999999 19.2 4.8 4.8 19.2 14.399999999999999 4.8 4.8 14.399999999999999 9.6 4.8 9.6 19.2 
7.199999999999999 7.199999999999999 14.399999999999999 3.5999999999999996 14.399999999999999 3.5999999999999996 3.5999999999999996 7.199999999999999 10.799999999999999 14.399999999999999 -20.0 14.399999999999999 3.5999999999999996 3.5999999999999996 14.399999999999999 10.799999999999999 3.5999999999999996 3.5999999999999996 10.799999999999999 7.199999999999999 3.5999999999999996 7.199999999999999 14.399999999999999 
9.6 9.6 19.2 4.8 19.2 4.8 4.8 9.6 14.399999999999999 19.2 14.399999999999999 -21.2 4.8 4.8 19.2 14.399999999999999 4.8 4.8 14.399999999999999 9.6 4.8 9.6 19.2 
2.4 2.4 4.8 1.2 4.8 1.2 1.2 2.4 3.5999999999999996 4.8 3.5999999999999996 4.8 -10.399999999999999 1.2 4.8 3.5999999999999996 1.2 1.2 3.5999999999999996 2.4 1.2 2.4 4.8 
2.4 2.4 4.8 1.2 4.8 1.2 1.2 2.4 3.5999999999999996 4.8 3.5999999999999996 4.8 1.2 -9.399999999999999 4.8 3.5999999999999996 1.2 1.2 3.5999999999999996 2.4 1.2 2.4 4.8 
9.6 9.6 19.2 4.8 19.2 4.8 4.8 9.6 14.399999999999999 19.2 14.399999999999999 19.2 4.8 4.8 -22.2 14.399999999999999 4.8 4.8 14.399999999999999 9.6 4.8 9.6 19.2 
7.199999999999999 7.199999999999999 14.399999999999999 3.5999999999999996 14.399999999999999 3.5999999999999996 3.5999999999999996 7.199999999999999 10.799999999999999 14.399999999999999 10.799999999999999 14.399999999999999 3.5999999999999996 3.5999999999999996 14.399999999999999 -21.0 3.5999999999999996 3.5999999999999996 10.799999999999999 7.199999999999999 3.5999999999999996 7.199999999999999 14.399999999999999 
2.4 2.4 4.8 1.2 4.8 1.2 1.2 2.4 3.5999999999999996 4.8 3.5999999999999996 4.8 1.2 1.2 4.8 3.5999999999999996 -12.399999999999999 1.2 3.5999999999999996 2.4 1.2 2.4 4.8 
2.4 2.4 4.8 1.2 4.8 1.2 1.2 2.4 3.5999999999999996 4.8 3.5999999999999996 4.8 1.2 1.2 4.8 3.5999999999999996 1.2 -11.399999999999999 3.5999999999999996 2.4 1.2 2.4 4.8 
7.199999999999999 7.199999999999999 14.399999999999999 3.5999999999999996 14.399999999999999 3.5999999999999996 3.5999999999999996 7.199999999999999 10.799999999999999 14.399999999999999 10.799999999999999 14.399999999999999 3.5999999999999996 3.5999999999999996 14.399999999999999 10.799999999999999 3.5999999999999996 3.5999999999999996 -19.0 7.199999999999999 3.5999999999999996 7.199999999999999 14.399999999999999 
4.8 4.8 9.6 2.4 9.6 2.4 2.4 4.8 7.199999999999999 9.6 7.199999999999999 9.6 2.4 2.4 9.6 7.199999999999999 2.4 2.4 7.199999999999999 -18.4 2.4 4.8 9.6 
2.4 2.4 4.8 1.2 4.8 1.2 1.2 2.4 3.5999999999999996 4.8 3.5999999999999996 4.8 1.2 1.2 4.8 3.5999999999999996 1.2 1.2 3.5999999999999996 2.4 -8.4 2.4 4.8 
4.8 4.8 9.6 2.4 9.6 2.4 2.4 4.8 7.199999999999999 9.6 7.199999999999999 9.6 2.4 2.4 9.6 7.199999999999999 2.4 2.4 7.199999999999999 4.8 2.4 -14.399999999999999 9.6 
9.6 9.6 19.2 4.8 19.2 4.8 4.8 9.6 14.399999999999999 19.2 14.399999999999999 19.2 4.8 4.8 19.2 14.399999999999999 4.8 4.8 14.399999999999999 9.6 4.8 9.6 -19.2 

