-51.0 14.399999999999999 14.399999999999999 4.8 14.399999999999999 9.6 4.8 14.399999999999999 9.6 19.2 4.8 9.6 9.6 19.2 19.2 19.2 9.6 4.8 4.8 9.6 19.2 
14.399999999999999 -43.6 10.799999999999999 3.5999999999999996 10.799999999999999 7.199999999999999 3.5999999999999996 10.799999999999999 7.199999999999999 14.399999999999999 3.5999999999999996 7.199999999999999 7.199999999999999 14.399999999999999 14.399999999999999 14.399999999999999 7.199999999999999 3.5999999999999996 3.5999999999999996 7.199999999999999 14.399999999999999 
14.399999999999999 10.799999999999999 -41.6 3.5999999999999996 10.799999999999999 7.199999999999999 3.5999999999999996 10.799999999999999 7.199999999999999 14.399999999999999 3.5999999999999996 7.199999999999999 7.199999999999999 14.399999999999999 14.399999999999999 14.399999999999999 7.199999999999999 3.5999999999999996 3.5999999999999996 7.199999999999999 14.399999999999999 
4.8 3.5999999999999996 3.5999999999999996 -18.6 3.5999999999999996 2.4 1.2 3.5999999999999996 2.4 4.8 1.2 2.4 2.4 4.8 4.8 4.8 2.4 1.2 1.2 2.4 4.8 
14.399999999999999 10.799999999999999 10.799999999999999 3.5999999999999996 -40.6 7.199999999999999 3.5999999999999996 10.799999999999999 7.199999999999999 14.399999999999999 3.5999999999999996 7.199999999999999 7.199999999999999 14.399999999999999 14.399999999999999 14.399999999999999 7.199999999999999 3.5999999999999996 3.5999999999999996 7.199999999999999 14.399999999999999 
9.6 7.199999999999999 7.199999999999999 2.4 7.199999999999999 -32.8 2.4 7.199999999999999 4.8 9.6 2.4 4.8 4.8 9.6 9.6 9.6 4.8 2.4 2.4 4.8 9.6 
4.8 3.5999999999999996 3.5999999999999996 1.2 3.5999999999999996 2.4 -17.6 3.5999999999999996 2.4 4.8 1.2 2.4 2.4 4.8 4.8 4.8 2.4 1.2 1.2 2.4 4.8 
14.399999999999999 10.799999999999999 10.799999999999999 3.5999999999999996 10.799999999999999 7.199999999999999 3.5999999999999996 -41.6 7.199999999999999 14.399999999999999 3.5999999999999996 7.199999999999999 7.199999999999999 14.399999999999999 14.399999999999999 14.399999999999999 7.199999999999999 3.5999999999999996 3.5999999999999996 7.199999999999999 14.399999999999999 
9.6 7.199999999999999 7.199999999999999 2.4 7.199999999999999 4.8 2.4 7.199999999999999 -31.8 9.6 2.4 4.8 4.8 9.6 9.6 9.6 4.8 2.4 2.4 4.8 9.6 
19.2 14.399999999999999 14.399999999999999 4.8 14.399999999999999 9.6 4.8 14.399999999999999 9.6 -50.0 4.8 9.6 9.6 19.2 19.2 19.2 9.6 4.8 4.8 9.6 19.2 
4.8 3.5999999999999996 3.5999999999999996 1.2 3.5999999999999996 2.4 1.2 3.5999999999999996 2.4 4.8 -16.6 2.4 2.4 4.8 4.8 4.8 2.4 1.2 1.2 2.4 4.8 
9.6 7.199999999999999 7.199999999999999 2.4 7.199999999999999 4.8 2.4 7.199999999999999 4.8 9.6 2.4 -32.8 4.8 9.6 9.6 9.6 4.8 2.4 2.4 4.8 9.6 
9.6 7.199999999999999 7.199999999999999 2.4 7.199999999999999 4.8 2.4 7.199999999999999 4.8 9.6 2.4 4.8 -31.8 9.6 9.6 9.6 4.8 2.4 2.4 4.8 9.6 
19.2 14.399999999999999 14.399999999999999 4.8 14.399999999999999 9.6 4.8 14.399999999999999 9.6 19.2 4.8 9.6 9.6 -51.0 19.2 19.2 9.6 4.8 4.8 9.6 19.2 
19.2 14.399999999999999 14.399999999999999 4.8 14.399999999999999 9.6 4.8 14.399999999999999 9.6 19.2 4.8 9.6 9.6 19.2 -50.0 19.2 9.6 4.8 4.8 9.6 19.2 
19.2 14.399999999999999 14.399999999999999 4.8 14.399999999999999 9.6 4.8 14.399999999999999 9.6 19.2 4.8 9.6 9.6 19.2 19.2 -51.0 9.6 4.8 4.8 9.6 19.2 
9.6 7.199999999999999 7.199999999999999 2.4 7.199999999999999 4.8 2.4 7.199999999999999 4.8 9.6 2.4 4.8 4.8 9.6 9.6 9.6 -31.8 2.4 2.4 4.8 9.6 
4.8 3.5999999999999996 3.5999999999999996 1.2 3.5999999999999996 2.4 1.2 3.5999999999999996 2.4 4.8 1.2 2.4 2.4 4.8 4.8 4.8 2.4 -19.6 1.2 2.4 4.8 
4.8 3.5999999999999996 3.5999999999999996 1.2 3.5999999999999996 2.4 1.2 3.5999999999999996 2.4 4.8 1.2 2.4 2.4 4.8 4.8 4.8 2.4 1.2 -15.600000000000001 2.4 4.8 
9.6 7.199999999999999 7.199999999999999 2.4 7.199999999999999 4.8 2.4 7.199999999999999 4.8 9.6 2.4 4.8 4.8 9.6 9.6 9.6 4.8 2.4 2.4 -28.8 9.6 
19.2 14.399999999999999 14.399999999999999 4.8 14.399999999999999 9.6 4.8 14.399999999999999 9.6 19.2 4.8 9.6 9.6 19.2 19.2 19.2 9.6 4.8 4.8 9.6 -48.0 

