-51.125 70.58530625693568 50.0 0.0 50.0 0.0 50.0 0.0 51.15835744199566 0.0 0.0 0.0 43.00958471163672 0.0 0.0 0.0 44.036314234409005 0.0 0.0 0.0 
70.58530625693568 -51.125 0.0 50.0 0.0 50.0 0.0 50.0 54.36028352844256 0.0 0.0 0.0 53.02449186744908 0.0 0.0 0.0 44.19450483087591 0.0 0.0 0.0 
50.0 0.0 -51.125 70.58530625693568 50.0 0.0 50.0 0.0 0.0 51.15835744199566 0.0 0.0 0.0 43.00958471163672 0.0 0.0 0.0 44.036314234409005 0.0 0.0 
0.0 50.0 70.58530625693568 -51.125 0.0 50.0 0.0 50.0 0.0 54.36028352844256 0.0 0.0 0.0 53.02449186744908 0.0 0.0 0.0 44.19450483087591 0.0 0.0 
50.0 0.0 50.0 0.0 -51.125 70.58530625693568 50.0 0.0 0.0 0.0 51.15835744199566 0.0 0.0 0.0 43.00958471163672 0.0 0.0 0.0 44.036314234409005 0.0 
0.0 50.0 0.0 50.0 70.58530625693568 -51.125 0.0 50.0 0.0 0.0 54.36028352844256 0.0 0.0 0.0 53.02449186744908 0.0 0.0 0.0 44.19450483087591 0.0 
50.0 0.0 50.0 0.0 50.0 0.0 -51.125 70.58530625693568 0.0 0.0 0.0 51.15835744199566 0.0 0.0 0.0 43.00958471163672 0.0 0.0 0.0 44.036314234409005 
0.0 50.0 0.0 50.0 0.0 50.0 70.58530625693568 -51.125 0.0 0.0 0.0 54.36028352844256 0.0 0.0 0.0 53.02449186744908 0.0 0.0 0.0 44.19450483087591 
51.15835744199566 54.36028352844256 0.0 0.0 0.0 0.0 0.0 0.0 -51.125 50.0 50.0 50.0 70.92096978095714 0.0 0.0 0.0 65.0112830559739 0.0 0.0 0.0 
0.0 0.0 51.15835744199566 54.36028352844256 0.0 0.0 0.0 0.0 50.0 -51.125 50.0 50.0 0.0 70.92096978095714 0.0 0.0 0.0 65.0112830559739 0.0 0.0 
0.0 0.0 0.0 0.0 51.15835744199566 54.36028352844256 0.0 0.0 50.0 50.0 -51.125 50.0 0.0 0.0 70.92096978095714 0.0 0.0 0.0 65.0112830559739 0.0 
0.0 0.0 0.0 0.0 0.0 0.0 51.15835744199566 54.36028352844256 50.0 50.0 50.0 -51.125 0.0 0.0 0.0 70.92096978095714 0.0 0.0 0.0 65.0112830559739 
43.00958471163672 53.02449186744908 0.0 0.0 0.0 0.0 0.0 0.0 70.92096978095714 0.0 0.0 0.0 -51.125 50.0 50.0 50.0 9.605083285887266 0.0 0.0 0.0 
0.0 0.0 43.00958471163672 53.02449186744908 0.0 0.0 0.0 0.0 0.0 70.92096978095714 0.0 0.0 50.0 -51.125 50.0 50.0 0.0 9.605083285887266 0.0 0.0 
0.0 0.0 0.0 0.0 43.00958471163672 53.02449186744908 0.0 0.0 0.0 0.0 70.92096978095714 0.0 50.0 50.0 -51.125 50.0 0.0 0.0 9.605083285887266 0.0 
0.0 0.0 0.0 0.0 0.0 0.0 43.00958471163672 53.02449186744908 0.0 0.0 0.0 70.92096978095714 50.0 50.0 50.0 -51.125 0.0 0.0 0.0 9.605083285887266 
44.036314234409005 44.19450483087591 0.0 0.0 0.0 0.0 0.0 0.0 65.0112830559739 0.0 0.0 0.0 9.605083285887266 0.0 0.0 0.0 -51.125 50.0 50.0 50.0 
0.0 0.0 44.036314234409005 44.19450483087591 0.0 0.0 0.0 0.0 0.0 65.0112830559739 0.0 0.0 0.0 9.605083285887266 0.0 0.0 50.0 -51.125 50.0 50.0 
0.0 0.0 0.0 0.0 44.036314234409005 44.19450483087591 0.0 0.0 0.0 0.0 65.0112830559739 0.0 0.0 0.0 9.605083285887266 0.0 50.0 50.0 -51.125 50.0 
0.0 0.0 0.0 0.0 0.0 0.0 44.036314234409005 44.19450483087591 0.0 0.0 0.0 65.0112830559739 0.0 0.0 0.0 9.605083285887266 50.0 50.0 50.0 -51.125 

