----------Report of simulation of Quantum Parallel Tempering - Population Annealing v2-----------
The number of considered Spin35
The considered Annealing Duration 140
The considered Annealing Number 100
The considered T 1.0
The considered Gamma0 1.0
The considered Number Of Replica 3
The considered Number Of System Tempering 3
The considered Number Of System Population 3
The solution found [-1.  1.  1.  1. -1.  1.  1. -1. -1. -1. -1. -1. -1.  1.  1. -1. -1. -1.
  1.  1. -1.  1. -1.  1. -1.  1. -1.  1. -1. -1.  1.  1.  1. -1.  1.]
The value found -1706.0
The Success probability is 0.86
The average value is -1704.68
The total execution time is 120.69772171974182
The average time for execution is 1.2069755649566651
The average time for all systems update is 0.008573239343506948
The average time for system tempering update is 0.0014536313613255818
The average time for system population update is 56.13581132888794
The average time for replica update is 0.0004646131538209461
The average time for spin update is 1.2982824302854992e-05
The list of values found 

-1706.0
-1706.0
-1706.0
-1706.0
-1706.0
-1706.0
-1706.0
-1706.0
-1706.0
-1706.0
-1706.0
-1706.0
-1706.0
-1706.0
-1706.0
-1706.0
-1706.0
-1706.0
-1706.0
-1706.0
-1706.0
-1706.0
-1706.0
-1706.0
-1697.0
-1706.0
-1706.0
-1706.0
-1706.0
-1706.0
-1706.0
-1706.0
-1706.0
-1706.0
-1706.0
-1706.0
-1697.0
-1706.0
-1706.0
-1706.0
-1706.0
-1706.0
-1697.0
-1697.0
-1706.0
-1706.0
-1697.0
-1706.0
-1695.0
-1706.0
-1697.0
-1706.0
-1706.0
-1706.0
-1706.0
-1706.0
-1697.0
-1706.0
-1706.0
-1706.0
-1706.0
-1697.0
-1706.0
-1706.0
-1706.0
-1697.0
-1706.0
-1706.0
-1706.0
-1706.0
-1706.0
-1706.0
-1706.0
-1706.0
-1706.0
-1706.0
-1706.0
-1698.0
-1706.0
-1706.0
-1706.0
-1706.0
-1706.0
-1706.0
-1706.0
-1694.0
-1706.0
-1706.0
-1695.0
-1706.0
-1706.0
-1697.0
-1706.0
-1706.0
-1706.0
-1706.0
-1706.0
-1706.0
-1706.0
-1706.0



The list of values first execution 

-1506.388888888889
-1520.9444444444443
-1532.5555555555557
-1543.1666666666667
-1548.111111111111
-1567.0555555555557
-1571.2222222222222
-1555.4444444444443
-1563.1666666666667
-1588.2777777777778
-1601.3333333333333
-1591.388888888889
-1601.3333333333333
-1596.4444444444443
-1600.611111111111
-1590.1666666666667
-1617.6666666666667
-1600.1666666666667
-1606.2222222222222
-1609.5555555555557
-1614.8333333333333
-1612.0
-1609.3333333333333
-1619.8333333333333
-1623.6666666666667
-1613.6666666666667
-1625.8333333333333
-1621.7777777777778
-1618.388888888889
-1624.2222222222222
-1616.7222222222222
-1616.8333333333333
-1629.7777777777778
-1624.0555555555557
-1628.8333333333333
-1615.9444444444443
-1624.2222222222222
-1625.0555555555557
-1627.5
-1617.5
-1618.2777777777778
-1620.3333333333333
-1620.111111111111
-1624.5555555555557
-1623.388888888889
-1623.1666666666667
-1626.0
-1628.111111111111
-1644.3333333333333
-1640.9444444444443
-1651.7777777777778
-1645.0555555555557
-1638.8333333333333
-1643.8333333333333
-1643.2222222222222
-1636.3333333333333
-1637.6666666666667
-1636.888888888889
-1643.2777777777778
-1636.2222222222222
-1645.9444444444443
-1641.1666666666667
-1638.3333333333333
-1637.611111111111
-1638.2222222222222
-1634.2222222222222
-1646.888888888889
-1631.611111111111
-1630.111111111111
-1633.611111111111
-1639.1666666666667
-1639.888888888889
-1636.7777777777778
-1640.111111111111
-1640.5555555555557
-1641.3333333333333
-1639.7222222222222
-1639.0555555555557
-1634.7222222222222
-1630.388888888889
-1634.1666666666667
-1641.388888888889
-1626.4444444444443
-1624.8333333333333
-1624.5555555555557
-1624.1666666666667
-1623.5
-1624.4444444444443
-1632.8333333333333
-1636.388888888889
-1636.1666666666667
-1631.7222222222222
-1637.2777777777778
-1633.0555555555557
-1637.0
-1640.1666666666667
-1643.7777777777778
-1649.4444444444443
-1639.9444444444443
-1629.6666666666667
-1638.6666666666667
-1636.888888888889
-1651.9444444444443
-1638.7777777777778
-1645.2777777777778
-1636.6666666666667
-1637.2222222222222
-1624.7777777777778
-1643.0555555555557
-1631.3333333333333
-1624.7222222222222
-1626.5
-1642.7222222222222
-1642.2222222222222
-1640.4444444444443
-1634.4444444444443
-1633.5
-1640.3333333333333
-1641.2222222222222
-1626.7222222222222
-1627.0
-1632.388888888889
-1637.0555555555557
-1643.1666666666667
-1636.9444444444443
-1639.5555555555557
-1630.611111111111
-1635.0555555555557
-1640.0555555555557
-1633.0
-1629.0
-1633.5
-1643.111111111111
-1650.4444444444443
-1644.0
-1645.2777777777778
-1637.111111111111
-1635.0555555555557
-1645.5555555555557
-1637.3333333333333



The list of best values first execution 

-1630.0
-1659.0
-1678.0
-1691.0
-1706.0
-1695.0
-1706.0
-1706.0
-1706.0
-1706.0
-1706.0
-1706.0
-1706.0
-1706.0
-1706.0
-1706.0
-1706.0
-1706.0
-1706.0
-1706.0
-1706.0
-1706.0
-1706.0
-1706.0
-1706.0
-1706.0
-1706.0
-1706.0
-1706.0
-1706.0
-1706.0
-1706.0
-1706.0
-1706.0
-1706.0
-1706.0
-1706.0
-1706.0
-1706.0
-1706.0
-1706.0
-1706.0
-1706.0
-1706.0
-1706.0
-1706.0
-1706.0
-1706.0
-1706.0
-1706.0
-1706.0
-1706.0
-1706.0
-1706.0
-1706.0
-1706.0
-1706.0
-1706.0
-1706.0
-1706.0
-1706.0
-1706.0
-1706.0
-1706.0
-1706.0
-1706.0
-1706.0
-1706.0
-1706.0
-1706.0
-1706.0
-1706.0
-1706.0
-1706.0
-1706.0
-1706.0
-1706.0
-1706.0
-1706.0
-1706.0
-1706.0
-1706.0
-1706.0
-1706.0
-1706.0
-1706.0
-1706.0
-1706.0
-1706.0
-1706.0
-1706.0
-1706.0
-1706.0
-1706.0
-1706.0
-1706.0
-1706.0
-1706.0
-1706.0
-1706.0
-1706.0
-1706.0
-1706.0
-1706.0
-1706.0
-1706.0
-1706.0
-1706.0
-1706.0
-1706.0
-1706.0
-1706.0
-1706.0
-1706.0
-1706.0
-1706.0
-1706.0
-1706.0
-1706.0
-1706.0
-1706.0
-1706.0
-1706.0
-1706.0
-1706.0
-1706.0
-1706.0
-1706.0
-1706.0
-1706.0
-1706.0
-1706.0
-1706.0
-1706.0
-1706.0
-1706.0
-1706.0
-1706.0
-1706.0
-1706.0



The list of values average 

-1498.5422222222223
-1518.0438888888887
-1531.3344444444447
-1538.9355555555562
-1546.6694444444452
-1554.5483333333332
-1558.021666666666
-1563.506111111111
-1566.4150000000004
-1571.1905555555554
-1574.2411111111112
-1579.8611111111113
-1583.0738888888893
-1586.2777777777774
-1590.0344444444445
-1594.578333333333
-1597.988333333334
-1599.657777777777
-1601.2383333333332
-1605.0516666666665
-1606.847222222222
-1607.6677777777775
-1609.193888888889
-1610.904444444444
-1612.4438888888894
-1613.8905555555557
-1614.5594444444448
-1615.0888888888894
-1617.3299999999997
-1618.8799999999992
-1618.1961111111104
-1619.6277777777777
-1621.0755555555563
-1621.1188888888885
-1621.7011111111115
-1622.5794444444446
-1622.3966666666663
-1623.5122222222221
-1624.202777777778
-1625.378333333333
-1624.8572222222213
-1626.068333333332
-1626.6211111111118
-1626.9938888888885
-1626.866111111111
-1627.0000000000005
-1627.2372222222223
-1628.2455555555557
-1628.804444444445
-1628.5561111111115
-1628.6861111111114
-1628.781111111111
-1629.2983333333332
-1628.8316666666667
-1629.3433333333332
-1630.4688888888888
-1629.9744444444448
-1630.4033333333323
-1629.268333333333
-1630.6894444444445
-1631.1688888888891
-1630.611666666667
-1631.2461111111113
-1631.067777777778
-1630.8177777777773
-1630.8711111111113
-1631.0916666666667
-1631.8266666666661
-1632.0588888888892
-1631.6166666666663
-1631.0211111111116
-1631.8811111111108
-1631.814444444445
-1631.8222222222223
-1632.8566666666668
-1632.069444444445
-1631.1561111111114
-1631.1688888888891
-1632.0838888888893
-1631.8255555555554
-1632.0238888888891
-1631.9494444444445
-1632.0277777777787
-1631.130555555555
-1631.9477777777772
-1632.0627777777784
-1631.4544444444439
-1632.126111111112
-1632.6566666666672
-1632.3055555555559
-1632.2916666666672
-1632.5238888888878
-1633.5722222222225
-1633.5527777777777
-1632.9250000000004
-1632.844444444444
-1632.7983333333334
-1633.0777777777778
-1632.5649999999998
-1632.8811111111113
-1633.6122222222223
-1633.013333333334
-1633.259444444444
-1633.6199999999997
-1633.7327777777782
-1632.6749999999995
-1632.204444444444
-1632.5594444444448
-1632.8061111111112
-1632.2866666666669
-1632.242777777778
-1633.0027777777775
-1632.8661111111112
-1632.0211111111118
-1632.3222222222225
-1633.7911111111116
-1633.7672222222222
-1632.5722222222225
-1633.4566666666665
-1632.7244444444448
-1632.875
-1632.3388888888887
-1633.0466666666662
-1633.7794444444437
-1635.5988888888885
-1634.0066666666664
-1633.4538888888892
-1633.7322222222222
-1633.2916666666677
-1632.7333333333331
-1633.2483333333332
-1633.420555555555
-1633.6433333333343
-1632.994444444444
-1633.0283333333346
-1632.5827777777777
-1632.122222222223
-1632.7533333333329
-1633.2016666666668
-1632.4788888888893



The list of best values average 

-1619.8000000000004
-1658.2199999999996
-1673.5900000000001
-1681.0900000000001
-1686.5599999999997
-1688.609999999999
-1690.4099999999992
-1691.1299999999987
-1691.5599999999993
-1691.909999999999
-1692.3099999999995
-1692.629999999999
-1693.2199999999991
-1693.6799999999992
-1693.1499999999987
-1693.3399999999992
-1693.389999999999
-1694.1499999999992
-1694.6199999999997
-1693.9999999999995
-1694.76
-1695.69
-1695.62
-1695.22
-1696.09
-1695.9199999999998
-1696.7500000000005
-1696.96
-1697.4199999999998
-1698.0
-1698.3399999999997
-1698.5999999999995
-1698.6599999999994
-1698.8799999999994
-1699.019999999999
-1699.3099999999995
-1699.1899999999998
-1699.6399999999994
-1699.4799999999993
-1699.52
-1699.8399999999992
-1700.9599999999991
-1700.4599999999996
-1700.969999999999
-1700.639999999999
-1701.159999999999
-1700.7899999999995
-1701.0599999999993
-1701.2999999999993
-1701.0499999999993
-1701.3699999999992
-1701.4399999999991
-1701.509999999999
-1701.2999999999993
-1701.369999999999
-1701.499999999999
-1701.6499999999994
-1701.6099999999992
-1701.7799999999993
-1701.769999999999
-1702.1099999999988
-1702.3799999999987
-1702.3399999999988
-1702.4799999999987
-1702.009999999999
-1702.159999999999
-1702.249999999999
-1702.299999999999
-1702.5299999999988
-1702.5799999999988
-1702.3699999999988
-1702.6999999999987
-1702.6799999999987
-1702.6699999999987
-1702.5099999999989
-1702.6799999999987
-1702.6799999999987
-1702.8699999999985
-1702.8499999999985
-1702.8299999999986
-1702.8299999999983
-1702.8999999999985
-1702.8599999999985
-1702.8999999999985
-1702.9399999999985
-1702.9399999999985
-1702.8299999999986
-1703.0299999999984
-1702.9399999999985
-1703.0199999999984
-1703.0499999999984
-1703.0999999999983
-1703.0699999999983
-1703.0699999999983
-1703.0699999999983
-1703.0499999999984
-1703.0299999999984
-1703.0899999999983
-1703.0899999999983
-1703.0899999999983
-1703.0299999999984
-1703.1599999999985
-1703.1599999999985
-1703.1299999999983
-1703.1299999999983
-1703.1499999999983
-1703.1199999999983
-1702.9899999999984
-1702.9999999999984
-1703.0199999999984
-1703.2199999999982
-1703.2099999999982
-1703.2099999999982
-1703.0799999999983
-1703.0799999999983
-1703.2099999999982
-1703.2099999999982
-1703.2099999999982
-1703.2099999999982
-1703.2099999999982
-1703.2099999999982
-1703.0999999999983
-1703.2099999999982
-1703.0799999999983
-1703.2099999999982
-1703.2099999999982
-1703.2099999999982
-1703.2099999999982
-1703.2099999999982
-1703.2099999999982
-1703.2099999999982
-1703.0999999999983
-1703.2199999999982
-1703.2199999999982
-1703.2199999999982
-1703.2399999999982
-1703.1199999999983
-1703.0299999999982
-1703.2399999999982
-1703.2399999999982
