----------Report of simulation of Quantum Population Annealing-----------
The number of considered Spin 86
The considered Annealing Duration 344
The considered Annealing Number 100
The considered T 1.0
The considered Gamma0 1.0
The considered Number Of Replica 3
The considered Number Of System 6
The solution found [-1. -1.  1.  1.  1. -1.  1.  1. -1. -1.  1.  1. -1.  1. -1.  1.  1.  1.
  1.  1. -1.  1. -1.  1. -1. -1.  1. -1.  1.  1. -1. -1.  1. -1.  1. -1.
 -1.  1.  1. -1.  1. -1. -1. -1.  1. -1.  1.  1.  1. -1. -1. -1.  1. -1.
 -1.  1. -1.  1. -1.  1. -1.  1.  1. -1. -1.  1. -1. -1. -1.  1.  1.  1.
  1.  1. -1.  1. -1. -1. -1. -1.  1.  1. -1.  1.  1. -1.]
The value found -10187.0
The Success probability is 1.0
The average value is -10187.0
The total execution time is 1724.5410134792328
The average time for execution is 17.245407946109772
The average time for all systems update is 0.050040616656458654
The average time for system update is 0.008312561177006064
The average time for replica update is 0.0027702766010003496
The average time for spin update is 3.189163221063454e-05
The list of values found 

-10187.0
-10187.0
-10187.0
-10187.0
-10187.0
-10187.0
-10187.0
-10187.0
-10187.0
-10187.0
-10187.0
-10187.0
-10187.0
-10187.0
-10187.0
-10187.0
-10187.0
-10187.0
-10187.0
-10187.0
-10187.0
-10187.0
-10187.0
-10187.0
-10187.0
-10187.0
-10187.0
-10187.0
-10187.0
-10187.0
-10187.0
-10187.0
-10187.0
-10187.0
-10187.0
-10187.0
-10187.0
-10187.0
-10187.0
-10187.0
-10187.0
-10187.0
-10187.0
-10187.0
-10187.0
-10187.0
-10187.0
-10187.0
-10187.0
-10187.0
-10187.0
-10187.0
-10187.0
-10187.0
-10187.0
-10187.0
-10187.0
-10187.0
-10187.0
-10187.0
-10187.0
-10187.0
-10187.0
-10187.0
-10187.0
-10187.0
-10187.0
-10187.0
-10187.0
-10187.0
-10187.0
-10187.0
-10187.0
-10187.0
-10187.0
-10187.0
-10187.0
-10187.0
-10187.0
-10187.0
-10187.0
-10187.0
-10187.0
-10187.0
-10187.0
-10187.0
-10187.0
-10187.0
-10187.0
-10187.0
-10187.0
-10187.0
-10187.0
-10187.0
-10187.0
-10187.0
-10187.0
-10187.0
-10187.0
-10187.0



The list of values first execution 

-9226.111111111111
-9277.611111111111
-9311.111111111111
-9406.333333333334
-9351.388888888889
-9409.555555555555
-9424.722222222223
-9473.111111111111
-9479.777777777777
-9435.5
-9498.555555555555
-9589.388888888889
-9598.888888888889
-9621.888888888889
-9639.777777777777
-9686.777777777777
-9649.611111111111
-9727.0
-9741.722222222223
-9763.055555555555
-9795.944444444445
-9830.722222222223
-9854.777777777777
-9864.944444444445
-9902.0
-9904.388888888889
-9896.111111111111
-9989.888888888889
-9985.333333333334
-9980.222222222223
-9960.444444444445
-10002.555555555555
-10001.0
-10013.0
-10023.277777777777
-10045.888888888889
-10016.944444444445
-10052.388888888889
-10055.111111111111
-10090.5
-10091.777777777777
-10060.944444444445
-10047.277777777777
-10078.055555555555
-10094.555555555555
-10104.222222222223
-10079.555555555555
-10102.333333333334
-10114.611111111111
-10115.833333333334
-10127.166666666666
-10140.555555555555
-10136.722222222223
-10131.388888888889
-10136.555555555555
-10128.111111111111
-10119.277777777777
-10121.888888888889
-10139.333333333334
-10143.111111111111
-10142.444444444445
-10128.555555555555
-10148.0
-10144.277777777777
-10154.166666666666
-10156.833333333334
-10164.333333333334
-10165.444444444445
-10167.944444444445
-10167.166666666666
-10161.944444444445
-10151.5
-10163.111111111111
-10161.055555555555
-10165.777777777777
-10170.388888888889
-10173.833333333334
-10158.777777777777
-10154.0
-10163.166666666666
-10162.555555555555
-10173.388888888889
-10174.222222222223
-10178.666666666666
-10174.055555555555
-10175.833333333334
-10175.055555555555
-10175.5
-10172.944444444445
-10181.333333333334
-10174.277777777777
-10179.166666666666
-10177.0
-10179.111111111111
-10171.277777777777
-10175.666666666666
-10176.722222222223
-10176.888888888889
-10179.388888888889
-10179.666666666666
-10180.444444444445
-10179.722222222223
-10180.777777777777
-10181.388888888889
-10181.444444444445
-10182.055555555555
-10180.333333333334
-10181.444444444445
-10183.333333333334
-10180.222222222223
-10179.333333333334
-10180.222222222223
-10179.444444444445
-10178.555555555555
-10180.166666666666
-10184.222222222223
-10183.055555555555
-10185.5
-10183.166666666666
-10184.444444444445
-10184.611111111111
-10184.722222222223
-10182.611111111111
-10184.0
-10184.944444444445
-10185.277777777777
-10182.611111111111
-10181.666666666666
-10182.666666666666
-10181.111111111111
-10182.833333333334
-10181.333333333334
-10184.222222222223
-10184.277777777777
-10185.333333333334
-10185.666666666666
-10183.277777777777
-10180.722222222223
-10181.833333333334
-10181.722222222223
-10183.111111111111
-10184.277777777777
-10183.888888888889
-10181.444444444445
-10182.611111111111
-10184.777777777777
-10185.333333333334
-10183.277777777777
-10183.388888888889
-10183.777777777777
-10183.0
-10185.722222222223
-10185.055555555555
-10185.222222222223
-10185.166666666666
-10185.277777777777
-10183.444444444445
-10183.944444444445
-10185.0
-10184.944444444445
-10185.5
-10184.388888888889
-10185.555555555555
-10184.722222222223
-10186.0
-10185.166666666666
-10183.833333333334
-10183.388888888889
-10184.166666666666
-10183.5
-10184.388888888889
-10185.0
-10178.722222222223
-10185.166666666666
-10184.166666666666
-10185.055555555555
-10185.333333333334
-10186.166666666666
-10184.611111111111
-10184.055555555555
-10184.388888888889
-10184.777777777777
-10185.888888888889
-10185.222222222223
-10184.0
-10185.611111111111
-10185.222222222223
-10185.666666666666
-10184.5
-10184.555555555555
-10185.222222222223
-10185.555555555555
-10185.944444444445
-10185.944444444445
-10185.444444444445
-10185.0
-10186.666666666666
-10186.222222222223
-10185.277777777777
-10184.444444444445
-10185.388888888889
-10186.055555555555
-10185.611111111111
-10186.055555555555
-10185.666666666666
-10185.777777777777
-10183.111111111111
-10185.722222222223
-10186.333333333334
-10185.277777777777
-10186.111111111111
-10185.277777777777
-10185.222222222223
-10186.222222222223
-10186.5
-10185.5
-10184.111111111111
-10185.555555555555
-10185.888888888889
-10185.333333333334
-10184.833333333334
-10184.111111111111
-10185.111111111111
-10186.111111111111
-10186.444444444445
-10186.055555555555
-10186.5
-10186.5
-10186.277777777777
-10185.555555555555
-10185.722222222223
-10186.277777777777
-10186.111111111111
-10186.111111111111
-10186.111111111111
-10186.5
-10186.666666666666
-10186.666666666666
-10186.5
-10186.5
-10185.888888888889
-10185.555555555555
-10186.055555555555
-10185.388888888889
-10185.722222222223
-10186.5
-10186.666666666666
-10186.5
-10186.666666666666
-10186.222222222223
-10186.0
-10186.666666666666
-10186.666666666666
-10186.5
-10185.888888888889
-10185.111111111111
-10186.277777777777
-10185.611111111111
-10186.166666666666
-10184.888888888889
-10184.722222222223
-10184.777777777777
-10185.111111111111
-10185.277777777777
-10186.277777777777
-10186.166666666666
-10186.5
-10185.722222222223
-10186.333333333334
-10185.944444444445
-10185.722222222223
-10185.0
-10182.611111111111
-10184.722222222223
-10185.388888888889
-10185.944444444445
-10186.111111111111
-10186.666666666666
-10186.5
-10186.333333333334
-10186.0
-10186.277777777777
-10186.055555555555
-10186.444444444445
-10186.5
-10186.5
-10186.5
-10186.5
-10186.222222222223
-10186.444444444445
-10186.111111111111
-10186.111111111111
-10186.111111111111
-10186.111111111111
-10185.833333333334
-10186.333333333334
-10186.166666666666
-10185.944444444445
-10185.777777777777
-10185.555555555555
-10186.277777777777
-10185.777777777777
-10185.333333333334
-10186.0
-10186.666666666666
-10186.666666666666
-10186.666666666666
-10186.666666666666
-10186.666666666666
-10186.666666666666
-10186.5
-10186.666666666666
-10185.944444444445
-10186.666666666666
-10186.666666666666
-10186.666666666666
-10186.666666666666
-10186.666666666666
-10186.277777777777
-10186.166666666666
-10186.5
-10186.5
-10186.444444444445
-10185.777777777777
-10186.666666666666
-10186.666666666666
-10186.666666666666
-10186.666666666666
-10186.666666666666
-10186.5
-10186.277777777777
-10185.944444444445
-10185.777777777777
-10185.722222222223
-10186.0
-10186.666666666666
-10186.666666666666
-10186.666666666666
-10186.666666666666
-10186.666666666666
-10186.666666666666
-10186.5
-10186.333333333334
-10186.277777777777



The list of best values first execution 

-9429.0
-9439.0
-9397.0
-9569.0
-9649.0
-9692.0
-9616.0
-9654.0
-9609.0
-9678.0
-9643.0
-9831.0
-9867.0
-9779.0
-9908.0
-9880.0
-9868.0
-9869.0
-9873.0
-9943.0
-9970.0
-10005.0
-10020.0
-9985.0
-10046.0
-10096.0
-10115.0
-10082.0
-10099.0
-10072.0
-10091.0
-10128.0
-10137.0
-10136.0
-10163.0
-10137.0
-10124.0
-10160.0
-10162.0
-10161.0
-10175.0
-10145.0
-10138.0
-10154.0
-10176.0
-10179.0
-10145.0
-10187.0
-10176.0
-10154.0
-10184.0
-10180.0
-10186.0
-10179.0
-10186.0
-10169.0
-10186.0
-10180.0
-10178.0
-10179.0
-10187.0
-10187.0
-10183.0
-10187.0
-10187.0
-10186.0
-10187.0
-10187.0
-10187.0
-10187.0
-10187.0
-10187.0
-10187.0
-10187.0
-10187.0
-10187.0
-10187.0
-10187.0
-10187.0
-10187.0
-10187.0
-10187.0
-10184.0
-10187.0
-10184.0
-10187.0
-10187.0
-10187.0
-10187.0
-10187.0
-10187.0
-10187.0
-10187.0
-10187.0
-10187.0
-10187.0
-10187.0
-10187.0
-10187.0
-10187.0
-10187.0
-10187.0
-10187.0
-10187.0
-10187.0
-10187.0
-10187.0
-10187.0
-10187.0
-10187.0
-10187.0
-10187.0
-10187.0
-10187.0
-10187.0
-10187.0
-10187.0
-10187.0
-10187.0
-10187.0
-10187.0
-10187.0
-10187.0
-10187.0
-10187.0
-10187.0
-10187.0
-10187.0
-10187.0
-10187.0
-10187.0
-10187.0
-10187.0
-10187.0
-10187.0
-10187.0
-10187.0
-10187.0
-10187.0
-10187.0
-10187.0
-10187.0
-10187.0
-10187.0
-10187.0
-10187.0
-10187.0
-10187.0
-10187.0
-10187.0
-10187.0
-10187.0
-10187.0
-10187.0
-10187.0
-10187.0
-10187.0
-10187.0
-10187.0
-10187.0
-10187.0
-10187.0
-10187.0
-10187.0
-10187.0
-10187.0
-10187.0
-10187.0
-10187.0
-10187.0
-10187.0
-10187.0
-10187.0
-10187.0
-10187.0
-10187.0
-10187.0
-10187.0
-10187.0
-10187.0
-10187.0
-10187.0
-10187.0
-10187.0
-10187.0
-10187.0
-10187.0
-10187.0
-10187.0
-10187.0
-10187.0
-10187.0
-10187.0
-10187.0
-10187.0
-10187.0
-10187.0
-10187.0
-10187.0
-10187.0
-10187.0
-10187.0
-10187.0
-10187.0
-10187.0
-10187.0
-10187.0
-10187.0
-10187.0
-10187.0
-10187.0
-10187.0
-10187.0
-10187.0
-10187.0
-10187.0
-10187.0
-10187.0
-10187.0
-10187.0
-10187.0
-10187.0
-10187.0
-10187.0
-10187.0
-10187.0
-10187.0
-10187.0
-10187.0
-10187.0
-10187.0
-10187.0
-10187.0
-10187.0
-10187.0
-10187.0
-10187.0
-10187.0
-10187.0
-10187.0
-10187.0
-10187.0
-10187.0
-10187.0
-10187.0
-10187.0
-10187.0
-10187.0
-10187.0
-10187.0
-10187.0
-10187.0
-10187.0
-10187.0
-10187.0
-10187.0
-10187.0
-10187.0
-10187.0
-10187.0
-10187.0
-10187.0
-10187.0
-10187.0
-10187.0
-10187.0
-10187.0
-10187.0
-10187.0
-10187.0
-10187.0
-10187.0
-10187.0
-10187.0
-10187.0
-10187.0
-10187.0
-10187.0
-10187.0
-10187.0
-10187.0
-10187.0
-10187.0
-10187.0
-10187.0
-10187.0
-10187.0
-10187.0
-10187.0
-10187.0
-10187.0
-10187.0
-10187.0
-10187.0
-10187.0
-10187.0
-10187.0
-10187.0
-10187.0
-10187.0
-10187.0
-10187.0
-10187.0
-10187.0
-10187.0
-10187.0
-10187.0
-10187.0
-10187.0
-10187.0
-10187.0
-10187.0
-10187.0
-10187.0
-10187.0
-10187.0
-10187.0
-10187.0
-10187.0
-10187.0
-10187.0
-10187.0
-10187.0
-10187.0
-10187.0
-10187.0
-10187.0
-10187.0
-10187.0
-10187.0
-10187.0
-10187.0
-10187.0
-10187.0
-10187.0
-10187.0
-10187.0
-10187.0
-10187.0
-10187.0
-10187.0
-10187.0
-10187.0
-10187.0



The list of values average 

-9237.052222222226
-9282.566111111108
-9327.963333333333
-9356.935000000001
-9379.629444444448
-9406.79888888889
-9433.235000000002
-9461.868333333332
-9484.435555555556
-9512.801666666666
-9535.114999999996
-9563.361111111113
-9584.426111111115
-9613.129999999997
-9635.374999999993
-9661.906111111113
-9687.562777777779
-9711.72777777778
-9737.023333333336
-9766.873333333335
-9789.781666666664
-9816.734444444446
-9838.561111111112
-9859.739999999998
-9880.222777777777
-9897.347777777779
-9912.764444444443
-9928.95111111111
-9946.737222222224
-9960.933888888885
-9973.789444444446
-9986.996666666668
-9992.935000000001
-10007.040555555554
-10019.090555555558
-10026.629999999994
-10035.378888888888
-10044.996666666666
-10052.423888888889
-10058.469444444445
-10065.202777777777
-10073.396111111104
-10077.618888888886
-10082.684999999998
-10089.484444444446
-10094.770555555557
-10099.419444444444
-10102.630000000003
-10108.573333333332
-10111.50777777778
-10116.823888888888
-10122.327222222224
-10124.878888888888
-10126.160000000002
-10129.659444444447
-10133.62055555556
-10135.261111111111
-10137.159999999998
-10140.53222222223
-10142.451111111104
-10146.308888888887
-10148.280000000004
-10148.725555555558
-10150.857222222223
-10152.57388888889
-10153.117222222221
-10155.613888888887
-10156.535000000005
-10157.992222222223
-10158.73388888889
-10159.061666666666
-10160.750555555554
-10161.918888888886
-10163.371666666666
-10163.526666666667
-10165.785555555554
-10166.308888888885
-10166.326666666664
-10166.425000000003
-10167.692222222224
-10167.694999999998
-10169.43777777778
-10170.35555555556
-10171.125000000002
-10171.479444444443
-10171.983333333334
-10171.45111111111
-10171.554444444451
-10172.093333333329
-10172.157222222226
-10172.535000000002
-10173.072777777777
-10174.043333333342
-10174.392222222223
-10174.944999999998
-10175.388333333336
-10175.64
-10176.020000000004
-10176.199999999999
-10176.548333333338
-10176.43722222222
-10177.090000000004
-10177.061666666666
-10177.25611111111
-10177.32777777778
-10177.448333333334
-10178.006666666664
-10178.137222222227
-10177.995
-10178.808888888892
-10178.690555555555
-10179.007777777775
-10178.869444444446
-10178.99
-10179.07277777778
-10179.618333333337
-10179.711111111113
-10179.644999999999
-10179.932777777776
-10179.99611111111
-10179.667777777777
-10179.888888888887
-10180.182222222214
-10180.255555555557
-10180.346111111116
-10181.069999999998
-10180.955000000002
-10180.959444444441
-10181.056666666667
-10181.038888888888
-10181.141666666665
-10180.947222222225
-10181.125555555558
-10181.024444444443
-10181.156111111111
-10181.332222222225
-10181.353333333333
-10181.441111111111
-10182.032777777782
-10181.847222222223
-10181.81888888889
-10182.07277777778
-10182.27611111111
-10181.997777777777
-10182.079444444442
-10182.512222222222
-10182.551111111108
-10182.766111111116
-10182.632777777773
-10182.767222222225
-10182.558333333336
-10183.10888888889
-10182.886111111116
-10182.857777777781
-10182.524444444447
-10182.827777777777
-10182.87888888889
-10182.983888888884
-10183.086111111113
-10182.916666666664
-10183.005
-10183.112222222226
-10183.046111111109
-10183.12
-10183.210555555555
-10183.166111111113
-10183.178888888886
-10183.35555555556
-10183.483333333332
-10183.440555555553
-10183.456666666665
-10183.624444444444
-10183.445555555552
-10183.573888888888
-10183.683888888889
-10183.546111111109
-10183.869444444445
-10183.737222222222
-10183.971666666666
-10183.812777777783
-10183.83388888889
-10183.931111111111
-10183.935555555556
-10183.93944444444
-10184.003333333332
-10183.961111111112
-10184.015555555558
-10183.959444444445
-10183.949444444446
-10183.763888888887
-10184.003888888896
-10184.003888888887
-10183.982777777777
-10184.028333333332
-10184.055
-10184.092222222223
-10184.163888888887
-10184.264999999998
-10184.230000000003
-10184.17888888889
-10184.232777777775
-10184.18666666666
-10184.185555555558
-10184.085
-10184.312777777775
-10184.251111111107
-10184.296111111107
-10184.403333333325
-10184.247222222219
-10184.318888888884
-10184.36277777778
-10184.384999999998
-10184.349999999997
-10184.44555555556
-10184.498333333331
-10184.530000000002
-10184.511111111111
-10184.507777777777
-10184.455555555554
-10184.389444444447
-10184.514444444445
-10184.453888888887
-10184.443888888893
-10184.525555555554
-10184.573888888892
-10184.65055555555
-10184.594999999992
-10184.663888888885
-10184.592777777774
-10184.528888888886
-10184.642777777779
-10184.661666666669
-10184.684999999996
-10184.651111111116
-10184.604999999998
-10184.699444444443
-10184.67722222222
-10184.708333333327
-10184.70611111111
-10184.718333333329
-10184.686666666663
-10184.698333333332
-10184.646111111113
-10184.7
-10184.641111111108
-10184.724999999999
-10184.668888888884
-10184.675555555556
-10184.714999999995
-10184.672777777774
-10184.780000000002
-10184.786666666663
-10184.83611111111
-10184.758888888888
-10184.830555555549
-10184.816111111104
-10184.853888888885
-10184.785555555552
-10184.924999999996
-10184.885555555553
-10184.90333333333
-10184.846666666665
-10184.875555555553
-10184.908888888885
-10184.901111111107
-10184.904999999997
-10184.879999999996
-10184.875555555558
-10184.87388888888
-10184.933333333327
-10184.996111111108
-10185.01222222222
-10184.949444444446
-10184.996111111112
-10185.019999999997
-10184.968888888889
-10184.98333333333
-10184.99222222222
-10185.030555555553
-10185.036666666665
-10185.03611111111
-10185.002222222225
-10185.041666666659
-10185.04444444444
-10185.134444444438
-10185.046111111109
-10185.143333333332
-10185.15
-10185.083888888887
-10185.144444444439
-10185.152777777774
-10185.112777777777
-10185.131111111108
-10185.095555555556
-10185.170555555556
-10185.123888888886
-10185.141666666666
-10185.138888888887
-10185.124444444442
-10185.124444444444
-10185.102777777774
-10185.139444444447
-10185.041666666668
-10185.08611111111
-10185.116111111112
-10185.111111111111
-10185.096666666665
-10185.067777777775
-10185.09333333333
-10185.109444444437
-10185.078333333326
-10185.121111111106
-10185.096666666663
-10185.131111111112
-10185.162777777774
-10185.187777777777
-10185.123333333333
-10185.162777777778
-10185.150555555556
-10185.187777777774
-10185.137777777782
-10185.148333333333
-10185.181666666667
-10185.16555555555
-10185.141666666665
-10185.172777777776
-10185.184444444441
-10185.15722222222
-10185.173888888887
-10185.158333333331
-10185.15888888889
-10185.147777777773
-10185.152777777776
-10185.154999999997
-10185.222777777777
-10185.237222222222
-10185.195
-10185.187222222221
-10185.141666666668
-10185.198333333334
-10185.158888888885
-10185.17111111111
-10185.203333333331
-10185.198888888886



The list of best values average 

-9454.649999999996
-9473.539999999999
-9510.369999999999
-9542.089999999997
-9562.57
-9592.99
-9617.169999999998
-9643.719999999996
-9666.969999999992
-9697.660000000002
-9720.579999999996
-9748.72
-9763.879999999996
-9799.97
-9818.819999999998
-9846.960000000003
-9869.95
-9898.819999999998
-9936.37
-9955.080000000002
-9973.270000000002
-10002.200000000003
-10011.36
-10029.519999999999
-10042.45
-10053.179999999993
-10064.940000000006
-10078.269999999997
-10090.939999999997
-10100.830000000002
-10108.289999999999
-10114.65
-10119.469999999998
-10126.960000000001
-10134.48
-10136.490000000005
-10144.329999999996
-10143.56
-10149.060000000007
-10150.229999999992
-10155.329999999998
-10158.99
-10162.650000000005
-10165.25
-10166.640000000001
-10166.720000000003
-10169.640000000005
-10171.750000000004
-10174.360000000004
-10174.32
-10177.609999999999
-10176.27
-10178.120000000006
-10178.650000000005
-10178.830000000007
-10180.250000000011
-10181.540000000008
-10181.460000000005
-10182.740000000007
-10182.860000000006
-10183.510000000006
-10183.740000000003
-10184.120000000004
-10184.530000000008
-10184.810000000005
-10184.490000000005
-10184.740000000007
-10184.810000000005
-10184.930000000008
-10185.250000000005
-10185.100000000004
-10185.580000000005
-10185.820000000005
-10186.130000000006
-10185.85000000001
-10186.460000000006
-10186.340000000004
-10186.510000000006
-10186.400000000007
-10186.580000000005
-10186.040000000006
-10186.400000000003
-10186.480000000007
-10186.660000000007
-10186.570000000005
-10186.660000000005
-10186.710000000008
-10186.590000000007
-10186.580000000005
-10186.460000000006
-10186.640000000007
-10186.530000000006
-10186.500000000007
-10186.600000000006
-10186.670000000007
-10186.630000000006
-10186.620000000006
-10186.730000000007
-10186.720000000007
-10186.670000000007
-10186.540000000006
-10186.630000000006
-10186.630000000006
-10186.670000000007
-10186.690000000006
-10186.690000000006
-10186.700000000006
-10186.620000000006
-10186.680000000004
-10186.710000000006
-10186.710000000006
-10186.740000000007
-10186.550000000007
-10186.650000000005
-10186.740000000007
-10186.770000000008
-10186.760000000006
-10186.710000000005
-10186.740000000005
-10186.770000000006
-10186.730000000005
-10186.720000000007
-10186.710000000006
-10186.760000000007
-10186.730000000005
-10186.820000000007
-10186.790000000006
-10186.770000000006
-10186.780000000006
-10186.780000000006
-10186.760000000006
-10186.650000000005
-10186.750000000005
-10186.740000000005
-10186.650000000007
-10186.750000000007
-10186.800000000007
-10186.780000000006
-10186.760000000006
-10186.760000000006
-10186.760000000006
-10186.740000000007
-10186.770000000006
-10186.780000000006
-10186.780000000006
-10186.790000000006
-10186.800000000007
-10186.780000000006
-10186.800000000007
-10186.800000000007
-10186.790000000006
-10186.790000000006
-10186.800000000007
-10186.770000000006
-10186.760000000006
-10186.760000000006
-10186.730000000007
-10186.730000000007
-10186.760000000006
-10186.750000000005
-10186.760000000006
-10186.760000000006
-10186.760000000006
-10186.760000000006
-10186.760000000006
-10186.770000000006
-10186.780000000006
-10186.770000000006
-10186.760000000006
-10186.780000000006
-10186.750000000007
-10186.780000000006
-10186.780000000006
-10186.800000000007
-10186.750000000005
-10186.780000000006
-10186.780000000006
-10186.800000000007
-10186.770000000006
-10186.790000000006
-10186.770000000006
-10186.760000000007
-10186.790000000006
-10186.780000000006
-10186.780000000006
-10186.780000000006
-10186.790000000006
-10186.790000000006
-10186.770000000006
-10186.790000000006
-10186.780000000006
-10186.780000000006
-10186.750000000005
-10186.770000000006
-10186.790000000006
-10186.780000000006
-10186.770000000006
-10186.780000000006
-10186.750000000005
-10186.780000000006
-10186.780000000006
-10186.730000000007
-10186.780000000006
-10186.780000000006
-10186.770000000006
-10186.770000000006
-10186.780000000006
-10186.760000000007
-10186.790000000006
-10186.780000000006
-10186.780000000006
-10186.800000000007
-10186.790000000006
-10186.790000000006
-10186.790000000006
-10186.790000000006
-10186.790000000006
-10186.790000000006
-10186.780000000006
-10186.780000000006
-10186.780000000006
-10186.800000000007
-10186.800000000007
-10186.790000000006
-10186.780000000006
-10186.790000000006
-10186.790000000006
-10186.790000000006
-10186.780000000006
-10186.790000000006
-10186.790000000006
-10186.800000000007
-10186.800000000007
-10186.800000000007
-10186.790000000006
-10186.790000000006
-10186.790000000006
-10186.790000000006
-10186.750000000005
-10186.800000000007
-10186.790000000006
-10186.790000000006
-10186.790000000006
-10186.790000000006
-10186.790000000006
-10186.790000000006
-10186.790000000006
-10186.790000000006
-10186.800000000007
-10186.790000000006
-10186.800000000007
-10186.800000000007
-10186.790000000006
-10186.800000000007
-10186.780000000006
-10186.790000000006
-10186.790000000006
-10186.780000000006
-10186.790000000006
-10186.790000000006
-10186.790000000006
-10186.790000000006
-10186.790000000006
-10186.790000000006
-10186.790000000006
-10186.790000000006
-10186.780000000006
-10186.780000000006
-10186.780000000006
-10186.790000000006
-10186.790000000006
-10186.790000000006
-10186.790000000006
-10186.790000000006
-10186.790000000006
-10186.790000000006
-10186.790000000006
-10186.790000000006
-10186.790000000006
-10186.790000000006
-10186.790000000006
-10186.790000000006
-10186.790000000006
-10186.790000000006
-10186.790000000006
-10186.790000000006
-10186.790000000006
-10186.790000000006
-10186.790000000006
-10186.790000000006
-10186.790000000006
-10186.790000000006
-10186.790000000006
-10186.790000000006
-10186.790000000006
-10186.790000000006
-10186.790000000006
-10186.790000000006
-10186.790000000006
-10186.790000000006
-10186.790000000006
-10186.790000000006
-10186.790000000006
-10186.790000000006
-10186.790000000006
-10186.790000000006
-10186.790000000006
-10186.790000000006
-10186.790000000006
-10186.790000000006
-10186.790000000006
-10186.790000000006
-10186.790000000006
-10186.790000000006
-10186.790000000006
-10186.790000000006
-10186.790000000006
-10186.790000000006
-10186.790000000006
-10186.790000000006
-10186.790000000006
-10186.780000000006
-10186.790000000006
-10186.790000000006
-10186.790000000006
-10186.790000000006
-10186.790000000006
-10186.790000000006
-10186.790000000006
-10186.790000000006
-10186.790000000006
-10186.790000000006
-10186.790000000006
-10186.790000000006
-10186.790000000006
-10186.790000000006
-10186.790000000006
-10186.790000000006
-10186.790000000006
-10186.790000000006
-10186.790000000006
-10186.790000000006
-10186.790000000006
-10186.790000000006
