----------Report of simulation of Path Integral Quantum Monte Carlo-----------
The number of considered Spin 137
The considered Annealing Duration 548
The considered Annealing Number 100
The considered T 1.0
The considered Gamma0 1.0
The considered Number Of Replica 18
The solution found [ 1 -1 -1 -1 -1 -1  1 -1  1  1 -1  1 -1 -1  1  1  1  1  1  1 -1  1  1 -1
 -1 -1  1 -1 -1  1  1  1  1 -1 -1 -1 -1 -1 -1 -1  1 -1 -1  1  1 -1  1  1
 -1 -1  1  1 -1 -1  1 -1 -1  1  1 -1  1 -1  1  1  1  1 -1  1  1 -1  1  1
 -1  1 -1  1  1  1 -1 -1 -1  1 -1  1 -1  1  1 -1 -1 -1  1  1 -1  1 -1 -1
 -1  1 -1  1  1  1  1  1  1 -1 -1  1 -1  1  1  1 -1 -1 -1 -1  1 -1 -1 -1
 -1 -1  1  1 -1  1  1 -1 -1  1 -1 -1  1  1  1  1 -1]
The value found -25376.0
The Success probability is 0.43
The average value is -25367.78
The total execution time is 9506.625304698944
The average time for execution is 95.06624888658524
The average time for system update is 0.17329934134535546
The average time for replica update is 0.00962715404771347
The average time for spin update is 6.977237494923771e-05
The list of values found 

-25376.0
-25314.0
-25376.0
-25376.0
-25375.0
-25376.0
-25376.0
-25360.0
-25374.0
-25376.0
-25361.0
-25376.0
-25376.0
-25376.0
-25376.0
-25376.0
-25360.0
-25374.0
-25374.0
-25360.0
-25375.0
-25376.0
-25349.0
-25375.0
-25376.0
-25355.0
-25376.0
-25375.0
-25375.0
-25354.0
-25376.0
-25375.0
-25376.0
-25376.0
-25376.0
-25369.0
-25376.0
-25355.0
-25356.0
-25332.0
-25356.0
-25354.0
-25376.0
-25345.0
-25374.0
-25374.0
-25376.0
-25359.0
-25376.0
-25360.0
-25374.0
-25355.0
-25376.0
-25376.0
-25360.0
-25355.0
-25375.0
-25376.0
-25349.0
-25320.0
-25362.0
-25376.0
-25376.0
-25375.0
-25376.0
-25375.0
-25375.0
-25376.0
-25371.0
-25376.0
-25376.0
-25376.0
-25376.0
-25376.0
-25375.0
-25374.0
-25376.0
-25349.0
-25376.0
-25376.0
-25374.0
-25376.0
-25344.0
-25356.0
-25374.0
-25376.0
-25376.0
-25353.0
-25351.0
-25356.0
-25376.0
-25369.0
-25360.0
-25376.0
-25375.0
-25376.0
-25369.0
-25355.0
-25362.0
-25349.0



The list of values first execution 

-23523.833333333332
-23578.277777777777
-23658.222222222223
-23626.88888888889
-23736.333333333332
-23825.0
-23885.444444444445
-24006.833333333332
-24074.555555555555
-24221.944444444445
-24290.722222222223
-24347.666666666668
-24409.11111111111
-24539.666666666668
-24650.166666666668
-24786.833333333332
-24842.833333333332
-24959.0
-24986.277777777777
-25056.333333333332
-25041.277777777777
-25059.055555555555
-25120.5
-25155.555555555555
-25198.5
-25204.277777777777
-25217.777777777777
-25196.055555555555
-25201.11111111111
-25194.666666666668
-25210.222222222223
-25219.444444444445
-25249.444444444445
-25257.38888888889
-25247.5
-25249.5
-25267.055555555555
-25252.666666666668
-25269.722222222223
-25266.944444444445
-25283.722222222223
-25272.666666666668
-25282.166666666668
-25294.61111111111
-25297.722222222223
-25309.166666666668
-25298.61111111111
-25293.38888888889
-25318.11111111111
-25318.666666666668
-25322.555555555555
-25312.222222222223
-25329.166666666668
-25332.0
-25334.333333333332
-25329.61111111111
-25328.333333333332
-25322.722222222223
-25326.555555555555
-25333.055555555555
-25328.166666666668
-25340.444444444445
-25337.5
-25339.88888888889
-25342.555555555555
-25339.055555555555
-25349.333333333332
-25339.944444444445
-25350.333333333332
-25348.166666666668
-25351.055555555555
-25349.38888888889
-25347.38888888889
-25344.222222222223
-25346.61111111111
-25348.555555555555
-25350.555555555555
-25351.555555555555
-25354.722222222223
-25345.0
-25351.166666666668
-25351.88888888889
-25353.833333333332
-25356.333333333332
-25349.333333333332
-25355.333333333332
-25348.333333333332
-25355.666666666668
-25356.5
-25358.055555555555
-25358.722222222223
-25361.833333333332
-25361.444444444445
-25364.555555555555
-25363.11111111111
-25363.38888888889
-25364.055555555555
-25362.833333333332
-25367.11111111111
-25370.5
-25368.38888888889
-25369.222222222223
-25371.333333333332
-25368.944444444445
-25369.666666666668
-25369.833333333332
-25366.88888888889
-25366.0
-25365.555555555555
-25365.722222222223
-25367.166666666668
-25369.5
-25373.333333333332
-25372.444444444445
-25371.0
-25372.777777777777
-25373.055555555555
-25372.444444444445
-25370.944444444445
-25371.166666666668
-25372.277777777777
-25370.944444444445
-25371.555555555555
-25373.0
-25374.0
-25373.444444444445
-25373.222222222223
-25372.722222222223
-25373.38888888889
-25373.61111111111
-25373.666666666668
-25373.722222222223
-25372.11111111111
-25371.88888888889
-25372.88888888889
-25373.11111111111
-25371.88888888889
-25371.444444444445
-25372.277777777777
-25372.277777777777
-25371.38888888889
-25370.666666666668
-25372.11111111111
-25373.222222222223
-25372.38888888889
-25373.11111111111
-25373.666666666668
-25373.0
-25372.277777777777
-25372.38888888889
-25373.38888888889
-25373.833333333332
-25373.444444444445
-25371.333333333332
-25372.833333333332
-25372.833333333332
-25372.222222222223
-25372.222222222223
-25372.11111111111
-25371.722222222223
-25372.222222222223
-25372.555555555555
-25371.5
-25371.666666666668
-25373.5
-25373.555555555555
-25372.11111111111
-25371.722222222223
-25372.555555555555
-25370.666666666668
-25374.11111111111
-25373.722222222223
-25374.166666666668
-25374.222222222223
-25372.88888888889
-25372.61111111111
-25373.055555555555
-25374.0
-25373.38888888889
-25374.277777777777
-25373.833333333332
-25373.0
-25372.38888888889
-25372.11111111111
-25373.555555555555
-25373.833333333332
-25371.555555555555
-25372.11111111111
-25373.166666666668
-25373.777777777777
-25374.222222222223
-25374.5
-25374.38888888889
-25374.333333333332
-25374.277777777777
-25374.333333333332
-25373.277777777777
-25374.222222222223
-25373.833333333332
-25373.833333333332
-25373.777777777777
-25374.0
-25373.88888888889
-25373.666666666668
-25373.88888888889
-25373.11111111111
-25373.833333333332
-25373.11111111111
-25373.88888888889
-25373.88888888889
-25374.0
-25373.11111111111
-25373.833333333332
-25373.777777777777
-25373.88888888889
-25373.88888888889
-25373.444444444445
-25373.444444444445
-25373.277777777777
-25373.222222222223
-25373.666666666668
-25373.444444444445
-25374.0
-25373.666666666668
-25373.777777777777
-25373.666666666668
-25374.0
-25373.88888888889
-25373.666666666668
-25373.777777777777
-25373.88888888889
-25373.222222222223
-25373.722222222223
-25373.666666666668
-25373.222222222223
-25373.722222222223
-25373.555555555555
-25373.777777777777
-25373.666666666668
-25373.444444444445
-25373.333333333332
-25373.5
-25374.222222222223
-25374.333333333332
-25374.5
-25374.444444444445
-25373.833333333332
-25373.88888888889
-25374.777777777777
-25374.777777777777
-25374.777777777777
-25374.777777777777
-25374.38888888889
-25374.666666666668
-25374.777777777777
-25374.61111111111
-25374.88888888889
-25374.777777777777
-25373.555555555555
-25373.277777777777
-25373.555555555555
-25371.5
-25372.777777777777
-25372.444444444445
-25371.61111111111
-25372.222222222223
-25372.38888888889
-25372.277777777777
-25373.0
-25373.61111111111
-25372.166666666668
-25372.777777777777
-25373.11111111111
-25372.444444444445
-25373.38888888889
-25373.555555555555
-25373.277777777777
-25373.333333333332
-25372.61111111111
-25372.0
-25373.222222222223
-25373.277777777777
-25373.555555555555
-25373.88888888889
-25373.944444444445
-25373.555555555555
-25373.88888888889
-25373.277777777777
-25373.5
-25374.055555555555
-25374.11111111111
-25374.0
-25373.61111111111
-25374.222222222223
-25373.444444444445
-25373.277777777777
-25374.166666666668
-25373.0
-25373.944444444445
-25374.0
-25374.055555555555
-25373.722222222223
-25373.666666666668
-25374.166666666668
-25373.944444444445
-25374.11111111111
-25374.333333333332
-25374.38888888889
-25374.38888888889
-25374.277777777777
-25373.88888888889
-25374.38888888889
-25374.277777777777
-25374.277777777777
-25372.944444444445
-25374.777777777777
-25374.666666666668
-25374.777777777777
-25374.88888888889
-25374.88888888889
-25374.61111111111
-25373.666666666668
-25373.444444444445
-25372.722222222223
-25373.38888888889
-25373.777777777777
-25373.555555555555
-25374.5
-25374.055555555555
-25373.88888888889
-25374.166666666668
-25374.0
-25374.277777777777
-25374.38888888889
-25374.61111111111
-25374.5
-25374.0
-25374.38888888889
-25374.61111111111
-25374.5
-25374.0
-25374.5
-25374.5
-25374.5
-25374.0
-25374.5
-25374.5
-25374.61111111111
-25374.61111111111
-25374.5
-25374.333333333332
-25373.944444444445
-25374.11111111111
-25374.333333333332
-25373.88888888889
-25373.722222222223
-25373.722222222223
-25374.333333333332
-25374.222222222223
-25374.444444444445
-25373.5
-25373.555555555555
-25374.055555555555
-25373.833333333332
-25373.833333333332
-25373.777777777777
-25374.166666666668
-25374.277777777777
-25373.722222222223
-25373.61111111111
-25373.38888888889
-25374.222222222223
-25374.444444444445
-25374.444444444445
-25374.333333333332
-25373.88888888889
-25374.333333333332
-25373.333333333332
-25374.222222222223
-25373.722222222223
-25373.833333333332
-25373.833333333332
-25373.833333333332
-25373.88888888889
-25374.11111111111
-25373.944444444445
-25374.222222222223
-25374.333333333332
-25374.0
-25373.833333333332
-25373.944444444445
-25374.333333333332
-25374.333333333332
-25374.444444444445
-25374.222222222223
-25374.333333333332
-25373.777777777777
-25374.166666666668
-25373.61111111111
-25374.166666666668
-25373.833333333332
-25373.0
-25373.666666666668
-25374.222222222223
-25374.333333333332
-25373.944444444445
-25374.333333333332
-25374.5
-25373.944444444445
-25374.444444444445
-25374.333333333332
-25374.333333333332
-25374.333333333332
-25374.444444444445
-25374.444444444445
-25374.444444444445
-25374.222222222223
-25374.444444444445
-25374.333333333332
-25374.444444444445
-25374.444444444445
-25373.944444444445
-25374.222222222223
-25373.833333333332
-25374.5
-25373.944444444445
-25374.444444444445
-25374.333333333332
-25374.277777777777
-25374.38888888889
-25374.38888888889
-25374.38888888889
-25374.055555555555
-25374.5
-25374.444444444445
-25374.11111111111
-25374.166666666668
-25374.166666666668
-25374.333333333332
-25374.166666666668
-25374.166666666668
-25374.11111111111
-25374.277777777777
-25373.88888888889
-25373.38888888889
-25374.333333333332
-25374.222222222223
-25374.38888888889
-25374.222222222223
-25373.61111111111
-25374.222222222223
-25374.11111111111
-25374.444444444445
-25374.444444444445
-25374.333333333332
-25374.444444444445
-25374.0
-25373.944444444445
-25374.333333333332
-25373.722222222223
-25373.61111111111
-25373.61111111111
-25374.444444444445
-25374.38888888889
-25374.444444444445
-25374.38888888889
-25374.333333333332
-25374.38888888889
-25374.444444444445
-25374.38888888889
-25374.277777777777
-25374.222222222223
-25374.222222222223
-25374.38888888889
-25374.333333333332
-25374.444444444445
-25374.277777777777
-25374.333333333332
-25374.333333333332
-25374.222222222223
-25374.333333333332
-25374.333333333332
-25374.38888888889
-25374.38888888889
-25374.11111111111
-25374.222222222223
-25374.333333333332
-25374.38888888889
-25374.277777777777
-25374.277777777777
-25374.38888888889
-25374.166666666668
-25374.333333333332
-25374.11111111111
-25374.333333333332
-25374.222222222223
-25374.222222222223
-25374.333333333332
-25374.0
-25374.11111111111
-25374.333333333332
-25374.333333333332
-25374.11111111111
-25374.444444444445
-25374.38888888889
-25374.222222222223
-25374.166666666668
-25374.166666666668
-25374.277777777777
-25374.38888888889
-25374.277777777777
-25374.222222222223
-25374.166666666668
-25374.055555555555
-25374.333333333332
-25374.277777777777
-25374.277777777777
-25374.277777777777
-25374.166666666668
-25374.277777777777
-25374.277777777777
-25374.444444444445
-25374.333333333332
-25374.222222222223
-25374.277777777777
-25374.38888888889
-25374.444444444445
-25374.333333333332
-25374.38888888889
-25374.38888888889
-25374.166666666668
-25374.38888888889
-25374.222222222223
-25374.333333333332
-25374.38888888889
-25374.38888888889
-25374.277777777777
-25374.444444444445
-25374.277777777777
-25374.11111111111
-25374.11111111111
-25374.055555555555
-25374.277777777777
-25374.277777777777
-25373.944444444445
-25374.277777777777
-25374.277777777777
-25374.166666666668



The list of best values first execution 

-23894.0
-23758.0
-23880.0
-24035.0
-24049.0
-24165.0
-24150.0
-24366.0
-24501.0
-24694.0
-24782.0
-24788.0
-24667.0
-24862.0
-24974.0
-24984.0
-25061.0
-25220.0
-25174.0
-25210.0
-25219.0
-25223.0
-25214.0
-25285.0
-25320.0
-25323.0
-25322.0
-25310.0
-25349.0
-25328.0
-25316.0
-25341.0
-25349.0
-25345.0
-25331.0
-25358.0
-25340.0
-25353.0
-25339.0
-25349.0
-25348.0
-25362.0
-25362.0
-25356.0
-25366.0
-25360.0
-25374.0
-25374.0
-25374.0
-25374.0
-25375.0
-25375.0
-25375.0
-25372.0
-25375.0
-25376.0
-25376.0
-25375.0
-25375.0
-25375.0
-25375.0
-25375.0
-25374.0
-25375.0
-25375.0
-25369.0
-25374.0
-25369.0
-25373.0
-25376.0
-25375.0
-25375.0
-25376.0
-25376.0
-25375.0
-25375.0
-25375.0
-25375.0
-25375.0
-25375.0
-25375.0
-25376.0
-25375.0
-25376.0
-25376.0
-25376.0
-25376.0
-25376.0
-25376.0
-25375.0
-25375.0
-25376.0
-25376.0
-25376.0
-25376.0
-25375.0
-25375.0
-25375.0
-25374.0
-25375.0
-25374.0
-25376.0
-25375.0
-25375.0
-25376.0
-25376.0
-25376.0
-25375.0
-25375.0
-25376.0
-25375.0
-25375.0
-25376.0
-25376.0
-25376.0
-25376.0
-25376.0
-25376.0
-25375.0
-25375.0
-25375.0
-25376.0
-25375.0
-25376.0
-25376.0
-25376.0
-25375.0
-25376.0
-25376.0
-25376.0
-25376.0
-25376.0
-25376.0
-25376.0
-25376.0
-25376.0
-25376.0
-25375.0
-25376.0
-25375.0
-25375.0
-25375.0
-25375.0
-25375.0
-25375.0
-25376.0
-25376.0
-25375.0
-25375.0
-25375.0
-25375.0
-25375.0
-25375.0
-25376.0
-25376.0
-25376.0
-25376.0
-25376.0
-25376.0
-25376.0
-25376.0
-25376.0
-25376.0
-25376.0
-25376.0
-25375.0
-25375.0
-25375.0
-25376.0
-25376.0
-25375.0
-25375.0
-25375.0
-25375.0
-25376.0
-25375.0
-25376.0
-25376.0
-25376.0
-25376.0
-25376.0
-25376.0
-25376.0
-25376.0
-25376.0
-25376.0
-25375.0
-25374.0
-25374.0
-25376.0
-25376.0
-25376.0
-25376.0
-25376.0
-25376.0
-25376.0
-25375.0
-25376.0
-25375.0
-25375.0
-25374.0
-25374.0
-25374.0
-25374.0
-25374.0
-25374.0
-25374.0
-25374.0
-25374.0
-25374.0
-25374.0
-25374.0
-25374.0
-25374.0
-25374.0
-25374.0
-25374.0
-25374.0
-25374.0
-25376.0
-25374.0
-25374.0
-25374.0
-25374.0
-25374.0
-25374.0
-25374.0
-25374.0
-25374.0
-25374.0
-25374.0
-25374.0
-25374.0
-25374.0
-25374.0
-25374.0
-25374.0
-25374.0
-25374.0
-25374.0
-25374.0
-25374.0
-25376.0
-25376.0
-25376.0
-25376.0
-25376.0
-25376.0
-25376.0
-25376.0
-25376.0
-25376.0
-25376.0
-25376.0
-25376.0
-25376.0
-25376.0
-25376.0
-25376.0
-25376.0
-25376.0
-25376.0
-25376.0
-25376.0
-25376.0
-25376.0
-25376.0
-25376.0
-25376.0
-25376.0
-25376.0
-25376.0
-25376.0
-25376.0
-25376.0
-25376.0
-25376.0
-25376.0
-25376.0
-25376.0
-25376.0
-25376.0
-25376.0
-25376.0
-25376.0
-25376.0
-25376.0
-25376.0
-25376.0
-25376.0
-25376.0
-25376.0
-25376.0
-25376.0
-25376.0
-25376.0
-25376.0
-25376.0
-25376.0
-25376.0
-25376.0
-25376.0
-25376.0
-25376.0
-25376.0
-25376.0
-25376.0
-25376.0
-25376.0
-25376.0
-25376.0
-25376.0
-25376.0
-25376.0
-25376.0
-25376.0
-25376.0
-25376.0
-25376.0
-25376.0
-25376.0
-25376.0
-25376.0
-25376.0
-25376.0
-25375.0
-25376.0
-25376.0
-25376.0
-25376.0
-25376.0
-25376.0
-25376.0
-25376.0
-25376.0
-25376.0
-25376.0
-25376.0
-25376.0
-25376.0
-25376.0
-25376.0
-25376.0
-25376.0
-25376.0
-25376.0
-25376.0
-25376.0
-25376.0
-25376.0
-25375.0
-25375.0
-25375.0
-25375.0
-25376.0
-25375.0
-25375.0
-25375.0
-25375.0
-25375.0
-25375.0
-25375.0
-25375.0
-25375.0
-25375.0
-25375.0
-25375.0
-25375.0
-25375.0
-25375.0
-25375.0
-25375.0
-25375.0
-25375.0
-25375.0
-25375.0
-25375.0
-25375.0
-25375.0
-25375.0
-25375.0
-25375.0
-25375.0
-25375.0
-25375.0
-25375.0
-25375.0
-25375.0
-25376.0
-25375.0
-25375.0
-25375.0
-25375.0
-25375.0
-25375.0
-25375.0
-25375.0
-25375.0
-25375.0
-25375.0
-25375.0
-25375.0
-25375.0
-25375.0
-25375.0
-25375.0
-25375.0
-25376.0
-25375.0
-25375.0
-25375.0
-25375.0
-25375.0
-25375.0
-25375.0
-25375.0
-25375.0
-25375.0
-25375.0
-25375.0
-25375.0
-25375.0
-25375.0
-25375.0
-25376.0
-25375.0
-25375.0
-25375.0
-25375.0
-25375.0
-25375.0
-25375.0
-25375.0
-25376.0
-25375.0
-25375.0
-25375.0
-25375.0
-25375.0
-25375.0
-25375.0
-25375.0
-25375.0
-25375.0
-25375.0
-25375.0
-25375.0
-25375.0
-25375.0
-25375.0
-25375.0
-25375.0
-25375.0
-25375.0
-25375.0
-25375.0
-25376.0
-25375.0
-25375.0
-25375.0
-25375.0
-25375.0
-25375.0
-25375.0
-25375.0
-25375.0
-25375.0
-25375.0
-25375.0
-25375.0
-25375.0
-25375.0
-25375.0
-25376.0
-25375.0
-25375.0
-25375.0
-25375.0
-25375.0
-25375.0
-25375.0
-25375.0
-25375.0
-25375.0
-25375.0
-25375.0
-25375.0
-25375.0
-25375.0
-25375.0
-25375.0
-25375.0
-25376.0
-25375.0
-25375.0
-25375.0
-25375.0
-25375.0
-25375.0
-25375.0
-25376.0
-25375.0
-25375.0
-25376.0
-25375.0
-25375.0
-25375.0
-25375.0
-25375.0
-25375.0
-25375.0
-25375.0
-25375.0
-25375.0
-25375.0
-25375.0
-25375.0
-25375.0
-25375.0
-25375.0
-25375.0
-25376.0
-25375.0
-25375.0
-25375.0
-25375.0
-25376.0
-25375.0
-25375.0
-25375.0
-25375.0
-25375.0
-25375.0
-25375.0
-25375.0
-25375.0
-25375.0
-25375.0
-25375.0
-25375.0
-25375.0
-25375.0
-25375.0
-25375.0
-25375.0
-25375.0
-25375.0
-25375.0



The list of values average 

-23565.559444444443
-23612.664444444443
-23667.14666666666
-23726.293333333335
-23777.612777777777
-23854.65944444444
-23915.664444444446
-23983.20222222222
-24059.48944444444
-24142.858333333323
-24239.010000000006
-24348.73833333334
-24468.02499999999
-24571.540555555574
-24671.33333333333
-24774.00166666666
-24848.74111111111
-24914.788888888896
-24968.128888888896
-25013.677777777775
-25051.748333333348
-25087.40500000001
-25116.91222222223
-25140.40777777777
-25163.796666666665
-25179.94499999999
-25195.901111111118
-25209.853333333336
-25223.39888888889
-25234.213333333333
-25245.13944444444
-25252.46500000001
-25260.583333333325
-25268.070555555554
-25273.33444444445
-25280.920000000006
-25284.734999999997
-25288.344444444454
-25294.918888888897
-25297.93166666668
-25301.880555555555
-25305.331111111114
-25309.455555555553
-25312.655000000002
-25315.447777777787
-25320.182777777776
-25321.11444444444
-25323.709999999995
-25326.378888888896
-25328.99222222223
-25331.03222222221
-25331.69111111112
-25332.950555555544
-25335.028333333332
-25336.676666666666
-25338.440555555557
-25340.004999999997
-25341.74722222223
-25343.327777777773
-25344.300000000003
-25344.611666666664
-25345.782222222224
-25347.072222222232
-25347.453333333342
-25348.06777777779
-25348.749444444442
-25350.011111111107
-25350.52166666667
-25351.12944444445
-25350.943888888894
-25351.634444444444
-25352.24111111111
-25352.236111111113
-25353.03444444444
-25353.39777777777
-25354.361666666664
-25354.66888888889
-25354.872222222224
-25355.682222222218
-25355.929999999993
-25356.778333333343
-25356.762222222227
-25356.882222222226
-25356.927222222224
-25357.210555555554
-25357.569999999992
-25357.437222222215
-25358.168888888893
-25358.38944444445
-25358.827222222226
-25358.843333333334
-25358.925
-25359.152222222227
-25359.467222222214
-25359.563333333328
-25359.71833333333
-25360.192222222224
-25360.179444444453
-25360.295
-25360.361666666657
-25360.50444444445
-25360.73666666668
-25360.912222222236
-25360.88222222222
-25360.92
-25360.82833333333
-25361.11222222223
-25361.28722222223
-25361.46222222222
-25361.545555555556
-25361.744444444448
-25361.757777777777
-25361.709444444445
-25361.79833333334
-25361.84833333335
-25362.031111111115
-25362.20055555556
-25362.237222222233
-25362.303888888902
-25362.281111111115
-25362.435000000005
-25362.52333333334
-25362.38777777778
-25362.467777777772
-25362.418888888897
-25362.562777777785
-25362.605000000007
-25362.556111111106
-25362.484999999997
-25362.61666666666
-25362.796666666687
-25362.68
-25362.805555555562
-25362.72055555555
-25362.704444444444
-25362.62277777778
-25362.947777777776
-25363.04666666667
-25363.069444444445
-25363.211666666666
-25362.925555555546
-25363.06166666668
-25363.144444444446
-25363.201666666664
-25363.26222222222
-25363.47777777777
-25363.248333333333
-25363.323333333326
-25363.339444444446
-25363.26333333334
-25363.27111111111
-25363.35388888889
-25363.34944444444
-25363.385
-25363.368333333332
-25363.392777777775
-25363.39944444444
-25363.485555555555
-25363.56833333333
-25363.61555555556
-25363.53944444444
-25363.586111111104
-25363.522777777765
-25363.586111111104
-25363.56833333332
-25363.575555555544
-25363.68055555555
-25363.696111111105
-25363.647777777765
-25363.65166666666
-25363.68666666666
-25363.839444444435
-25363.66388888888
-25363.712777777775
-25363.754999999997
-25363.821666666656
-25363.7811111111
-25363.814444444437
-25363.888888888883
-25363.806111111106
-25363.85222222222
-25363.844999999994
-25363.912777777776
-25363.858333333315
-25363.94333333333
-25363.908888888884
-25363.93277777777
-25363.991666666658
-25364.001666666667
-25363.879999999997
-25364.047222222227
-25364.008333333335
-25364.02333333333
-25363.93333333333
-25363.945000000007
-25363.963888888888
-25363.947222222214
-25363.96333333333
-25363.980555555554
-25364.000555555558
-25364.014999999992
-25363.956666666665
-25364.036111111112
-25364.04555555555
-25364.111666666664
-25364.05444444445
-25364.078333333335
-25364.038888888885
-25364.084999999995
-25364.016666666663
-25364.082777777774
-25364.092222222218
-25364.14944444444
-25364.127222222225
-25364.092777777776
-25364.102222222213
-25364.14944444444
-25364.112777777777
-25364.12222222222
-25364.160555555554
-25364.166666666668
-25364.120555555546
-25364.047222222216
-25364.118888888886
-25364.06888888889
-25364.15111111111
-25364.119444444434
-25364.159999999996
-25364.08444444444
-25364.16166666666
-25364.10444444444
-25364.13055555555
-25364.10055555555
-25364.144444444428
-25364.098333333328
-25364.16777777777
-25364.150555555552
-25364.14722222222
-25364.19111111111
-25364.17777777778
-25364.19055555556
-25364.216666666664
-25364.21611111111
-25364.18333333332
-25364.185555555556
-25364.213888888884
-25364.216666666656
-25364.222777777773
-25364.236111111106
-25364.233888888888
-25364.223333333324
-25364.179999999997
-25364.27277777777
-25364.19444444444
-25364.22333333333
-25364.24777777778
-25364.24722222222
-25364.221111111103
-25364.22277777778
-25364.235555555548
-25364.225555555557
-25364.186666666665
-25364.188888888893
-25364.254999999997
-25364.137222222213
-25364.23833333333
-25364.229444444438
-25364.24166666667
-25364.186666666665
-25364.168333333328
-25364.09666666666
-25364.1861111111
-25364.21444444444
-25364.218888888892
-25364.22444444444
-25364.238333333327
-25364.216666666664
-25364.282777777775
-25364.216666666667
-25364.22555555555
-25364.19
-25364.263333333336
-25364.230555555558
-25364.289999999997
-25364.22833333333
-25364.24444444444
-25364.259999999995
-25364.283888888887
-25364.219444444443
-25364.293888888886
-25364.257222222215
-25364.30444444444
-25364.30555555555
-25364.331111111103
-25364.283333333333
-25364.268888888888
-25364.286111111112
-25364.26888888889
-25364.308333333327
-25364.311111111114
-25364.291111111106
-25364.28777777778
-25364.276111111107
-25364.237777777777
-25364.298333333332
-25364.277222222227
-25364.29222222221
-25364.27611111111
-25364.318333333333
-25364.262777777774
-25364.326111111102
-25364.298333333332
-25364.306111111106
-25364.29111111111
-25364.32444444445
-25364.31833333333
-25364.313888888883
-25364.28666666667
-25364.333333333336
-25364.29222222223
-25364.35944444444
-25364.288888888885
-25364.32722222222
-25364.286666666663
-25364.325555555555
-25364.308333333338
-25364.33833333333
-25364.329444444447
-25364.33611111111
-25364.315
-25364.34611111111
-25364.31277777778
-25364.37388888889
-25364.303333333337
-25364.36333333334
-25364.30111111111
-25364.346666666665
-25364.298333333332
-25364.310555555556
-25364.288888888885
-25364.341666666664
-25364.295000000002
-25364.359444444442
-25364.301111111112
-25364.382222222222
-25364.315
-25364.36333333333
-25364.323333333334
-25364.362222222222
-25364.317222222217
-25364.34388888889
-25364.32444444444
-25364.358333333334
-25364.335
-25364.302777777775
-25364.32388888889
-25364.34722222222
-25364.35555555555
-25364.303888888888
-25364.33055555555
-25364.321666666667
-25364.316666666662
-25364.336666666666
-25364.36611111111
-25364.347222222226
-25364.34222222222
-25364.334444444445
-25364.341666666667
-25364.304444444446
-25364.344444444443
-25364.349999999995
-25364.322777777772
-25364.321111111112
-25364.33
-25364.337777777775
-25364.329444444444
-25364.328888888893
-25364.335
-25364.365
-25364.34277777778
-25364.349444444448
-25364.34944444444
-25364.340000000004
-25364.323888888888
-25364.331666666665
-25364.322777777776
-25364.36055555555
-25364.328333333335
-25364.322222222218
-25364.29611111111
-25364.324999999997
-25364.32666666667
-25364.361666666668
-25364.308888888885
-25364.34055555555
-25364.295
-25364.34611111111
-25364.304444444446
-25364.359999999997
-25364.325
-25364.360555555555
-25364.31611111111
-25364.372777777782
-25364.329999999998
-25364.38111111111
-25364.326666666664
-25364.378333333334
-25364.34944444444
-25364.31611111111
-25364.332777777778
-25364.33944444445
-25364.342222222218
-25364.358888888888
-25364.337222222224
-25364.373888888887
-25364.324444444446
-25364.34555555556
-25364.327777777777
-25364.357222222225
-25364.317777777775
-25364.361111111113
-25364.328333333324
-25364.38777777778
-25364.32555555556
-25364.387777777778
-25364.323888888888
-25364.374999999996
-25364.352222222227
-25364.373888888884
-25364.343888888885
-25364.379444444443
-25364.339999999997
-25364.35444444444
-25364.31777777778
-25364.371111111108
-25364.311666666665
-25364.375555555554
-25364.333333333332
-25364.353333333333
-25364.31666666667
-25364.345555555556
-25364.332777777774
-25364.354444444445
-25364.344999999998
-25364.364999999998
-25364.345555555552
-25364.376111111116
-25364.35111111111
-25364.35166666667
-25364.348888888893
-25364.34222222222
-25364.32611111111
-25364.34333333333
-25364.348333333335
-25364.35166666667
-25364.35111111111
-25364.35111111111
-25364.347222222223
-25364.366666666665
-25364.351666666666
-25364.364444444447
-25364.358888888888
-25364.381666666664
-25364.34833333333
-25364.335
-25364.33833333333
-25364.34555555556
-25364.360555555555
-25364.356666666667
-25364.34222222222
-25364.369444444445
-25364.35722222222
-25364.37888888889
-25364.355
-25364.371111111108
-25364.358333333337
-25364.352777777778
-25364.353333333336
-25364.356666666667
-25364.364444444447
-25364.37777777778
-25364.36111111111
-25364.36611111111
-25364.361666666668
-25364.360555555555
-25364.366111111107
-25364.363888888885
-25364.34888888889
-25364.357222222225
-25364.355555555554
-25364.358333333334
-25364.354444444445
-25364.37666666667
-25364.352777777778
-25364.36666666667
-25364.350555555553
-25364.37222222222
-25364.358333333334
-25364.367222222223
-25364.345555555552
-25364.355000000003
-25364.359444444442
-25364.361111111113
-25364.362222222222
-25364.37111111111
-25364.345000000005
-25364.347777777777
-25364.340000000004
-25364.365
-25364.355000000003
-25364.363888888885
-25364.356111111112
-25364.361666666668
-25364.365
-25364.363333333335
-25364.372777777775
-25364.355555555558
-25364.367777777778
-25364.341666666664
-25364.37222222222
-25364.352222222227
-25364.373333333333
-25364.35444444445
-25364.377777777776
-25364.356666666667
-25364.36555555556
-25364.352777777778
-25364.364444444444
-25364.35055555556
-25364.373333333333
-25364.351111111107
-25364.355
-25364.35444444445
-25364.369999999995
-25364.345555555552
-25364.368888888886
-25364.349444444444
-25364.370000000003
-25364.336111111115
-25364.370555555557
-25364.34611111111
-25364.37833333333
-25364.368888888883
-25364.373333333337
-25364.350555555557
-25364.370000000003
-25364.35166666667
-25364.36222222222



The list of best values average 

-23899.96
-23936.12
-23969.609999999993
-24039.409999999996
-24072.52000000001
-24140.46000000001
-24216.259999999995
-24290.510000000013
-24374.91
-24479.36
-24570.210000000003
-24678.649999999994
-24795.35000000001
-24882.669999999995
-24950.630000000005
-25026.17000000001
-25081.089999999997
-25136.679999999986
-25167.21
-25193.619999999995
-25219.26000000001
-25243.92
-25262.569999999996
-25276.869999999995
-25291.459999999992
-25298.690000000002
-25311.489999999998
-25316.220000000012
-25322.569999999992
-25329.11
-25330.85
-25334.909999999996
-25337.429999999993
-25343.84
-25346.260000000002
-25348.269999999993
-25349.920000000002
-25352.54
-25354.889999999996
-25355.480000000003
-25356.950000000004
-25358.33
-25359.31999999998
-25360.490000000013
-25361.109999999997
-25362.320000000014
-25363.039999999994
-25362.699999999993
-25362.589999999997
-25363.39
-25363.549999999992
-25364.429999999997
-25364.61999999999
-25364.91999999999
-25365.519999999997
-25365.199999999997
-25365.829999999987
-25365.81999999999
-25366.009999999984
-25366.099999999995
-25365.93999999999
-25365.94999999999
-25366.189999999995
-25366.24999999999
-25366.339999999993
-25366.069999999996
-25366.009999999987
-25366.34999999999
-25366.469999999987
-25366.599999999988
-25366.58999999999
-25366.62999999999
-25366.719999999987
-25366.56999999999
-25366.759999999987
-25366.799999999992
-25366.77999999999
-25366.679999999993
-25366.54999999999
-25366.59999999999
-25366.749999999985
-25366.88999999999
-25366.84999999999
-25366.74999999999
-25366.79999999999
-25366.90999999999
-25366.859999999982
-25366.859999999986
-25366.799999999985
-25366.749999999985
-25366.81999999998
-25366.90999999998
-25366.939999999988
-25366.859999999986
-25366.93999999998
-25366.899999999987
-25366.969999999983
-25366.999999999985
-25366.979999999992
-25367.00999999998
-25366.939999999984
-25366.869999999984
-25366.95999999998
-25366.879999999986
-25366.879999999983
-25366.96999999998
-25366.989999999983
-25367.06999999998
-25367.07999999998
-25367.029999999984
-25367.029999999984
-25367.029999999984
-25367.039999999983
-25366.99999999998
-25367.049999999985
-25367.10999999998
-25367.049999999985
-25367.06999999998
-25367.04999999998
-25367.029999999977
-25367.039999999983
-25367.099999999984
-25367.089999999982
-25367.119999999984
-25366.999999999985
-25367.069999999985
-25367.09999999998
-25367.06999999998
-25367.099999999984
-25367.05999999998
-25367.04999999998
-25366.999999999985
-25367.059999999983
-25367.019999999982
-25367.089999999982
-25366.979999999978
-25367.02999999998
-25367.009999999984
-25367.02999999998
-25367.009999999984
-25366.989999999983
-25366.989999999983
-25366.99999999998
-25367.059999999983
-25367.09999999998
-25367.099999999984
-25367.059999999976
-25367.04999999998
-25367.049999999977
-25367.06999999998
-25367.04999999998
-25367.01999999998
-25367.05999999998
-25367.07999999998
-25367.069999999978
-25367.07999999998
-25367.03999999998
-25367.05999999998
-25367.069999999978
-25367.07999999998
-25367.07999999998
-25367.04999999998
-25367.05999999998
-25367.04999999998
-25367.039999999983
-25367.09999999998
-25367.03999999998
-25367.02999999998
-25367.09999999998
-25367.079999999984
-25367.02999999998
-25367.06999999998
-25367.04999999998
-25367.04999999998
-25367.04999999998
-25367.04999999998
-25367.05999999998
-25367.059999999983
-25367.059999999983
-25367.039999999983
-25367.06999999998
-25367.06999999998
-25367.079999999984
-25367.069999999985
-25367.079999999984
-25367.089999999982
-25367.05999999998
-25367.06999999998
-25367.04999999998
-25367.049999999977
-25367.039999999983
-25367.04999999998
-25367.059999999983
-25367.039999999983
-25367.059999999983
-25367.089999999982
-25367.00999999998
-25367.05999999998
-25367.02999999998
-25367.03999999998
-25367.00999999998
-25366.97999999998
-25367.02999999998
-25367.03999999998
-25367.039999999983
-25367.059999999983
-25367.039999999983
-25367.039999999983
-25367.039999999983
-25367.02999999998
-25367.039999999983
-25367.00999999998
-25367.039999999983
-25366.99999999998
-25367.00999999998
-25367.019999999982
-25367.01999999998
-25366.99999999998
-25366.999999999978
-25367.04999999998
-25366.99999999998
-25367.00999999998
-25367.05999999998
-25367.01999999998
-25367.03999999998
-25367.02999999998
-25367.019999999982
-25367.00999999998
-25366.999999999978
-25366.999999999978
-25367.01999999998
-25367.02999999998
-25366.99999999998
-25366.99999999998
-25366.99999999998
-25367.00999999998
-25367.009999999984
-25367.009999999984
-25367.019999999982
-25367.009999999984
-25366.989999999983
-25366.99999999998
-25367.019999999982
-25366.99999999998
-25367.009999999984
-25367.019999999982
-25367.009999999984
-25367.009999999984
-25367.00999999998
-25367.019999999982
-25367.019999999982
-25367.019999999982
-25367.019999999982
-25367.019999999982
-25367.019999999982
-25367.019999999982
-25367.019999999982
-25367.009999999984
-25367.019999999982
-25367.049999999985
-25367.019999999982
-25367.029999999984
-25367.029999999984
-25367.039999999983
-25367.039999999983
-25367.029999999984
-25367.029999999984
-25367.019999999982
-25367.009999999984
-25367.029999999984
-25367.029999999984
-25367.029999999984
-25367.049999999985
-25367.059999999983
-25367.039999999986
-25367.039999999986
-25367.049999999985
-25367.049999999985
-25367.039999999986
-25367.029999999984
-25367.019999999986
-25367.029999999984
-25367.039999999986
-25367.049999999985
-25367.049999999985
-25367.049999999985
-25367.049999999985
-25367.059999999983
-25367.049999999985
-25367.039999999983
-25367.049999999985
-25367.049999999985
-25367.039999999983
-25367.059999999983
-25367.059999999983
-25367.059999999983
-25367.049999999985
-25367.049999999985
-25367.049999999985
-25367.059999999983
-25367.049999999985
-25367.059999999983
-25367.059999999983
-25367.049999999985
-25367.039999999983
-25367.039999999983
-25367.039999999983
-25367.049999999985
-25367.039999999983
-25367.039999999983
-25367.049999999985
-25367.049999999985
-25367.049999999985
-25367.039999999983
-25367.049999999985
-25367.049999999985
-25367.049999999985
-25367.059999999983
-25367.049999999985
-25367.049999999985
-25367.049999999985
-25367.039999999983
-25367.049999999985
-25367.039999999983
-25367.039999999983
-25367.039999999983
-25367.049999999985
-25367.049999999985
-25367.049999999985
-25367.059999999983
-25367.049999999985
-25367.049999999985
-25367.049999999985
-25367.059999999983
-25367.059999999983
-25367.059999999983
-25367.059999999983
-25367.059999999983
-25367.049999999985
-25367.039999999983
-25367.059999999983
-25367.049999999985
-25367.049999999985
-25367.039999999983
-25367.039999999983
-25367.049999999985
-25367.049999999985
-25367.049999999985
-25367.049999999985
-25367.049999999985
-25367.039999999983
-25367.039999999983
-25367.039999999983
-25367.039999999983
-25367.049999999985
-25367.039999999983
-25367.039999999983
-25367.039999999983
-25367.039999999983
-25367.039999999983
-25367.049999999985
-25367.039999999983
-25367.039999999983
-25367.039999999983
-25367.039999999983
-25367.039999999983
-25367.039999999983
-25367.039999999983
-25367.039999999983
-25367.039999999983
-25367.049999999985
-25367.039999999983
-25367.039999999983
-25367.039999999983
-25367.039999999983
-25367.039999999983
-25367.039999999983
-25367.039999999983
-25367.039999999983
-25367.049999999985
-25367.049999999985
-25367.039999999983
-25367.039999999983
-25367.029999999984
-25367.039999999983
-25367.039999999983
-25367.039999999983
-25367.049999999985
-25367.049999999985
-25367.019999999982
-25367.039999999983
-25367.039999999983
-25367.039999999983
-25367.039999999983
-25367.039999999983
-25367.039999999983
-25367.039999999983
-25367.039999999983
-25367.039999999983
-25367.039999999983
-25367.039999999983
-25367.049999999985
-25367.039999999983
-25367.039999999983
-25367.049999999985
-25367.039999999983
-25367.039999999983
-25367.049999999985
-25367.039999999983
-25367.039999999983
-25367.039999999983
-25367.039999999983
-25367.039999999983
-25367.039999999983
-25367.039999999983
-25367.039999999983
-25367.02999999998
-25367.039999999983
-25367.039999999983
-25367.039999999983
-25367.029999999984
-25367.049999999985
-25367.029999999984
-25367.029999999984
-25367.039999999983
-25367.029999999984
-25367.029999999984
-25367.029999999984
-25367.029999999984
-25367.029999999984
-25367.029999999984
-25367.029999999984
-25367.029999999984
-25367.039999999983
-25367.029999999984
-25367.019999999986
-25367.029999999984
-25367.029999999984
-25367.029999999984
-25367.029999999984
-25367.029999999984
-25367.029999999984
-25367.029999999984
-25367.029999999984
-25367.029999999984
-25367.029999999984
-25367.029999999984
-25367.029999999984
-25367.029999999984
-25367.029999999984
-25367.029999999984
-25367.029999999984
-25367.029999999984
-25367.029999999984
-25367.029999999984
-25367.029999999984
-25367.039999999983
-25367.029999999984
-25367.029999999984
-25367.019999999982
-25367.019999999982
-25367.019999999982
-25367.019999999982
-25367.019999999982
-25367.019999999982
-25367.019999999982
-25367.019999999982
-25367.019999999982
-25367.019999999982
-25367.019999999982
-25367.019999999982
-25367.019999999982
-25367.019999999982
-25367.029999999984
-25367.019999999982
-25367.019999999982
-25367.019999999982
-25367.019999999982
-25367.019999999982
-25367.019999999982
-25367.019999999982
-25367.019999999982
-25367.019999999982
-25367.019999999982
-25367.019999999982
-25367.019999999982
-25367.019999999982
-25367.019999999982
-25367.019999999982
-25367.019999999982
-25367.019999999982
-25367.029999999984
-25367.039999999983
-25367.019999999982
-25367.019999999982
-25367.019999999982
-25367.019999999982
-25367.029999999984
-25367.019999999982
-25367.00999999998
-25367.029999999984
-25367.019999999982
-25367.019999999982
-25367.029999999984
-25367.019999999982
-25367.019999999982
-25367.019999999982
-25367.019999999982
-25367.019999999982
-25367.019999999982
-25367.019999999982
-25367.019999999982
-25367.019999999982
-25367.019999999982
-25367.019999999982
-25367.019999999982
-25367.019999999982
-25367.019999999982
-25367.019999999982
-25367.029999999984
-25367.019999999982
-25367.029999999984
-25367.019999999982
-25367.019999999982
-25367.019999999982
-25367.019999999982
-25367.029999999984
-25367.019999999982
-25367.019999999982
-25367.019999999982
-25367.029999999984
-25367.019999999982
-25367.019999999982
-25367.019999999982
-25367.019999999982
-25367.019999999982
-25367.029999999984
-25367.019999999982
-25367.019999999982
-25367.019999999982
-25367.019999999982
-25367.019999999982
-25367.019999999982
-25367.019999999982
-25367.019999999982
-25367.019999999982
-25367.019999999982
-25367.019999999982
