----------Report of simulation of Quantum Parallel Tempering - Population Annealing v2-----------
The number of considered Spin111
The considered Annealing Duration 444
The considered Annealing Number 100
The considered T 1.0
The considered Gamma0 1.0
The considered Number Of Replica 3
The considered Number Of System Tempering 3
The considered Number Of System Population 3
The solution found [-1.  1. -1. -1.  1.  1. -1.  1. -1.  1.  1.  1. -1. -1.  1.  1. -1. -1.
  1.  1. -1.  1.  1.  1. -1. -1. -1. -1.  1.  1.  1.  1.  1. -1. -1.  1.
 -1. -1. -1.  1. -1. -1. -1.  1. -1.  1.  1. -1. -1.  1.  1.  1. -1. -1.
  1. -1. -1. -1. -1. -1.  1. -1. -1. -1. -1.  1.  1.  1. -1.  1. -1.  1.
 -1.  1.  1. -1. -1. -1.  1. -1.  1.  1. -1. -1. -1.  1.  1.  1.  1.  1.
  1.  1.  1.  1.  1.  1.  1. -1. -1. -1.  1.  1. -1.  1.  1. -1. -1. -1.
  1. -1. -1.]
The value found -16744.0
The Success probability is 0.24
The average value is -16734.55
The total execution time is 3355.8565151691437
The average time for execution is 33.558563001155854
The average time for all systems update is 0.07534114651851825
The average time for system tempering update is 0.012754390508204967
The average time for system population update is 1631.986251592636
The average time for replica update is 0.004167115667143145
The average time for spin update is 3.722918783273834e-05
The list of values found 

-16735.0
-16727.0
-16734.0
-16744.0
-16734.0
-16735.0
-16727.0
-16744.0
-16735.0
-16735.0
-16727.0
-16744.0
-16744.0
-16716.0
-16744.0
-16744.0
-16735.0
-16735.0
-16744.0
-16734.0
-16724.0
-16716.0
-16735.0
-16744.0
-16735.0
-16735.0
-16721.0
-16744.0
-16735.0
-16724.0
-16734.0
-16735.0
-16735.0
-16727.0
-16735.0
-16734.0
-16744.0
-16734.0
-16735.0
-16727.0
-16734.0
-16735.0
-16744.0
-16735.0
-16744.0
-16734.0
-16735.0
-16735.0
-16744.0
-16735.0
-16735.0
-16741.0
-16726.0
-16744.0
-16725.0
-16724.0
-16735.0
-16741.0
-16727.0
-16734.0
-16735.0
-16744.0
-16735.0
-16727.0
-16734.0
-16741.0
-16724.0
-16735.0
-16744.0
-16744.0
-16725.0
-16735.0
-16730.0
-16734.0
-16734.0
-16735.0
-16744.0
-16744.0
-16744.0
-16735.0
-16731.0
-16744.0
-16735.0
-16725.0
-16725.0
-16735.0
-16735.0
-16727.0
-16735.0
-16735.0
-16744.0
-16735.0
-16726.0
-16735.0
-16744.0
-16735.0
-16724.0
-16744.0
-16735.0
-16706.0



The list of values first execution 

-15579.0
-15615.333333333334
-15704.111111111111
-15720.666666666666
-15769.166666666666
-15746.444444444445
-15790.555555555555
-15772.055555555555
-15818.333333333334
-15861.222222222223
-15879.666666666666
-15909.111111111111
-15892.444444444445
-15901.333333333334
-15953.166666666666
-15928.944444444445
-15962.055555555555
-15998.111111111111
-15936.722222222223
-16018.5
-16023.666666666666
-16062.444444444445
-16003.666666666666
-15987.722222222223
-16030.611111111111
-15977.277777777777
-16023.444444444445
-15995.166666666666
-16051.666666666666
-16056.555555555555
-16063.0
-16102.944444444445
-16115.5
-16191.611111111111
-16172.722222222223
-16170.777777777777
-16184.944444444445
-16197.0
-16188.222222222223
-16176.722222222223
-16191.5
-16160.666666666666
-16140.388888888889
-16175.111111111111
-16207.555555555555
-16170.777777777777
-16189.055555555555
-16134.555555555555
-16142.5
-16216.444444444445
-16173.277777777777
-16271.555555555555
-16207.166666666666
-16250.888888888889
-16214.055555555555
-16227.944444444445
-16207.111111111111
-16307.444444444445
-16294.666666666666
-16263.944444444445
-16268.722222222223
-16256.944444444445
-16289.388888888889
-16285.611111111111
-16277.5
-16265.055555555555
-16251.222222222223
-16275.111111111111
-16145.666666666666
-16224.777777777777
-16154.166666666666
-16217.0
-16200.777777777777
-16186.166666666666
-16214.277777777777
-16187.444444444445
-16258.333333333334
-16157.0
-16220.611111111111
-16243.5
-16219.444444444445
-16244.444444444445
-16231.611111111111
-16270.833333333334
-16278.666666666666
-16294.777777777777
-16276.833333333334
-16220.555555555555
-16200.166666666666
-16248.722222222223
-16246.055555555555
-16245.944444444445
-16286.111111111111
-16230.277777777777
-16267.0
-16146.166666666666
-16269.666666666666
-16284.555555555555
-16283.166666666666
-16247.888888888889
-16233.611111111111
-16243.444444444445
-16267.722222222223
-16242.666666666666
-16194.388888888889
-16232.5
-16176.5
-16217.388888888889
-16236.166666666666
-16253.388888888889
-16238.055555555555
-16181.833333333334
-16258.888888888889
-16226.333333333334
-16221.833333333334
-16192.111111111111
-16270.722222222223
-16246.722222222223
-16297.444444444445
-16259.388888888889
-16254.555555555555
-16251.777777777777
-16222.666666666666
-16283.555555555555
-16254.5
-16239.722222222223
-16273.666666666666
-16237.388888888889
-16266.333333333334
-16235.111111111111
-16220.388888888889
-16240.722222222223
-16277.666666666666
-16272.833333333334
-16284.5
-16281.555555555555
-16321.277777777777
-16250.0
-16166.0
-16261.222222222223
-16222.388888888889
-16222.944444444445
-16252.833333333334
-16263.388888888889
-16274.277777777777
-16218.277777777777
-16289.833333333334
-16280.444444444445
-16268.944444444445
-16254.0
-16310.5
-16238.444444444445
-16276.5
-16275.333333333334
-16259.611111111111
-16347.722222222223
-16212.944444444445
-16275.166666666666
-16266.333333333334
-16261.666666666666
-16208.833333333334
-16291.944444444445
-16270.222222222223
-16287.666666666666
-16229.055555555555
-16303.0
-16279.833333333334
-16216.333333333334
-16277.555555555555
-16272.333333333334
-16269.555555555555
-16250.833333333334
-16291.666666666666
-16281.722222222223
-16267.0
-16223.111111111111
-16242.222222222223
-16299.055555555555
-16262.944444444445
-16306.444444444445
-16272.0
-16286.611111111111
-16241.444444444445
-16241.944444444445
-16296.166666666666
-16281.833333333334
-16280.111111111111
-16304.5
-16331.333333333334
-16342.444444444445
-16266.277777777777
-16240.111111111111
-16263.166666666666
-16250.277777777777
-16267.777777777777
-16277.055555555555
-16244.5
-16264.722222222223
-16325.0
-16318.0
-16270.444444444445
-16298.333333333334
-16236.388888888889
-16268.777777777777
-16262.166666666666
-16262.722222222223
-16353.388888888889
-16302.5
-16248.555555555555
-16289.0
-16297.611111111111
-16277.111111111111
-16191.111111111111
-16269.388888888889
-16222.111111111111
-16191.222222222223
-16248.333333333334
-16164.0
-16236.055555555555
-16269.388888888889
-16256.222222222223
-16303.833333333334
-16226.555555555555
-16321.388888888889
-16327.222222222223
-16253.5
-16272.555555555555
-16276.444444444445
-16253.777777777777
-16284.722222222223
-16229.722222222223
-16245.5
-16226.055555555555
-16274.611111111111
-16213.611111111111
-16231.277777777777
-16268.333333333334
-16317.833333333334
-16354.944444444445
-16300.277777777777
-16246.333333333334
-16284.722222222223
-16277.833333333334
-16255.166666666666
-16263.722222222223
-16278.888888888889
-16167.111111111111
-16296.388888888889
-16223.611111111111
-16294.833333333334
-16318.055555555555
-16299.222222222223
-16299.055555555555
-16306.833333333334
-16297.0
-16249.222222222223
-16266.111111111111
-16254.777777777777
-16276.222222222223
-16250.666666666666
-16251.833333333334
-16208.166666666666
-16186.833333333334
-16272.444444444445
-16308.5
-16354.055555555555
-16333.277777777777
-16333.333333333334
-16275.111111111111
-16304.388888888889
-16312.222222222223
-16328.388888888889
-16321.166666666666
-16285.222222222223
-16352.0
-16249.333333333334
-16270.777777777777
-16253.166666666666
-16281.277777777777
-16213.277777777777
-16252.055555555555
-16314.611111111111
-16229.277777777777
-16306.388888888889
-16275.222222222223
-16274.055555555555
-16273.222222222223
-16229.388888888889
-16291.388888888889
-16234.944444444445
-16278.0
-16286.555555555555
-16293.722222222223
-16234.111111111111
-16336.777777777777
-16312.777777777777
-16277.833333333334
-16252.666666666666
-16299.222222222223
-16249.611111111111
-16225.555555555555
-16288.944444444445
-16356.666666666666
-16328.833333333334
-16272.444444444445
-16322.277777777777
-16281.833333333334
-16292.222222222223
-16267.388888888889
-16248.111111111111
-16317.722222222223
-16257.555555555555
-16305.444444444445
-16293.833333333334
-16294.555555555555
-16256.055555555555
-16263.555555555555
-16284.888888888889
-16227.944444444445
-16220.833333333334
-16259.888888888889
-16246.555555555555
-16241.722222222223
-16271.777777777777
-16243.611111111111
-16334.222222222223
-16334.444444444445
-16249.055555555555
-16256.222222222223
-16235.944444444445
-16238.944444444445
-16325.555555555555
-16270.333333333334
-16258.277777777777
-16201.166666666666
-16247.777777777777
-16170.777777777777
-16301.222222222223
-16206.055555555555
-16263.111111111111
-16281.0
-16276.944444444445
-16297.0
-16315.166666666666
-16229.111111111111
-16265.666666666666
-16289.0
-16253.666666666666
-16266.944444444445
-16246.444444444445
-16232.277777777777
-16235.166666666666
-16233.888888888889
-16261.833333333334
-16218.722222222223
-16243.055555555555
-16237.0
-16258.722222222223
-16243.944444444445
-16311.222222222223
-16298.277777777777
-16272.0
-16316.944444444445
-16308.555555555555
-16318.333333333334
-16271.277777777777
-16290.222222222223
-16273.722222222223
-16279.444444444445
-16297.5
-16317.222222222223
-16325.333333333334
-16268.833333333334
-16315.166666666666
-16270.611111111111
-16292.722222222223
-16226.5
-16271.277777777777
-16292.722222222223
-16276.555555555555
-16254.888888888889
-16275.222222222223
-16333.666666666666
-16289.611111111111
-16337.055555555555
-16323.611111111111
-16271.666666666666
-16302.222222222223
-16241.944444444445
-16329.666666666666
-16289.722222222223
-16290.666666666666
-16227.611111111111
-16317.0
-16292.5
-16323.666666666666
-16352.111111111111
-16285.166666666666
-16316.611111111111
-16334.166666666666
-16306.333333333334
-16304.222222222223
-16220.611111111111
-16292.166666666666
-16270.555555555555
-16189.5
-16256.5
-16305.055555555555
-16289.611111111111
-16321.333333333334
-16281.111111111111
-16286.722222222223
-16272.333333333334
-16256.166666666666
-16298.777777777777
-16292.555555555555
-16304.111111111111
-16269.333333333334
-16278.111111111111
-16269.388888888889
-16317.777777777777
-16323.388888888889
-16353.222222222223
-16306.444444444445
-16320.666666666666
-16287.444444444445
-16286.166666666666
-16301.277777777777
-16274.611111111111
-16305.833333333334
-16280.5
-16294.166666666666
-16337.055555555555
-16275.111111111111
-16247.944444444445
-16170.722222222223
-16273.944444444445
-16246.166666666666
-16301.166666666666
-16278.722222222223
-16319.444444444445
-16325.5
-16280.444444444445
-16265.722222222223



The list of best values first execution 

-16228.0
-16411.0
-16503.0
-16593.0
-16684.0
-16718.0
-16727.0
-16683.0
-16717.0
-16723.0
-16734.0
-16734.0
-16734.0
-16734.0
-16734.0
-16734.0
-16734.0
-16734.0
-16734.0
-16734.0
-16734.0
-16734.0
-16734.0
-16734.0
-16734.0
-16734.0
-16734.0
-16734.0
-16734.0
-16734.0
-16734.0
-16734.0
-16734.0
-16734.0
-16734.0
-16734.0
-16734.0
-16734.0
-16734.0
-16734.0
-16734.0
-16734.0
-16734.0
-16734.0
-16734.0
-16734.0
-16734.0
-16734.0
-16734.0
-16734.0
-16734.0
-16734.0
-16734.0
-16734.0
-16734.0
-16734.0
-16734.0
-16734.0
-16734.0
-16734.0
-16734.0
-16734.0
-16734.0
-16734.0
-16734.0
-16734.0
-16734.0
-16734.0
-16734.0
-16725.0
-16726.0
-16727.0
-16730.0
-16730.0
-16730.0
-16730.0
-16730.0
-16730.0
-16730.0
-16730.0
-16730.0
-16730.0
-16730.0
-16730.0
-16730.0
-16730.0
-16730.0
-16730.0
-16735.0
-16730.0
-16730.0
-16730.0
-16730.0
-16730.0
-16730.0
-16730.0
-16730.0
-16730.0
-16730.0
-16735.0
-16730.0
-16730.0
-16727.0
-16726.0
-16725.0
-16726.0
-16725.0
-16727.0
-16727.0
-16727.0
-16727.0
-16727.0
-16735.0
-16734.0
-16727.0
-16727.0
-16727.0
-16727.0
-16727.0
-16735.0
-16727.0
-16727.0
-16735.0
-16727.0
-16727.0
-16735.0
-16734.0
-16730.0
-16730.0
-16730.0
-16734.0
-16735.0
-16735.0
-16730.0
-16734.0
-16735.0
-16735.0
-16727.0
-16727.0
-16730.0
-16729.0
-16727.0
-16728.0
-16726.0
-16730.0
-16730.0
-16730.0
-16730.0
-16730.0
-16727.0
-16730.0
-16730.0
-16730.0
-16726.0
-16728.0
-16728.0
-16730.0
-16730.0
-16730.0
-16727.0
-16730.0
-16730.0
-16730.0
-16730.0
-16730.0
-16730.0
-16734.0
-16735.0
-16734.0
-16735.0
-16734.0
-16735.0
-16735.0
-16735.0
-16735.0
-16730.0
-16734.0
-16730.0
-16730.0
-16730.0
-16730.0
-16735.0
-16735.0
-16730.0
-16734.0
-16735.0
-16735.0
-16735.0
-16735.0
-16735.0
-16734.0
-16735.0
-16735.0
-16734.0
-16735.0
-16735.0
-16735.0
-16735.0
-16735.0
-16735.0
-16735.0
-16735.0
-16734.0
-16735.0
-16734.0
-16735.0
-16735.0
-16735.0
-16734.0
-16735.0
-16735.0
-16735.0
-16734.0
-16735.0
-16734.0
-16734.0
-16734.0
-16735.0
-16735.0
-16735.0
-16735.0
-16735.0
-16735.0
-16735.0
-16735.0
-16735.0
-16735.0
-16735.0
-16735.0
-16734.0
-16735.0
-16735.0
-16734.0
-16735.0
-16734.0
-16735.0
-16735.0
-16735.0
-16735.0
-16735.0
-16735.0
-16734.0
-16735.0
-16735.0
-16735.0
-16735.0
-16735.0
-16734.0
-16735.0
-16735.0
-16735.0
-16735.0
-16735.0
-16735.0
-16734.0
-16735.0
-16735.0
-16735.0
-16735.0
-16735.0
-16735.0
-16735.0
-16735.0
-16735.0
-16735.0
-16735.0
-16735.0
-16735.0
-16735.0
-16735.0
-16735.0
-16735.0
-16735.0
-16735.0
-16735.0
-16735.0
-16735.0
-16734.0
-16735.0
-16734.0
-16735.0
-16734.0
-16735.0
-16734.0
-16735.0
-16735.0
-16735.0
-16735.0
-16735.0
-16735.0
-16735.0
-16734.0
-16735.0
-16735.0
-16735.0
-16735.0
-16735.0
-16735.0
-16735.0
-16735.0
-16735.0
-16735.0
-16735.0
-16735.0
-16735.0
-16735.0
-16735.0
-16735.0
-16735.0
-16735.0
-16735.0
-16735.0
-16735.0
-16735.0
-16735.0
-16735.0
-16735.0
-16735.0
-16734.0
-16735.0
-16734.0
-16735.0
-16735.0
-16735.0
-16734.0
-16735.0
-16735.0
-16735.0
-16735.0
-16735.0
-16735.0
-16735.0
-16735.0
-16735.0
-16735.0
-16735.0
-16735.0
-16735.0
-16735.0
-16735.0
-16735.0
-16735.0
-16735.0
-16735.0
-16735.0
-16735.0
-16735.0
-16735.0
-16735.0
-16735.0
-16735.0
-16735.0
-16735.0
-16735.0
-16735.0
-16735.0
-16735.0
-16735.0
-16735.0
-16735.0
-16735.0
-16735.0
-16735.0
-16734.0
-16735.0
-16735.0
-16735.0
-16735.0
-16735.0
-16735.0
-16735.0
-16735.0
-16735.0
-16735.0
-16735.0
-16735.0
-16735.0
-16735.0
-16735.0
-16735.0
-16734.0
-16735.0
-16735.0
-16735.0
-16735.0
-16735.0
-16735.0
-16735.0
-16735.0
-16735.0
-16735.0
-16735.0
-16735.0
-16735.0
-16735.0
-16735.0
-16735.0
-16735.0
-16735.0
-16735.0
-16735.0
-16735.0
-16735.0
-16735.0
-16735.0
-16735.0
-16735.0
-16734.0
-16735.0
-16735.0
-16735.0
-16734.0
-16735.0
-16735.0
-16735.0
-16735.0
-16735.0
-16735.0
-16735.0
-16735.0
-16735.0
-16735.0
-16735.0
-16735.0
-16735.0
-16735.0
-16735.0
-16735.0
-16735.0
-16735.0
-16735.0
-16735.0
-16735.0
-16735.0
-16735.0
-16735.0
-16735.0
-16735.0
-16735.0
-16735.0
-16735.0
-16735.0
-16735.0
-16735.0



The list of values average 

-15570.367222222227
-15666.587777777782
-15710.355000000003
-15741.831111111105
-15767.250555555554
-15784.280555555555
-15808.913888888888
-15826.85388888889
-15840.906666666662
-15854.493888888888
-15869.699999999997
-15883.521111111111
-15895.382222222219
-15911.722222222226
-15925.028333333326
-15936.348888888886
-15954.682222222227
-15961.406111111111
-15974.34666666667
-15986.987777777778
-15996.545000000006
-16018.31611111111
-16018.46611111111
-16038.981111111114
-16044.937222222221
-16053.623888888884
-16066.37833333333
-16069.357777777775
-16073.843333333329
-16088.315555555559
-16098.202222222224
-16103.871666666668
-16108.505555555554
-16115.73388888889
-16128.735555555557
-16124.155555555553
-16140.086111111112
-16135.33111111111
-16139.334999999997
-16146.354444444447
-16151.920555555549
-16150.836111111113
-16160.982777777774
-16163.16055555555
-16165.745555555553
-16170.71388888889
-16166.423333333338
-16167.89055555556
-16175.38888888889
-16179.834999999997
-16181.678888888891
-16186.987777777771
-16189.535555555549
-16196.063333333328
-16197.249444444444
-16197.668888888886
-16200.21555555555
-16201.986666666664
-16201.91166666667
-16209.460555555559
-16207.097222222219
-16213.325000000006
-16217.34333333333
-16214.301111111117
-16209.910555555554
-16215.586666666662
-16222.565000000006
-16219.074999999997
-16224.262222222225
-16224.614444444445
-16226.592777777778
-16222.29611111111
-16227.765555555556
-16220.964999999997
-16226.801111111114
-16220.684999999998
-16226.888333333334
-16227.055000000002
-16229.173333333329
-16234.262222222225
-16232.487222222224
-16240.07222222222
-16234.011111111116
-16242.153333333335
-16238.499444444447
-16237.436666666676
-16236.084444444446
-16235.04888888889
-16242.936666666665
-16235.842222222216
-16241.423333333334
-16234.307222222222
-16239.414444444446
-16237.901111111105
-16236.626666666656
-16236.146111111108
-16233.788333333328
-16245.56666666667
-16236.248333333333
-16244.214999999998
-16236.265555555554
-16239.213888888879
-16247.041111111113
-16239.923888888892
-16251.018333333333
-16244.345555555556
-16251.10888888889
-16248.088333333337
-16250.486111111122
-16246.196666666669
-16248.897222222227
-16248.855
-16244.675000000005
-16256.227777777782
-16244.64833333333
-16255.933888888896
-16246.997777777777
-16251.835555555554
-16242.973333333332
-16246.657777777773
-16250.643333333328
-16247.822777777776
-16256.809999999998
-16245.252222222229
-16252.286111111114
-16251.398888888893
-16252.626111111116
-16257.643333333333
-16249.584999999997
-16249.29555555556
-16242.301111111114
-16252.289444444445
-16247.546666666667
-16251.822777777781
-16245.970555555554
-16255.93333333333
-16250.090555555551
-16248.420555555558
-16256.338333333331
-16252.013888888892
-16262.226111111107
-16258.119444444443
-16252.60777777778
-16254.692222222226
-16254.586111111108
-16257.12111111111
-16249.012222222222
-16251.443888888894
-16250.446111111105
-16249.947777777768
-16249.467777777783
-16250.586666666673
-16253.112777777773
-16251.550555555561
-16257.874444444446
-16248.553333333333
-16258.232777777783
-16252.850000000002
-16253.386666666673
-16257.832222222223
-16257.670555555555
-16256.423888888889
-16258.333333333332
-16255.05777777778
-16255.792222222217
-16253.917777777773
-16250.548888888887
-16256.653888888883
-16254.573888888883
-16258.431111111107
-16259.692222222217
-16251.75277777778
-16257.576111111108
-16256.925555555557
-16252.140555555547
-16249.204444444444
-16255.569999999996
-16254.443888888885
-16250.882777777777
-16257.780000000006
-16256.454999999998
-16258.121666666673
-16258.320000000002
-16261.405
-16259.702777777775
-16256.597222222228
-16256.16166666667
-16252.99222222223
-16258.563333333335
-16260.463888888882
-16251.931111111116
-16252.52388888889
-16256.737777777778
-16257.850555555553
-16253.658333333326
-16249.208888888894
-16254.928333333335
-16247.567777777776
-16256.108333333323
-16260.390555555558
-16253.272222222224
-16258.704444444445
-16254.492222222225
-16253.974444444448
-16253.251111111103
-16259.265
-16258.915555555554
-16256.12055555555
-16252.782222222217
-16263.192777777778
-16260.613333333336
-16255.99611111111
-16257.212777777777
-16261.568888888894
-16262.700555555555
-16256.22055555556
-16251.303888888893
-16256.90444444445
-16258.751666666667
-16253.691111111111
-16258.718333333341
-16259.785
-16260.060555555552
-16262.381111111117
-16263.32277777778
-16259.937222222225
-16256.62944444445
-16262.755000000001
-16259.483888888892
-16260.647777777778
-16257.961666666673
-16253.488888888889
-16261.874444444446
-16254.77222222222
-16259.212222222222
-16257.434444444447
-16255.137777777783
-16252.071666666665
-16259.40388888888
-16259.733333333343
-16259.281111111108
-16258.316111111119
-16259.84166666667
-16256.761111111111
-16258.46444444444
-16259.765555555554
-16251.832222222223
-16255.27444444445
-16253.491666666669
-16256.835000000001
-16257.594444444441
-16261.12833333333
-16258.746666666666
-16257.908333333333
-16251.680555555566
-16254.689444444453
-16252.974444444442
-16253.115000000007
-16255.389444444434
-16256.718888888881
-16252.051111111112
-16251.510555555556
-16247.050000000001
-16250.728888888892
-16254.80944444444
-16257.988333333338
-16261.463888888882
-16257.360555555553
-16256.572777777776
-16261.398333333334
-16261.878888888892
-16262.814999999993
-16256.751111111113
-16256.69777777778
-16259.052222222217
-16254.157222222224
-16256.052777777779
-16254.324444444444
-16253.019444444453
-16257.28055555556
-16258.754444444443
-16256.953333333335
-16256.71333333333
-16256.73666666667
-16256.652222222217
-16253.79722222222
-16256.171111111116
-16256.798333333329
-16252.366666666674
-16255.503888888892
-16250.598333333333
-16253.290555555557
-16253.889444444452
-16254.892222222223
-16253.682777777776
-16257.033888888896
-16256.841111111109
-16254.06722222222
-16252.630000000003
-16247.027222222216
-16251.853333333333
-16251.316666666666
-16249.173888888887
-16253.809444444445
-16258.881666666668
-16257.176111111112
-16259.48
-16261.767222222215
-16254.020555555557
-16259.086666666662
-16257.171666666665
-16254.151666666665
-16258.567222222222
-16258.033888888885
-16257.019444444448
-16258.68611111111
-16263.593333333329
-16253.958888888881
-16258.833333333334
-16253.370000000003
-16257.851111111107
-16254.802222222219
-16261.432222222224
-16254.191666666664
-16256.675000000001
-16254.818888888885
-16252.358333333334
-16256.723333333326
-16251.974444444448
-16254.820000000002
-16255.03888888889
-16256.706111111114
-16264.48333333332
-16260.980000000001
-16258.868888888881
-16256.795555555555
-16251.627222222225
-16251.687777777779
-16252.708333333332
-16249.988333333335
-16248.089444444438
-16254.20555555555
-16257.047777777787
-16253.812777777774
-16248.562222222225
-16254.162777777776
-16257.02611111111
-16255.65444444444
-16253.97777777778
-16256.94833333333
-16258.780000000002
-16253.903333333328
-16251.485555555559
-16252.635555555551
-16253.91166666667
-16260.395555555557
-16251.520555555566
-16258.734999999995
-16253.804444444439
-16250.466111111115
-16255.305555555558
-16257.702222222222
-16264.249999999998
-16261.871111111106
-16259.771666666667
-16258.882222222219
-16258.494444444435
-16253.346111111112
-16256.566666666666
-16258.528888888884
-16262.530555555555
-16251.441111111115
-16254.775
-16251.534444444444
-16248.522777777782
-16254.512222222222
-16260.426111111115
-16252.76333333333
-16259.383888888899
-16258.979444444443
-16257.575555555553
-16256.726111111107
-16253.385000000004
-16252.455
-16248.718888888889
-16253.93833333333
-16254.506111111112
-16254.08777777778
-16255.796666666673
-16255.246111111115
-16255.985555555559
-16255.703888888891
-16250.581666666665
-16257.505555555555
-16250.401111111116
-16258.386111111107
-16254.813333333339
-16249.741666666667
-16258.209444444443
-16259.812222222223
-16254.896111111118
-16257.502222222227
-16258.812777777774
-16258.34277777778
-16259.615555555552
-16252.477222222224
-16257.039999999997
-16256.125000000002
-16256.403888888888
-16254.39
-16259.914444444445
-16256.632222222217
-16255.795555555555
-16258.35555555556
-16254.706666666665
-16263.89611111111
-16259.238333333335
-16258.994444444446
-16261.062222222225
-16258.428888888884
-16258.177777777779
-16256.901111111107
-16251.002777777778
-16250.965
-16255.725555555555
-16251.745555555557
-16258.009444444444
-16259.206666666672
-16258.181666666665
-16256.914444444441
-16252.644999999993
-16254.829444444444
-16252.83333333333
-16260.451111111111
-16255.65833333333
-16251.561111111107
-16258.797222222222
-16255.876666666665
-16258.933888888889
-16257.329999999993
-16256.580555555562
-16254.622777777779
-16254.378333333332
-16254.10055555555



The list of best values average 

-16251.63
-16463.970000000005
-16557.46
-16600.050000000003
-16623.910000000003
-16643.760000000006
-16655.739999999998
-16664.259999999987
-16670.499999999996
-16674.850000000002
-16677.839999999993
-16682.339999999997
-16684.599999999995
-16687.12
-16687.599999999995
-16689.729999999996
-16692.199999999993
-16694.099999999995
-16693.839999999997
-16694.09
-16695.75
-16698.42999999999
-16698.429999999997
-16701.359999999997
-16699.92
-16701.599999999995
-16701.48
-16701.409999999993
-16702.899999999998
-16702.079999999998
-16701.96
-16703.149999999998
-16703.359999999997
-16702.91
-16703.52
-16703.519999999997
-16705.09
-16703.83
-16704.179999999993
-16705.129999999997
-16705.199999999993
-16704.799999999996
-16705.130000000005
-16704.819999999992
-16705.859999999997
-16705.769999999997
-16705.149999999994
-16705.819999999996
-16706.869999999995
-16705.84
-16707.089999999993
-16707.019999999997
-16708.26
-16708.359999999997
-16708.839999999997
-16708.58999999999
-16709.009999999987
-16710.399999999998
-16708.57
-16710.35
-16710.339999999993
-16711.259999999995
-16712.61
-16712.16999999999
-16711.779999999995
-16712.08
-16712.920000000002
-16713.460000000003
-16712.929999999997
-16714.739999999994
-16714.909999999996
-16714.239999999998
-16714.149999999994
-16714.949999999997
-16716.609999999993
-16714.85
-16715.909999999996
-16717.149999999998
-16717.559999999998
-16716.32
-16717.179999999997
-16716.869999999995
-16717.64
-16717.690000000002
-16717.350000000002
-16717.870000000003
-16718.40000000001
-16718.220000000005
-16718.83
-16718.930000000004
-16719.37
-16720.11
-16718.420000000006
-16719.280000000002
-16719.62
-16720.409999999996
-16719.42
-16720.140000000003
-16720.84
-16721.160000000003
-16721.420000000002
-16721.450000000004
-16721.390000000003
-16720.97
-16721.070000000003
-16723.120000000003
-16721.71
-16722.450000000004
-16722.590000000004
-16723.290000000005
-16722.430000000008
-16723.370000000003
-16722.570000000003
-16722.84
-16722.350000000002
-16722.830000000005
-16723.550000000007
-16723.020000000008
-16722.420000000002
-16722.860000000004
-16723.06000000001
-16723.11
-16722.410000000003
-16723.530000000006
-16723.780000000006
-16723.250000000004
-16724.030000000002
-16723.090000000004
-16724.700000000004
-16723.81000000001
-16725.19000000001
-16725.030000000006
-16724.780000000006
-16724.57
-16724.310000000005
-16724.27
-16725.480000000007
-16725.25
-16725.880000000005
-16725.15000000001
-16725.220000000012
-16725.100000000002
-16725.309999999994
-16725.340000000004
-16726.090000000004
-16725.850000000006
-16725.600000000002
-16725.220000000005
-16724.270000000004
-16724.460000000006
-16725.320000000003
-16724.850000000002
-16724.790000000005
-16724.510000000006
-16724.900000000005
-16725.030000000002
-16724.780000000006
-16725.320000000003
-16725.230000000007
-16725.540000000008
-16725.450000000004
-16726.800000000007
-16726.700000000008
-16726.700000000008
-16726.520000000008
-16726.700000000004
-16726.980000000003
-16726.930000000008
-16726.380000000005
-16725.49000000001
-16725.070000000007
-16725.740000000005
-16726.030000000006
-16725.070000000007
-16725.95000000001
-16725.720000000005
-16726.430000000008
-16725.74000000001
-16725.56000000001
-16725.66000000001
-16724.90000000001
-16725.72000000001
-16725.290000000008
-16725.550000000003
-16725.520000000004
-16725.380000000005
-16725.680000000004
-16725.530000000006
-16725.890000000007
-16725.420000000002
-16725.970000000005
-16725.840000000004
-16725.850000000006
-16725.930000000004
-16726.14000000001
-16725.83000000001
-16725.38000000001
-16725.590000000007
-16726.110000000004
-16726.22000000001
-16725.950000000008
-16726.13000000001
-16725.950000000008
-16725.80000000001
-16725.820000000007
-16726.07000000001
-16725.260000000006
-16725.540000000005
-16725.92000000001
-16725.670000000006
-16725.710000000006
-16725.790000000008
-16725.72000000001
-16725.59000000001
-16725.46000000001
-16726.110000000008
-16725.710000000003
-16726.120000000006
-16726.07000000001
-16726.130000000005
-16725.720000000005
-16725.78000000001
-16726.11000000001
-16725.800000000007
-16725.740000000013
-16725.110000000008
-16724.72000000001
-16724.52000000001
-16724.40000000001
-16724.860000000008
-16724.930000000004
-16724.750000000007
-16724.520000000008
-16724.680000000008
-16724.660000000007
-16724.88000000001
-16724.610000000008
-16724.410000000003
-16724.590000000007
-16724.960000000006
-16725.020000000008
-16724.91000000001
-16725.30000000001
-16724.91000000001
-16724.99000000001
-16725.31000000001
-16725.170000000006
-16724.760000000006
-16725.180000000008
-16725.37000000001
-16724.840000000004
-16725.100000000006
-16724.760000000006
-16724.550000000003
-16724.460000000006
-16724.750000000007
-16724.620000000006
-16724.510000000006
-16724.420000000002
-16724.08
-16724.330000000005
-16724.370000000006
-16724.370000000006
-16724.970000000005
-16724.530000000006
-16724.050000000003
-16724.350000000006
-16724.060000000005
-16724.22000000001
-16724.300000000007
-16723.840000000004
-16723.960000000006
-16723.330000000005
-16723.620000000003
-16723.350000000002
-16723.56000000001
-16723.530000000006
-16723.190000000006
-16723.480000000007
-16723.440000000006
-16723.210000000006
-16723.330000000005
-16723.38000000001
-16723.430000000008
-16723.440000000006
-16723.260000000006
-16723.120000000006
-16722.980000000007
-16723.360000000008
-16723.070000000007
-16722.99000000001
-16722.74000000001
-16723.290000000008
-16723.26000000001
-16723.22000000001
-16723.140000000007
-16723.320000000007
-16723.250000000007
-16723.010000000006
-16722.83000000001
-16722.710000000006
-16723.210000000006
-16723.15000000001
-16723.03000000001
-16722.920000000002
-16723.270000000008
-16723.130000000005
-16723.440000000006
-16723.450000000004
-16723.370000000006
-16723.450000000008
-16723.260000000002
-16723.610000000004
-16723.65000000001
-16723.51000000001
-16723.680000000008
-16723.670000000006
-16723.580000000005
-16723.33000000001
-16723.60000000001
-16723.72000000001
-16723.280000000006
-16723.360000000008
-16723.210000000006
-16723.37000000001
-16723.030000000006
-16723.13000000001
-16723.230000000007
-16722.980000000007
-16723.390000000003
-16723.22000000001
-16723.250000000007
-16723.100000000006
-16722.660000000003
-16722.820000000003
-16722.820000000003
-16722.910000000003
-16722.640000000007
-16722.570000000007
-16722.430000000004
-16722.510000000002
-16722.290000000005
-16722.880000000005
-16722.700000000004
-16722.760000000006
-16722.550000000007
-16722.120000000003
-16722.190000000002
-16722.010000000006
-16722.090000000004
-16722.330000000005
-16722.070000000003
-16721.710000000003
-16721.940000000002
-16721.920000000006
-16722.020000000008
-16721.7
-16721.670000000006
-16721.750000000004
-16721.730000000007
-16721.750000000004
-16721.940000000006
-16721.920000000006
-16721.620000000006
-16721.620000000006
-16721.690000000002
-16721.870000000003
-16721.790000000005
-16721.800000000007
-16721.820000000007
-16721.620000000003
-16721.380000000005
-16721.230000000007
-16721.360000000004
-16721.380000000005
-16721.420000000002
-16721.270000000004
-16721.580000000005
-16721.430000000004
-16721.470000000005
-16721.480000000003
-16721.650000000005
-16721.630000000005
-16721.570000000003
-16721.770000000004
-16721.840000000004
-16721.770000000004
-16722.030000000006
-16721.810000000005
-16721.600000000006
-16721.430000000004
-16721.10000000001
-16721.130000000005
-16721.120000000006
-16721.130000000005
-16721.310000000005
-16721.110000000004
-16721.070000000003
-16721.010000000006
-16721.180000000008
-16721.140000000003
-16721.140000000003
-16721.190000000006
-16721.270000000004
-16721.180000000008
-16721.000000000007
-16721.160000000007
-16721.430000000008
-16721.350000000006
-16721.280000000006
-16721.330000000005
-16721.440000000006
-16721.300000000007
-16721.280000000006
-16721.070000000007
-16721.05000000001
-16721.020000000008
-16720.990000000005
-16721.000000000007
-16721.080000000005
-16720.920000000006
-16720.930000000008
-16721.01000000001
-16721.000000000007
-16721.120000000006
-16721.230000000007
-16721.170000000006
-16720.920000000006
-16720.940000000006
-16721.030000000006
-16721.110000000008
-16721.080000000005
-16721.040000000005
-16721.010000000006
-16720.99000000001
-16721.150000000005
-16721.140000000007
-16720.770000000008
-16721.040000000005
-16720.720000000005
-16720.730000000007
-16721.050000000007
-16720.800000000007
-16720.720000000005
