----------Report of simulation of Path Integral Quantum Monte Carlo-----------
The number of considered Spin 178
The considered Annealing Duration 712
The considered Annealing Number 100
The considered T 1.0
The considered Gamma0 1.0
The considered Number Of Replica 18
The solution found [ 1 -1  1  1 -1 -1 -1  1  1  1 -1 -1 -1  1 -1  1  1  1  1  1 -1 -1  1 -1
 -1 -1 -1  1  1  1  1  1 -1  1  1  1 -1 -1  1 -1 -1  1 -1 -1 -1  1  1  1
  1 -1 -1 -1  1 -1 -1 -1  1  1  1  1 -1 -1 -1  1 -1  1  1 -1 -1 -1 -1  1
  1 -1 -1  1 -1 -1 -1  1 -1  1 -1  1  1  1 -1  1 -1  1  1  1  1 -1  1 -1
  1  1  1 -1  1 -1  1 -1 -1 -1  1  1  1 -1  1  1  1 -1 -1  1 -1 -1  1  1
 -1 -1  1 -1 -1 -1  1 -1 -1  1  1 -1  1  1 -1  1 -1 -1 -1  1  1  1 -1 -1
  1  1 -1 -1  1 -1 -1 -1 -1 -1 -1  1 -1 -1  1 -1  1 -1  1  1 -1  1  1  1
  1 -1 -1 -1  1  1  1  1  1 -1]
The value found -42710.0
The Success probability is 0.14
The average value is -42671.79
The total execution time is 12347.610829353333
The average time for execution is 123.47610616445542
The average time for system update is 0.17337402275773917
The average time for replica update is 0.009631613578354375
The average time for spin update is 5.388379031455623e-05
The list of values found 

-42610.0
-42671.0
-42666.0
-42682.0
-42667.0
-42673.0
-42671.0
-42676.0
-42710.0
-42620.0
-42671.0
-42710.0
-42669.0
-42710.0
-42672.0
-42676.0
-42676.0
-42656.0
-42669.0
-42676.0
-42672.0
-42666.0
-42671.0
-42682.0
-42671.0
-42710.0
-42666.0
-42710.0
-42657.0
-42672.0
-42710.0
-42673.0
-42689.0
-42665.0
-42668.0
-42638.0
-42710.0
-42710.0
-42676.0
-42682.0
-42668.0
-42657.0
-42634.0
-42660.0
-42624.0
-42686.0
-42666.0
-42618.0
-42671.0
-42658.0
-42710.0
-42710.0
-42676.0
-42710.0
-42671.0
-42634.0
-42676.0
-42671.0
-42672.0
-42682.0
-42658.0
-42632.0
-42671.0
-42672.0
-42672.0
-42682.0
-42710.0
-42666.0
-42668.0
-42623.0
-42672.0
-42682.0
-42670.0
-42672.0
-42676.0
-42665.0
-42710.0
-42682.0
-42672.0
-42635.0
-42676.0
-42689.0
-42656.0
-42665.0
-42676.0
-42676.0
-42676.0
-42682.0
-42710.0
-42671.0
-42682.0
-42636.0
-42682.0
-42682.0
-42666.0
-42624.0
-42676.0
-42676.0
-42633.0
-42672.0



The list of values first execution 

-40149.5
-40188.72222222222
-40151.444444444445
-40226.72222222222
-40358.27777777778
-40445.5
-40510.555555555555
-40621.38888888889
-40780.944444444445
-40873.055555555555
-40987.944444444445
-41140.555555555555
-41217.61111111111
-41387.666666666664
-41474.944444444445
-41551.555555555555
-41670.27777777778
-41774.5
-41794.666666666664
-41863.11111111111
-42016.11111111111
-42071.055555555555
-42069.0
-42171.666666666664
-42198.22222222222
-42270.38888888889
-42287.88888888889
-42365.72222222222
-42401.22222222222
-42434.666666666664
-42438.944444444445
-42462.38888888889
-42489.27777777778
-42490.11111111111
-42486.166666666664
-42477.166666666664
-42483.833333333336
-42503.38888888889
-42513.0
-42505.11111111111
-42501.72222222222
-42520.5
-42513.333333333336
-42520.0
-42524.055555555555
-42532.27777777778
-42541.27777777778
-42548.38888888889
-42543.61111111111
-42553.555555555555
-42553.77777777778
-42559.88888888889
-42568.0
-42565.77777777778
-42561.72222222222
-42561.166666666664
-42567.72222222222
-42575.11111111111
-42581.166666666664
-42583.333333333336
-42594.61111111111
-42596.88888888889
-42602.0
-42600.61111111111
-42601.0
-42600.22222222222
-42603.166666666664
-42604.5
-42604.166666666664
-42602.555555555555
-42605.5
-42606.333333333336
-42607.0
-42608.22222222222
-42609.77777777778
-42609.77777777778
-42609.77777777778
-42609.77777777778
-42609.77777777778
-42609.77777777778
-42609.77777777778
-42609.77777777778
-42609.77777777778
-42609.666666666664
-42609.77777777778
-42609.77777777778
-42609.833333333336
-42609.833333333336
-42609.944444444445
-42609.944444444445
-42609.944444444445
-42609.944444444445
-42609.944444444445
-42609.944444444445
-42609.944444444445
-42609.944444444445
-42609.944444444445
-42609.944444444445
-42609.944444444445
-42609.944444444445
-42609.944444444445
-42609.944444444445
-42609.88888888889
-42609.944444444445
-42609.944444444445
-42609.944444444445
-42609.944444444445
-42609.944444444445
-42609.944444444445
-42609.944444444445
-42609.944444444445
-42609.944444444445
-42609.944444444445
-42609.944444444445
-42609.944444444445
-42609.944444444445
-42610.0
-42610.0
-42610.0
-42610.0
-42610.0
-42610.0
-42610.0
-42610.0
-42610.0
-42610.0
-42610.0
-42610.0
-42610.0
-42610.0
-42610.0
-42610.0
-42610.0
-42610.0
-42610.0
-42610.0
-42610.0
-42610.0
-42610.0
-42610.0
-42610.0
-42610.0
-42610.0
-42610.0
-42610.0
-42610.0
-42610.0
-42610.0
-42610.0
-42610.0
-42610.0
-42610.0
-42610.0
-42610.0
-42610.0
-42610.0
-42610.0
-42610.0
-42610.0
-42610.0
-42610.0
-42610.0
-42610.0
-42610.0
-42610.0
-42610.0
-42610.0
-42610.0
-42610.0
-42610.0
-42610.0
-42610.0
-42610.0
-42610.0
-42610.0
-42610.0
-42610.0
-42610.0
-42610.0
-42610.0
-42610.0
-42610.0
-42610.0
-42610.0
-42610.0
-42610.0
-42610.0
-42610.0
-42610.0
-42610.0
-42610.0
-42610.0
-42610.0
-42610.0
-42610.0
-42610.0
-42610.0
-42610.0
-42610.0
-42610.0
-42610.0
-42610.0
-42610.0
-42610.0
-42610.0
-42610.0
-42610.0
-42610.0
-42610.0
-42610.0
-42610.0
-42610.0
-42610.0
-42610.0
-42610.0
-42610.0
-42610.0
-42610.0
-42610.0
-42610.0
-42610.0
-42610.0
-42610.0
-42610.0
-42610.0
-42610.0
-42610.0
-42610.0
-42610.0
-42610.0
-42610.0
-42610.0
-42610.0
-42610.0
-42610.0
-42610.0
-42610.0
-42610.0
-42610.0
-42610.0
-42610.0
-42610.0
-42610.0
-42610.0
-42610.0
-42610.0
-42610.0
-42610.0
-42610.0
-42610.0
-42610.0
-42610.0
-42610.0
-42610.0
-42610.0
-42610.0
-42610.0
-42610.0
-42610.0
-42610.0
-42610.0
-42610.0
-42610.0
-42610.0
-42610.0
-42610.0
-42610.0
-42610.0
-42610.0
-42610.0
-42610.0
-42610.0
-42610.0
-42610.0
-42610.0
-42610.0
-42610.0
-42610.0
-42610.0
-42610.0
-42610.0
-42610.0
-42610.0
-42610.0
-42610.0
-42610.0
-42610.0
-42610.0
-42610.0
-42610.0
-42610.0
-42610.0
-42610.0
-42610.0
-42610.0
-42610.0
-42610.0
-42610.0
-42610.0
-42610.0
-42610.0
-42610.0
-42610.0
-42610.0
-42610.0
-42610.0
-42610.0
-42610.0
-42610.0
-42610.0
-42610.0
-42610.0
-42610.0
-42610.0
-42610.0
-42610.0
-42610.0
-42610.0
-42610.0
-42610.0
-42610.0
-42610.0
-42610.0
-42610.0
-42610.0
-42610.0
-42610.0
-42610.0
-42610.0
-42610.0
-42610.0
-42610.0
-42610.0
-42610.0
-42610.0
-42610.0
-42610.0
-42610.0
-42610.0
-42610.0
-42610.0
-42610.0
-42610.0
-42610.0
-42610.0
-42610.0
-42610.0
-42610.0
-42610.0
-42610.0
-42610.0
-42610.0
-42610.0
-42610.0
-42610.0
-42610.0
-42610.0
-42610.0
-42610.0
-42610.0
-42610.0
-42610.0
-42610.0
-42610.0
-42610.0
-42610.0
-42610.0
-42610.0
-42610.0
-42610.0
-42610.0
-42610.0
-42610.0
-42610.0
-42610.0
-42610.0
-42610.0
-42610.0
-42610.0
-42610.0
-42610.0
-42610.0
-42610.0
-42610.0
-42610.0
-42610.0
-42610.0
-42610.0
-42610.0
-42610.0
-42610.0
-42610.0
-42610.0
-42610.0
-42610.0
-42610.0
-42610.0
-42610.0
-42610.0
-42610.0
-42610.0
-42610.0
-42610.0
-42610.0
-42610.0
-42610.0
-42610.0
-42610.0
-42610.0
-42610.0
-42610.0
-42610.0
-42610.0
-42610.0
-42610.0
-42610.0
-42610.0
-42610.0
-42610.0
-42610.0
-42610.0
-42610.0
-42610.0
-42610.0
-42610.0
-42610.0
-42610.0
-42610.0
-42610.0
-42610.0
-42610.0
-42610.0
-42610.0
-42610.0
-42610.0
-42610.0
-42610.0
-42610.0
-42610.0
-42610.0
-42610.0
-42610.0
-42610.0
-42610.0
-42610.0
-42610.0
-42610.0
-42610.0
-42610.0
-42610.0
-42610.0
-42610.0
-42610.0
-42610.0
-42610.0
-42610.0
-42610.0
-42610.0
-42610.0
-42610.0
-42610.0
-42610.0
-42610.0
-42610.0
-42610.0
-42610.0
-42610.0
-42610.0
-42610.0
-42610.0
-42610.0
-42610.0
-42610.0
-42610.0
-42610.0
-42610.0
-42610.0
-42610.0
-42610.0
-42610.0
-42610.0
-42610.0
-42610.0
-42610.0
-42610.0
-42610.0
-42610.0
-42610.0
-42610.0
-42610.0
-42610.0
-42610.0
-42610.0
-42610.0
-42610.0
-42610.0
-42610.0
-42610.0
-42610.0
-42610.0
-42610.0
-42610.0
-42610.0
-42610.0
-42610.0
-42610.0
-42610.0
-42610.0
-42610.0
-42610.0
-42610.0
-42610.0
-42610.0
-42610.0
-42610.0
-42610.0
-42610.0
-42610.0
-42610.0
-42610.0
-42610.0
-42610.0
-42610.0
-42610.0
-42610.0
-42610.0
-42610.0
-42610.0
-42610.0
-42610.0
-42610.0
-42610.0
-42610.0
-42610.0
-42610.0
-42610.0
-42610.0
-42610.0
-42610.0
-42610.0
-42610.0
-42610.0
-42610.0
-42610.0
-42610.0
-42610.0
-42610.0
-42610.0
-42610.0
-42610.0
-42610.0
-42610.0
-42610.0
-42610.0
-42610.0
-42610.0
-42610.0
-42610.0
-42610.0
-42610.0
-42610.0
-42610.0
-42610.0
-42610.0
-42610.0
-42610.0
-42610.0
-42610.0
-42610.0
-42610.0
-42610.0
-42610.0
-42610.0
-42610.0
-42610.0
-42610.0
-42610.0
-42610.0
-42610.0
-42610.0
-42610.0
-42610.0
-42610.0
-42610.0
-42610.0
-42610.0
-42610.0
-42610.0
-42610.0
-42610.0
-42610.0
-42610.0
-42610.0
-42610.0
-42610.0
-42610.0
-42610.0
-42610.0
-42610.0
-42610.0
-42610.0
-42610.0
-42610.0
-42610.0
-42610.0
-42610.0
-42610.0
-42610.0
-42610.0
-42610.0
-42610.0
-42610.0
-42610.0
-42610.0
-42610.0
-42610.0
-42610.0
-42610.0
-42610.0
-42610.0
-42610.0
-42610.0
-42610.0
-42610.0
-42610.0
-42610.0
-42610.0
-42610.0
-42610.0
-42610.0
-42610.0
-42610.0
-42610.0
-42610.0
-42610.0
-42610.0
-42610.0
-42610.0
-42610.0
-42610.0
-42610.0
-42610.0
-42610.0
-42610.0
-42610.0
-42610.0
-42610.0
-42610.0
-42610.0
-42610.0
-42610.0
-42610.0
-42610.0
-42610.0
-42610.0
-42610.0
-42610.0
-42610.0
-42610.0
-42610.0
-42610.0
-42610.0
-42610.0
-42610.0
-42610.0
-42610.0
-42610.0
-42610.0
-42610.0
-42610.0
-42610.0
-42610.0
-42610.0
-42610.0
-42610.0
-42610.0
-42610.0
-42610.0
-42610.0
-42610.0
-42610.0
-42610.0
-42610.0
-42610.0
-42610.0
-42610.0
-42610.0
-42610.0
-42610.0
-42610.0
-42610.0
-42610.0
-42610.0
-42610.0
-42610.0
-42610.0
-42610.0
-42610.0
-42610.0
-42610.0
-42610.0
-42610.0
-42610.0
-42610.0
-42610.0
-42610.0
-42610.0
-42610.0
-42610.0
-42610.0
-42610.0
-42610.0



The list of best values first execution 

-40643.0
-40637.0
-40520.0
-40551.0
-40682.0
-40825.0
-40882.0
-41054.0
-41189.0
-41223.0
-41410.0
-41511.0
-41586.0
-41768.0
-41674.0
-41814.0
-42101.0
-42150.0
-42247.0
-42113.0
-42249.0
-42200.0
-42370.0
-42468.0
-42415.0
-42405.0
-42410.0
-42509.0
-42508.0
-42509.0
-42545.0
-42538.0
-42535.0
-42548.0
-42551.0
-42544.0
-42540.0
-42541.0
-42576.0
-42561.0
-42554.0
-42564.0
-42553.0
-42553.0
-42577.0
-42587.0
-42587.0
-42587.0
-42587.0
-42577.0
-42587.0
-42587.0
-42587.0
-42587.0
-42587.0
-42589.0
-42599.0
-42601.0
-42602.0
-42602.0
-42608.0
-42610.0
-42610.0
-42610.0
-42609.0
-42610.0
-42610.0
-42610.0
-42610.0
-42610.0
-42610.0
-42610.0
-42610.0
-42610.0
-42610.0
-42610.0
-42610.0
-42610.0
-42610.0
-42610.0
-42610.0
-42610.0
-42610.0
-42610.0
-42610.0
-42610.0
-42610.0
-42610.0
-42610.0
-42610.0
-42610.0
-42610.0
-42610.0
-42610.0
-42610.0
-42610.0
-42610.0
-42610.0
-42610.0
-42610.0
-42610.0
-42610.0
-42610.0
-42610.0
-42610.0
-42610.0
-42610.0
-42610.0
-42610.0
-42610.0
-42610.0
-42610.0
-42610.0
-42610.0
-42610.0
-42610.0
-42610.0
-42610.0
-42610.0
-42610.0
-42610.0
-42610.0
-42610.0
-42610.0
-42610.0
-42610.0
-42610.0
-42610.0
-42610.0
-42610.0
-42610.0
-42610.0
-42610.0
-42610.0
-42610.0
-42610.0
-42610.0
-42610.0
-42610.0
-42610.0
-42610.0
-42610.0
-42610.0
-42610.0
-42610.0
-42610.0
-42610.0
-42610.0
-42610.0
-42610.0
-42610.0
-42610.0
-42610.0
-42610.0
-42610.0
-42610.0
-42610.0
-42610.0
-42610.0
-42610.0
-42610.0
-42610.0
-42610.0
-42610.0
-42610.0
-42610.0
-42610.0
-42610.0
-42610.0
-42610.0
-42610.0
-42610.0
-42610.0
-42610.0
-42610.0
-42610.0
-42610.0
-42610.0
-42610.0
-42610.0
-42610.0
-42610.0
-42610.0
-42610.0
-42610.0
-42610.0
-42610.0
-42610.0
-42610.0
-42610.0
-42610.0
-42610.0
-42610.0
-42610.0
-42610.0
-42610.0
-42610.0
-42610.0
-42610.0
-42610.0
-42610.0
-42610.0
-42610.0
-42610.0
-42610.0
-42610.0
-42610.0
-42610.0
-42610.0
-42610.0
-42610.0
-42610.0
-42610.0
-42610.0
-42610.0
-42610.0
-42610.0
-42610.0
-42610.0
-42610.0
-42610.0
-42610.0
-42610.0
-42610.0
-42610.0
-42610.0
-42610.0
-42610.0
-42610.0
-42610.0
-42610.0
-42610.0
-42610.0
-42610.0
-42610.0
-42610.0
-42610.0
-42610.0
-42610.0
-42610.0
-42610.0
-42610.0
-42610.0
-42610.0
-42610.0
-42610.0
-42610.0
-42610.0
-42610.0
-42610.0
-42610.0
-42610.0
-42610.0
-42610.0
-42610.0
-42610.0
-42610.0
-42610.0
-42610.0
-42610.0
-42610.0
-42610.0
-42610.0
-42610.0
-42610.0
-42610.0
-42610.0
-42610.0
-42610.0
-42610.0
-42610.0
-42610.0
-42610.0
-42610.0
-42610.0
-42610.0
-42610.0
-42610.0
-42610.0
-42610.0
-42610.0
-42610.0
-42610.0
-42610.0
-42610.0
-42610.0
-42610.0
-42610.0
-42610.0
-42610.0
-42610.0
-42610.0
-42610.0
-42610.0
-42610.0
-42610.0
-42610.0
-42610.0
-42610.0
-42610.0
-42610.0
-42610.0
-42610.0
-42610.0
-42610.0
-42610.0
-42610.0
-42610.0
-42610.0
-42610.0
-42610.0
-42610.0
-42610.0
-42610.0
-42610.0
-42610.0
-42610.0
-42610.0
-42610.0
-42610.0
-42610.0
-42610.0
-42610.0
-42610.0
-42610.0
-42610.0
-42610.0
-42610.0
-42610.0
-42610.0
-42610.0
-42610.0
-42610.0
-42610.0
-42610.0
-42610.0
-42610.0
-42610.0
-42610.0
-42610.0
-42610.0
-42610.0
-42610.0
-42610.0
-42610.0
-42610.0
-42610.0
-42610.0
-42610.0
-42610.0
-42610.0
-42610.0
-42610.0
-42610.0
-42610.0
-42610.0
-42610.0
-42610.0
-42610.0
-42610.0
-42610.0
-42610.0
-42610.0
-42610.0
-42610.0
-42610.0
-42610.0
-42610.0
-42610.0
-42610.0
-42610.0
-42610.0
-42610.0
-42610.0
-42610.0
-42610.0
-42610.0
-42610.0
-42610.0
-42610.0
-42610.0
-42610.0
-42610.0
-42610.0
-42610.0
-42610.0
-42610.0
-42610.0
-42610.0
-42610.0
-42610.0
-42610.0
-42610.0
-42610.0
-42610.0
-42610.0
-42610.0
-42610.0
-42610.0
-42610.0
-42610.0
-42610.0
-42610.0
-42610.0
-42610.0
-42610.0
-42610.0
-42610.0
-42610.0
-42610.0
-42610.0
-42610.0
-42610.0
-42610.0
-42610.0
-42610.0
-42610.0
-42610.0
-42610.0
-42610.0
-42610.0
-42610.0
-42610.0
-42610.0
-42610.0
-42610.0
-42610.0
-42610.0
-42610.0
-42610.0
-42610.0
-42610.0
-42610.0
-42610.0
-42610.0
-42610.0
-42610.0
-42610.0
-42610.0
-42610.0
-42610.0
-42610.0
-42610.0
-42610.0
-42610.0
-42610.0
-42610.0
-42610.0
-42610.0
-42610.0
-42610.0
-42610.0
-42610.0
-42610.0
-42610.0
-42610.0
-42610.0
-42610.0
-42610.0
-42610.0
-42610.0
-42610.0
-42610.0
-42610.0
-42610.0
-42610.0
-42610.0
-42610.0
-42610.0
-42610.0
-42610.0
-42610.0
-42610.0
-42610.0
-42610.0
-42610.0
-42610.0
-42610.0
-42610.0
-42610.0
-42610.0
-42610.0
-42610.0
-42610.0
-42610.0
-42610.0
-42610.0
-42610.0
-42610.0
-42610.0
-42610.0
-42610.0
-42610.0
-42610.0
-42610.0
-42610.0
-42610.0
-42610.0
-42610.0
-42610.0
-42610.0
-42610.0
-42610.0
-42610.0
-42610.0
-42610.0
-42610.0
-42610.0
-42610.0
-42610.0
-42610.0
-42610.0
-42610.0
-42610.0
-42610.0
-42610.0
-42610.0
-42610.0
-42610.0
-42610.0
-42610.0
-42610.0
-42610.0
-42610.0
-42610.0
-42610.0
-42610.0
-42610.0
-42610.0
-42610.0
-42610.0
-42610.0
-42610.0
-42610.0
-42610.0
-42610.0
-42610.0
-42610.0
-42610.0
-42610.0
-42610.0
-42610.0
-42610.0
-42610.0
-42610.0
-42610.0
-42610.0
-42610.0
-42610.0
-42610.0
-42610.0
-42610.0
-42610.0
-42610.0
-42610.0
-42610.0
-42610.0
-42610.0
-42610.0
-42610.0
-42610.0
-42610.0
-42610.0
-42610.0
-42610.0
-42610.0
-42610.0
-42610.0
-42610.0
-42610.0
-42610.0
-42610.0
-42610.0
-42610.0
-42610.0
-42610.0
-42610.0
-42610.0
-42610.0
-42610.0
-42610.0
-42610.0
-42610.0
-42610.0
-42610.0
-42610.0
-42610.0
-42610.0
-42610.0
-42610.0
-42610.0
-42610.0
-42610.0
-42610.0
-42610.0
-42610.0
-42610.0
-42610.0
-42610.0
-42610.0
-42610.0
-42610.0
-42610.0
-42610.0
-42610.0
-42610.0
-42610.0
-42610.0
-42610.0
-42610.0
-42610.0
-42610.0
-42610.0
-42610.0
-42610.0
-42610.0
-42610.0
-42610.0
-42610.0
-42610.0
-42610.0
-42610.0
-42610.0
-42610.0
-42610.0
-42610.0
-42610.0
-42610.0
-42610.0
-42610.0
-42610.0
-42610.0
-42610.0
-42610.0
-42610.0
-42610.0
-42610.0
-42610.0
-42610.0
-42610.0
-42610.0
-42610.0
-42610.0
-42610.0
-42610.0
-42610.0
-42610.0
-42610.0
-42610.0
-42610.0
-42610.0
-42610.0
-42610.0
-42610.0
-42610.0
-42610.0
-42610.0
-42610.0
-42610.0
-42610.0
-42610.0
-42610.0
-42610.0
-42610.0
-42610.0
-42610.0
-42610.0
-42610.0
-42610.0
-42610.0
-42610.0
-42610.0
-42610.0
-42610.0
-42610.0
-42610.0
-42610.0
-42610.0
-42610.0
-42610.0
-42610.0
-42610.0
-42610.0
-42610.0
-42610.0
-42610.0
-42610.0
-42610.0
-42610.0
-42610.0
-42610.0
-42610.0
-42610.0
-42610.0
-42610.0
-42610.0
-42610.0
-42610.0
-42610.0
-42610.0
-42610.0
-42610.0
-42610.0
-42610.0
-42610.0
-42610.0
-42610.0
-42610.0
-42610.0
-42610.0
-42610.0
-42610.0



The list of values average 

-40091.02888888887
-40151.561666666654
-40226.20833333332
-40291.893888888895
-40370.96722222222
-40447.54388888889
-40530.145555555566
-40611.74333333333
-40710.78555555556
-40790.66777777779
-40888.92833333333
-40983.378888888874
-41101.75277777779
-41215.806666666664
-41340.232777777775
-41458.769444444435
-41580.65166666666
-41699.87555555556
-41803.14
-41902.30555555557
-41982.465000000026
-42058.17
-42121.80166666667
-42175.13444444443
-42221.13166666667
-42260.968333333316
-42304.08500000001
-42337.357222222214
-42366.4611111111
-42393.4927777778
-42412.407777777764
-42433.80444444444
-42449.9961111111
-42466.98222222222
-42482.09944444446
-42496.01055555554
-42504.51555555556
-42515.904444444444
-42524.78111111112
-42532.20888888889
-42540.83055555555
-42547.40166666667
-42553.834444444445
-42559.99444444445
-42564.03388888888
-42570.738333333335
-42573.751111111094
-42579.80944444446
-42586.560000000005
-42591.65833333334
-42595.38611111112
-42598.272222222215
-42601.55944444446
-42604.78444444444
-42609.23055555554
-42611.369999999995
-42612.95611111108
-42616.11555555555
-42618.755000000005
-42620.349444444415
-42622.204444444455
-42624.308333333334
-42627.08777777776
-42628.60555555555
-42629.804444444446
-42632.03722222221
-42633.89111111111
-42635.9838888889
-42636.848333333335
-42639.18222222222
-42640.1511111111
-42641.854444444434
-42641.85000000001
-42643.949444444435
-42644.438888888886
-42645.116666666676
-42646.41722222221
-42647.70055555556
-42648.86611111111
-42649.32555555556
-42650.73000000002
-42650.95388888888
-42651.54777777777
-42652.04166666668
-42652.988888888896
-42653.91388888891
-42654.52277777779
-42654.8538888889
-42655.45722222223
-42655.986666666664
-42656.0861111111
-42656.17666666667
-42656.23055555555
-42656.39222222222
-42657.194999999985
-42657.80111111111
-42658.24944444443
-42658.083333333336
-42658.62277777776
-42659.364999999976
-42659.002222222196
-42659.49277777776
-42659.508888888886
-42659.90388888887
-42660.13555555554
-42660.70277777779
-42660.80944444445
-42660.95722222223
-42660.71666666666
-42660.58833333332
-42661.28166666666
-42661.50111111111
-42662.09944444442
-42662.10555555556
-42662.647777777776
-42662.586666666655
-42662.611111111095
-42662.64277777778
-42662.96444444445
-42663.0211111111
-42663.04944444445
-42663.14444444444
-42663.48166666668
-42663.219444444425
-42663.70388888888
-42664.047222222216
-42663.93944444444
-42663.82222222221
-42664.125555555554
-42663.986111111095
-42664.173888888894
-42664.01277777778
-42663.77333333334
-42664.145
-42664.16166666666
-42664.36722222222
-42664.52166666668
-42664.26944444443
-42664.61222222221
-42664.435555555545
-42664.754444444436
-42664.8
-42664.930555555555
-42664.69722222222
-42664.821666666656
-42664.94555555556
-42665.07166666668
-42665.072222222225
-42665.2488888889
-42665.15777777777
-42665.15888888888
-42665.268333333326
-42665.41722222222
-42665.32055555556
-42665.45055555554
-42665.54277777779
-42665.46166666666
-42665.63888888889
-42665.592777777776
-42665.57611111111
-42665.518333333326
-42665.51944444445
-42665.58166666667
-42665.58277777778
-42665.395000000004
-42665.36500000001
-42665.43
-42665.52166666666
-42665.478333333354
-42665.57611111112
-42665.68944444445
-42665.71388888888
-42665.82722222223
-42665.89555555555
-42665.968888888885
-42666.04944444445
-42666.054444444446
-42666.05055555557
-42666.04555555557
-42666.101111111115
-42666.048888888894
-42666.12500000001
-42666.227777777785
-42666.250000000015
-42666.19111111111
-42666.133888888886
-42666.353888888894
-42666.37111111111
-42666.361666666664
-42666.17111111112
-42666.343333333345
-42666.31722222222
-42666.26500000001
-42666.358888888906
-42666.22444444446
-42666.26833333333
-42666.22277777779
-42666.267777777786
-42666.192777777775
-42666.2088888889
-42666.45111111112
-42666.318333333336
-42666.475000000006
-42666.43611111112
-42666.4738888889
-42666.530555555575
-42666.62499999999
-42666.495
-42666.495
-42666.497222222235
-42666.505000000005
-42666.463888888895
-42666.47722222223
-42666.561666666676
-42666.528333333335
-42666.68277777779
-42666.64277777778
-42666.63777777779
-42666.67611111113
-42666.645000000004
-42666.69111111111
-42666.65055555557
-42666.66222222222
-42666.63222222224
-42666.56500000002
-42666.59
-42666.53166666667
-42666.526111111125
-42666.60666666666
-42666.60611111111
-42666.60666666669
-42666.691111111126
-42666.615
-42666.67833333334
-42666.712222222224
-42666.764444444445
-42666.67333333335
-42666.70388888891
-42666.677222222235
-42666.69500000001
-42666.748333333344
-42666.78777777778
-42666.79500000001
-42666.76944444445
-42666.78777777778
-42666.74777777779
-42666.72500000001
-42666.71777777779
-42666.74833333333
-42666.758333333346
-42666.7788888889
-42666.775
-42666.773333333345
-42666.779444444444
-42666.843888888885
-42666.775
-42666.819444444445
-42666.76
-42666.81777777779
-42666.78333333334
-42666.78555555556
-42666.76666666666
-42666.74777777778
-42666.77333333333
-42666.72055555555
-42666.750000000015
-42666.76833333334
-42666.80166666666
-42666.848333333335
-42666.849444444444
-42666.82611111111
-42666.854444444434
-42666.87111111111
-42666.828888888886
-42666.82611111111
-42666.82833333334
-42666.866111111114
-42666.88388888891
-42666.86944444445
-42666.886111111126
-42666.877222222225
-42666.89944444445
-42666.86722222222
-42666.889444444445
-42666.87277777779
-42666.871111111126
-42666.83666666667
-42666.87777777779
-42666.88333333334
-42666.84388888889
-42666.86055555556
-42666.837222222224
-42666.8438888889
-42666.851111111115
-42666.87500000001
-42666.87333333333
-42666.906111111115
-42666.96
-42666.933333333334
-42666.94944444444
-42666.896111111106
-42666.921111111114
-42666.907222222224
-42666.811666666676
-42666.881666666675
-42666.87777777779
-42666.88111111111
-42666.94666666666
-42666.90222222223
-42666.92777777778
-42666.899444444454
-42666.92166666667
-42666.90166666667
-42666.93277777778
-42666.926111111105
-42666.94611111111
-42666.94222222223
-42666.933333333334
-42666.9088888889
-42666.924999999996
-42666.969444444454
-42666.946111111116
-42666.962777777786
-42666.965000000004
-42666.92055555555
-42666.95722222222
-42666.91777777777
-42667.00000000001
-42666.98888888888
-42667.008888888886
-42666.975
-42666.96222222222
-42666.97611111113
-42666.99444444445
-42666.95444444445
-42666.98277777777
-42666.98111111112
-42667.00888888888
-42666.98722222222
-42666.969444444454
-42666.95555555556
-42666.9388888889
-42666.96166666667
-42666.95055555555
-42666.940555555564
-42666.924444444434
-42666.947222222225
-42666.96722222222
-42666.948888888895
-42666.967222222214
-42666.97333333333
-42666.971666666665
-42666.97444444446
-42666.985555555555
-42666.997222222206
-42666.996111111104
-42666.992777777785
-42667.01055555555
-42666.998333333344
-42666.99888888889
-42667.01055555555
-42667.015
-42666.97555555555
-42666.99944444444
-42667.00166666667
-42666.99333333333
-42666.991111111114
-42667.01166666668
-42666.98277777778
-42667.0138888889
-42667.0088888889
-42667.0138888889
-42667.01444444445
-42667.01
-42667.009999999995
-42667.018888888895
-42667.01888888889
-42667.00333333333
-42667.02277777778
-42667.006666666675
-42667.02055555556
-42667.012777777774
-42667.00500000002
-42667.001111111116
-42667.00777777779
-42667.0188888889
-42667.00777777779
-42666.98944444445
-42666.970555555556
-42666.992222222216
-42666.978888888894
-42666.98055555556
-42666.97222222223
-42667.00444444446
-42666.97166666667
-42666.9861111111
-42666.985555555555
-42666.972222222226
-42667.003888888896
-42667.002222222225
-42666.99611111112
-42667.031111111115
-42667.02666666667
-42667.00944444444
-42667.00777777778
-42667.00611111111
-42667.038888888885
-42667.05166666667
-42667.036666666674
-42667.02777777779
-42667.00333333334
-42667.02833333334
-42667.01499999999
-42667.000555555554
-42666.98888888889
-42667.00666666666
-42667.015555555554
-42667.00000000001
-42667.016111111116
-42667.02222222222
-42666.99611111112
-42666.993888888894
-42666.995
-42667.02666666667
-42667.01611111111
-42667.02611111112
-42667.01555555556
-42667.03277777777
-42667.01388888889
-42667.02944444444
-42667.015
-42667.025
-42667.02055555556
-42667.01833333333
-42667.008888888886
-42667.03999999999
-42667.01611111111
-42667.021111111106
-42667.02055555555
-42667.04611111111
-42667.044444444444
-42667.03222222223
-42667.022777777776
-42667.05111111111
-42667.02777777777
-42667.03111111111
-42667.009999999995
-42667.045
-42667.036666666674
-42667.04000000001
-42667.03888888889
-42667.03777777778
-42667.02222222222
-42667.049999999996
-42667.01944444445
-42667.02666666667
-42667.022777777776
-42667.037777777776
-42667.02722222223
-42667.04944444445
-42667.02277777778
-42667.05833333333
-42667.04222222222
-42667.040555555555
-42667.03111111111
-42667.04722222222
-42667.04111111111
-42667.03277777777
-42667.04111111112
-42667.046111111114
-42667.03611111111
-42667.04944444445
-42667.05222222222
-42667.04722222222
-42667.03611111111
-42667.062777777785
-42667.01777777777
-42667.031111111115
-42667.03888888889
-42667.049999999996
-42667.03666666667
-42667.04277777778
-42667.03555555556
-42667.063888888886
-42667.03833333334
-42667.055
-42667.03611111112
-42667.05388888889
-42667.03555555557
-42667.04444444444
-42667.02722222222
-42667.05055555555
-42667.030000000006
-42667.044444444444
-42667.02444444445
-42667.025555555556
-42667.02333333334
-42667.05111111112
-42667.03
-42667.03444444444
-42667.03166666667
-42667.03444444445
-42667.04444444445
-42667.046666666676
-42667.04888888889
-42667.05333333333
-42667.03944444445
-42667.05944444445
-42667.04944444444
-42667.05777777778
-42667.030555555546
-42667.03777777778
-42667.03722222222
-42667.04833333333
-42667.035
-42667.049999999996
-42667.04
-42667.06
-42667.04333333333
-42667.05222222223
-42667.03777777778
-42667.054444444446
-42667.05
-42667.057222222225
-42667.05055555555
-42667.05222222222
-42667.03055555555
-42667.05055555556
-42667.03500000001
-42667.03555555556
-42667.03555555555
-42667.04722222222
-42667.044444444444
-42667.046666666676
-42667.04166666666
-42667.057222222225
-42667.03777777778
-42667.05833333334
-42667.05333333334
-42667.06055555556
-42667.05333333334
-42667.06277777778
-42667.039444444454
-42667.05722222222
-42667.04055555556
-42667.054444444446
-42667.04055555557
-42667.04833333333
-42667.03166666668
-42667.052777777775
-42667.046111111114
-42667.04555555555
-42667.045
-42667.045000000006
-42667.03111111112
-42667.063888888886
-42667.055555555555
-42667.06277777778
-42667.053333333344
-42667.06055555556
-42667.05944444445
-42667.06166666667
-42667.05055555556
-42667.05555555555
-42667.042222222226
-42667.04888888889
-42667.04777777778
-42667.06111111111
-42667.045000000006
-42667.04555555556
-42667.0388888889
-42667.03555555556
-42667.05111111112
-42667.041666666664
-42667.04611111111
-42667.06277777778
-42667.05611111112
-42667.06055555556
-42667.05444444445
-42667.06722222222
-42667.055
-42667.06555555556
-42667.0488888889
-42667.052222222235
-42667.05333333334
-42667.067777777775
-42667.04777777778
-42667.06555555556
-42667.046111111114
-42667.06444444445
-42667.05388888889
-42667.06833333333
-42667.046111111114
-42667.066666666666
-42667.04666666666
-42667.063888888886
-42667.03055555556
-42667.047222222216
-42667.03666666666
-42667.06277777778
-42667.04833333333
-42667.06611111111
-42667.06
-42667.06722222222
-42667.05
-42667.06444444444
-42667.06444444445
-42667.06666666667
-42667.04666666667
-42667.06166666667
-42667.055
-42667.05666666667
-42667.03833333333
-42667.06444444444
-42667.05
-42667.060000000005
-42667.055
-42667.06
-42667.04333333334
-42667.06555555556
-42667.04055555556
-42667.05500000001
-42667.05000000001
-42667.069444444445
-42667.06111111111
-42667.068333333336
-42667.055555555555
-42667.061111111114
-42667.05222222222
-42667.06222222222
-42667.05833333334
-42667.070555555554
-42667.06
-42667.071111111116
-42667.050555555565
-42667.06555555556
-42667.055555555555
-42667.07055555556
-42667.046666666676
-42667.042222222226
-42667.044444444444
-42667.05777777778
-42667.04722222223
-42667.06444444444
-42667.055555555555
-42667.063333333324
-42667.05611111112
-42667.058888888896
-42667.050555555565
-42667.06777777778
-42667.05277777778
-42667.06277777778
-42667.061666666676
-42667.06388888889
-42667.05944444444
-42667.060000000005
-42667.057222222225
-42667.06555555556
-42667.05944444444
-42667.07166666667
-42667.06333333334
-42667.071111111116
-42667.06333333334
-42667.06888888889
-42667.05666666667
-42667.07277777779
-42667.06166666667
-42667.06611111111
-42667.052222222235
-42667.06611111111
-42667.05944444445
-42667.07166666666
-42667.04944444445
-42667.07055555556
-42667.05833333334
-42667.06944444444
-42667.056111111124
-42667.07611111111
-42667.05111111111
-42667.06555555556
-42667.05333333334
-42667.07388888889
-42667.05222222223
-42667.071111111116
-42667.04277777779
-42667.06888888889
-42667.05611111112
-42667.062777777785
-42667.05277777778
-42667.06555555556
-42667.05944444444
-42667.06055555557
-42667.058333333334
-42667.06611111112
-42667.06333333334
-42667.06611111111
-42667.061666666676
-42667.06444444445
-42667.06055555556
-42667.062222222215
-42667.05944444446
-42667.07166666667
-42667.05277777778
-42667.06888888889
-42667.06055555556
-42667.05944444445
-42667.051111111105
-42667.057222222225
-42667.06222222222
-42667.07388888888
-42667.06500000001
-42667.07111111111



The list of best values average 

-40519.37999999998
-40555.23
-40616.54000000001
-40669.68999999999
-40747.98
-40817.58999999998
-40918.849999999984
-41002.21999999999
-41092.30000000003
-41159.13
-41283.44000000001
-41372.19000000001
-41485.97000000001
-41581.73000000001
-41717.43000000001
-41818.36
-41926.990000000005
-42021.41999999999
-42118.87
-42202.11999999999
-42252.75999999997
-42317.15999999999
-42358.929999999986
-42397.97
-42440.09
-42463.88
-42490.58999999999
-42505.78000000002
-42532.73999999999
-42548.190000000024
-42560.20000000001
-42578.23999999999
-42589.02999999999
-42592.729999999996
-42602.19000000001
-42610.880000000005
-42614.05
-42621.459999999985
-42628.47999999999
-42633.25999999997
-42636.16000000001
-42636.93
-42642.25999999998
-42643.470000000016
-42645.170000000006
-42649.89999999998
-42649.85999999999
-42653.40999999999
-42654.75
-42657.14
-42657.09
-42658.049999999996
-42659.929999999964
-42659.36
-42661.65000000001
-42662.93
-42663.619999999995
-42663.90000000001
-42664.01999999999
-42664.639999999985
-42666.26000000002
-42666.62999999999
-42666.44999999999
-42666.619999999995
-42666.60999999999
-42667.01000000002
-42667.520000000004
-42667.58999999999
-42668.02999999999
-42668.340000000004
-42668.409999999996
-42668.78999999999
-42668.84
-42669.12
-42669.030000000006
-42669.58
-42669.670000000006
-42669.31000000001
-42669.91000000001
-42670.009999999995
-42669.71
-42669.899999999994
-42670.24
-42670.15
-42670.450000000004
-42670.26000000001
-42670.39000000001
-42670.63
-42670.79
-42670.640000000014
-42670.81
-42670.72000000001
-42670.68000000001
-42670.71000000001
-42670.62
-42670.73
-42670.909999999996
-42670.75000000001
-42670.810000000005
-42670.65
-42670.44000000001
-42670.58
-42670.920000000006
-42670.630000000005
-42670.93
-42670.850000000006
-42670.98000000001
-42670.98000000001
-42670.840000000004
-42670.7
-42670.81999999999
-42670.89000000001
-42670.78
-42670.869999999995
-42670.88
-42670.92999999999
-42670.92
-42670.88
-42670.86
-42670.799999999996
-42670.92999999999
-42670.939999999995
-42670.92
-42670.95
-42670.99
-42670.95
-42670.94999999999
-42670.85
-42670.91
-42670.95
-42670.97
-42671.0
-42670.95
-42670.979999999996
-42670.96
-42670.95
-42670.979999999996
-42670.98
-42670.9
-42670.99
-42671.13
-42671.079999999994
-42671.17
-42671.049999999996
-42671.149999999994
-42671.04
-42671.090000000004
-42671.090000000004
-42671.08
-42671.06999999999
-42671.130000000005
-42671.12
-42671.07
-42671.049999999996
-42671.090000000004
-42671.100000000006
-42671.11000000001
-42671.11
-42671.16
-42671.16
-42671.130000000005
-42671.11000000001
-42671.08
-42671.09
-42671.060000000005
-42671.06
-42671.060000000005
-42671.009999999995
-42671.079999999994
-42671.079999999994
-42671.079999999994
-42671.17
-42671.09
-42671.1
-42671.09
-42671.13
-42671.15
-42671.159999999996
-42671.16
-42671.19
-42671.130000000005
-42671.15
-42671.159999999996
-42671.18
-42671.159999999996
-42671.159999999996
-42671.159999999996
-42671.15
-42671.189999999995
-42671.18
-42671.21
-42671.14
-42671.14
-42671.17
-42671.17
-42671.17
-42671.159999999996
-42671.229999999996
-42671.229999999996
-42671.189999999995
-42671.229999999996
-42671.19
-42671.200000000004
-42671.21
-42671.21
-42671.21
-42671.21
-42671.24
-42671.21
-42671.17
-42671.24
-42671.21
-42671.24
-42671.229999999996
-42671.25
-42671.24
-42671.27
-42671.27
-42671.27
-42671.229999999996
-42671.2
-42671.2
-42671.19
-42671.2
-42671.229999999996
-42671.2
-42671.2
-42671.2
-42671.2
-42671.2
-42671.2
-42671.18
-42671.2
-42671.2
-42671.2
-42671.2
-42671.2
-42671.2
-42671.2
-42671.2
-42671.2
-42671.2
-42671.189999999995
-42671.229999999996
-42671.229999999996
-42671.229999999996
-42671.189999999995
-42671.2
-42671.189999999995
-42671.189999999995
-42671.2
-42671.2
-42671.2
-42671.2
-42671.2
-42671.2
-42671.2
-42671.18
-42671.2
-42671.17
-42671.17
-42671.17
-42671.17
-42671.17
-42671.17
-42671.17
-42671.19
-42671.17
-42671.17
-42671.17
-42671.17
-42671.17
-42671.17
-42671.17
-42671.17
-42671.17
-42671.17
-42671.17
-42671.17
-42671.17
-42671.17
-42671.17
-42671.17
-42671.16
-42671.17
-42671.17
-42671.17
-42671.17
-42671.17
-42671.17
-42671.17
-42671.17
-42671.17
-42671.2
-42671.17
-42671.17
-42671.17
-42671.17
-42671.17
-42671.17
-42671.17
-42671.17
-42671.17
-42671.17
-42671.17
-42671.17
-42671.17
-42671.17
-42671.17
-42671.17
-42671.17
-42671.159999999996
-42671.17
-42671.17
-42671.17
-42671.17
-42671.17
-42671.17
-42671.17
-42671.17
-42671.17
-42671.17
-42671.17
-42671.17
-42671.17
-42671.17
-42671.17
-42671.17
-42671.17
-42671.17
-42671.17
-42671.17
-42671.17
-42671.17
-42671.17
-42671.17
-42671.17
-42671.17
-42671.17
-42671.17
-42671.17
-42671.17
-42671.17
-42671.17
-42671.17
-42671.17
-42671.17
-42671.17
-42671.17
-42671.17
-42671.17
-42671.17
-42671.17
-42671.17
-42671.17
-42671.17
-42671.17
-42671.17
-42671.17
-42671.17
-42671.17
-42671.17
-42671.17
-42671.17
-42671.17
-42671.17
-42671.17
-42671.17
-42671.17
-42671.17
-42671.17
-42671.17
-42671.17
-42671.17
-42671.17
-42671.17
-42671.17
-42671.17
-42671.17
-42671.17
-42671.17
-42671.17
-42671.17
-42671.17
-42671.17
-42671.17
-42671.17
-42671.17
-42671.17
-42671.17
-42671.17
-42671.17
-42671.17
-42671.17
-42671.17
-42671.17
-42671.17
-42671.17
-42671.17
-42671.17
-42671.17
-42671.17
-42671.17
-42671.17
-42671.17
-42671.17
-42671.17
-42671.17
-42671.17
-42671.17
-42671.17
-42671.17
-42671.17
-42671.17
-42671.17
-42671.17
-42671.17
-42671.17
-42671.17
-42671.17
-42671.17
-42671.17
-42671.17
-42671.17
-42671.17
-42671.17
-42671.17
-42671.17
-42671.17
-42671.17
-42671.17
-42671.17
-42671.17
-42671.17
-42671.17
-42671.17
-42671.17
-42671.17
-42671.17
-42671.17
-42671.17
-42671.17
-42671.17
-42671.17
-42671.17
-42671.17
-42671.17
-42671.17
-42671.17
-42671.17
-42671.17
-42671.17
-42671.17
-42671.17
-42671.17
-42671.17
-42671.17
-42671.17
-42671.17
-42671.17
-42671.17
-42671.17
-42671.17
-42671.17
-42671.17
-42671.17
-42671.17
-42671.17
-42671.17
-42671.17
-42671.17
-42671.17
-42671.17
-42671.17
-42671.17
-42671.17
-42671.17
-42671.17
-42671.17
-42671.17
-42671.17
-42671.17
-42671.17
-42671.17
-42671.17
-42671.17
-42671.17
-42671.17
-42671.17
-42671.17
-42671.17
-42671.17
-42671.17
-42671.17
-42671.17
-42671.17
-42671.17
-42671.17
-42671.17
-42671.17
-42671.17
-42671.17
-42671.17
-42671.17
-42671.17
-42671.17
-42671.17
-42671.17
-42671.17
-42671.17
-42671.17
-42671.17
-42671.17
-42671.17
-42671.17
-42671.17
-42671.17
-42671.17
-42671.17
-42671.17
-42671.17
-42671.17
-42671.17
-42671.17
-42671.17
-42671.17
-42671.17
-42671.17
-42671.17
-42671.17
-42671.17
-42671.17
-42671.17
-42671.17
-42671.17
-42671.17
-42671.17
-42671.17
-42671.17
-42671.17
-42671.17
-42671.17
-42671.17
-42671.17
-42671.17
-42671.17
-42671.17
-42671.17
-42671.17
-42671.17
-42671.17
-42671.17
-42671.17
-42671.17
-42671.17
-42671.17
-42671.17
-42671.17
-42671.17
-42671.17
-42671.17
-42671.17
-42671.17
-42671.17
-42671.17
-42671.17
-42671.17
-42671.17
-42671.17
-42671.17
-42671.17
-42671.17
-42671.17
-42671.17
-42671.17
-42671.17
-42671.17
-42671.17
-42671.17
-42671.17
-42671.17
-42671.17
-42671.17
-42671.17
-42671.17
-42671.17
-42671.17
-42671.17
-42671.17
-42671.17
-42671.17
-42671.17
-42671.17
-42671.17
-42671.17
-42671.17
-42671.17
-42671.17
-42671.17
-42671.17
-42671.17
-42671.17
-42671.17
-42671.17
-42671.17
-42671.17
-42671.17
-42671.17
-42671.17
-42671.17
-42671.17
-42671.17
-42671.17
-42671.17
-42671.17
-42671.17
-42671.17
-42671.17
-42671.17
-42671.17
-42671.17
-42671.17
-42671.17
-42671.17
-42671.17
-42671.17
-42671.17
-42671.17
-42671.17
-42671.17
-42671.17
-42671.17
-42671.17
-42671.17
-42671.17
-42671.17
-42671.17
-42671.17
-42671.17
-42671.17
-42671.17
-42671.17
-42671.17
-42671.17
-42671.17
-42671.17
-42671.17
-42671.17
-42671.17
-42671.17
-42671.17
-42671.17
-42671.17
-42671.17
-42671.17
-42671.17
-42671.17
-42671.17
-42671.17
-42671.17
-42671.17
-42671.17
-42671.17
-42671.17
-42671.17
-42671.17
-42671.17
-42671.17
-42671.17
-42671.17
-42671.17
-42671.17
-42671.17
-42671.17
-42671.17
-42671.17
-42671.17
-42671.17
-42671.17
-42671.17
-42671.17
-42671.17
-42671.17
-42671.17
-42671.17
-42671.17
-42671.17
-42671.17
-42671.17
-42671.17
-42671.17
-42671.17
-42671.17
-42671.17
-42671.17
-42671.17
-42671.17
-42671.17
-42671.17
-42671.17
-42671.17
-42671.17
-42671.17
-42671.17
-42671.17
-42671.17
-42671.17
-42671.17
-42671.17
-42671.17
-42671.17
-42671.17
