----------Report of simulation of Quantum Parallel Tempering - Population Annealing v2-----------
The number of considered Spin42
The considered Annealing Duration 168
The considered Annealing Number 100
The considered T 1.0
The considered Gamma0 1.0
The considered Number Of Replica 3
The considered Number Of System Tempering 3
The considered Number Of System Population 3
The solution found [ 1. -1.  1. -1.  1.  1. -1. -1.  1. -1.  1.  1.  1.  1.  1. -1. -1.  1.
 -1.  1. -1. -1.  1.  1.  1. -1.  1.  1.  1. -1. -1. -1. -1. -1. -1. -1.
 -1. -1.  1. -1. -1.  1.]
The value found -2518.0
The Success probability is 1.0
The average value is -2518.0
The total execution time is 203.71854662895203
The average time for execution is 2.0371834564208986
The average time for all systems update is 0.012074936614150093
The average time for system tempering update is 0.0020523182314539715
The average time for system population update is 95.72029638290405
The average time for replica update is 0.000658146507998623
The average time for spin update is 1.537642318029853e-05
The list of values found 

-2518.0
-2518.0
-2518.0
-2518.0
-2518.0
-2518.0
-2518.0
-2518.0
-2518.0
-2518.0
-2518.0
-2518.0
-2518.0
-2518.0
-2518.0
-2518.0
-2518.0
-2518.0
-2518.0
-2518.0
-2518.0
-2518.0
-2518.0
-2518.0
-2518.0
-2518.0
-2518.0
-2518.0
-2518.0
-2518.0
-2518.0
-2518.0
-2518.0
-2518.0
-2518.0
-2518.0
-2518.0
-2518.0
-2518.0
-2518.0
-2518.0
-2518.0
-2518.0
-2518.0
-2518.0
-2518.0
-2518.0
-2518.0
-2518.0
-2518.0
-2518.0
-2518.0
-2518.0
-2518.0
-2518.0
-2518.0
-2518.0
-2518.0
-2518.0
-2518.0
-2518.0
-2518.0
-2518.0
-2518.0
-2518.0
-2518.0
-2518.0
-2518.0
-2518.0
-2518.0
-2518.0
-2518.0
-2518.0
-2518.0
-2518.0
-2518.0
-2518.0
-2518.0
-2518.0
-2518.0
-2518.0
-2518.0
-2518.0
-2518.0
-2518.0
-2518.0
-2518.0
-2518.0
-2518.0
-2518.0
-2518.0
-2518.0
-2518.0
-2518.0
-2518.0
-2518.0
-2518.0
-2518.0
-2518.0
-2518.0



The list of values first execution 

-2213.0
-2252.6111111111113
-2278.5555555555557
-2290.0555555555557
-2283.1666666666665
-2295.0
-2281.8333333333335
-2317.5
-2319.5
-2290.6666666666665
-2289.9444444444443
-2333.1666666666665
-2328.0555555555557
-2347.3888888888887
-2350.222222222222
-2368.0
-2391.5555555555557
-2354.222222222222
-2349.0
-2377.0
-2382.777777777778
-2371.9444444444443
-2394.5555555555557
-2383.5
-2390.222222222222
-2393.0
-2404.0
-2389.0
-2385.4444444444443
-2385.3888888888887
-2378.277777777778
-2379.6666666666665
-2398.0555555555557
-2424.8333333333335
-2397.722222222222
-2404.8333333333335
-2402.8333333333335
-2387.9444444444443
-2410.4444444444443
-2414.8333333333335
-2417.3888888888887
-2426.4444444444443
-2430.777777777778
-2426.0555555555557
-2410.9444444444443
-2404.722222222222
-2411.5
-2410.3888888888887
-2408.722222222222
-2411.0555555555557
-2424.1111111111113
-2425.3333333333335
-2433.0555555555557
-2425.1666666666665
-2415.3888888888887
-2418.6666666666665
-2424.1666666666665
-2417.277777777778
-2429.9444444444443
-2422.5
-2412.3333333333335
-2421.6666666666665
-2424.1666666666665
-2406.3888888888887
-2397.6666666666665
-2406.1111111111113
-2421.6666666666665
-2417.5
-2421.5555555555557
-2407.5555555555557
-2417.722222222222
-2407.0
-2407.6666666666665
-2413.1111111111113
-2423.3333333333335
-2435.5
-2424.222222222222
-2426.4444444444443
-2421.6666666666665
-2429.0
-2431.8888888888887
-2426.1111111111113
-2423.4444444444443
-2423.6666666666665
-2413.8888888888887
-2395.5
-2408.8333333333335
-2410.4444444444443
-2408.722222222222
-2430.9444444444443
-2418.9444444444443
-2415.3333333333335
-2431.1666666666665
-2428.5
-2424.6111111111113
-2428.8888888888887
-2424.0555555555557
-2426.0
-2430.4444444444443
-2419.1666666666665
-2404.6666666666665
-2419.9444444444443
-2420.6111111111113
-2423.0555555555557
-2428.722222222222
-2412.777777777778
-2415.3333333333335
-2405.5
-2412.0
-2416.5
-2420.722222222222
-2420.3333333333335
-2420.3888888888887
-2416.6666666666665
-2420.4444444444443
-2434.277777777778
-2406.3888888888887
-2419.1111111111113
-2405.1111111111113
-2412.277777777778
-2416.9444444444443
-2407.4444444444443
-2392.8333333333335
-2401.777777777778
-2417.1111111111113
-2410.9444444444443
-2419.777777777778
-2423.5
-2421.9444444444443
-2427.8888888888887
-2419.8333333333335
-2415.277777777778
-2421.277777777778
-2412.4444444444443
-2421.1666666666665
-2412.0555555555557
-2417.0
-2411.9444444444443
-2411.8333333333335
-2412.3333333333335
-2418.0555555555557
-2417.1666666666665
-2432.277777777778
-2420.4444444444443
-2422.5
-2416.277777777778
-2420.6666666666665
-2426.222222222222
-2415.5
-2415.4444444444443
-2411.1666666666665
-2413.5555555555557
-2407.6666666666665
-2408.0
-2412.5555555555557
-2412.1111111111113
-2422.6111111111113
-2421.0
-2400.3888888888887
-2416.277777777778
-2412.9444444444443
-2419.9444444444443
-2411.4444444444443
-2421.0555555555557
-2417.1111111111113
-2426.277777777778
-2434.722222222222
-2425.5555555555557



The list of best values first execution 

-2403.0
-2473.0
-2489.0
-2515.0
-2515.0
-2514.0
-2515.0
-2515.0
-2515.0
-2514.0
-2515.0
-2515.0
-2494.0
-2490.0
-2510.0
-2514.0
-2518.0
-2518.0
-2518.0
-2518.0
-2518.0
-2518.0
-2518.0
-2518.0
-2518.0
-2518.0
-2518.0
-2518.0
-2518.0
-2518.0
-2518.0
-2518.0
-2518.0
-2518.0
-2518.0
-2518.0
-2518.0
-2518.0
-2518.0
-2518.0
-2518.0
-2518.0
-2518.0
-2518.0
-2518.0
-2518.0
-2518.0
-2518.0
-2518.0
-2518.0
-2518.0
-2518.0
-2518.0
-2518.0
-2518.0
-2518.0
-2518.0
-2518.0
-2518.0
-2518.0
-2518.0
-2518.0
-2518.0
-2518.0
-2518.0
-2518.0
-2518.0
-2518.0
-2518.0
-2518.0
-2518.0
-2518.0
-2518.0
-2518.0
-2518.0
-2518.0
-2518.0
-2518.0
-2518.0
-2518.0
-2518.0
-2518.0
-2518.0
-2518.0
-2518.0
-2518.0
-2518.0
-2518.0
-2518.0
-2518.0
-2518.0
-2518.0
-2518.0
-2518.0
-2518.0
-2518.0
-2518.0
-2518.0
-2518.0
-2518.0
-2518.0
-2518.0
-2518.0
-2518.0
-2518.0
-2518.0
-2518.0
-2518.0
-2518.0
-2518.0
-2518.0
-2518.0
-2518.0
-2518.0
-2518.0
-2518.0
-2518.0
-2518.0
-2518.0
-2518.0
-2518.0
-2518.0
-2518.0
-2518.0
-2518.0
-2518.0
-2518.0
-2518.0
-2518.0
-2518.0
-2518.0
-2518.0
-2518.0
-2518.0
-2518.0
-2518.0
-2518.0
-2518.0
-2518.0
-2518.0
-2518.0
-2518.0
-2518.0
-2518.0
-2518.0
-2518.0
-2518.0
-2518.0
-2518.0
-2518.0
-2518.0
-2518.0
-2518.0
-2518.0
-2518.0
-2518.0
-2518.0
-2518.0
-2518.0
-2518.0
-2518.0
-2518.0
-2518.0
-2518.0
-2518.0
-2518.0
-2518.0
-2518.0



The list of values average 

-2216.8605555555546
-2241.420555555556
-2261.781666666666
-2270.4827777777787
-2280.7316666666666
-2287.3766666666666
-2293.5283333333327
-2299.246666666667
-2307.0622222222223
-2313.3572222222233
-2316.9316666666664
-2323.10888888889
-2329.512222222222
-2334.601666666668
-2340.8105555555544
-2346.4316666666664
-2354.907222222222
-2359.946111111111
-2362.596111111111
-2369.4211111111113
-2375.2072222222228
-2377.342222222222
-2381.3433333333337
-2383.4511111111115
-2386.417222222223
-2391.6322222222216
-2389.567222222223
-2392.423888888888
-2395.468888888888
-2398.7816666666668
-2400.2438888888887
-2401.6488888888885
-2403.229444444444
-2404.5155555555557
-2404.085555555554
-2405.718888888888
-2405.7438888888896
-2406.7477777777776
-2408.2011111111115
-2408.2822222222217
-2407.7583333333328
-2409.6138888888886
-2409.389444444445
-2411.652222222223
-2409.591666666666
-2409.6138888888886
-2410.018888888888
-2411.073333333334
-2410.231666666667
-2410.951666666666
-2409.9783333333344
-2410.7844444444445
-2411.1672222222214
-2410.9694444444444
-2410.8594444444448
-2408.921666666667
-2411.6472222222224
-2411.8805555555546
-2412.9616666666675
-2412.356111111111
-2412.978888888887
-2412.77
-2412.472222222222
-2413.400000000001
-2411.198333333333
-2412.3749999999995
-2411.815
-2412.6927777777782
-2411.6233333333325
-2411.8355555555554
-2411.769444444445
-2412.9638888888885
-2411.82
-2412.2
-2411.0211111111125
-2412.8994444444447
-2411.2311111111107
-2412.957777777776
-2412.5099999999998
-2411.878888888889
-2414.125
-2412.7449999999994
-2413.7338888888894
-2413.368333333333
-2413.059444444444
-2413.2327777777778
-2412.1249999999995
-2412.4366666666665
-2413.951111111112
-2413.1605555555548
-2413.5294444444444
-2414.5005555555563
-2413.8833333333328
-2412.5161111111124
-2412.2638888888882
-2412.762222222223
-2413.0016666666656
-2412.849444444445
-2413.377777777777
-2413.841111111112
-2414.067777777778
-2415.300555555556
-2414.3161111111117
-2413.9694444444444
-2414.8527777777776
-2414.5188888888897
-2414.8772222222224
-2413.828333333334
-2414.3294444444446
-2414.847222222222
-2414.2633333333333
-2410.9849999999997
-2413.697777777779
-2413.332222222222
-2413.3477777777775
-2413.0055555555546
-2411.9627777777782
-2412.2111111111103
-2414.5483333333323
-2413.944444444445
-2415.335
-2414.8288888888883
-2413.4877777777774
-2414.2794444444435
-2414.137777777778
-2413.0327777777775
-2413.604444444444
-2413.02888888889
-2412.984444444444
-2413.7683333333334
-2413.516666666667
-2413.5172222222213
-2415.3338888888893
-2413.596666666667
-2414.5811111111125
-2414.2466666666646
-2413.8883333333333
-2412.408333333333
-2412.6350000000016
-2413.557777777777
-2414.9322222222227
-2414.5711111111113
-2415.174444444445
-2412.945555555556
-2413.077777777779
-2413.29
-2413.323333333333
-2412.843333333333
-2412.1022222222223
-2413.1277777777773
-2414.440555555555
-2414.1516666666666
-2414.681111111111
-2415.128333333333
-2414.851666666668
-2413.9994444444455
-2414.752777777777
-2414.9322222222227
-2413.8755555555563
-2413.646666666666
-2413.4722222222226
-2414.2911111111107
-2413.960555555555
-2414.204444444445
-2413.622777777777
-2414.1122222222216
-2415.0283333333336
-2413.9938888888887



The list of best values average 

-2378.659999999999
-2434.379999999999
-2460.379999999999
-2478.9000000000015
-2488.8799999999997
-2494.27
-2497.59
-2500.09
-2500.5100000000007
-2501.640000000001
-2502.67
-2502.4499999999994
-2502.4799999999987
-2503.1399999999994
-2504.3799999999987
-2505.32
-2506.9299999999994
-2507.17
-2508.43
-2510.2999999999997
-2511.4000000000005
-2512.9199999999983
-2513.5000000000005
-2513.5600000000004
-2515.3600000000006
-2515.770000000001
-2515.6100000000006
-2515.94
-2516.69
-2516.8
-2517.140000000001
-2517.53
-2517.5700000000006
-2517.7
-2517.2499999999995
-2517.54
-2517.6699999999996
-2517.5400000000004
-2517.7
-2517.7100000000005
-2517.74
-2517.7999999999997
-2517.7799999999993
-2517.829999999999
-2517.819999999999
-2517.7999999999993
-2517.75
-2517.8199999999997
-2517.7899999999995
-2517.899999999999
-2517.7999999999993
-2517.8499999999995
-2517.7199999999993
-2517.829999999999
-2517.79
-2517.7099999999996
-2517.7399999999993
-2517.8399999999992
-2517.8299999999995
-2517.879999999999
-2517.7699999999995
-2517.8699999999994
-2517.8199999999997
-2517.869999999999
-2517.8199999999993
-2517.8199999999993
-2517.829999999999
-2517.859999999999
-2517.8699999999994
-2517.849999999999
-2517.8699999999994
-2517.8699999999994
-2517.829999999999
-2517.899999999999
-2517.889999999999
-2517.849999999999
-2517.8099999999995
-2517.7599999999993
-2517.839999999999
-2517.829999999999
-2517.849999999999
-2517.859999999999
-2517.879999999999
-2517.8399999999992
-2517.8199999999993
-2517.8499999999995
-2517.8299999999995
-2517.8399999999997
-2517.8599999999997
-2517.8699999999994
-2517.7999999999993
-2517.7299999999996
-2517.7899999999995
-2517.8399999999992
-2517.879999999999
-2517.8599999999988
-2517.859999999999
-2517.849999999999
-2517.819999999999
-2517.8499999999995
-2517.8399999999992
-2517.8699999999994
-2517.8899999999994
-2517.8699999999994
-2517.8899999999994
-2517.879999999999
-2517.879999999999
-2517.879999999999
-2517.879999999999
-2517.8699999999994
-2517.8399999999997
-2517.8599999999997
-2517.8299999999995
-2517.859999999999
-2517.879999999999
-2517.8499999999995
-2517.87
-2517.8599999999997
-2517.8399999999997
-2517.8199999999997
-2517.8499999999995
-2517.8799999999997
-2517.879999999999
-2517.859999999999
-2517.859999999999
-2517.8699999999994
-2517.8499999999995
-2517.9099999999994
-2517.8999999999996
-2517.8999999999996
-2517.9099999999994
-2517.8699999999994
-2517.889999999999
-2517.869999999999
-2517.909999999999
-2517.919999999999
-2517.909999999999
-2517.879999999999
-2517.8899999999994
-2517.899999999999
-2517.909999999999
-2517.9099999999994
-2517.9099999999994
-2517.9199999999996
-2517.8999999999996
-2517.8999999999996
-2517.8799999999997
-2517.899999999999
-2517.8899999999994
-2517.899999999999
-2517.889999999999
-2517.919999999999
-2517.899999999999
-2517.9099999999994
-2517.899999999999
-2517.8699999999994
-2517.8599999999997
-2517.87
-2517.8799999999997
-2517.8999999999996
-2517.9099999999994
-2517.8999999999996
-2517.8999999999996
-2517.89
-2517.9199999999996
-2517.9199999999996
-2517.9299999999994
-2517.949999999999
