----------Report of simulation of Quantum Parallel Tempering-----------
The number of considered Spin 194
The considered Annealing Duration 776
The considered Annealing Number 100
The considered T 1.0
The considered Gamma0 1.0
The considered Number Of Replica 3
The considered Number Of System 6
The solution found [ 1  1  1  1  1 -1  1 -1  1 -1 -1 -1 -1  1 -1  1 -1 -1  1 -1 -1 -1  1  1
  1 -1  1 -1 -1  1  1  1  1  1 -1  1 -1 -1  1 -1 -1  1 -1  1 -1  1 -1 -1
 -1 -1  1  1  1 -1 -1  1 -1  1  1 -1 -1 -1 -1  1 -1  1 -1  1 -1 -1 -1  1
 -1 -1 -1  1 -1  1 -1  1  1  1  1 -1  1  1  1 -1 -1 -1 -1  1  1  1  1 -1
  1 -1 -1 -1  1  1 -1  1 -1 -1  1 -1 -1 -1  1 -1  1  1  1  1  1 -1 -1  1
 -1  1 -1 -1 -1  1 -1 -1 -1  1 -1 -1 -1 -1  1  1 -1  1  1 -1  1  1  1 -1
  1 -1 -1 -1  1 -1  1 -1 -1 -1  1 -1 -1 -1  1  1 -1 -1  1  1 -1  1  1  1
  1 -1  1 -1  1  1  1 -1 -1  1 -1  1  1  1  1  1  1  1  1  1 -1  1 -1 -1
 -1  1]
The value found -50493.0
The Success probability is 0.09
The average value is -50404.24
The total execution time is 18123.39693427086
The average time for execution is 181.233967962265
The average time for all systems update is 0.23333676586753313
The average time for system update is 0.03887358657990125
The average time for replica update is 0.01295742780567581
The average time for spin update is 6.652851373584028e-05
The list of values found 

-50420.0
-50299.0
-50475.0
-50436.0
-50404.0
-50376.0
-50462.0
-50472.0
-50479.0
-50336.0
-50318.0
-50462.0
-50294.0
-50343.0
-50238.0
-50354.0
-50490.0
-50493.0
-50251.0
-50416.0
-50475.0
-50493.0
-50356.0
-50345.0
-50493.0
-50493.0
-50370.0
-50475.0
-50370.0
-50382.0
-50444.0
-50299.0
-50475.0
-50482.0
-50475.0
-50470.0
-50475.0
-50482.0
-50355.0
-50429.0
-50387.0
-50236.0
-50448.0
-50472.0
-50394.0
-50298.0
-50409.0
-50311.0
-50404.0
-50476.0
-50246.0
-50352.0
-50364.0
-50356.0
-50462.0
-50351.0
-50382.0
-50362.0
-50493.0
-50398.0
-50390.0
-50475.0
-50476.0
-50467.0
-50475.0
-50475.0
-50475.0
-50302.0
-50468.0
-50493.0
-50257.0
-50462.0
-50475.0
-50286.0
-50358.0
-50367.0
-50449.0
-50353.0
-50407.0
-50493.0
-50405.0
-50359.0
-50476.0
-50316.0
-50476.0
-50394.0
-50414.0
-50493.0
-50281.0
-50493.0
-50334.0
-50397.0
-50385.0
-50362.0
-50242.0
-50421.0
-50465.0
-50475.0
-50340.0
-50436.0



The list of values first execution 

-47669.166666666664
-47766.72222222222
-47986.444444444445
-47896.333333333336
-48030.0
-48019.5
-47994.166666666664
-48072.72222222222
-47951.0
-48048.77777777778
-47912.833333333336
-48045.11111111111
-47988.055555555555
-47930.5
-47814.38888888889
-47838.5
-47970.38888888889
-47799.11111111111
-47652.22222222222
-47758.333333333336
-47692.944444444445
-47876.0
-47907.555555555555
-47825.38888888889
-47958.944444444445
-47692.833333333336
-47935.22222222222
-47628.88888888889
-47715.22222222222
-47870.88888888889
-47461.22222222222
-47606.444444444445
-47489.61111111111
-47585.61111111111
-47707.055555555555
-47578.833333333336
-47770.444444444445
-47842.72222222222
-47762.944444444445
-47616.333333333336
-47583.555555555555
-47708.22222222222
-47580.555555555555
-47586.833333333336
-47690.333333333336
-47694.833333333336
-47713.22222222222
-47505.0
-47693.88888888889
-47492.11111111111
-47412.833333333336
-47794.61111111111
-47568.555555555555
-47733.11111111111
-47519.22222222222
-47678.555555555555
-47532.38888888889
-47643.166666666664
-47606.333333333336
-47685.444444444445
-47755.22222222222
-47670.833333333336
-47705.72222222222
-47464.11111111111
-47667.88888888889
-47577.166666666664
-47518.22222222222
-47775.22222222222
-47474.055555555555
-47761.72222222222
-47659.055555555555
-47382.666666666664
-47723.666666666664
-47339.666666666664
-47707.333333333336
-47258.444444444445
-47679.77777777778
-47525.88888888889
-47511.22222222222
-47607.444444444445
-47475.166666666664
-47700.61111111111
-47566.61111111111
-47749.555555555555
-47638.88888888889
-47453.27777777778
-47498.166666666664
-47836.27777777778
-47568.0
-47760.72222222222
-47635.88888888889
-47732.166666666664
-47713.38888888889
-47652.11111111111
-47595.27777777778
-47607.555555555555
-47396.27777777778
-47589.11111111111
-47374.88888888889
-47522.833333333336
-47609.944444444445
-47549.22222222222
-47479.166666666664
-47624.38888888889
-47531.666666666664
-47392.555555555555
-47577.72222222222
-47304.11111111111
-47502.77777777778
-47529.833333333336
-47694.444444444445
-47632.77777777778
-47632.72222222222
-47676.5
-47546.833333333336
-47788.166666666664
-47509.666666666664
-47706.11111111111
-47485.666666666664
-47596.166666666664
-47357.944444444445
-47686.333333333336
-47429.444444444445
-47490.72222222222
-47521.0
-47313.944444444445
-47641.27777777778
-47608.0
-47507.27777777778
-47612.666666666664
-47653.27777777778
-47544.77777777778
-47647.166666666664
-47382.555555555555
-47600.666666666664
-47546.11111111111
-47449.055555555555
-47565.055555555555
-47682.22222222222
-47625.72222222222
-47293.72222222222
-47529.333333333336
-47487.166666666664
-47479.666666666664
-47734.833333333336
-47569.944444444445
-47670.77777777778
-47385.5
-47620.444444444445
-47431.77777777778
-47553.61111111111
-47579.944444444445
-47435.666666666664
-47411.38888888889
-47336.166666666664
-47701.055555555555
-47550.88888888889
-47552.444444444445
-47561.0
-47286.055555555555
-47471.22222222222
-47655.555555555555
-47336.38888888889
-47693.88888888889
-47447.666666666664
-47739.444444444445
-47681.055555555555
-47461.88888888889
-47557.944444444445
-47498.72222222222
-47523.944444444445
-47573.555555555555
-47610.11111111111
-47635.27777777778
-47452.0
-47465.555555555555
-47606.555555555555
-47620.166666666664
-47497.22222222222
-47717.72222222222
-47443.833333333336
-47670.0
-47701.38888888889
-47567.5
-47816.166666666664
-47431.444444444445
-47785.38888888889
-47606.38888888889
-47653.944444444445
-47737.944444444445
-47434.61111111111
-47735.833333333336
-47635.88888888889
-47818.77777777778
-47846.666666666664
-47551.38888888889
-47821.61111111111
-47517.333333333336
-47590.27777777778
-47643.38888888889
-47685.77777777778
-47718.944444444445
-47801.333333333336
-47581.88888888889
-47523.444444444445
-47489.944444444445
-47562.77777777778
-47538.444444444445
-47617.38888888889
-47613.166666666664
-47613.444444444445
-47509.555555555555
-47642.22222222222
-47588.0
-47590.38888888889
-47882.444444444445
-47276.833333333336
-47712.166666666664
-47711.833333333336
-47658.88888888889
-47540.166666666664
-47658.72222222222
-47521.833333333336
-47741.166666666664
-47470.22222222222
-47715.833333333336
-47417.833333333336
-47581.055555555555
-47811.5
-47466.444444444445
-47676.333333333336
-47193.22222222222
-47503.72222222222
-47769.22222222222
-47448.61111111111
-47757.555555555555
-47420.38888888889
-47518.444444444445
-47493.38888888889
-47417.88888888889
-47544.27777777778
-47538.333333333336
-47648.22222222222
-47736.22222222222
-47334.333333333336
-47688.38888888889
-47627.77777777778
-47669.0
-47655.38888888889
-47664.055555555555
-47753.27777777778
-47558.833333333336
-47740.11111111111
-47604.333333333336
-47765.11111111111
-47780.055555555555
-47719.88888888889
-47790.666666666664
-47567.555555555555
-47524.444444444445
-47490.38888888889
-47525.61111111111
-47536.27777777778
-47452.38888888889
-47939.5
-47400.166666666664
-47705.22222222222
-47429.61111111111
-47753.333333333336
-47645.61111111111
-47568.0
-47698.11111111111
-47266.61111111111
-47706.27777777778
-47494.166666666664
-47599.5
-47493.5
-47599.166666666664
-47751.555555555555
-47434.333333333336
-47696.666666666664
-47567.333333333336
-47671.444444444445
-47705.166666666664
-47531.5
-47650.666666666664
-47462.77777777778
-47498.77777777778
-47521.77777777778
-47694.61111111111
-47731.77777777778
-47533.833333333336
-47594.5
-47496.0
-47689.38888888889
-47456.944444444445
-47549.77777777778
-47686.333333333336
-47773.166666666664
-47537.833333333336
-47532.944444444445
-47589.72222222222
-47637.944444444445
-47531.61111111111
-47859.22222222222
-47496.11111111111
-47573.666666666664
-47642.944444444445
-47477.11111111111
-47599.61111111111
-47473.833333333336
-47650.833333333336
-47604.166666666664
-47719.22222222222
-47589.38888888889
-47629.11111111111
-47636.38888888889
-47812.444444444445
-47700.444444444445
-47628.0
-47711.27777777778
-47584.5
-47578.166666666664
-47545.833333333336
-47653.77777777778
-47735.444444444445
-47529.0
-47678.833333333336
-47309.38888888889
-47602.055555555555
-47737.555555555555
-47438.166666666664
-47465.333333333336
-47537.11111111111
-47456.333333333336
-47692.11111111111
-47681.166666666664
-47614.055555555555
-47461.27777777778
-47609.666666666664
-47538.166666666664
-47406.77777777778
-47667.27777777778
-47649.333333333336
-47548.61111111111
-47683.88888888889
-47626.61111111111
-47539.72222222222
-47716.333333333336
-47473.22222222222
-47608.055555555555
-47730.444444444445
-47635.72222222222
-47719.5
-47694.833333333336
-47554.0
-47564.38888888889
-47584.666666666664
-47613.27777777778
-47732.444444444445
-47559.5
-47734.944444444445
-47496.555555555555
-47560.5
-47617.166666666664
-47380.944444444445
-47640.055555555555
-47554.38888888889
-47539.444444444445
-47348.944444444445
-47515.833333333336
-47728.833333333336
-47612.555555555555
-47603.22222222222
-47423.88888888889
-47666.5
-47589.88888888889
-47993.555555555555
-47693.333333333336
-47774.5
-47738.11111111111
-47588.944444444445
-47638.0
-47300.27777777778
-47689.055555555555
-47655.22222222222
-47616.666666666664
-47733.833333333336
-47483.88888888889
-47797.0
-47605.666666666664
-47492.61111111111
-47529.444444444445
-47511.27777777778
-47666.333333333336
-47534.666666666664
-47562.666666666664
-47621.444444444445
-47518.77777777778
-47610.055555555555
-47521.88888888889
-47630.833333333336
-47762.11111111111
-47528.38888888889
-47703.88888888889
-47600.77777777778
-47613.666666666664
-47542.38888888889
-47602.61111111111
-47579.38888888889
-47361.333333333336
-47633.38888888889
-47418.22222222222
-47563.555555555555
-47371.0
-47753.77777777778
-47521.72222222222
-47497.166666666664
-47370.88888888889
-47660.38888888889
-47541.833333333336
-47520.666666666664
-47804.555555555555
-47626.055555555555
-47602.5
-47391.27777777778
-47510.61111111111
-47639.444444444445
-47568.5
-47602.27777777778
-47603.72222222222
-47654.27777777778
-47689.055555555555
-47667.11111111111
-47689.61111111111
-47655.61111111111
-47674.5
-47857.38888888889
-47721.77777777778
-47679.61111111111
-47614.444444444445
-47578.666666666664
-47436.77777777778
-47749.11111111111
-47407.61111111111
-47808.77777777778
-47761.166666666664
-47473.22222222222
-47569.5
-47426.11111111111
-47633.5
-47632.22222222222
-47529.38888888889
-47739.166666666664
-47594.72222222222
-47540.166666666664
-47757.88888888889
-47475.77777777778
-47568.833333333336
-47668.38888888889
-47602.38888888889
-47775.944444444445
-47560.0
-47541.0
-47603.5
-47594.0
-47585.77777777778
-47690.444444444445
-47859.27777777778
-47518.944444444445
-47733.5
-47386.944444444445
-47712.333333333336
-47759.27777777778
-47536.77777777778
-47571.77777777778
-47669.333333333336
-47514.944444444445
-47755.88888888889
-47408.833333333336
-47779.666666666664
-47532.333333333336
-47518.444444444445
-47827.333333333336
-47407.88888888889
-47564.333333333336
-47609.666666666664
-47566.61111111111
-47667.833333333336
-47700.666666666664
-47887.0
-47443.444444444445
-47385.88888888889
-47693.38888888889
-47566.22222222222
-47555.11111111111
-47604.333333333336
-47603.77777777778
-47606.833333333336
-47645.555555555555
-47587.555555555555
-47613.333333333336
-47716.88888888889
-47355.11111111111
-47506.88888888889
-47589.77777777778
-47580.444444444445
-47611.666666666664
-47426.11111111111
-47676.055555555555
-47406.61111111111
-47568.833333333336
-47725.444444444445
-47634.444444444445
-47674.88888888889
-47428.055555555555
-47508.666666666664
-47427.11111111111
-47716.72222222222
-47708.166666666664
-47721.666666666664
-47649.5
-47664.72222222222
-47682.0
-47580.5
-47804.88888888889
-47623.055555555555
-47638.22222222222
-47649.61111111111
-47641.5
-47501.444444444445
-47602.055555555555
-47555.055555555555
-47507.22222222222
-47565.0
-47450.0
-47482.27777777778
-47372.666666666664
-47418.0
-47451.11111111111
-47265.944444444445
-47735.11111111111
-47535.27777777778
-47550.166666666664
-47566.333333333336
-47498.72222222222
-47448.555555555555
-47561.444444444445
-47538.22222222222
-47701.666666666664
-47602.444444444445
-47644.555555555555
-47469.77777777778
-47643.055555555555
-47401.77777777778
-47610.88888888889
-47602.38888888889
-47471.944444444445
-47495.22222222222
-47556.88888888889
-47713.055555555555
-47524.944444444445
-47522.055555555555
-47665.11111111111
-47550.944444444445
-47605.27777777778
-47543.77777777778
-47533.666666666664
-47700.22222222222
-47599.5
-47625.38888888889
-47520.88888888889
-47746.833333333336
-47567.88888888889
-47646.27777777778
-47537.333333333336
-47589.72222222222
-47657.22222222222
-47644.833333333336
-47614.61111111111
-47888.77777777778
-47584.055555555555
-47664.88888888889
-47785.77777777778
-47643.38888888889
-47456.555555555555
-47691.11111111111
-47584.88888888889
-47590.88888888889
-47552.11111111111
-47679.22222222222
-47577.27777777778
-47683.333333333336
-47690.333333333336
-47433.61111111111
-47571.38888888889
-47616.11111111111
-47658.61111111111
-47585.61111111111
-47406.944444444445
-47691.5
-47654.61111111111
-47614.77777777778
-47524.444444444445
-47634.333333333336
-47737.333333333336
-47708.11111111111
-47865.5
-47491.38888888889
-47450.11111111111
-47343.27777777778
-47273.666666666664
-47619.0
-47429.27777777778
-47555.166666666664
-47531.0
-47576.944444444445
-47681.055555555555
-47689.555555555555
-47645.61111111111
-47561.333333333336
-47594.555555555555
-47670.666666666664
-47401.944444444445
-47742.77777777778
-47613.72222222222
-47805.944444444445
-47723.055555555555
-47735.5
-47554.11111111111
-47381.055555555555
-47661.22222222222
-47566.61111111111
-47661.444444444445
-47602.444444444445
-47501.11111111111
-47936.055555555555
-47631.944444444445
-47616.72222222222
-47451.0
-47306.333333333336
-47411.444444444445
-47442.27777777778
-47702.61111111111
-47597.055555555555
-47617.72222222222
-47629.055555555555
-47438.72222222222
-47571.61111111111
-47490.61111111111
-47703.88888888889
-47654.27777777778
-47709.666666666664
-47397.0
-47389.555555555555
-47633.333333333336
-47658.61111111111
-47682.833333333336
-47707.833333333336
-47638.61111111111
-47603.833333333336
-47442.27777777778
-47651.72222222222
-47497.0
-47671.444444444445
-47611.72222222222
-47821.88888888889
-47463.27777777778
-47532.38888888889
-47654.61111111111
-47717.77777777778
-47688.055555555555
-47448.61111111111
-47561.61111111111
-47631.11111111111
-47472.0
-47578.72222222222
-47404.0
-47632.166666666664
-47450.555555555555
-47606.27777777778
-47732.5
-47580.38888888889
-47651.5
-47605.444444444445
-47596.38888888889
-47535.5
-47329.055555555555
-47701.11111111111
-47576.555555555555
-47497.055555555555
-47727.5
-47532.88888888889
-47615.38888888889
-47383.11111111111
-47729.77777777778
-47474.555555555555
-47691.38888888889
-47566.22222222222
-47361.555555555555
-47785.22222222222
-47475.27777777778
-47474.22222222222
-47650.055555555555
-47296.444444444445
-47564.055555555555
-47664.5
-47654.444444444445
-47720.27777777778
-47646.555555555555
-47739.72222222222
-47505.055555555555
-47711.61111111111
-47594.555555555555
-47589.11111111111
-47472.61111111111
-47520.333333333336
-47501.055555555555
-47622.944444444445
-47646.5
-47581.88888888889
-47719.666666666664
-47635.833333333336
-47416.61111111111
-47660.166666666664
-47600.77777777778
-47502.555555555555
-47703.333333333336
-47621.0
-47636.22222222222
-47670.72222222222
-47841.77777777778
-47520.944444444445
-47530.38888888889
-47599.166666666664
-47584.88888888889
-47584.5
-47749.444444444445
-47552.88888888889
-47744.166666666664
-47557.27777777778
-47546.5
-47586.77777777778
-47587.0
-47562.944444444445
-47727.61111111111
-47683.22222222222
-47565.5
-47634.333333333336
-47511.833333333336
-47631.166666666664
-47551.0
-47435.72222222222
-47633.055555555555
-47323.61111111111
-47689.22222222222
-47601.5
-47475.22222222222
-47634.22222222222
-47631.166666666664
-47585.5
-47546.88888888889
-47624.833333333336
-47666.38888888889
-47660.666666666664
-47684.555555555555
-47528.333333333336
-47801.77777777778
-47491.61111111111
-47644.833333333336
-47435.944444444445
-47569.166666666664
-47722.27777777778
-47343.5
-47586.11111111111
-47594.055555555555



The list of best values first execution 

-49176.0
-49598.0
-49695.0
-49837.0
-49939.0
-50040.0
-50065.0
-50005.0
-50064.0
-50071.0
-50120.0
-50124.0
-50123.0
-50107.0
-50100.0
-50132.0
-50102.0
-50074.0
-50150.0
-50152.0
-50172.0
-50120.0
-50152.0
-50172.0
-50147.0
-50140.0
-50168.0
-50168.0
-50168.0
-50190.0
-50192.0
-50198.0
-50210.0
-50233.0
-50224.0
-50206.0
-50251.0
-50226.0
-50232.0
-50273.0
-50244.0
-50262.0
-50358.0
-50360.0
-50343.0
-50376.0
-50376.0
-50340.0
-50372.0
-50375.0
-50348.0
-50382.0
-50385.0
-50342.0
-50382.0
-50382.0
-50385.0
-50367.0
-50378.0
-50335.0
-50367.0
-50377.0
-50378.0
-50378.0
-50349.0
-50382.0
-50383.0
-50367.0
-50366.0
-50367.0
-50354.0
-50378.0
-50382.0
-50383.0
-50385.0
-50378.0
-50382.0
-50382.0
-50382.0
-50366.0
-50382.0
-50378.0
-50383.0
-50383.0
-50378.0
-50382.0
-50383.0
-50383.0
-50382.0
-50382.0
-50382.0
-50383.0
-50383.0
-50383.0
-50383.0
-50383.0
-50383.0
-50383.0
-50383.0
-50383.0
-50382.0
-50383.0
-50383.0
-50385.0
-50385.0
-50385.0
-50382.0
-50385.0
-50385.0
-50385.0
-50385.0
-50361.0
-50367.0
-50378.0
-50376.0
-50376.0
-50355.0
-50376.0
-50378.0
-50376.0
-50376.0
-50355.0
-50376.0
-50378.0
-50376.0
-50376.0
-50355.0
-50376.0
-50378.0
-50376.0
-50376.0
-50355.0
-50376.0
-50378.0
-50376.0
-50376.0
-50355.0
-50376.0
-50378.0
-50376.0
-50376.0
-50355.0
-50368.0
-50378.0
-50376.0
-50376.0
-50355.0
-50376.0
-50378.0
-50376.0
-50376.0
-50355.0
-50376.0
-50377.0
-50376.0
-50374.0
-50376.0
-50376.0
-50376.0
-50374.0
-50374.0
-50373.0
-50374.0
-50376.0
-50376.0
-50376.0
-50374.0
-50376.0
-50376.0
-50376.0
-50374.0
-50376.0
-50376.0
-50376.0
-50374.0
-50376.0
-50376.0
-50376.0
-50374.0
-50376.0
-50376.0
-50376.0
-50374.0
-50376.0
-50376.0
-50376.0
-50374.0
-50376.0
-50376.0
-50376.0
-50374.0
-50376.0
-50376.0
-50376.0
-50374.0
-50376.0
-50376.0
-50376.0
-50374.0
-50376.0
-50376.0
-50376.0
-50374.0
-50376.0
-50376.0
-50376.0
-50374.0
-50376.0
-50376.0
-50376.0
-50374.0
-50376.0
-50376.0
-50376.0
-50374.0
-50376.0
-50376.0
-50376.0
-50374.0
-50376.0
-50376.0
-50376.0
-50374.0
-50376.0
-50376.0
-50376.0
-50374.0
-50376.0
-50376.0
-50376.0
-50374.0
-50376.0
-50376.0
-50376.0
-50358.0
-50376.0
-50378.0
-50376.0
-50376.0
-50355.0
-50368.0
-50378.0
-50376.0
-50376.0
-50376.0
-50355.0
-50376.0
-50378.0
-50376.0
-50372.0
-50355.0
-50373.0
-50378.0
-50373.0
-50373.0
-50355.0
-50373.0
-50378.0
-50376.0
-50376.0
-50355.0
-50368.0
-50378.0
-50376.0
-50376.0
-50355.0
-50376.0
-50378.0
-50376.0
-50376.0
-50355.0
-50376.0
-50378.0
-50376.0
-50376.0
-50355.0
-50376.0
-50378.0
-50376.0
-50376.0
-50355.0
-50376.0
-50378.0
-50376.0
-50376.0
-50355.0
-50376.0
-50378.0
-50373.0
-50376.0
-50355.0
-50376.0
-50378.0
-50376.0
-50376.0
-50355.0
-50376.0
-50378.0
-50376.0
-50376.0
-50355.0
-50376.0
-50378.0
-50376.0
-50376.0
-50355.0
-50376.0
-50378.0
-50376.0
-50376.0
-50355.0
-50376.0
-50378.0
-50376.0
-50376.0
-50355.0
-50376.0
-50378.0
-50376.0
-50376.0
-50355.0
-50376.0
-50378.0
-50376.0
-50376.0
-50355.0
-50376.0
-50378.0
-50376.0
-50376.0
-50355.0
-50376.0
-50378.0
-50376.0
-50376.0
-50355.0
-50376.0
-50378.0
-50376.0
-50376.0
-50355.0
-50376.0
-50378.0
-50376.0
-50376.0
-50355.0
-50376.0
-50378.0
-50376.0
-50376.0
-50355.0
-50368.0
-50378.0
-50376.0
-50374.0
-50376.0
-50376.0
-50376.0
-50374.0
-50374.0
-50374.0
-50373.0
-50374.0
-50374.0
-50374.0
-50376.0
-50374.0
-50376.0
-50374.0
-50373.0
-50374.0
-50376.0
-50376.0
-50376.0
-50374.0
-50376.0
-50376.0
-50376.0
-50374.0
-50370.0
-50370.0
-50371.0
-50369.0
-50375.0
-50375.0
-50375.0
-50384.0
-50387.0
-50375.0
-50387.0
-50387.0
-50374.0
-50364.0
-50357.0
-50393.0
-50410.0
-50410.0
-50361.0
-50410.0
-50415.0
-50403.0
-50391.0
-50420.0
-50420.0
-50403.0
-50391.0
-50420.0
-50403.0
-50394.0
-50420.0
-50420.0
-50416.0
-50375.0
-50385.0
-50361.0
-50420.0
-50420.0
-50420.0
-50396.0
-50420.0
-50420.0
-50420.0
-50396.0
-50420.0
-50370.0
-50420.0
-50396.0
-50420.0
-50420.0
-50370.0
-50378.0
-50410.0
-50410.0
-50410.0
-50376.0
-50420.0
-50420.0
-50420.0
-50396.0
-50361.0
-50420.0
-50420.0
-50420.0
-50396.0
-50420.0
-50420.0
-50370.0
-50378.0
-50410.0
-50410.0
-50357.0
-50361.0
-50390.0
-50403.0
-50402.0
-50362.0
-50403.0
-50403.0
-50401.0
-50403.0
-50359.0
-50403.0
-50403.0
-50401.0
-50403.0
-50359.0
-50403.0
-50402.0
-50401.0
-50403.0
-50359.0
-50403.0
-50403.0
-50403.0
-50403.0
-50362.0
-50403.0
-50402.0
-50401.0
-50403.0
-50359.0
-50403.0
-50403.0
-50402.0
-50401.0
-50362.0
-50403.0
-50402.0
-50401.0
-50403.0
-50359.0
-50403.0
-50402.0
-50401.0
-50403.0
-50366.0
-50395.0
-50399.0
-50399.0
-50353.0
-50386.0
-50403.0
-50402.0
-50403.0
-50402.0
-50369.0
-50401.0
-50403.0
-50359.0
-50367.0
-50408.0
-50408.0
-50392.0
-50399.0
-50399.0
-50399.0
-50399.0
-50399.0
-50399.0
-50399.0
-50399.0
-50399.0
-50399.0
-50399.0
-50399.0
-50399.0
-50399.0
-50399.0
-50399.0
-50399.0
-50399.0
-50399.0
-50399.0
-50399.0
-50399.0
-50399.0
-50399.0
-50399.0
-50399.0
-50399.0
-50399.0
-50399.0
-50399.0
-50399.0
-50399.0
-50399.0
-50399.0
-50399.0
-50399.0
-50399.0
-50399.0
-50399.0
-50399.0
-50399.0
-50399.0
-50399.0
-50399.0
-50399.0
-50399.0
-50399.0
-50399.0
-50399.0
-50399.0
-50399.0
-50399.0
-50399.0
-50399.0
-50399.0
-50399.0
-50399.0
-50399.0
-50399.0
-50399.0
-50399.0
-50399.0
-50399.0
-50399.0
-50403.0
-50402.0
-50403.0
-50402.0
-50362.0
-50403.0
-50403.0
-50401.0
-50403.0
-50401.0
-50403.0
-50403.0
-50402.0
-50403.0
-50401.0
-50401.0
-50403.0
-50403.0
-50402.0
-50403.0
-50403.0
-50402.0
-50403.0
-50402.0
-50401.0
-50403.0
-50403.0
-50403.0
-50403.0
-50402.0
-50403.0
-50403.0
-50402.0
-50403.0
-50401.0
-50403.0
-50403.0
-50401.0
-50401.0
-50403.0
-50403.0
-50401.0
-50403.0
-50403.0
-50365.0
-50399.0
-50399.0
-50399.0
-50399.0
-50399.0
-50399.0
-50399.0
-50399.0
-50399.0
-50399.0
-50399.0
-50399.0
-50399.0
-50399.0
-50399.0
-50399.0
-50399.0
-50399.0
-50399.0
-50399.0
-50399.0
-50399.0
-50399.0
-50399.0
-50399.0
-50399.0
-50399.0
-50399.0
-50399.0
-50399.0
-50399.0
-50399.0
-50399.0
-50399.0
-50399.0
-50399.0
-50399.0
-50399.0
-50403.0
-50401.0
-50403.0
-50403.0
-50403.0
-50401.0
-50403.0
-50402.0
-50403.0
-50403.0
-50401.0
-50403.0
-50403.0
-50401.0
-50403.0
-50402.0
-50403.0
-50402.0
-50403.0
-50403.0
-50402.0
-50403.0
-50403.0
-50401.0
-50403.0
-50401.0
-50403.0
-50401.0
-50403.0
-50403.0
-50402.0
-50401.0
-50403.0
-50402.0
-50403.0
-50403.0
-50402.0
-50401.0
-50403.0
-50402.0
-50403.0
-50403.0
-50403.0
-50401.0
-50403.0
-50403.0
-50402.0
-50403.0
-50402.0
-50403.0
-50402.0
-50403.0
-50403.0
-50402.0
-50403.0
-50402.0
-50401.0
-50401.0
-50403.0
-50402.0
-50403.0
-50401.0
-50403.0
-50403.0
-50401.0
-50403.0
-50402.0
-50403.0
-50402.0
-50403.0
-50403.0
-50402.0
-50403.0
-50402.0
-50401.0
-50401.0
-50403.0
-50403.0
-50401.0
-50403.0
-50402.0
-50403.0
-50403.0
-50403.0
-50403.0
-50403.0
-50403.0
-50365.0
-50399.0
-50399.0
-50399.0
-50399.0
-50399.0
-50399.0
-50399.0
-50399.0
-50399.0
-50399.0
-50399.0
-50399.0
-50399.0
-50399.0
-50399.0
-50399.0
-50399.0
-50399.0
-50399.0
-50399.0
-50399.0
-50399.0
-50399.0
-50399.0
-50378.0
-50399.0
-50399.0
-50399.0



The list of values average 

-47665.643333333326
-47851.501666666656
-47953.79722222223
-47976.775000000016
-48003.27944444443
-48000.94999999998
-47993.86277777779
-47999.56888888888
-47986.44555555556
-47988.75722222223
-47971.411666666674
-47953.07666666666
-47939.882777777784
-47909.07222222221
-47891.03888888889
-47888.078333333295
-47877.435
-47858.011666666665
-47826.928333333344
-47800.37000000002
-47810.130555555545
-47767.20555555554
-47778.8177777778
-47760.88944444444
-47741.18833333333
-47725.3527777778
-47711.85944444444
-47684.17277777778
-47694.346666666665
-47693.69500000001
-47679.20999999999
-47662.26944444444
-47655.926111111105
-47649.299444444456
-47654.94500000001
-47616.749444444424
-47652.567777777775
-47634.971666666665
-47613.6588888889
-47623.18722222222
-47581.445
-47608.93000000003
-47597.36888888891
-47606.80222222221
-47600.141111111094
-47599.95611111112
-47579.32166666667
-47567.36555555557
-47586.854999999996
-47598.30333333333
-47566.095555555556
-47604.895555555566
-47606.37222222222
-47591.420555555545
-47585.97777777777
-47569.53333333333
-47595.28611111111
-47580.86166666666
-47575.596666666665
-47621.084444444474
-47576.81166666667
-47591.67944444443
-47588.521666666675
-47571.70944444444
-47577.48166666666
-47603.05166666665
-47586.89611111113
-47584.14944444446
-47592.61166666667
-47585.05111111111
-47614.24444444445
-47601.45722222223
-47600.20666666668
-47573.08111111114
-47594.46944444445
-47558.33333333336
-47548.67555555552
-47584.33611111109
-47572.82611111111
-47600.594444444454
-47567.53722222223
-47580.538888888885
-47583.79444444445
-47594.091666666674
-47587.63500000001
-47582.35277777777
-47581.33222222225
-47605.80833333332
-47569.43444444446
-47577.96555555555
-47556.21166666667
-47586.302777777775
-47590.361666666664
-47590.22833333334
-47586.356666666674
-47583.14277777776
-47573.00888888889
-47583.5061111111
-47588.04555555557
-47577.371111111104
-47584.38722222222
-47552.39388888888
-47575.145555555544
-47576.2333333333
-47582.23111111112
-47597.758888888915
-47583.30722222222
-47563.616666666676
-47569.26777777778
-47579.31444444443
-47571.825000000004
-47580.95888888889
-47590.56722222223
-47592.31833333334
-47600.786111111134
-47563.91777777778
-47590.46222222223
-47573.602777777785
-47576.39555555554
-47577.795
-47558.118888888894
-47571.24277777776
-47559.99111111111
-47591.50166666668
-47575.77499999999
-47584.39166666666
-47583.79388888889
-47585.29444444444
-47584.080555555534
-47569.57333333331
-47575.674444444456
-47561.9588888889
-47577.0111111111
-47585.97833333333
-47582.68944444445
-47569.30055555556
-47585.61499999998
-47564.48166666668
-47575.60277777778
-47585.67444444443
-47559.24611111111
-47588.29500000001
-47542.29166666667
-47560.44777777778
-47586.67388888887
-47574.95500000001
-47580.476111111115
-47561.00555555555
-47573.989444444436
-47578.17833333334
-47583.40944444446
-47591.72777777781
-47565.183888888896
-47577.17777777777
-47582.31166666667
-47591.32888888887
-47579.2061111111
-47593.522777777776
-47561.140555555554
-47577.800555555565
-47576.16944444443
-47581.93166666666
-47562.423333333325
-47588.73666666667
-47562.88499999999
-47567.79722222222
-47586.89777777779
-47587.58666666666
-47582.80555555556
-47577.28000000001
-47580.15111111112
-47571.31944444442
-47581.72111111112
-47594.609444444446
-47589.580555555556
-47609.31999999999
-47592.95222222221
-47583.271666666675
-47591.159999999996
-47565.71722222224
-47555.84055555555
-47574.87111111109
-47577.530555555546
-47583.612777777766
-47575.63166666667
-47583.15166666665
-47571.21555555555
-47581.68666666666
-47578.91333333332
-47573.501111111094
-47591.70388888887
-47581.888333333336
-47595.34222222223
-47568.728333333325
-47573.92833333335
-47563.536111111105
-47580.05499999999
-47573.18388888887
-47573.24333333335
-47603.85166666663
-47582.15055555556
-47576.17055555556
-47558.86611111113
-47575.6327777778
-47575.56333333334
-47581.78055555557
-47587.385
-47578.18722222224
-47587.24944444442
-47574.095555555556
-47589.897222222244
-47582.731666666645
-47582.25777777776
-47576.73277777776
-47591.50833333335
-47590.64500000002
-47576.54222222222
-47571.09833333334
-47605.21722222219
-47571.69888888891
-47605.228333333325
-47581.79500000001
-47583.00333333334
-47578.60388888888
-47588.426666666666
-47553.611111111124
-47587.046111111114
-47582.33944444444
-47587.72222222223
-47570.34888888889
-47598.21055555555
-47596.06777777777
-47580.64444444445
-47588.23833333335
-47579.142222222246
-47589.11055555557
-47564.42499999999
-47570.823333333334
-47586.545
-47566.31833333332
-47573.63111111112
-47588.40777777779
-47572.67555555554
-47585.39777777777
-47568.35777777778
-47579.990000000005
-47585.66666666664
-47563.42222222224
-47576.294444444444
-47552.293333333335
-47582.424999999996
-47583.976111111115
-47587.94555555554
-47574.45222222222
-47587.66833333334
-47567.35111111114
-47578.381111111106
-47594.945
-47578.13166666668
-47585.81333333332
-47569.52833333334
-47576.983333333344
-47569.86277777776
-47574.5527777778
-47586.898333333316
-47584.44111111112
-47584.44222222224
-47591.90611111112
-47594.88777777778
-47591.1822222222
-47572.04333333334
-47579.24833333334
-47576.01777777777
-47587.290555555555
-47588.04555555553
-47617.70222222224
-47557.03166666665
-47573.42388888891
-47579.13555555557
-47586.509999999995
-47562.51611111112
-47588.24
-47574.67222222224
-47565.46833333332
-47585.02944444445
-47564.17666666667
-47579.82000000002
-47583.28555555558
-47593.55722222221
-47594.12666666666
-47569.534444444434
-47595.15333333331
-47572.667222222226
-47574.73888888888
-47573.406111111115
-47565.79611111111
-47592.20000000001
-47571.97555555556
-47569.171666666654
-47580.76833333333
-47560.45888888886
-47600.80611111111
-47573.81444444446
-47574.843333333345
-47589.40111111112
-47574.28055555555
-47588.775
-47605.649444444454
-47591.389444444445
-47584.28444444445
-47572.304444444446
-47590.605555555565
-47568.945000000014
-47598.89444444445
-47577.43388888888
-47588.92055555557
-47593.781111111115
-47550.80499999998
-47585.154999999984
-47572.82333333333
-47570.674999999996
-47583.09166666668
-47558.218333333316
-47568.783888888895
-47579.155
-47587.651111111096
-47569.10333333331
-47586.525
-47572.8788888889
-47592.09833333332
-47589.348333333335
-47599.236666666664
-47585.03111111113
-47598.64055555555
-47569.36777777777
-47586.997222222235
-47583.47722222225
-47571.74555555554
-47586.27055555555
-47587.040000000015
-47581.97055555558
-47573.09555555556
-47589.69388888887
-47572.86111111111
-47586.53166666666
-47583.263333333314
-47594.73444444444
-47602.20611111113
-47579.670000000006
-47592.811666666676
-47592.644444444435
-47590.670000000006
-47601.25611111109
-47596.88944444444
-47582.56944444444
-47600.72500000001
-47579.77611111112
-47582.29388888887
-47589.0011111111
-47565.45500000002
-47592.18222222222
-47577.68055555554
-47581.712777777786
-47592.71999999998
-47590.82833333333
-47591.647777777776
-47579.0516666667
-47585.587777777764
-47597.56388888891
-47588.598888888904
-47586.83111111112
-47582.92833333333
-47565.22333333334
-47573.30111111112
-47597.04777777778
-47579.41388888889
-47585.02333333333
-47591.669999999984
-47595.8722222222
-47598.42166666667
-47606.05555555553
-47589.27888888889
-47599.56277777778
-47576.57944444443
-47572.386111111104
-47593.116111111136
-47561.299444444456
-47599.508888888886
-47584.46
-47582.96999999999
-47584.200555555566
-47573.42666666666
-47583.73111111113
-47563.73500000002
-47572.07000000001
-47573.87666666666
-47587.725
-47576.41611111112
-47578.07666666667
-47579.270000000004
-47568.90444444444
-47570.65222222222
-47585.06000000001
-47562.10277777779
-47601.48777777778
-47578.52444444444
-47585.08055555555
-47592.397777777776
-47598.89500000001
-47586.817222222206
-47575.57333333335
-47589.201666666675
-47580.042777777766
-47588.03444444445
-47573.78611111111
-47590.86611111109
-47592.42833333332
-47566.42277777776
-47598.038888888914
-47563.71555555556
-47584.696666666656
-47573.784444444456
-47575.68222222223
-47571.80166666665
-47572.15444444442
-47590.92722222222
-47574.61333333333
-47593.4961111111
-47570.36444444445
-47571.749444444446
-47586.97777777776
-47577.41222222221
-47606.437222222245
-47577.97999999999
-47582.78333333334
-47552.0838888889
-47567.268888888895
-47586.018888888895
-47588.40166666668
-47568.224999999984
-47593.23944444443
-47579.079999999965
-47613.511666666665
-47573.826111111135
-47574.19888888886
-47568.21777777777
-47575.13111111111
-47582.56277777778
-47568.66999999998
-47597.05333333335
-47576.90888888889
-47585.441666666666
-47589.3311111111
-47586.01055555557
-47581.287222222214
-47579.74833333333
-47583.015555555554
-47591.26055555554
-47589.48777777775
-47574.056111111095
-47587.991666666676
-47567.53388888889
-47580.67388888891
-47585.37444444446
-47585.07055555554
-47583.74388888889
-47585.47944444444
-47579.99111111109
-47586.21055555555
-47571.018333333326
-47590.15
-47578.1788888889
-47599.75444444445
-47572.600000000006
-47607.14055555557
-47582.171111111114
-47579.54388888892
-47584.986666666686
-47575.700555555566
-47576.45666666669
-47592.25500000001
-47579.2738888889
-47566.193333333336
-47584.66611111111
-47581.29777777776
-47572.277777777774
-47580.64555555557
-47582.23555555552
-47586.01833333332
-47576.51944444444
-47580.95888888889
-47598.178333333344
-47577.83833333334
-47585.86777777779
-47564.48333333332
-47590.41000000001
-47568.423888888894
-47570.3788888889
-47588.5855555556
-47555.432222222225
-47585.7
-47580.02333333336
-47592.346111111125
-47584.663888888885
-47570.52944444445
-47597.97000000001
-47581.19333333336
-47587.705
-47568.35888888891
-47563.59777777779
-47584.55333333332
-47565.96166666667
-47597.71722222222
-47579.02666666666
-47584.36333333335
-47577.45666666668
-47573.274444444454
-47595.6933333333
-47588.86611111113
-47597.49333333333
-47567.72611111109
-47597.56777777778
-47600.64555555558
-47570.07944444444
-47590.03333333335
-47572.321111111116
-47566.4911111111
-47588.60666666667
-47568.89166666668
-47588.49555555556
-47559.593333333345
-47584.24111111109
-47593.00222222224
-47574.631111111106
-47581.699444444435
-47569.48833333332
-47571.29944444446
-47604.965000000004
-47571.95833333331
-47604.9411111111
-47571.988888888896
-47590.01944444443
-47600.7038888889
-47595.429444444424
-47608.04833333333
-47567.69666666667
-47587.78166666668
-47575.523333333316
-47576.37888888891
-47596.906666666684
-47578.46499999999
-47581.343333333345
-47594.42222222222
-47578.062777777806
-47603.20388888887
-47594.14
-47578.81277777777
-47581.42055555556
-47592.71055555555
-47588.12055555556
-47593.128333333334
-47587.214444444435
-47582.975000000006
-47576.39777777781
-47593.29333333334
-47586.43944444444
-47597.775
-47599.38277777777
-47569.59
-47580.64888888889
-47594.253333333334
-47577.18055555557
-47578.99722222221
-47584.155
-47586.84388888889
-47571.26888888888
-47601.31388888889
-47594.69111111114
-47594.936111111085
-47583.578333333346
-47570.7211111111
-47583.09222222222
-47589.265555555554
-47575.40000000001
-47596.900555555556
-47607.721666666665
-47583.16444444444
-47588.763333333314
-47583.930555555555
-47562.38833333334
-47585.68055555555
-47576.4822222222
-47588.013888888876
-47582.2677777778
-47580.5972222222
-47575.03666666665
-47587.92999999998
-47556.965
-47596.02722222221
-47582.36055555555
-47571.840000000004
-47593.902777777796
-47582.53722222221
-47589.77888888888
-47602.89277777778
-47585.68
-47595.027222222234
-47559.704444444455
-47581.09833333334
-47573.25722222222
-47601.66833333331
-47587.8527777778
-47580.42
-47594.61666666667
-47588.153888888875
-47611.08944444445
-47582.086111111086
-47593.89555555557
-47577.39333333332
-47609.53055555556
-47577.57388888891
-47582.302777777775
-47572.179444444475
-47589.279444444444
-47598.06611111112
-47579.36222222223
-47581.080000000016
-47565.42611111112
-47584.96944444442
-47592.383888888886
-47592.715555555544
-47573.368333333325
-47586.20555555555
-47580.77277777777
-47572.91611111108
-47591.155000000006
-47595.30555555554
-47572.47166666668
-47586.33777777777
-47572.44722222223
-47573.8411111111
-47597.160555555565
-47567.2377777778
-47592.64888888886
-47585.22611111113
-47588.25277777776
-47587.650555555556
-47582.87444444444
-47585.907777777786
-47580.2161111111
-47596.23333333333
-47560.57222222225
-47585.01388888889
-47579.7611111111
-47597.61888888889
-47568.07388888889
-47577.308333333334
-47576.36944444446
-47599.2261111111
-47589.72888888887
-47565.16777777778
-47598.9261111111
-47577.983888888884
-47600.02055555552
-47569.555
-47572.87166666669
-47586.524444444454
-47563.98888888888
-47568.516111111116
-47588.363888888896
-47570.72833333332
-47570.91444444445
-47565.845555555556
-47582.82222222223
-47576.77333333333
-47562.848333333335
-47589.54611111111
-47581.67111111114
-47583.42499999999
-47575.040555555555
-47582.77222222223
-47597.703888888886
-47608.74500000002
-47599.20222222221
-47566.83777777779
-47581.275555555556
-47577.73888888889
-47569.851666666655
-47591.98444444444
-47584.79944444444
-47577.70222222223
-47574.06166666668
-47597.79388888888
-47587.19277777781
-47572.29388888889
-47598.80944444445
-47582.536111111105
-47597.23888888887
-47571.98333333332
-47579.85444444449
-47593.66388888889
-47590.71555555554
-47586.16277777776
-47588.466111111105
-47584.05166666667
-47580.84277777779
-47590.13111111109
-47583.013333333336
-47581.281666666655
-47563.42333333332
-47568.02777777778
-47552.31444444445
-47588.53166666665
-47553.454444444425
-47576.15000000001
-47573.61555555556
-47569.47777777777
-47564.84555555557
-47579.10833333331
-47586.49388888889
-47586.48722222224
-47568.07444444442
-47598.79388888889
-47603.29555555554
-47583.15222222221
-47583.83944444443
-47572.46833333333
-47574.94777777778
-47595.537222222214
-47585.66888888889
-47587.67944444444
-47572.97055555554
-47570.924444444434
-47592.15277777778
-47583.956666666665
-47591.20333333333
-47592.17388888889
-47578.35333333333
-47593.63833333333
-47585.78833333332
-47588.5872222222
-47588.21500000001
-47582.311666666654
-47586.51611111112
-47583.063888888864
-47569.62333333333
-47583.133333333324
-47595.027777777774
-47575.947777777794
-47582.83888888891
-47579.33166666666
-47599.380555555545
-47593.88111111109
-47591.98555555554
-47565.845
-47576.12833333335
-47583.66333333335
-47585.52944444445
-47579.92
-47579.189999999995
-47582.14999999999
-47578.145555555544
-47588.18277777778
-47598.05111111111
-47593.06222222222
-47598.27722222223
-47593.545555555545
-47586.50222222221
-47573.424444444434
-47572.17722222223
-47554.895000000004
-47577.62777777781
-47569.80833333333
-47568.29444444446
-47568.938333333324
-47566.355555555536



The list of best values average 

-49186.36999999999
-49706.05
-49927.87
-50028.299999999996
-50098.679999999986
-50142.06999999997
-50175.98999999999
-50202.89999999999
-50224.88
-50238.330000000016
-50252.810000000005
-50267.649999999994
-50277.39000000001
-50287.730000000025
-50294.61999999998
-50292.8
-50302.260000000024
-50304.30999999999
-50308.93999999999
-50311.32999999998
-50319.25
-50318.48999999998
-50320.36999999999
-50327.03999999998
-50328.92999999999
-50330.02000000001
-50331.349999999984
-50334.36999999998
-50335.34000000001
-50333.19999999999
-50335.46999999997
-50340.02999999998
-50339.38
-50341.760000000024
-50342.55
-50345.09
-50346.95000000001
-50347.09
-50347.30999999999
-50351.82000000001
-50352.29999999999
-50350.509999999995
-50353.31999999999
-50354.87
-50355.92000000001
-50353.25000000001
-50356.720000000016
-50357.11000000002
-50355.73000000002
-50355.81999999999
-50356.78999999999
-50359.13999999999
-50360.59999999999
-50361.47
-50362.470000000016
-50363.889999999985
-50362.990000000005
-50362.22
-50361.9
-50364.18999999999
-50364.48999999999
-50364.15000000001
-50365.85000000001
-50365.39000000001
-50365.710000000014
-50364.93000000002
-50365.46000000001
-50364.92000000001
-50364.99999999999
-50366.14000000001
-50369.42000000002
-50370.25
-50369.470000000016
-50370.130000000005
-50371.41000000001
-50369.820000000014
-50370.96000000002
-50372.08000000001
-50371.64000000001
-50371.53999999999
-50372.13
-50373.149999999994
-50374.33999999999
-50371.71999999998
-50370.470000000016
-50371.70999999999
-50371.01
-50371.85999999998
-50373.619999999995
-50374.28
-50373.590000000004
-50373.49
-50370.75
-50372.829999999994
-50374.58
-50374.98999999999
-50374.28999999999
-50374.020000000004
-50373.679999999986
-50374.419999999984
-50376.829999999994
-50375.709999999985
-50375.64999999997
-50376.75999999999
-50376.37999999999
-50376.02
-50377.00999999998
-50376.66999999999
-50378.69999999998
-50377.83999999999
-50375.68
-50376.499999999985
-50378.46
-50379.170000000006
-50376.49000000001
-50378.25
-50379.98
-50380.83999999998
-50381.63
-50381.1
-50380.38999999999
-50381.950000000004
-50379.530000000006
-50382.219999999994
-50381.45000000001
-50381.450000000004
-50380.86
-50381.490000000005
-50382.22000000001
-50383.53999999999
-50381.310000000005
-50381.380000000005
-50383.47
-50382.94999999999
-50382.83000000001
-50383.52999999998
-50382.1
-50382.770000000004
-50384.909999999996
-50384.85
-50383.990000000005
-50383.38999999999
-50385.08999999999
-50383.73999999999
-50384.76
-50384.17999999999
-50383.429999999986
-50386.25999999998
-50385.969999999994
-50383.869999999995
-50386.219999999994
-50387.41000000001
-50384.49
-50385.840000000004
-50386.68000000001
-50384.80000000002
-50384.15
-50387.05
-50385.42999999999
-50386.03999999999
-50385.41000000002
-50385.68
-50386.14000000001
-50386.820000000014
-50386.88000000001
-50387.37
-50385.02000000001
-50385.06000000001
-50385.1
-50386.96000000001
-50387.360000000015
-50387.54
-50387.77000000002
-50386.87999999999
-50386.68
-50387.340000000004
-50385.55000000001
-50386.86000000001
-50387.700000000004
-50386.92
-50387.75999999999
-50387.72
-50386.150000000016
-50389.35
-50389.12000000002
-50388.08000000001
-50387.340000000004
-50388.71
-50387.830000000016
-50388.860000000015
-50387.5
-50387.420000000006
-50389.05000000001
-50387.92999999999
-50386.37000000001
-50388.770000000004
-50388.250000000015
-50386.78
-50386.42999999999
-50388.15000000001
-50387.09
-50389.55
-50387.81999999999
-50387.899999999994
-50388.55
-50388.87000000001
-50387.04
-50389.29000000001
-50389.10999999999
-50389.44999999999
-50388.92999999999
-50389.59999999999
-50388.259999999995
-50389.48999999999
-50389.299999999996
-50387.59
-50388.66
-50389.59999999998
-50388.04
-50387.729999999996
-50388.649999999994
-50388.94999999999
-50389.67
-50388.26
-50388.93000000001
-50389.75999999999
-50389.479999999996
-50388.91
-50390.12
-50390.27999999999
-50389.58000000001
-50389.09000000001
-50390.19
-50388.780000000006
-50388.95999999999
-50390.86000000001
-50390.520000000004
-50390.03999999999
-50389.770000000004
-50389.5
-50390.46
-50389.97
-50388.87000000001
-50390.9
-50390.4
-50389.26
-50388.73999999999
-50390.71
-50389.990000000005
-50389.90999999999
-50389.07
-50390.41
-50391.789999999986
-50391.06999999999
-50389.200000000004
-50390.37999999999
-50391.139999999985
-50389.759999999995
-50389.91
-50391.55
-50389.219999999994
-50390.11999999999
-50390.619999999995
-50390.73999999998
-50391.679999999986
-50390.4
-50389.05000000001
-50391.53999999999
-50391.81000000001
-50389.79999999999
-50390.38999999999
-50391.38000000001
-50391.47
-50390.41999999999
-50390.1
-50390.3
-50391.20999999999
-50391.270000000004
-50389.450000000004
-50389.909999999996
-50390.67000000001
-50390.79
-50391.270000000004
-50391.270000000004
-50390.44
-50391.50999999998
-50391.22
-50391.30999999999
-50391.40999999999
-50391.259999999995
-50390.749999999985
-50392.1
-50392.42000000001
-50391.08999999999
-50391.479999999996
-50391.350000000006
-50391.11999999999
-50390.909999999996
-50389.939999999995
-50390.810000000005
-50391.75999999998
-50391.34
-50390.94
-50392.74999999999
-50392.7
-50390.75999999999
-50392.829999999994
-50392.71
-50392.49999999999
-50392.40999999999
-50392.25
-50392.2
-50392.62
-50391.219999999994
-50391.130000000005
-50391.26999999999
-50392.8
-50390.12000000001
-50391.23999999999
-50391.35
-50391.829999999994
-50391.009999999995
-50391.62
-50391.219999999994
-50391.32
-50391.00999999999
-50391.37000000001
-50392.94999999999
-50392.12
-50391.429999999986
-50391.6
-50393.45000000002
-50391.01999999999
-50392.249999999985
-50392.98999999999
-50392.39000000001
-50392.119999999995
-50393.259999999995
-50391.95999999999
-50392.73
-50393.20999999999
-50392.59999999999
-50391.14000000001
-50392.810000000005
-50394.060000000005
-50392.18999999999
-50391.24000000001
-50393.509999999995
-50392.63999999998
-50392.0
-50391.600000000006
-50392.05000000001
-50393.240000000005
-50392.79
-50390.65
-50392.860000000015
-50392.149999999994
-50391.02
-50391.52
-50393.16
-50392.6
-50392.520000000004
-50392.68
-50393.35
-50391.420000000006
-50392.31000000001
-50391.740000000005
-50392.74999999999
-50394.03000000001
-50392.24
-50391.810000000005
-50393.91000000001
-50392.97000000001
-50391.65000000001
-50392.46
-50393.64
-50393.59000000001
-50392.0
-50391.22000000001
-50391.68999999999
-50394.04000000001
-50392.13999999999
-50391.87
-50393.35
-50392.86000000001
-50392.90000000001
-50392.310000000005
-50392.98000000001
-50393.20999999999
-50390.78999999999
-50390.459999999985
-50392.09999999999
-50391.81000000001
-50392.51999999999
-50392.86000000001
-50392.03999999999
-50392.24
-50392.11
-50392.62
-50391.99000000001
-50392.37000000001
-50392.77
-50392.16999999999
-50392.68000000001
-50393.49
-50392.700000000004
-50393.29000000001
-50393.47000000001
-50393.29
-50393.210000000014
-50392.12
-50392.91
-50393.25999999999
-50393.32
-50392.83
-50394.759999999995
-50394.90000000001
-50393.399999999994
-50391.33
-50392.920000000006
-50394.66000000001
-50393.59999999999
-50394.25000000001
-50394.94000000001
-50393.18999999999
-50394.29999999998
-50393.520000000004
-50395.19999999999
-50393.799999999996
-50393.60000000001
-50394.63999999999
-50394.969999999994
-50395.11000000001
-50394.549999999996
-50393.560000000005
-50393.450000000004
-50394.61000000001
-50394.53
-50393.98000000001
-50395.1
-50394.570000000014
-50394.98000000001
-50395.409999999996
-50394.96
-50395.14000000001
-50395.909999999996
-50394.59
-50394.05
-50394.579999999994
-50395.859999999986
-50394.33
-50394.53999999999
-50396.46000000001
-50396.30999999998
-50395.57000000001
-50395.05999999999
-50395.3
-50396.28
-50395.23
-50395.9
-50396.02
-50397.16999999999
-50396.060000000005
-50395.99999999999
-50396.72000000001
-50395.05
-50396.17999999999
-50396.31999999999
-50396.48999999999
-50395.96000000001
-50394.97999999999
-50396.31999999999
-50396.59000000001
-50396.84999999999
-50395.96
-50396.01
-50396.46
-50396.520000000004
-50396.61999999999
-50397.64
-50395.630000000005
-50396.799999999996
-50396.600000000006
-50396.56
-50396.3
-50396.82
-50396.340000000004
-50396.03
-50396.920000000006
-50397.240000000005
-50396.31999999999
-50396.31
-50396.93
-50396.35
-50396.72000000001
-50395.54000000001
-50395.57
-50396.62
-50396.72
-50395.96000000001
-50396.689999999995
-50397.169999999984
-50396.72999999999
-50396.9
-50396.55999999999
-50396.149999999994
-50397.01
-50397.59
-50396.16999999999
-50396.509999999995
-50396.15
-50396.98999999999
-50396.37999999999
-50396.689999999995
-50395.88
-50396.99
-50396.42999999999
-50397.1
-50395.06
-50396.939999999995
-50397.03
-50396.72999999999
-50395.599999999984
-50396.75999999999
-50396.80999999999
-50396.91999999999
-50395.28999999999
-50397.13
-50396.170000000006
-50396.14999999999
-50395.310000000005
-50395.799999999996
-50396.33999999999
-50396.24
-50394.90999999999
-50396.32000000001
-50395.869999999995
-50396.71
-50395.54
-50396.31
-50395.7
-50396.700000000004
-50395.2
-50396.299999999996
-50396.97000000001
-50396.34999999999
-50395.52999999999
-50396.52
-50396.18999999999
-50396.98
-50395.68000000001
-50395.72
-50396.24000000001
-50397.02000000001
-50395.740000000005
-50397.560000000005
-50396.01000000001
-50396.53999999999
-50395.649999999994
-50396.479999999996
-50395.50000000001
-50396.17999999999
-50394.8
-50396.60999999999
-50396.95999999999
-50395.86000000001
-50395.57
-50397.05
-50396.65000000001
-50395.950000000004
-50395.82
-50397.030000000006
-50395.93
-50397.049999999996
-50396.31000000001
-50396.68
-50396.76000000001
-50397.31
-50395.83
-50396.66999999999
-50395.92
-50395.95999999999
-50395.79
-50396.45
-50396.200000000004
-50397.32000000001
-50396.30000000002
-50396.700000000004
-50396.360000000015
-50396.74999999999
-50395.98000000002
-50396.71000000001
-50397.30000000001
-50395.90999999999
-50394.95000000002
-50397.57
-50396.73
-50396.619999999995
-50396.09
-50397.14000000001
-50397.84
-50397.259999999995
-50395.78
-50397.0
-50397.36000000001
-50397.19
-50396.590000000004
-50397.16
-50397.329999999994
-50397.159999999996
-50395.92
-50397.17
-50397.27999999999
-50397.52999999999
-50396.899999999994
-50397.689999999995
-50396.58
-50396.76
-50396.22
-50397.48
-50397.189999999995
-50395.74
-50395.78
-50396.56999999999
-50396.30999999999
-50396.409999999996
-50396.48
-50397.17
-50396.48000000001
-50397.189999999995
-50397.210000000014
-50397.590000000004
-50397.020000000004
-50397.060000000005
-50396.68000000001
-50397.19999999999
-50397.38999999999
-50396.97999999999
-50396.77999999999
-50397.27
-50397.2
-50396.899999999994
-50396.51000000001
-50397.520000000004
-50397.77
-50396.67
-50396.45000000001
-50397.72000000001
-50396.70000000001
-50396.64000000001
-50396.600000000006
-50396.310000000005
-50396.91000000001
-50397.409999999996
-50396.05
-50397.19000000001
-50396.88999999999
-50397.450000000004
-50396.79000000001
-50396.62000000001
-50396.20999999999
-50396.72000000001
-50396.32
-50396.86000000001
-50396.91
-50397.54
-50396.86000000001
-50397.62000000001
-50397.33000000001
-50397.29
-50396.16000000001
-50397.31
-50397.409999999996
-50396.60999999999
-50396.67999999999
-50397.77000000001
-50397.350000000006
-50396.88
-50396.95000000001
-50396.97
-50396.81000000001
-50397.2
-50395.77000000001
-50398.32
-50397.11000000001
-50396.170000000006
-50397.23000000001
-50397.23
-50397.39000000001
-50396.95999999999
-50397.16
-50397.05000000001
-50397.43000000001
-50397.83
-50396.91
-50397.27000000002
-50397.44999999999
-50396.999999999985
-50396.590000000004
-50396.89
-50396.57
-50397.05999999999
-50396.32000000001
-50397.32000000001
-50396.94
-50396.990000000005
-50396.87000000001
-50397.590000000004
-50397.35999999999
-50397.039999999986
-50396.23
-50397.74
-50397.24999999999
-50397.46
-50397.990000000005
-50396.99
-50396.64
-50396.929999999986
-50396.68000000001
-50397.659999999996
-50396.64
-50397.09
-50397.12
-50398.159999999996
-50397.75000000001
-50398.32999999999
-50396.83
-50397.619999999995
-50397.52
-50398.030000000006
-50397.179999999986
-50398.63
-50398.30999999998
-50397.009999999995
-50397.359999999986
-50398.17
-50396.88
-50397.729999999996
-50397.54000000001
-50398.770000000004
-50397.52999999999
-50397.81
-50397.649999999994
-50398.83
-50397.68
-50397.91999999999
-50398.77
-50397.61
-50397.549999999996
-50398.67999999999
-50398.38
-50397.170000000006
-50396.99
-50397.719999999994
-50398.020000000004
-50397.86000000001
-50397.439999999995
-50398.14000000001
-50398.05999999999
-50398.66999999999
-50397.23999999999
-50397.76999999999
-50398.49
-50398.35999999999
-50397.979999999996
-50398.709999999985
-50397.159999999996
-50397.98999999999
-50398.77
-50398.979999999996
-50397.38
-50398.479999999996
-50397.689999999995
-50397.9
-50398.479999999996
-50398.18
