----------Report of simulation of Quantum Parallel Tempering - Population Annealing v1-----------
The number of considered Spin159
The considered Annealing Duration 636
The considered Annealing Number 100
The considered T 1.0
The considered Gamma0 1.0
The considered Number Of Replica 3
The considered Number Of System Tempering 3
The considered Number Of System Population 3
The solution found [ 1.  1. -1. -1.  1.  1.  1. -1. -1. -1. -1. -1. -1. -1.  1.  1.  1.  1.
  1. -1. -1. -1. -1.  1.  1. -1. -1.  1.  1.  1.  1.  1. -1. -1. -1.  1.
  1.  1.  1. -1.  1. -1.  1. -1. -1. -1.  1.  1.  1.  1.  1. -1.  1. -1.
 -1. -1.  1. -1. -1. -1. -1. -1.  1.  1. -1. -1.  1.  1.  1.  1. -1. -1.
  1.  1. -1.  1. -1.  1.  1. -1.  1.  1. -1.  1.  1.  1.  1. -1. -1. -1.
  1. -1. -1. -1. -1. -1. -1.  1.  1. -1.  1. -1. -1. -1.  1. -1. -1.  1.
 -1.  1.  1. -1. -1. -1.  1.  1.  1. -1. -1. -1.  1. -1.  1. -1. -1.  1.
  1. -1. -1. -1. -1. -1.  1. -1. -1.  1.  1.  1. -1. -1.  1. -1.  1.  1.
 -1. -1.  1. -1.  1.  1.  1. -1. -1.  1.  1.  1.  1.  1.  1.]
The value found -34088.0
The Success probability is 0.94
The average value is -34085.38
The total execution time is 35332.35567569733
The average time for execution is 353.32355453968046
The average time for all systems update is 0.5553223454389932
The average time for system tempering update is 0.03357030448173827
The average time for system population update is 28888.17514014244
The average time for replica update is 0.030828240346150493
The average time for spin update is 0.0001934703301644472
The list of values found 

-34088.0
-34088.0
-34088.0
-34088.0
-34088.0
-34088.0
-34088.0
-34088.0
-34088.0
-34088.0
-34088.0
-34088.0
-34088.0
-34088.0
-34088.0
-34088.0
-34088.0
-34088.0
-34088.0
-34088.0
-34088.0
-34088.0
-34088.0
-34088.0
-34088.0
-34088.0
-34088.0
-34088.0
-34088.0
-34016.0
-34088.0
-34088.0
-34088.0
-34064.0
-34088.0
-34088.0
-34088.0
-34088.0
-34088.0
-34088.0
-34088.0
-34088.0
-34088.0
-34027.0
-34088.0
-34088.0
-34088.0
-34088.0
-34088.0
-34088.0
-34088.0
-34088.0
-34088.0
-34088.0
-34088.0
-34088.0
-34088.0
-34088.0
-34088.0
-34088.0
-34088.0
-34088.0
-34070.0
-34088.0
-34088.0
-34088.0
-34088.0
-34088.0
-34088.0
-34088.0
-34088.0
-34088.0
-34088.0
-34025.0
-34088.0
-34088.0
-34088.0
-34088.0
-34088.0
-34088.0
-34088.0
-34088.0
-34088.0
-34088.0
-34088.0
-34088.0
-34088.0
-34088.0
-34088.0
-34088.0
-34088.0
-34088.0
-34088.0
-34064.0
-34088.0
-34088.0
-34088.0
-34088.0
-34088.0
-34088.0



The list of values first execution 

-32018.944444444445
-32112.61111111111
-32219.38888888889
-32197.222222222223
-32258.277777777777
-32274.38888888889
-32308.166666666668
-32382.88888888889
-32401.944444444445
-32460.5
-32364.666666666668
-32545.777777777777
-32503.277777777777
-32500.555555555555
-32419.277777777777
-32409.833333333332
-32493.722222222223
-32486.333333333332
-32564.055555555555
-32579.0
-32537.88888888889
-32640.38888888889
-32569.055555555555
-32494.666666666668
-32680.222222222223
-32645.11111111111
-32648.444444444445
-32622.277777777777
-32601.222222222223
-32789.555555555555
-32798.0
-32640.277777777777
-32788.61111111111
-32705.055555555555
-32963.833333333336
-32906.72222222222
-32875.11111111111
-32929.5
-32884.72222222222
-32937.38888888889
-32886.833333333336
-32863.27777777778
-32883.22222222222
-32983.38888888889
-32930.72222222222
-33032.11111111111
-33008.11111111111
-32976.77777777778
-33031.666666666664
-32930.555555555555
-33007.166666666664
-32905.666666666664
-33017.5
-33040.055555555555
-33086.22222222222
-33064.055555555555
-32967.333333333336
-33075.61111111111
-32977.666666666664
-33050.833333333336
-33024.944444444445
-32976.38888888889
-32849.27777777778
-32907.055555555555
-33047.444444444445
-33002.444444444445
-32999.27777777778
-32969.555555555555
-32949.555555555555
-32936.61111111111
-32979.333333333336
-32947.666666666664
-33129.0
-33072.5
-33137.72222222222
-33149.5
-33011.555555555555
-33175.61111111111
-32990.11111111111
-33146.444444444445
-32865.72222222222
-33076.0
-32944.11111111111
-33082.555555555555
-32983.72222222222
-32990.055555555555
-33112.11111111111
-33103.166666666664
-33239.27777777778
-33093.77777777778
-33183.38888888889
-33087.444444444445
-33153.666666666664
-33183.5
-33063.444444444445
-33003.38888888889
-32957.27777777778
-33035.944444444445
-33174.38888888889
-33047.38888888889
-33186.77777777778
-33169.444444444445
-32973.0
-32954.666666666664
-33150.72222222222
-33223.666666666664
-33186.833333333336
-33074.555555555555
-33184.38888888889
-33068.72222222222
-33105.666666666664
-33163.0
-33053.38888888889
-33121.833333333336
-33126.666666666664
-33160.11111111111
-33099.11111111111
-33183.833333333336
-33175.11111111111
-33142.555555555555
-33140.22222222222
-33155.833333333336
-33175.11111111111
-33095.166666666664
-33119.88888888889
-33215.055555555555
-33193.5
-33074.38888888889
-33123.333333333336
-33163.333333333336
-33045.833333333336
-33143.22222222222
-33072.833333333336
-33116.77777777778
-33041.055555555555
-33151.833333333336
-33040.166666666664
-33120.72222222222
-33141.22222222222
-33185.77777777778
-33260.11111111111
-33164.88888888889
-33209.055555555555
-33091.833333333336
-33170.055555555555
-33106.5
-33085.72222222222
-33150.944444444445
-33187.5
-33104.88888888889
-33111.444444444445
-33232.11111111111
-33109.5
-33226.833333333336
-33106.0
-33096.72222222222
-33216.333333333336
-33134.72222222222
-33137.333333333336
-33053.88888888889
-33233.22222222222
-33100.833333333336
-33137.77777777778
-33145.11111111111
-33129.555555555555
-33231.0
-33122.333333333336
-33208.5
-33152.0
-33165.166666666664
-33160.666666666664
-33188.72222222222
-33183.833333333336
-33106.055555555555
-33082.27777777778
-33087.11111111111
-33217.944444444445
-33095.0
-33232.27777777778
-33091.11111111111
-33172.72222222222
-33055.0
-33176.333333333336
-33191.61111111111
-33177.833333333336
-33229.38888888889
-33076.77777777778
-33203.27777777778
-33121.055555555555
-33063.166666666664
-33202.833333333336
-33154.5
-33198.944444444445
-33133.333333333336
-33107.944444444445
-33127.0
-33163.77777777778
-33014.22222222222
-33173.61111111111
-33147.944444444445
-33123.88888888889
-33098.055555555555
-33108.88888888889
-33110.38888888889
-33089.61111111111
-33177.38888888889
-33086.444444444445
-33160.88888888889
-33168.77777777778
-33226.944444444445
-33154.944444444445
-33268.5
-33115.055555555555
-33201.0
-33243.11111111111
-33138.88888888889
-33245.27777777778
-33114.22222222222
-33087.0
-33072.555555555555
-33084.77777777778
-33086.444444444445
-33115.666666666664
-33141.444444444445
-33163.944444444445
-33200.055555555555
-33158.72222222222
-33088.27777777778
-33102.22222222222
-33198.5
-33195.333333333336
-33158.0
-33161.11111111111
-33148.944444444445
-33152.055555555555
-33164.88888888889
-33071.5
-33119.72222222222
-33146.22222222222
-33147.944444444445
-33096.11111111111
-33126.555555555555
-33133.72222222222
-33151.27777777778
-33137.555555555555
-33222.61111111111
-33121.72222222222
-33089.333333333336
-33061.166666666664
-33104.77777777778
-33115.27777777778
-33091.0
-33137.38888888889
-33107.0
-33155.72222222222
-33165.38888888889
-33114.166666666664
-33131.61111111111
-33115.055555555555
-33092.77777777778
-33180.22222222222
-33125.166666666664
-33099.5
-33215.27777777778
-33105.944444444445
-33254.055555555555
-33119.944444444445
-33065.38888888889
-33161.72222222222
-33122.22222222222
-33087.61111111111
-33122.72222222222
-33066.833333333336
-33148.666666666664
-33147.333333333336
-33164.77777777778
-33266.72222222222
-33105.88888888889
-33143.0
-33069.833333333336
-33013.666666666664
-33215.27777777778
-33086.555555555555
-33147.166666666664
-33125.0
-33112.77777777778
-33174.38888888889
-33174.166666666664
-33063.11111111111
-33148.22222222222
-33064.055555555555
-33125.0
-33174.666666666664
-33138.555555555555
-33164.555555555555
-33135.166666666664
-33117.333333333336
-33161.166666666664
-33108.166666666664
-33194.61111111111
-33103.333333333336
-33102.61111111111
-33241.77777777778
-33182.5
-33052.555555555555
-33093.555555555555
-33049.5
-33131.0
-33192.22222222222
-33179.38888888889
-33203.77777777778
-33164.77777777778
-33186.5
-33112.166666666664
-33193.5
-33153.833333333336
-33103.944444444445
-33151.166666666664
-33124.944444444445
-33161.444444444445
-33125.166666666664
-33171.055555555555
-33190.944444444445
-33113.61111111111
-33152.944444444445
-33173.944444444445
-33249.38888888889
-33091.88888888889
-33195.166666666664
-33167.11111111111
-33238.166666666664
-33157.22222222222
-33104.444444444445
-33193.055555555555
-33147.0
-33267.38888888889
-33101.0
-33099.166666666664
-33052.38888888889
-33127.444444444445
-33177.944444444445
-33225.27777777778
-33197.5
-33222.944444444445
-33210.11111111111
-33111.555555555555
-33191.166666666664
-33049.11111111111
-33135.38888888889
-33012.5
-33056.88888888889
-33185.833333333336
-33013.72222222222
-33233.61111111111
-33181.38888888889
-33150.11111111111
-33189.72222222222
-33059.833333333336
-33205.22222222222
-33112.77777777778
-33120.61111111111
-33157.555555555555
-33160.444444444445
-33210.166666666664
-33206.666666666664
-33081.22222222222
-33195.833333333336
-33089.555555555555
-33054.055555555555
-33149.944444444445
-33062.333333333336
-33170.333333333336
-33086.833333333336
-33156.333333333336
-33139.22222222222
-33219.555555555555
-33163.38888888889
-33141.833333333336
-33239.0
-33233.944444444445
-33242.61111111111
-33122.11111111111
-33215.555555555555
-33071.77777777778
-33136.11111111111
-33109.27777777778
-33136.22222222222
-33100.38888888889
-33092.055555555555
-33209.5
-33159.444444444445
-33135.555555555555
-33164.944444444445
-33241.666666666664
-33182.11111111111
-33138.11111111111
-33109.88888888889
-33144.11111111111
-33193.11111111111
-33074.88888888889
-33180.0
-33139.77777777778
-33197.333333333336
-33118.72222222222
-33166.0
-33186.27777777778
-33029.77777777778
-33069.166666666664
-33118.27777777778
-33074.61111111111
-33223.5
-33225.833333333336
-33151.444444444445
-33219.666666666664
-33145.833333333336
-33156.5
-33169.38888888889
-33129.333333333336
-33099.27777777778
-33044.61111111111
-33072.38888888889
-33008.555555555555
-33178.5
-33201.22222222222
-33226.055555555555
-33159.666666666664
-33090.444444444445
-33049.666666666664
-33053.0
-33172.555555555555
-33039.77777777778
-33201.11111111111
-33140.666666666664
-33073.88888888889
-33114.333333333336
-33007.166666666664
-33190.944444444445
-33171.27777777778
-33123.166666666664
-33157.61111111111
-33196.27777777778
-33151.38888888889
-33155.944444444445
-33140.77777777778
-33157.88888888889
-33038.666666666664
-33128.61111111111
-33099.22222222222
-33035.944444444445
-33137.61111111111
-32980.11111111111
-33053.11111111111
-33205.11111111111
-33174.555555555555
-33245.22222222222
-33142.22222222222
-33234.0
-33173.72222222222
-33176.833333333336
-33216.944444444445
-33184.444444444445
-33129.555555555555
-33133.555555555555
-33109.27777777778
-33046.22222222222
-33201.0
-33035.833333333336
-33187.27777777778
-33110.833333333336
-33075.61111111111
-33164.5
-33089.61111111111
-33193.38888888889
-33170.22222222222
-33225.333333333336
-33102.22222222222
-33159.944444444445
-33051.666666666664
-33120.555555555555
-33067.5
-33017.833333333336
-33184.22222222222
-33064.833333333336
-33252.22222222222
-33223.38888888889
-33204.88888888889
-33134.22222222222
-33075.38888888889
-33116.833333333336
-33041.11111111111
-33010.555555555555
-33156.0
-33074.444444444445
-33128.11111111111
-33212.833333333336
-33100.27777777778
-33201.0
-33135.0
-33151.72222222222
-33208.333333333336
-33215.0
-33185.833333333336
-33152.555555555555
-33097.555555555555
-33169.5
-33139.0
-33210.27777777778
-33173.22222222222
-33126.77777777778
-33033.944444444445
-33181.0
-33060.944444444445
-33145.77777777778
-33112.055555555555
-33133.444444444445
-33153.27777777778
-33242.166666666664
-33200.0
-33037.666666666664
-33181.0
-33058.555555555555
-33166.77777777778
-33143.77777777778
-33082.77777777778
-33143.72222222222
-33117.333333333336
-33153.38888888889
-33116.444444444445
-33109.38888888889
-33055.055555555555
-33167.27777777778
-33185.27777777778
-33189.555555555555
-33106.055555555555
-33009.444444444445
-33211.77777777778
-33079.72222222222
-33152.27777777778
-33175.333333333336
-33147.22222222222
-33148.055555555555
-33085.38888888889
-32995.22222222222
-33028.27777777778
-33070.38888888889
-33051.555555555555
-33053.22222222222
-32885.77777777778
-33079.61111111111
-33012.333333333336
-33186.11111111111
-33045.72222222222
-33200.77777777778
-33084.833333333336
-33074.333333333336
-33168.38888888889
-33090.5
-33136.5
-33108.944444444445
-33194.055555555555
-33144.0
-33176.833333333336
-33107.22222222222
-33079.72222222222
-33118.333333333336
-33098.27777777778
-33160.27777777778
-33127.5
-33217.27777777778
-33143.27777777778
-33028.27777777778
-33195.444444444445
-33078.11111111111
-33198.666666666664
-33131.444444444445
-33211.833333333336
-33193.333333333336
-33142.88888888889
-33191.166666666664
-33145.944444444445
-33130.0
-33060.88888888889
-33184.666666666664
-33185.0
-33232.944444444445
-33115.833333333336
-33134.22222222222
-33143.22222222222
-33127.61111111111
-33170.77777777778
-33172.055555555555
-33189.944444444445
-33185.333333333336
-33191.5
-33187.444444444445
-33223.166666666664
-33250.833333333336
-33146.72222222222
-33226.055555555555
-33138.77777777778
-33151.27777777778
-33199.5
-33224.22222222222
-33187.22222222222
-33162.38888888889
-33153.61111111111
-33143.333333333336
-33218.666666666664
-33191.77777777778
-33062.444444444445
-33193.11111111111
-33122.666666666664
-33121.27777777778
-33010.11111111111
-33181.27777777778
-32968.11111111111
-33086.555555555555
-33168.72222222222
-33041.0
-33171.666666666664
-33053.88888888889
-33068.944444444445
-33097.333333333336
-33148.444444444445
-33194.333333333336
-33196.555555555555
-33175.72222222222
-33195.88888888889
-33224.166666666664
-33182.666666666664
-33171.555555555555
-33103.38888888889
-33155.166666666664
-33077.333333333336
-33066.5
-33232.055555555555



The list of best values first execution 

-33131.0
-33487.0
-33619.0
-33638.0
-33706.0
-33792.0
-33803.0
-33920.0
-33953.0
-33917.0
-33947.0
-33929.0
-33897.0
-33957.0
-33914.0
-33944.0
-33959.0
-33958.0
-33955.0
-33957.0
-33960.0
-33960.0
-33960.0
-33960.0
-33960.0
-33960.0
-33960.0
-33960.0
-33960.0
-33960.0
-33960.0
-33965.0
-33965.0
-33965.0
-33965.0
-33965.0
-33965.0
-33965.0
-33965.0
-33965.0
-33965.0
-33965.0
-33965.0
-33965.0
-33965.0
-33965.0
-33965.0
-33965.0
-33965.0
-33965.0
-33965.0
-33965.0
-33965.0
-33965.0
-33965.0
-33965.0
-33965.0
-33965.0
-33965.0
-33991.0
-33999.0
-33981.0
-33976.0
-33965.0
-34019.0
-33965.0
-33989.0
-34003.0
-33988.0
-34068.0
-34001.0
-34019.0
-34018.0
-34037.0
-34073.0
-34086.0
-34073.0
-34073.0
-34051.0
-34051.0
-34060.0
-34062.0
-34064.0
-34067.0
-34053.0
-34050.0
-34072.0
-34050.0
-34071.0
-34056.0
-34067.0
-34068.0
-34078.0
-34083.0
-34086.0
-34077.0
-34078.0
-34079.0
-34083.0
-34088.0
-34088.0
-34088.0
-34086.0
-34079.0
-34079.0
-34079.0
-34084.0
-34084.0
-34079.0
-34079.0
-34084.0
-34084.0
-34086.0
-34086.0
-34088.0
-34088.0
-34088.0
-34088.0
-34088.0
-34088.0
-34088.0
-34088.0
-34086.0
-34088.0
-34086.0
-34088.0
-34086.0
-34088.0
-34088.0
-34088.0
-34086.0
-34088.0
-34088.0
-34088.0
-34088.0
-34088.0
-34088.0
-34086.0
-34088.0
-34079.0
-34083.0
-34086.0
-34088.0
-34088.0
-34088.0
-34088.0
-34088.0
-34088.0
-34088.0
-34088.0
-34086.0
-34088.0
-34086.0
-34088.0
-34088.0
-34086.0
-34088.0
-34088.0
-34088.0
-34073.0
-34088.0
-34083.0
-34086.0
-34088.0
-34088.0
-34088.0
-34088.0
-34088.0
-34086.0
-34088.0
-34088.0
-34086.0
-34088.0
-34086.0
-34088.0
-34088.0
-34088.0
-34088.0
-34088.0
-34088.0
-34088.0
-34083.0
-34086.0
-34088.0
-34088.0
-34088.0
-34088.0
-34088.0
-34086.0
-34088.0
-34088.0
-34088.0
-34088.0
-34088.0
-34088.0
-34088.0
-34088.0
-34088.0
-34088.0
-34088.0
-34088.0
-34088.0
-34088.0
-34088.0
-34088.0
-34088.0
-34088.0
-34088.0
-34088.0
-34088.0
-34088.0
-34088.0
-34088.0
-34088.0
-34088.0
-34086.0
-34088.0
-34088.0
-34088.0
-34086.0
-34088.0
-34088.0
-34088.0
-34088.0
-34088.0
-34088.0
-34088.0
-34086.0
-34088.0
-34088.0
-34088.0
-34086.0
-34088.0
-34088.0
-34088.0
-34088.0
-34088.0
-34086.0
-34088.0
-34088.0
-34084.0
-34084.0
-34084.0
-34084.0
-34088.0
-34088.0
-34088.0
-34088.0
-34086.0
-34088.0
-34088.0
-34088.0
-34088.0
-34088.0
-34088.0
-34088.0
-34088.0
-34088.0
-34088.0
-34088.0
-34088.0
-34088.0
-34088.0
-34088.0
-34088.0
-34088.0
-34088.0
-34088.0
-34088.0
-34088.0
-34088.0
-34088.0
-34088.0
-34088.0
-34088.0
-34088.0
-34088.0
-34088.0
-34088.0
-34088.0
-34088.0
-34088.0
-34088.0
-34088.0
-34088.0
-34088.0
-34088.0
-34088.0
-34088.0
-34088.0
-34088.0
-34088.0
-34088.0
-34088.0
-34088.0
-34088.0
-34088.0
-34086.0
-34088.0
-34088.0
-34088.0
-34088.0
-34088.0
-34088.0
-34088.0
-34088.0
-34088.0
-34088.0
-34088.0
-34088.0
-34088.0
-34088.0
-34088.0
-34088.0
-34088.0
-34088.0
-34088.0
-34088.0
-34088.0
-34088.0
-34088.0
-34088.0
-34088.0
-34088.0
-34088.0
-34088.0
-34088.0
-34088.0
-34088.0
-34088.0
-34088.0
-34088.0
-34088.0
-34088.0
-34088.0
-34088.0
-34088.0
-34088.0
-34088.0
-34088.0
-34088.0
-34088.0
-34088.0
-34088.0
-34088.0
-34088.0
-34088.0
-34088.0
-34088.0
-34088.0
-34088.0
-34088.0
-34088.0
-34088.0
-34088.0
-34088.0
-34088.0
-34088.0
-34088.0
-34088.0
-34088.0
-34088.0
-34088.0
-34088.0
-34088.0
-34088.0
-34088.0
-34088.0
-34088.0
-34086.0
-34088.0
-34088.0
-34088.0
-34088.0
-34088.0
-34088.0
-34088.0
-34088.0
-34088.0
-34088.0
-34088.0
-34088.0
-34088.0
-34088.0
-34088.0
-34088.0
-34088.0
-34088.0
-34088.0
-34088.0
-34088.0
-34088.0
-34088.0
-34088.0
-34088.0
-34088.0
-34088.0
-34088.0
-34088.0
-34088.0
-34088.0
-34088.0
-34088.0
-34088.0
-34088.0
-34088.0
-34088.0
-34088.0
-34088.0
-34088.0
-34088.0
-34088.0
-34088.0
-34088.0
-34088.0
-34088.0
-34088.0
-34088.0
-34088.0
-34088.0
-34088.0
-34088.0
-34088.0
-34088.0
-34088.0
-34088.0
-34088.0
-34088.0
-34088.0
-34088.0
-34088.0
-34088.0
-34088.0
-34088.0
-34088.0
-34088.0
-34088.0
-34088.0
-34088.0
-34088.0
-34088.0
-34088.0
-34088.0
-34088.0
-34088.0
-34088.0
-34088.0
-34088.0
-34088.0
-34088.0
-34088.0
-34088.0
-34088.0
-34088.0
-34088.0
-34088.0
-34088.0
-34088.0
-34088.0
-34088.0
-34088.0
-34088.0
-34088.0
-34088.0
-34088.0
-34088.0
-34088.0
-34088.0
-34088.0
-34088.0
-34088.0
-34088.0
-34088.0
-34088.0
-34088.0
-34088.0
-34088.0
-34088.0
-34088.0
-34088.0
-34088.0
-34088.0
-34088.0
-34088.0
-34088.0
-34088.0
-34088.0
-34088.0
-34088.0
-34088.0
-34088.0
-34088.0
-34088.0
-34088.0
-34088.0
-34088.0
-34088.0
-34088.0
-34088.0
-34088.0
-34088.0
-34088.0
-34088.0
-34088.0
-34088.0
-34088.0
-34088.0
-34088.0
-34088.0
-34088.0
-34088.0
-34088.0
-34088.0
-34088.0
-34088.0
-34088.0
-34088.0
-34088.0
-34088.0
-34088.0
-34088.0
-34088.0
-34088.0
-34088.0
-34088.0
-34088.0
-34088.0
-34088.0
-34088.0
-34088.0
-34088.0
-34088.0
-34088.0
-34088.0
-34088.0
-34088.0
-34088.0
-34088.0
-34088.0
-34088.0
-34088.0
-34088.0
-34088.0
-34088.0
-34088.0
-34088.0
-34088.0
-34088.0
-34088.0
-34088.0
-34088.0
-34088.0
-34088.0
-34088.0
-34088.0
-34088.0
-34088.0
-34088.0
-34088.0
-34088.0
-34088.0
-34088.0
-34088.0
-34088.0
-34088.0
-34088.0
-34088.0
-34088.0
-34088.0
-34088.0
-34088.0
-34088.0
-34088.0
-34088.0
-34088.0
-34088.0
-34088.0
-34088.0
-34088.0
-34088.0
-34088.0
-34088.0
-34088.0
-34088.0
-34088.0
-34088.0
-34088.0
-34088.0
-34088.0
-34088.0
-34088.0
-34088.0
-34088.0
-34088.0
-34088.0
-34088.0
-34088.0
-34088.0
-34088.0
-34088.0
-34088.0
-34088.0
-34088.0
-34088.0
-34088.0
-34088.0
-34088.0
-34088.0
-34088.0
-34088.0
-34088.0
-34088.0
-34088.0
-34088.0
-34088.0
-34088.0
-34088.0
-34088.0
-34088.0
-34088.0
-34088.0
-34088.0
-34088.0
-34088.0
-34088.0
-34088.0
-34088.0
-34088.0
-34088.0
-34088.0
-34088.0
-34088.0
-34088.0
-34088.0
-34088.0
-34088.0



The list of values average 

-31983.82111111111
-32135.680555555555
-32219.065000000006
-32249.46888888888
-32286.33333333333
-32313.857777777783
-32353.851111111104
-32373.502222222207
-32389.419444444455
-32415.373333333333
-32428.445000000003
-32438.872777777775
-32453.423333333332
-32475.893888888884
-32497.465000000015
-32513.74277777778
-32529.966666666678
-32548.380000000005
-32554.927222222217
-32585.39722222223
-32591.526666666694
-32617.856111111105
-32638.496111111115
-32652.322777777787
-32669.643333333333
-32679.560555555556
-32695.354444444445
-32704.58611111111
-32725.11055555554
-32741.35222222221
-32751.986666666675
-32764.78999999999
-32774.81222222222
-32787.537777777776
-32799.019999999975
-32820.67888888889
-32824.54055555557
-32845.47611111111
-32852.57
-32867.82888888887
-32885.856111111105
-32888.621666666666
-32904.97277777776
-32904.70555555556
-32921.23611111112
-32920.458888888905
-32932.28722222222
-32942.33500000001
-32953.4038888889
-32959.56333333333
-32958.756666666675
-32982.4938888889
-32982.4261111111
-32992.427777777775
-32979.86944444446
-32991.232777777775
-32990.44555555557
-33009.448333333334
-33018.517222222225
-33022.91333333333
-33022.84388888889
-33035.21944444443
-33035.38277777778
-33034.532222222224
-33045.6388888889
-33041.77499999998
-33050.73777777779
-33043.37722222222
-33066.007222222215
-33069.34444444444
-33061.0011111111
-33070.89777777779
-33061.32611111112
-33083.68444444444
-33075.34555555555
-33074.6538888889
-33089.77833333333
-33097.54888888889
-33088.72777777777
-33091.19888888888
-33084.64055555557
-33084.908333333326
-33100.37444444446
-33097.390555555554
-33099.33555555555
-33102.17888888889
-33105.80333333333
-33108.318888888876
-33105.829444444455
-33115.39444444444
-33105.12777777777
-33125.88777777779
-33117.3888888889
-33128.39166666668
-33121.850000000006
-33127.71277777778
-33127.87833333335
-33125.69333333332
-33126.721666666665
-33131.43388888888
-33133.55222222221
-33120.943333333336
-33125.11611111111
-33122.34111111112
-33135.43222222223
-33147.35555555555
-33144.17944444447
-33143.007777777784
-33142.85777777779
-33136.45111111111
-33138.588333333326
-33140.17055555554
-33148.22722222221
-33138.98333333332
-33142.69388888889
-33142.652777777774
-33137.771111111106
-33138.216111111105
-33150.330555555556
-33141.81055555555
-33149.84944444444
-33140.41277777778
-33151.64944444444
-33155.08222222223
-33161.81888888888
-33159.976666666655
-33157.4738888889
-33159.80555555556
-33151.318333333336
-33148.33777777778
-33154.408333333355
-33156.15833333335
-33144.13277777779
-33155.72722222221
-33149.10222222222
-33137.33611111111
-33150.62888888888
-33138.74055555555
-33154.40500000001
-33140.18333333335
-33153.33055555556
-33157.27611111111
-33160.381666666675
-33155.457222222234
-33157.016666666656
-33144.509999999995
-33146.40666666666
-33146.33333333333
-33147.842777777776
-33156.98277777778
-33143.605
-33160.55500000001
-33139.9911111111
-33159.7488888889
-33158.139444444445
-33149.636666666665
-33155.24833333335
-33149.498333333344
-33155.982222222214
-33149.26722222221
-33159.137222222234
-33159.41666666667
-33158.536111111105
-33154.52277777778
-33149.16555555557
-33157.15222222223
-33158.62777777779
-33157.848888888875
-33148.49611111112
-33150.45
-33153.58555555557
-33157.57944444444
-33156.8588888889
-33155.415
-33163.539444444454
-33157.34333333334
-33163.50166666666
-33160.057222222225
-33170.00277777778
-33158.25944444445
-33163.84166666668
-33166.04666666668
-33163.57111111113
-33165.74333333333
-33159.805000000015
-33174.911111111105
-33149.65111111111
-33161.59166666666
-33164.07722222222
-33160.97333333334
-33156.0538888889
-33146.982777777775
-33177.28444444445
-33164.08222222222
-33169.371111111126
-33166.13333333333
-33171.65666666666
-33159.33555555556
-33161.87277777777
-33163.48
-33158.73277777777
-33158.57944444445
-33156.244999999995
-33168.99277777778
-33161.57722222222
-33168.92444444445
-33157.146666666646
-33153.19
-33161.84777777779
-33144.282222222224
-33164.14777777776
-33159.80833333334
-33173.465555555544
-33161.876666666656
-33170.161111111105
-33166.24611111111
-33169.950000000004
-33157.52777777778
-33157.53944444445
-33168.94555555556
-33166.01222222222
-33171.07222222222
-33159.186111111114
-33163.541666666664
-33155.90111111111
-33160.18722222223
-33146.85388888888
-33155.08944444446
-33160.04055555555
-33149.03111111111
-33160.713888888895
-33161.53388888889
-33163.685
-33150.45499999999
-33169.357777777775
-33167.72722222222
-33165.833333333336
-33179.28944444444
-33167.21611111112
-33177.59000000001
-33157.401666666665
-33161.103888888894
-33156.06555555555
-33157.35166666667
-33157.23444444444
-33155.89111111111
-33178.90222222223
-33167.50444444444
-33175.19888888889
-33165.87111111111
-33165.65777777778
-33152.71055555557
-33162.88944444444
-33158.681666666664
-33155.921666666676
-33165.540555555555
-33155.62500000001
-33171.371111111104
-33155.31555555556
-33169.510555555564
-33163.29611111112
-33167.57222222222
-33165.005000000005
-33162.74222222224
-33164.99611111111
-33159.61444444444
-33168.35222222221
-33163.57333333334
-33168.66499999999
-33162.52055555555
-33167.365
-33159.66333333332
-33150.217777777776
-33168.82888888889
-33165.69000000001
-33167.313888888886
-33158.44833333334
-33169.18555555555
-33157.58499999999
-33154.78166666666
-33160.285
-33156.59055555556
-33167.66833333332
-33167.60333333334
-33164.94666666668
-33163.48222222222
-33165.79555555556
-33155.9061111111
-33163.84166666666
-33158.94833333334
-33158.26777777777
-33170.17388888889
-33158.66499999999
-33154.18611111111
-33154.88777777778
-33170.39777777778
-33166.12833333334
-33160.0772222222
-33164.6188888889
-33171.37222222222
-33160.61999999999
-33162.06111111109
-33167.003888888896
-33159.11
-33162.20055555556
-33163.51166666668
-33159.55277777778
-33161.695
-33160.17333333331
-33164.368888888894
-33152.481111111105
-33169.177777777775
-33160.33999999999
-33169.88166666666
-33164.41055555556
-33168.41888888889
-33168.00277777777
-33156.16277777779
-33164.882222222215
-33148.00666666667
-33169.276666666665
-33159.14611111111
-33168.64833333334
-33172.230555555565
-33167.998333333344
-33166.3238888889
-33154.86611111112
-33161.19333333334
-33165.02333333334
-33167.46833333332
-33164.20222222222
-33157.744444444426
-33159.79555555556
-33155.25222222222
-33172.592777777776
-33153.00888888889
-33166.11500000001
-33162.05888888888
-33162.738333333335
-33161.02944444444
-33166.76555555554
-33175.23277777779
-33165.69444444444
-33168.81222222224
-33157.32666666666
-33162.29611111111
-33163.46333333334
-33160.626111111116
-33158.48000000001
-33168.2211111111
-33159.208888888905
-33171.20166666667
-33156.645000000004
-33161.86888888889
-33166.19055555556
-33151.16111111113
-33163.527222222234
-33162.2338888889
-33163.93
-33163.02222222224
-33154.99222222222
-33162.969999999994
-33157.444444444445
-33169.206666666665
-33174.19833333333
-33159.70111111111
-33176.11777777776
-33178.82277777778
-33165.54166666667
-33164.947777777765
-33166.916666666664
-33170.00555555555
-33173.13611111112
-33164.22222222222
-33157.31722222221
-33165.78111111111
-33172.821111111116
-33167.42444444443
-33177.58666666666
-33175.00777777778
-33157.907222222224
-33153.403888888904
-33165.83944444446
-33169.799999999996
-33167.2088888889
-33169.74555555556
-33160.72777777777
-33161.484444444446
-33163.33611111111
-33153.543888888904
-33172.080555555556
-33165.20833333335
-33162.22555555555
-33165.69500000001
-33164.833888888876
-33166.06833333333
-33164.05777777776
-33155.57944444445
-33159.36055555555
-33163.40444444445
-33163.78999999999
-33166.86
-33157.96000000001
-33165.91166666667
-33153.161111111105
-33158.36277777778
-33175.635
-33157.74666666668
-33176.10055555556
-33161.9161111111
-33171.90666666667
-33167.84277777778
-33158.47833333334
-33167.83833333333
-33168.52222222222
-33177.96333333333
-33167.217222222214
-33159.88166666666
-33160.70500000001
-33164.23555555556
-33159.10611111112
-33158.807222222225
-33163.918888888875
-33154.12111111112
-33176.97777777777
-33157.40277777777
-33179.60833333334
-33160.436666666676
-33164.27611111111
-33161.054444444446
-33163.967777777776
-33156.75277777778
-33163.5172222222
-33159.33111111112
-33169.76444444443
-33160.297777777785
-33158.23833333334
-33168.91833333333
-33161.983888888906
-33164.16166666666
-33163.102222222224
-33175.234999999986
-33169.30666666667
-33160.502222222225
-33173.09833333333
-33163.30333333333
-33159.03333333333
-33169.835555555546
-33158.68777777778
-33164.59944444443
-33167.52611111111
-33163.48722222222
-33163.28166666666
-33168.203333333346
-33171.109999999986
-33165.032222222224
-33169.36555555557
-33172.288333333345
-33167.51888888889
-33162.57055555556
-33159.30833333334
-33166.65555555557
-33164.193333333336
-33164.81222222222
-33156.47833333334
-33167.732777777775
-33157.94222222223
-33156.97277777777
-33173.80999999999
-33170.75
-33177.40888888889
-33161.81944444443
-33161.41333333334
-33171.66444444444
-33161.525555555556
-33172.43833333333
-33174.57666666667
-33169.834444444445
-33176.140555555554
-33170.316111111104
-33161.89000000001
-33162.72777777778
-33161.30833333334
-33157.66611111111
-33154.52944444444
-33161.30222222222
-33166.455555555556
-33163.457222222205
-33168.70833333333
-33162.71
-33161.39722222222
-33166.26055555555
-33166.206666666665
-33171.916666666664
-33163.560000000005
-33164.52444444445
-33158.85833333334
-33164.635
-33166.201111111106
-33172.59222222222
-33164.17999999999
-33172.87055555556
-33162.921666666676
-33161.23999999998
-33172.82555555556
-33162.482777777775
-33170.2188888889
-33167.40499999999
-33165.648333333345
-33160.991111111114
-33170.66222222223
-33164.43055555555
-33168.43333333332
-33170.17333333333
-33166.84277777778
-33169.88277777776
-33161.37555555556
-33163.98055555555
-33160.866111111114
-33171.82611111111
-33175.44500000001
-33173.437222222215
-33159.02611111111
-33166.27888888888
-33170.91777777778
-33168.20111111112
-33173.437222222215
-33150.85333333334
-33160.060555555545
-33160.50999999999
-33162.341666666674
-33177.506666666646
-33164.11166666666
-33172.39388888889
-33159.68111111111
-33158.85944444444
-33169.639444444445
-33161.76444444442
-33168.5961111111
-33163.557777777765
-33173.132222222215
-33174.49111111111
-33168.835555555546
-33159.590555555544
-33176.77277777779
-33160.33500000001
-33159.891111111116
-33168.53388888889
-33166.76888888888
-33165.659999999996
-33149.89777777779
-33167.05222222222
-33171.91722222222
-33167.29444444444
-33164.57722222223
-33170.09833333334
-33168.970555555556
-33165.797777777785
-33168.82388888889
-33157.08
-33166.891666666656
-33168.538888888885
-33166.68944444444
-33165.17833333332
-33157.45555555554
-33162.48333333333
-33152.02666666667
-33170.14333333333
-33157.83111111111
-33166.01388888888
-33161.21333333333
-33164.826111111106
-33161.96388888889
-33157.169444444444
-33169.60944444444
-33168.149999999994
-33175.301111111105
-33171.211111111115
-33170.50166666668
-33177.77722222221
-33172.29722222222
-33170.791666666686
-33159.25555555555
-33169.85833333332
-33167.197222222225
-33168.47111111111
-33164.30499999999
-33173.84944444446
-33164.385555555564
-33172.375
-33158.30833333335
-33164.63111111109
-33164.867222222245
-33164.56277777778
-33153.104999999996
-33169.34000000001
-33162.36055555555
-33168.88388888888
-33167.105
-33161.769444444435
-33164.09055555556
-33168.08333333333
-33160.46000000001
-33169.98055555556
-33175.62888888889
-33166.22611111111
-33166.78444444444
-33156.57166666666
-33175.003333333334
-33169.11722222222
-33173.58555555555
-33164.3738888889
-33169.225555555546
-33163.97611111113
-33169.43111111113
-33166.2088888889
-33155.328333333346
-33168.795000000006
-33159.917222222204
-33162.97833333335
-33156.62222222223
-33170.63777777779
-33165.94333333334
-33170.029999999984
-33163.284999999996
-33162.838888888895
-33163.83388888888
-33173.35944444444
-33171.42444444444
-33165.662777777776
-33167.13
-33169.70944444445
-33156.94777777778
-33172.922222222216
-33167.802777777775
-33163.5711111111



The list of best values average 

-33115.46-33502.840000000004-33666.89-33752.359999999986-33806.969999999994-33840.990000000005-33863.100000000006-33886.56000000002-33897.51-33908.03-33920.48-33927.61000000001-33932.88000000002-33938.369999999995-33941.12-33944.08000000001-33945.740000000005-33952.70000000001-33954.22-33956.090000000004-33955.479999999996-33958.649999999994-33963.030000000006-33963.63000000001-33970.1-33972.5-33970.39000000001-33971.840000000004-33973.91000000001-33978.41000000001-33978.58-33981.01-33979.00000000001-33978.86000000001-33980.66000000001-33982.93-33983.64000000001-33985.02000000002-33985.61000000001-33985.61-33987.54-33987.09000000001-33986.95-33987.61000000001-33986.700000000004-33991.21-33990.84000000001-33992.53000000001-33990.110000000015-33993.66000000002-33994.64-33992.51000000001-33993.850000000006-33999.36000000001-33995.99000000001-33995.94-33996.95000000001-33997.31000000001-33999.729999999996-34002.83000000001-34005.24-34003.88-34006.67-34010.570000000014-34014.630000000005-34011.22999999999-34014.48-34017.24-34023.07-34023.479999999996-34020.869999999995-34027.97999999999-34026.53999999999-34031.69000000001-34032.58999999999-34037.59999999999-34037.960000000014-34041.72000000001-34042.0-34041.97999999999-34044.90000000001-34048.34000000001-34049.16000000001-34051.149999999994-34051.13999999999-34053.66-34054.66-34054.630000000005-34054.240000000005-34057.54000000001-34059.70000000001-34061.000000000015-34063.5-34064.470000000016-34063.78000000002-34065.750000000015-34065.41000000001-34066.94000000001-34067.79000000001-34069.470000000016-34068.85000000001-34069.14000000001-34070.26000000002-34069.74000000001-34071.28000000002-34072.25000000002-34073.620000000024-34072.290000000015-34075.010000000024-34074.58000000003-34073.500000000015-34073.72000000002-34074.18000000003-34075.46000000002-34074.480000000025-34076.190000000024-34076.49000000003-34077.46000000002-34076.800000000025-34076.64000000003-34077.290000000015-34077.000000000015-34076.55000000002-34077.940000000024-34077.68000000003-34077.78000000001-34078.050000000025-34078.71000000002-34078.300000000025-34079.33000000002-34079.18000000003-34079.30000000001-34078.99000000003-34079.18000000003-34079.67000000003-34079.37000000002-34079.04000000003-34078.87000000003-34079.66000000003-34079.960000000036-34080.64000000003-34080.85000000002-34080.17000000002-34080.570000000014-34080.730000000025-34080.98000000002-34081.36000000002-34080.970000000016-34081.02000000002-34081.46000000002-34080.82000000002-34081.49000000002-34081.35000000002-34081.38000000003-34081.860000000015-34081.94000000002-34080.98000000002-34081.19000000002-34081.230000000025-34081.67000000002-34081.98000000002-34081.37000000002-34082.49000000003-34082.610000000015-34082.460000000014-34081.96000000002-34082.55000000002-34081.85000000002-34082.790000000015-34082.41000000001-34082.65000000002-34082.400000000016-34081.98000000001-34083.20000000001-34083.11000000001-34083.200000000026-34083.24000000002-34081.860000000015-34083.18000000002-34082.71000000002-34083.30000000002-34083.250000000015-34083.31000000002-34082.970000000016-34082.87000000002-34083.930000000015-34083.33000000002-34083.220000000016-34083.17000000002-34083.210000000014-34083.370000000024-34083.31000000001-34083.470000000016-34083.250000000015-34083.290000000015-34083.45000000002-34083.70000000002-34083.72000000002-34083.670000000035-34084.04000000002-34083.900000000016-34083.730000000025-34083.800000000025-34083.840000000026-34083.580000000016-34083.85000000002-34083.860000000015-34083.890000000014-34084.17000000002-34083.99000000002-34084.28000000003-34083.77000000002-34083.800000000025-34083.32000000002-34083.85000000003-34083.74000000002-34083.49000000002-34083.660000000025-34083.74000000002-34083.55000000003-34083.65000000002-34083.71000000002-34083.69000000002-34084.19000000002-34083.95000000001-34084.31000000002-34083.91000000002-34083.78000000002-34084.16000000002-34084.42000000002-34084.49000000002-34084.30000000002-34084.40000000002-34084.400000000016-34084.43000000002-34084.38000000002-34084.33000000003-34084.050000000025-34084.36000000002-34084.52000000002-34084.41000000002-34084.410000000025-34084.46000000002-34083.95000000002-34084.39000000002-34084.43000000002-34084.46000000002-34084.30000000002-34084.52000000002-34084.59000000002-34084.09000000002-34084.39000000002-34084.43000000002-34084.400000000016-34084.25000000002-34084.22000000002-34084.55000000002-34084.47000000002-34084.53000000002-34084.52000000002-34084.56000000002-34084.39000000002-34084.58000000002-34084.46000000002-34084.58000000002-34084.580000000016-34084.64000000002-34084.64000000002-34084.63000000002-34084.760000000024-34084.480000000025-34084.29000000002-34084.65000000002-34084.59000000002-34084.72000000002-34084.700000000026-34084.54000000002-34084.260000000024-34084.63000000003-34084.520000000026-34084.40000000002-34084.510000000024-34084.39000000002-34084.52000000002-34084.36000000002-34084.62000000002-34084.650000000016-34084.36000000002-34084.43000000002-34084.69000000002-34084.67000000002-34084.61000000002-34084.68000000002-34084.480000000025-34084.66000000002-34084.66000000002-34084.70000000002-34084.59000000002-34084.64000000002-34084.59000000002-34084.66000000002-34084.53000000002-34084.56000000002-34084.57000000002-34084.64000000002-34084.63000000002-34084.67000000002-34084.22000000002-34084.49000000002-34084.70000000002-34084.69000000002-34084.71000000002-34084.63000000002-34084.73000000002-34084.74000000002-34084.75000000002-34084.74000000002-34084.63000000002-34084.760000000024-34084.74000000002-34084.760000000024-34084.77000000002-34084.76000000002-34084.76000000002-34084.74000000002-34084.720000000016-34084.75000000002-34084.73000000002-34084.75000000002-34084.67000000002-34084.67000000002-34084.730000000025-34084.75000000002-34084.63000000003-34084.73000000002-34084.71000000002-34084.73000000002-34084.75000000002-34084.68000000002-34084.70000000002-34084.73000000002-34084.71000000002-34084.67000000002-34084.66000000002-34084.69000000002-34084.58000000002-34084.68000000002-34084.66000000002-34084.650000000016-34084.330000000016-34084.51000000002-34084.51000000002-34084.56000000002-34084.67000000002-34084.64000000002-34084.71000000002-34084.69000000002-34084.71000000002-34084.73000000002-34084.73000000002-34084.73000000002-34084.71000000002-34084.650000000016-34084.64000000002-34084.71000000002-34084.61000000002-34084.70000000002-34084.72000000002-34084.63000000002-34084.71000000002-34084.690000000024-34084.73000000002-34084.73000000002-34084.75000000002-34084.730000000025-34084.72000000002-34084.77000000002-34084.73000000002-34084.74000000002-34084.77000000002-34084.77000000002-34084.78000000002-34084.760000000024-34084.77000000002-34084.73000000002-34084.77000000002-34084.72000000002-34084.74000000002-34084.74000000002-34084.75000000002-34084.73000000002-34084.71000000002-34084.71000000002-34084.71000000002-34084.71000000002-34084.720000000016-34084.71000000002-34084.73000000002-34084.71000000002-34084.73000000002-34084.75000000002-34084.73000000002-34084.73000000002-34084.72000000002-34084.72000000002-34084.72000000002-34084.74000000002-34084.760000000024-34084.760000000024-34084.760000000024-34084.760000000024-34084.75000000002-34084.77000000002-34084.77000000002-34084.77000000002-34084.73000000002-34084.77000000002-34084.75000000002-34084.77000000002-34084.79000000002-34084.81000000002-34084.81000000002-34084.81000000002-34084.81000000002-34084.81000000002-34084.81000000002-34084.79000000002-34084.81000000002-34084.81000000002-34084.81000000002-34084.81000000002-34084.75000000002-34084.81000000002-34084.81000000002-34084.79000000002-34084.82000000002-34084.82000000002-34084.82000000002-34084.82000000002-34084.82000000002-34084.82000000002-34084.82000000002-34084.82000000002-34084.82000000002-34084.800000000025-34084.82000000002-34084.82000000002-34084.82000000002-34084.82000000002-34084.800000000025-34084.800000000025-34084.82000000002-34084.82000000002-34084.82000000002-34084.82000000002-34084.82000000002-34084.82000000002-34084.82000000002-34084.800000000025-34084.74000000002-34084.74000000002-34084.82000000002-34084.82000000002-34084.82000000002-34084.82000000002-34084.82000000002-34084.800000000025-34084.800000000025-34084.82000000002-34084.82000000002-34084.78000000002-34084.800000000025-34084.800000000025-34084.800000000025-34084.79000000002-34084.82000000002-34084.82000000002-34084.800000000025-34084.800000000025-34084.82000000002-34084.800000000025-34084.82000000002-34084.79000000002-34084.79000000002-34084.800000000025-34084.82000000002-34084.82000000002-34084.82000000002-34084.82000000002-34084.82000000002-34084.82000000002-34084.82000000002-34084.82000000002-34084.82000000002-34084.82000000002-34084.730000000025-34084.77000000002-34084.78000000002-34084.800000000025-34084.79000000002-34084.800000000025-34084.800000000025-34084.800000000025-34084.800000000025-34084.82000000002-34084.800000000025-34084.82000000002-34084.800000000025-34084.800000000025-34084.800000000025-34084.800000000025-34084.82000000002-34084.82000000002-34084.82000000002-34084.800000000025-34084.800000000025-34084.800000000025-34084.82000000002-34084.82000000002-34084.82000000002-34084.82000000002-34084.82000000002-34084.82000000002-34084.82000000002-34084.82000000002-34084.78000000002-34084.800000000025-34084.79000000002-34084.79000000002-34084.79000000002-34084.82000000002-34084.82000000002-34084.82000000002-34084.82000000002-34084.800000000025-34084.82000000002-34084.82000000002-34084.82000000002-34084.82000000002-34084.82000000002-34084.800000000025-34084.82000000002-34084.82000000002-34084.82000000002-34084.82000000002-34084.82000000002-34084.82000000002-34084.82000000002-34084.82000000002-34084.82000000002-34084.82000000002-34084.82000000002-34084.82000000002-34084.82000000002-34084.82000000002-34084.800000000025-34084.82000000002-34084.82000000002-34084.82000000002-34084.82000000002-34084.82000000002-34084.82000000002-34084.82000000002-34084.82000000002-34084.82000000002-34084.82000000002-34084.82000000002-34084.82000000002-34084.82000000002-34084.82000000002-34084.82000000002-34084.82000000002-34084.82000000002-34084.82000000002-34084.82000000002-34084.82000000002-34084.82000000002-34084.800000000025-34084.82000000002-34084.82000000002-34084.82000000002-34084.82000000002-34084.82000000002-34084.82000000002-34084.82000000002-34084.82000000002-34084.82000000002-34084.82000000002-34084.82000000002-34084.82000000002-34084.82000000002-34084.82000000002-34084.82000000002-34084.82000000002-34084.82000000002-34084.82000000002-34084.82000000002-34084.82000000002-34084.82000000002-34084.82000000002-34084.82000000002-34084.82000000002-34084.82000000002-34084.82000000002-34084.82000000002-34084.82000000002-34084.82000000002-34084.82000000002-34084.82000000002-34084.82000000002-34084.82000000002-34084.82000000002-34084.82000000002-34084.82000000002-34084.800000000025-34084.82000000002-34084.82000000002-34084.82000000002-34084.82000000002-34084.82000000002-34084.82000000002-34084.82000000002-34084.82000000002-34084.82000000002-34084.82000000002-34084.82000000002-34084.82000000002-34084.82000000002-34084.82000000002-34084.82000000002-34084.82000000002-34084.82000000002-34084.54000000002-34084.49000000003-34084.82000000002-34084.82000000002