----------Report of simulation of Quantum Parallel Tempering-----------
The number of considered Spin 165
The considered Annealing Duration 660
The considered Annealing Number 100
The considered T 1.0
The considered Gamma0 1.0
The considered Number Of Replica 3
The considered Number Of System 6
The solution found [-1  1 -1 -1 -1  1  1  1  1 -1  1  1 -1  1  1 -1 -1 -1 -1  1  1 -1  1 -1
  1  1  1 -1 -1  1  1  1 -1  1  1  1  1 -1 -1 -1  1  1 -1  1 -1 -1 -1 -1
  1 -1 -1  1  1 -1 -1  1 -1  1  1 -1 -1  1  1  1  1 -1 -1 -1 -1 -1 -1 -1
  1 -1  1  1 -1 -1  1  1  1 -1  1  1 -1  1 -1 -1 -1 -1 -1  1 -1  1 -1 -1
  1 -1 -1  1  1  1  1  1 -1 -1 -1  1  1  1  1 -1  1 -1  1  1 -1  1 -1 -1
  1  1  1 -1 -1  1  1  1 -1 -1  1  1 -1 -1 -1 -1 -1 -1  1 -1  1  1 -1  1
  1 -1 -1  1  1  1  1 -1  1  1 -1 -1 -1 -1  1  1 -1 -1 -1 -1  1]
The value found -36135.0
The Success probability is 0.09
The average value is -36078.99
The total execution time is 8808.612268924713
The average time for execution is 88.0861206817627
The average time for all systems update is 0.1332532073801214
The average time for system update is 0.022195425211179134
The average time for replica update is 0.007398129427673841
The average time for spin update is 4.460656953921015e-05
The list of values found 

-36083.0
-36102.0
-36135.0
-36124.0
-36067.0
-36124.0
-36128.0
-36130.0
-36010.0
-36130.0
-36125.0
-36135.0
-36002.0
-36125.0
-36135.0
-36130.0
-36013.0
-36135.0
-36031.0
-36054.0
-36124.0
-36129.0
-36054.0
-35947.0
-36130.0
-36083.0
-36124.0
-35986.0
-35994.0
-36067.0
-36001.0
-36128.0
-36035.0
-36096.0
-36130.0
-36124.0
-36009.0
-36046.0
-35951.0
-36010.0
-36043.0
-36077.0
-36003.0
-36054.0
-36130.0
-36130.0
-36102.0
-36102.0
-36130.0
-35977.0
-35964.0
-36063.0
-36135.0
-35999.0
-36067.0
-36008.0
-36077.0
-36012.0
-36083.0
-36102.0
-36127.0
-36023.0
-36024.0
-36051.0
-36043.0
-36135.0
-36049.0
-36098.0
-36051.0
-36124.0
-36130.0
-35955.0
-36125.0
-36130.0
-36102.0
-36033.0
-36130.0
-36009.0
-36124.0
-36130.0
-36130.0
-36128.0
-36038.0
-36129.0
-36135.0
-36135.0
-36128.0
-36130.0
-36130.0
-35988.0
-36100.0
-36128.0
-36135.0
-36115.0
-36125.0
-36130.0
-36019.0
-35975.0
-36125.0
-36039.0



The list of values first execution 

-34027.22222222222
-34104.88888888889
-34250.72222222222
-34304.055555555555
-34342.833333333336
-34190.88888888889
-34224.5
-34138.38888888889
-34160.944444444445
-34147.11111111111
-34284.77777777778
-34161.555555555555
-34173.77777777778
-34110.27777777778
-33998.666666666664
-34126.88888888889
-33831.444444444445
-34182.0
-33974.61111111111
-34062.72222222222
-34045.166666666664
-34091.27777777778
-34048.055555555555
-33928.5
-34028.88888888889
-33954.555555555555
-34050.38888888889
-33807.0
-33944.944444444445
-33943.333333333336
-33986.444444444445
-34026.555555555555
-33967.666666666664
-34053.833333333336
-34095.833333333336
-34102.555555555555
-34113.833333333336
-34042.38888888889
-33993.38888888889
-33788.77777777778
-33878.333333333336
-34020.944444444445
-34002.88888888889
-33984.0
-33996.88888888889
-33991.666666666664
-33943.555555555555
-33943.166666666664
-33794.11111111111
-34073.944444444445
-33891.333333333336
-34091.666666666664
-33898.944444444445
-34125.27777777778
-34031.444444444445
-33970.22222222222
-34058.72222222222
-33764.11111111111
-34118.11111111111
-33940.444444444445
-34073.555555555555
-34003.38888888889
-33881.333333333336
-33938.72222222222
-34010.444444444445
-33977.22222222222
-33881.22222222222
-33988.333333333336
-33887.11111111111
-34040.27777777778
-34221.555555555555
-33985.555555555555
-34089.166666666664
-34000.055555555555
-33817.5
-34105.0
-33977.11111111111
-34120.5
-34022.444444444445
-33966.5
-33897.444444444445
-33950.5
-33888.38888888889
-33925.27777777778
-34013.11111111111
-33963.88888888889
-34211.27777777778
-33939.055555555555
-33971.055555555555
-33887.666666666664
-33983.055555555555
-33936.0
-34033.166666666664
-33891.833333333336
-33888.72222222222
-33889.72222222222
-33930.38888888889
-34075.38888888889
-33914.61111111111
-33955.166666666664
-34040.833333333336
-33837.72222222222
-34046.166666666664
-33964.77777777778
-34074.22222222222
-34048.72222222222
-34044.61111111111
-34141.833333333336
-33877.5
-34096.11111111111
-34061.055555555555
-34009.27777777778
-34086.0
-33981.833333333336
-34018.666666666664
-33947.5
-33788.77777777778
-33780.22222222222
-33932.72222222222
-33907.11111111111
-33918.444444444445
-34107.11111111111
-33837.27777777778
-34135.11111111111
-33923.11111111111
-33822.833333333336
-33828.88888888889
-33801.61111111111
-34020.833333333336
-33818.0
-33980.72222222222
-34121.88888888889
-33958.22222222222
-33984.22222222222
-33952.22222222222
-33982.333333333336
-33992.11111111111
-33984.38888888889
-33971.22222222222
-34004.944444444445
-33997.444444444445
-33864.166666666664
-33943.0
-33920.27777777778
-34103.38888888889
-34006.38888888889
-33967.0
-34006.5
-33954.333333333336
-33997.0
-33937.88888888889
-34075.5
-33877.38888888889
-33926.833333333336
-33953.22222222222
-33762.333333333336
-34031.0
-33853.38888888889
-33840.61111111111
-33886.944444444445
-33670.88888888889
-34066.833333333336
-33838.333333333336
-34075.666666666664
-33927.833333333336
-33850.11111111111
-33793.833333333336
-33913.27777777778
-34022.5
-33909.5
-34074.833333333336
-33965.11111111111
-33905.27777777778
-33971.88888888889
-33854.833333333336
-33849.88888888889
-33777.833333333336
-33923.61111111111
-34011.38888888889
-33943.22222222222
-33941.444444444445
-33922.5
-33866.555555555555
-33881.444444444445
-34048.38888888889
-34040.22222222222
-33918.22222222222
-34012.833333333336
-33936.833333333336
-34022.77777777778
-33994.22222222222
-34052.38888888889
-33943.38888888889
-34035.333333333336
-33993.555555555555
-33899.88888888889
-33888.61111111111
-34010.944444444445
-33838.0
-33884.22222222222
-33804.833333333336
-33946.72222222222
-33889.166666666664
-33795.555555555555
-34046.5
-33940.27777777778
-33906.833333333336
-33795.055555555555
-33895.333333333336
-34113.944444444445
-33797.27777777778
-33973.666666666664
-33856.38888888889
-33718.666666666664
-33984.444444444445
-33719.055555555555
-34022.88888888889
-33929.444444444445
-33949.833333333336
-33895.88888888889
-34045.72222222222
-33882.555555555555
-33830.22222222222
-33896.055555555555
-33681.27777777778
-33911.5
-34001.555555555555
-33995.5
-34080.72222222222
-33965.555555555555
-33878.833333333336
-33871.666666666664
-34039.5
-33977.0
-33921.166666666664
-33940.833333333336
-33903.444444444445
-34030.555555555555
-33858.72222222222
-34085.555555555555
-33921.77777777778
-34121.833333333336
-33986.166666666664
-33978.72222222222
-34023.833333333336
-33995.055555555555
-34151.11111111111
-34056.0
-34094.38888888889
-34073.27777777778
-33869.833333333336
-34079.77777777778
-34020.5
-34026.333333333336
-33979.11111111111
-33883.166666666664
-33998.666666666664
-33837.833333333336
-34014.77777777778
-33881.22222222222
-33954.77777777778
-34024.333333333336
-33915.055555555555
-34015.61111111111
-33890.666666666664
-33914.77777777778
-34082.666666666664
-33998.555555555555
-34083.166666666664
-33854.5
-34008.055555555555
-33990.38888888889
-34027.944444444445
-33982.333333333336
-33825.77777777778
-34065.5
-33940.88888888889
-33965.22222222222
-34033.944444444445
-33800.666666666664
-33993.055555555555
-33946.0
-33893.5
-33942.72222222222
-34060.333333333336
-34043.333333333336
-34028.61111111111
-34073.88888888889
-33988.38888888889
-34022.5
-33963.833333333336
-34049.5
-34068.38888888889
-34005.11111111111
-33934.166666666664
-34092.833333333336
-33996.61111111111
-33992.333333333336
-33998.61111111111
-34020.27777777778
-33939.944444444445
-33849.833333333336
-34043.166666666664
-33832.666666666664
-34045.555555555555
-34073.833333333336
-33983.77777777778
-33981.444444444445
-33910.444444444445
-33848.72222222222
-33974.11111111111
-33919.055555555555
-33957.5
-34002.166666666664
-33904.833333333336
-34043.27777777778
-33978.5
-33840.944444444445
-34032.72222222222
-33914.61111111111
-34055.27777777778
-33910.833333333336
-34027.555555555555
-33993.0
-33859.0
-33982.944444444445
-33875.77777777778
-33969.27777777778
-33941.77777777778
-33888.88888888889
-33958.944444444445
-34004.444444444445
-33943.72222222222
-33845.88888888889
-33902.166666666664
-33814.833333333336
-33980.555555555555
-33897.666666666664
-33919.944444444445
-34065.38888888889
-33877.5
-33915.0
-33944.944444444445
-33862.27777777778
-34051.833333333336
-34024.77777777778
-33923.166666666664
-34043.555555555555
-33985.38888888889
-34069.555555555555
-34005.11111111111
-33928.27777777778
-33974.5
-34076.0
-34151.72222222222
-33921.72222222222
-34158.5
-34054.444444444445
-33899.61111111111
-33970.38888888889
-33995.055555555555
-34029.555555555555
-33840.166666666664
-33892.444444444445
-33975.5
-34098.833333333336
-34033.5
-33692.27777777778
-34008.944444444445
-33891.27777777778
-33921.833333333336
-33776.944444444445
-33896.22222222222
-33884.333333333336
-34003.833333333336
-34034.055555555555
-33934.5
-34021.166666666664
-34050.333333333336
-33848.88888888889
-34052.5
-33980.444444444445
-34050.5
-33820.11111111111
-34072.555555555555
-34158.0
-33989.72222222222
-34166.944444444445
-34008.61111111111
-34081.666666666664
-33985.833333333336
-34119.27777777778
-34105.333333333336
-33912.88888888889
-34096.666666666664
-34107.5
-33884.833333333336
-33926.944444444445
-33942.166666666664
-33971.0
-34050.166666666664
-34041.11111111111
-33987.77777777778
-34036.055555555555
-34053.72222222222
-33978.333333333336
-33887.555555555555
-33698.555555555555
-33875.666666666664
-33827.61111111111
-33963.88888888889
-33869.666666666664
-34132.555555555555
-33925.666666666664
-33955.0
-34079.22222222222
-33709.5
-34013.11111111111
-33918.61111111111
-33998.333333333336
-34121.0
-34094.0
-33965.444444444445
-34130.055555555555
-34037.22222222222
-33869.055555555555
-34120.333333333336
-33987.333333333336
-33983.22222222222
-34051.944444444445
-34126.444444444445
-34045.11111111111
-34144.72222222222
-34074.333333333336
-34015.055555555555
-34057.88888888889
-33937.833333333336
-34038.38888888889
-33856.833333333336
-34031.88888888889
-33772.444444444445
-33999.833333333336
-33890.38888888889
-34016.833333333336
-34131.333333333336
-33998.166666666664
-34119.055555555555
-33942.055555555555
-34117.88888888889
-34048.444444444445
-34012.833333333336
-33975.666666666664
-33718.0
-33970.166666666664
-33979.944444444445
-34018.72222222222
-34034.61111111111
-34091.666666666664
-33930.666666666664
-34002.61111111111
-34037.5
-34063.61111111111
-34112.166666666664
-33911.61111111111
-33949.833333333336
-34077.666666666664
-33903.27777777778
-34051.833333333336
-33685.61111111111
-33946.444444444445
-33873.27777777778
-33867.11111111111
-33989.944444444445
-33967.38888888889
-34052.77777777778
-33952.666666666664
-33795.166666666664
-34016.333333333336
-33904.444444444445
-34010.27777777778
-34042.61111111111
-34048.555555555555
-33888.11111111111
-33831.88888888889
-34003.666666666664
-33982.38888888889
-33995.38888888889
-34002.5
-33940.22222222222
-34129.5
-33993.555555555555
-33936.72222222222
-33836.38888888889
-34031.166666666664
-34115.11111111111
-33861.444444444445
-33901.666666666664
-33971.555555555555
-34003.38888888889
-33989.88888888889
-33911.666666666664
-34134.72222222222
-33909.38888888889
-33885.166666666664
-33934.055555555555
-33941.055555555555
-34056.333333333336
-34000.11111111111
-34052.72222222222
-33932.88888888889
-34047.444444444445
-34092.333333333336
-34004.88888888889
-34067.833333333336
-33927.27777777778
-34095.5
-34056.38888888889
-34056.166666666664
-33974.333333333336
-34132.88888888889
-33973.5
-33931.5
-34033.0
-33967.72222222222
-33904.22222222222
-33711.444444444445
-33907.944444444445
-33885.166666666664
-34089.055555555555
-33911.11111111111
-33938.333333333336
-34019.0
-33942.555555555555
-34099.61111111111
-33811.72222222222
-34051.333333333336
-34020.0
-34055.666666666664
-34073.555555555555
-33934.444444444445
-34074.555555555555
-33933.166666666664
-33785.944444444445
-33979.11111111111
-33914.61111111111
-34005.27777777778
-33831.333333333336
-33954.0
-34031.444444444445
-33914.166666666664
-33981.055555555555
-33971.0
-34058.38888888889
-34103.88888888889
-34007.444444444445
-34180.055555555555
-34035.22222222222
-34037.11111111111
-33919.22222222222
-34006.166666666664
-33749.11111111111
-33859.555555555555
-34019.944444444445
-33890.666666666664
-34071.61111111111
-33946.833333333336
-33817.27777777778
-33970.666666666664
-33746.5
-33987.055555555555
-33936.0
-33880.0
-33894.833333333336
-33865.5
-33936.333333333336
-34077.61111111111
-33917.5
-34100.72222222222
-34019.77777777778
-33907.0
-34032.555555555555
-34001.61111111111
-33810.166666666664
-33999.555555555555
-33964.11111111111
-33866.166666666664
-33971.61111111111
-34012.0
-33924.333333333336
-34022.5
-33945.5
-34099.944444444445
-33992.0
-33890.444444444445
-33954.555555555555
-33758.5
-33952.833333333336
-33939.77777777778
-33981.22222222222
-33924.333333333336
-34066.333333333336
-33954.5
-34069.22222222222
-34006.38888888889
-33990.77777777778
-33976.0
-33881.77777777778
-33980.444444444445
-33780.11111111111
-33969.0
-34137.055555555555
-34062.555555555555
-34121.27777777778
-33813.055555555555
-33992.666666666664
-33947.5
-34029.833333333336
-33847.944444444445
-33795.833333333336
-34085.61111111111
-33962.38888888889
-34051.0
-34047.5
-33775.444444444445
-34117.333333333336
-34033.27777777778
-33942.944444444445
-34031.166666666664
-33954.27777777778
-33953.055555555555
-33870.666666666664
-33976.11111111111
-33941.61111111111
-34000.27777777778
-33991.833333333336
-33958.0
-33905.22222222222
-33854.77777777778
-33897.5
-33898.333333333336
-33914.22222222222
-33979.72222222222
-34010.27777777778
-33996.555555555555
-34093.61111111111
-33921.833333333336
-33988.944444444445
-33992.5
-33787.944444444445
-33816.61111111111
-33939.11111111111
-33960.166666666664
-33875.38888888889
-34039.88888888889
-33977.666666666664
-33851.5
-33954.0
-33975.5
-34002.88888888889
-33871.555555555555



The list of best values first execution 

-35094.0
-35599.0
-35765.0
-35865.0
-35908.0
-35925.0
-35939.0
-35937.0
-35994.0
-36027.0
-36051.0
-36056.0
-36069.0
-36069.0
-36069.0
-36069.0
-36069.0
-36069.0
-36069.0
-36069.0
-36065.0
-36069.0
-36069.0
-36069.0
-36069.0
-36069.0
-36069.0
-36069.0
-36058.0
-36069.0
-36069.0
-36065.0
-36069.0
-36069.0
-36069.0
-36069.0
-36069.0
-36069.0
-36069.0
-36069.0
-36069.0
-36069.0
-36069.0
-36069.0
-36069.0
-36069.0
-36069.0
-36069.0
-36064.0
-36069.0
-36069.0
-36069.0
-36069.0
-36069.0
-36069.0
-36064.0
-36069.0
-36069.0
-36069.0
-36065.0
-36069.0
-36069.0
-36080.0
-36059.0
-36069.0
-36069.0
-36080.0
-36059.0
-36083.0
-36075.0
-36083.0
-36070.0
-36080.0
-36083.0
-36083.0
-36069.0
-36083.0
-36083.0
-36083.0
-36069.0
-36083.0
-36083.0
-36083.0
-36069.0
-36080.0
-36083.0
-36083.0
-36069.0
-36083.0
-36083.0
-36083.0
-36069.0
-36083.0
-36083.0
-36083.0
-36069.0
-36083.0
-36083.0
-36083.0
-36069.0
-36083.0
-36083.0
-36083.0
-36069.0
-36070.0
-36067.0
-36069.0
-36080.0
-36083.0
-36069.0
-36069.0
-36080.0
-36083.0
-36069.0
-36069.0
-36080.0
-36069.0
-36080.0
-36083.0
-36069.0
-36069.0
-36080.0
-36083.0
-36069.0
-36069.0
-36080.0
-36069.0
-36083.0
-36083.0
-36083.0
-36064.0
-36083.0
-36083.0
-36083.0
-36069.0
-36083.0
-36083.0
-36083.0
-36069.0
-36083.0
-36083.0
-36083.0
-36069.0
-36083.0
-36080.0
-36083.0
-36069.0
-36069.0
-36080.0
-36083.0
-36069.0
-36069.0
-36080.0
-36083.0
-36069.0
-36069.0
-36080.0
-36083.0
-36069.0
-36069.0
-36080.0
-36083.0
-36069.0
-36069.0
-36080.0
-36083.0
-36083.0
-36083.0
-36069.0
-36069.0
-36080.0
-36083.0
-36069.0
-36069.0
-36080.0
-36083.0
-36069.0
-36069.0
-36080.0
-36083.0
-36069.0
-36069.0
-36080.0
-36083.0
-36069.0
-36069.0
-36080.0
-36083.0
-36069.0
-36069.0
-36080.0
-36083.0
-36069.0
-36069.0
-36080.0
-36069.0
-36083.0
-36083.0
-36083.0
-36069.0
-36083.0
-36083.0
-36083.0
-36069.0
-36083.0
-36083.0
-36083.0
-36069.0
-36083.0
-36083.0
-36083.0
-36069.0
-36083.0
-36083.0
-36083.0
-36083.0
-36083.0
-36069.0
-36083.0
-36083.0
-36083.0
-36069.0
-36083.0
-36083.0
-36083.0
-36069.0
-36083.0
-36080.0
-36083.0
-36069.0
-36069.0
-36080.0
-36083.0
-36069.0
-36069.0
-36080.0
-36083.0
-36069.0
-36069.0
-36080.0
-36083.0
-36069.0
-36069.0
-36080.0
-36083.0
-36069.0
-36069.0
-36080.0
-36083.0
-36069.0
-36069.0
-36080.0
-36083.0
-36069.0
-36069.0
-36080.0
-36083.0
-36069.0
-36069.0
-36080.0
-36083.0
-36069.0
-36069.0
-36080.0
-36083.0
-36069.0
-36069.0
-36080.0
-36083.0
-36069.0
-36069.0
-36080.0
-36083.0
-36069.0
-36069.0
-36080.0
-36083.0
-36069.0
-36069.0
-36080.0
-36083.0
-36069.0
-36069.0
-36080.0
-36083.0
-36069.0
-36069.0
-36080.0
-36083.0
-36069.0
-36069.0
-36080.0
-36083.0
-36069.0
-36069.0
-36080.0
-36083.0
-36069.0
-36069.0
-36080.0
-36083.0
-36069.0
-36069.0
-36080.0
-36083.0
-36069.0
-36069.0
-36080.0
-36083.0
-36069.0
-36069.0
-36080.0
-36083.0
-36069.0
-36069.0
-36080.0
-36083.0
-36069.0
-36069.0
-36080.0
-36083.0
-36069.0
-36069.0
-36080.0
-36083.0
-36069.0
-36069.0
-36080.0
-36083.0
-36083.0
-36083.0
-36069.0
-36069.0
-36080.0
-36083.0
-36069.0
-36069.0
-36080.0
-36083.0
-36069.0
-36069.0
-36080.0
-36083.0
-36069.0
-36069.0
-36080.0
-36083.0
-36069.0
-36069.0
-36080.0
-36083.0
-36069.0
-36069.0
-36080.0
-36083.0
-36069.0
-36069.0
-36080.0
-36083.0
-36069.0
-36069.0
-36080.0
-36083.0
-36065.0
-36069.0
-36080.0
-36083.0
-36065.0
-36069.0
-36080.0
-36083.0
-36069.0
-36069.0
-36080.0
-36083.0
-36069.0
-36069.0
-36080.0
-36083.0
-36065.0
-36069.0
-36080.0
-36083.0
-36069.0
-36069.0
-36080.0
-36083.0
-36069.0
-36069.0
-36080.0
-36083.0
-36069.0
-36069.0
-36080.0
-36083.0
-36069.0
-36069.0
-36080.0
-36083.0
-36069.0
-36069.0
-36080.0
-36083.0
-36083.0
-36083.0
-36065.0
-36069.0
-36080.0
-36083.0
-36069.0
-36069.0
-36080.0
-36083.0
-36069.0
-36069.0
-36080.0
-36083.0
-36069.0
-36069.0
-36080.0
-36083.0
-36069.0
-36069.0
-36080.0
-36083.0
-36069.0
-36069.0
-36080.0
-36069.0
-36083.0
-36083.0
-36069.0
-36069.0
-36080.0
-36069.0
-36083.0
-36083.0
-36069.0
-36069.0
-36080.0
-36069.0
-36083.0
-36083.0
-36083.0
-36069.0
-36083.0
-36069.0
-36083.0
-36083.0
-36083.0
-36069.0
-36083.0
-36083.0
-36069.0
-36069.0
-36080.0
-36069.0
-36080.0
-36083.0
-36083.0
-36069.0
-36083.0
-36069.0
-36083.0
-36083.0
-36069.0
-36069.0
-36080.0
-36069.0
-36083.0
-36083.0
-36069.0
-36069.0
-36080.0
-36069.0
-36083.0
-36083.0
-36069.0
-36069.0
-36070.0
-36080.0
-36083.0
-36069.0
-36069.0
-36080.0
-36069.0
-36083.0
-36083.0
-36069.0
-36069.0
-36080.0
-36069.0
-36083.0
-36083.0
-36069.0
-36069.0
-36080.0
-36069.0
-36083.0
-36083.0
-36069.0
-36069.0
-36080.0
-36069.0
-36083.0
-36083.0
-36069.0
-36069.0
-36080.0
-36069.0
-36083.0
-36083.0
-36069.0
-36069.0
-36080.0
-36069.0
-36083.0
-36083.0
-36069.0
-36069.0
-36069.0
-36080.0
-36069.0
-36083.0
-36083.0
-36069.0
-36069.0
-36080.0
-36069.0
-36083.0
-36083.0
-36069.0
-36069.0
-36080.0
-36069.0
-36083.0
-36083.0
-36069.0
-36069.0
-36080.0
-36069.0
-36083.0
-36083.0
-36069.0
-36069.0
-36080.0
-36069.0
-36083.0
-36080.0
-36069.0
-36083.0
-36083.0
-36069.0
-36069.0
-36080.0
-36069.0
-36083.0
-36083.0
-36069.0
-36069.0
-36070.0
-36080.0
-36083.0
-36069.0
-36069.0
-36080.0
-36069.0
-36083.0
-36083.0
-36069.0
-36069.0
-36080.0
-36069.0
-36083.0
-36076.0
-36070.0
-36080.0
-36083.0
-36069.0
-36069.0
-36080.0
-36069.0
-36083.0
-36083.0
-36069.0
-36069.0
-36080.0
-36069.0
-36083.0
-36083.0
-36069.0
-36069.0
-36080.0
-36069.0
-36083.0
-36083.0
-36069.0
-36069.0
-36080.0
-36069.0
-36083.0
-36083.0
-36069.0
-36069.0
-36080.0
-36069.0
-36083.0
-36080.0
-36069.0
-36083.0
-36083.0
-36069.0
-36069.0
-36080.0
-36069.0
-36083.0
-36083.0
-36069.0
-36069.0
-36080.0
-36069.0
-36083.0
-36083.0
-36069.0
-36069.0
-36080.0
-36069.0
-36083.0
-36083.0
-36069.0
-36069.0
-36080.0
-36069.0
-36083.0
-36083.0
-36069.0
-36069.0
-36080.0
-36069.0
-36083.0
-36083.0
-36069.0
-36069.0
-36080.0
-36069.0
-36083.0
-36083.0
-36069.0
-36069.0
-36080.0
-36069.0
-36083.0
-36083.0
-36069.0
-36069.0
-36080.0
-36069.0
-36083.0
-36083.0
-36069.0



The list of values average 

-33999.39333333331
-34141.80666666665
-34213.08833333335
-34233.74166666667
-34249.948888888895
-34248.38999999998
-34247.080000000016
-34248.09666666667
-34244.851111111115
-34239.06611111112
-34240.27055555555
-34219.70222222222
-34212.01055555559
-34202.863333333335
-34196.869444444455
-34182.67666666667
-34172.49166666667
-34166.424999999996
-34141.68666666666
-34140.621666666666
-34132.424444444456
-34111.74444444444
-34112.600000000006
-34103.07944444444
-34092.264444444445
-34085.41777777777
-34065.30777777778
-34051.03500000001
-34059.94944444444
-34045.07388888889
-34037.41277777778
-34041.106666666674
-34020.49388888889
-34034.12611111111
-34019.675
-34004.10444444445
-34012.14222222222
-34002.05500000001
-34008.710000000014
-33979.01388888888
-33987.55166666665
-33986.62722222223
-33995.07166666668
-34004.63166666666
-33992.80888888888
-33994.485555555555
-33984.60444444445
-33978.54055555555
-33987.73611111111
-33980.36888888889
-33988.52000000001
-33973.957777777774
-33987.21333333333
-33969.47222222223
-33968.77666666667
-33970.362222222226
-33972.20277777777
-33966.94444444444
-33973.2
-33986.08555555555
-33986.18444444445
-33976.366666666654
-33967.78888888889
-33968.22055555557
-33968.351111111115
-33969.9161111111
-33973.45111111112
-33982.19055555554
-33967.4072222222
-33956.362777777766
-33966.35666666667
-33965.368333333325
-33964.84833333333
-33976.917222222226
-33952.204444444455
-33965.320000000014
-33950.05888888888
-33945.85388888888
-33955.25
-33954.18111111112
-33973.379444444436
-33965.17499999999
-33948.525
-33964.483888888906
-33948.02944444445
-33948.67000000001
-33957.21444444445
-33968.229999999996
-33976.14722222223
-33970.079999999994
-33977.653333333335
-33967.3061111111
-33962.87333333332
-33967.54777777779
-33964.06388888889
-33974.54888888888
-33955.275
-33963.65444444445
-33959.71888888889
-33967.81666666667
-33975.163888888885
-33961.36222222222
-33983.69444444443
-33961.91000000001
-33973.03444444444
-33966.39388888889
-33951.38055555556
-33966.37722222224
-33957.39166666667
-33981.06444444445
-33982.15555555556
-33967.521111111106
-33989.23333333332
-33956.28888888889
-33973.68111111112
-33951.730000000025
-33970.08166666666
-33966.51111111111
-33952.01888888888
-33991.21944444446
-33963.95222222224
-33979.16444444445
-33980.502222222225
-33948.62777777777
-33974.138333333336
-33960.5088888889
-33973.32111111111
-33970.90388888889
-33984.31388888888
-33965.228888888894
-33982.71500000001
-33974.66277777779
-33961.691111111126
-33963.65555555555
-33978.87722222221
-33968.64555555554
-33972.48944444446
-33965.748333333344
-33958.89666666665
-33962.49888888888
-33948.03055555556
-33943.81222222222
-33964.34055555555
-33966.241666666676
-33972.109444444446
-33973.99333333335
-33972.59333333333
-33965.01666666666
-33960.71611111112
-33970.17722222223
-33955.79166666667
-33965.776111111125
-33977.84944444444
-33960.41777777778
-33971.30777777777
-33952.78555555556
-33948.93666666666
-33967.94444444445
-33963.46611111111
-33967.068888888905
-33950.44277777778
-33965.80833333333
-33955.91888888889
-33967.56500000001
-33945.37
-33968.67388888889
-33960.540555555555
-33972.346666666665
-33968.29777777778
-33949.701666666675
-33966.39000000001
-33969.55
-33967.37611111112
-33976.788333333345
-33972.75666666666
-33979.89444444446
-33973.84611111111
-33960.96333333333
-33970.22222222222
-33983.454999999994
-33972.99777777779
-33964.42055555556
-33955.23555555554
-33971.48388888889
-33968.408888888895
-33968.21777777779
-33970.64666666666
-33962.09555555555
-33961.33666666666
-33966.39222222223
-33962.54555555554
-33958.005000000005
-33959.95444444445
-33950.24277777778
-33951.596666666665
-33961.74222222221
-33960.43722222222
-33977.36888888889
-33957.475555555546
-33962.8738888889
-33966.573888888895
-33953.90055555554
-33953.855000000025
-33966.63500000001
-33962.14833333334
-33968.85666666666
-33974.40277777778
-33960.57222222223
-33969.34111111113
-33965.69722222222
-33966.896666666675
-33965.473333333335
-33954.90166666666
-33975.119444444455
-33974.383333333324
-33972.95666666665
-33965.57222222224
-33965.29944444444
-33974.85722222222
-33954.58555555556
-33968.60611111111
-33952.42833333332
-33975.18444444445
-33971.36944444445
-33968.05777777777
-33965.71444444444
-33955.80055555556
-33960.49777777779
-33964.08777777777
-33968.45444444445
-33962.90944444445
-33975.35666666665
-33967.02833333332
-33972.17333333333
-33982.348888888904
-33960.142222222225
-33962.238888888896
-33963.100555555575
-33949.32611111112
-33970.26777777778
-33954.46166666667
-33985.350555555546
-33958.75000000001
-33986.938888888886
-33965.49222222222
-33973.907222222224
-33964.17833333333
-33958.91166666666
-33974.78166666668
-33983.26777777777
-33978.61222222224
-33971.480555555536
-33966.19055555555
-33963.60777777776
-33967.53611111111
-33970.931666666664
-33974.093333333316
-33965.208888888876
-33968.60611111112
-33966.63722222223
-33964.357777777775
-33977.63333333333
-33975.56277777779
-33969.62000000001
-33960.35166666667
-33968.83999999998
-33956.59888888889
-33969.38
-33960.345
-33978.44277777777
-33968.684444444436
-33979.36055555556
-33977.476666666655
-33957.362222222226
-33966.852222222224
-33953.69277777778
-33957.65444444445
-33956.736111111124
-33974.334444444445
-33957.46500000001
-33955.41722222223
-33952.47388888889
-33960.455000000016
-33958.19777777779
-33972.055
-33972.17888888889
-33961.05388888889
-33961.34388888889
-33964.55777777779
-33966.69277777778
-33956.13611111113
-33975.75166666666
-33949.6688888889
-33951.762777777774
-33965.08833333333
-33974.80055555555
-33973.592777777776
-33965.845000000016
-33973.38722222223
-33969.01055555556
-33979.02333333334
-33976.83555555557
-33972.82944444444
-33976.84944444443
-33973.468888888885
-33961.847777777766
-33949.72555555557
-33965.35833333335
-33956.16444444446
-33971.58111111112
-33968.3461111111
-33964.30944444443
-33972.29388888888
-33957.00944444442
-33991.32777777778
-33951.25333333331
-33965.32944444446
-33959.75722222222
-33967.80444444445
-33952.96666666667
-33976.64333333334
-33985.29555555555
-33973.68611111113
-33962.67111111113
-33964.02055555556
-33959.91944444442
-33967.31166666667
-33960.86777777777
-33965.402222222234
-33967.5261111111
-33972.40111111111
-33967.76666666666
-33963.63666666669
-33983.207777777796
-33964.218888888885
-33994.13222222223
-33960.65166666667
-33971.105555555565
-33974.422777777785
-33963.37777777779
-33968.61666666667
-33960.75388888889
-33961.08555555555
-33973.481111111105
-33976.41000000001
-33966.33666666667
-33962.88166666667
-33979.151666666665
-33975.24722222221
-33968.15499999999
-33973.05166666666
-33969.98166666667
-33994.07111111111
-33976.947777777765
-33977.251111111116
-33978.69888888887
-33971.392777777786
-33970.482222222214
-33972.372222222206
-33959.37333333333
-33973.53222222224
-33966.69500000002
-33975.48944444445
-33965.39444444444
-33979.28555555554
-33967.07666666668
-33973.389444444445
-33958.745
-33979.51277777778
-33971.62944444444
-33962.46722222222
-33967.93833333333
-33955.2938888889
-33975.131666666675
-33965.18722222222
-33970.101666666655
-33966.704999999994
-33953.597777777766
-33975.319444444445
-33973.535
-33960.73555555556
-33987.71000000002
-33953.523888888885
-33976.95499999999
-33969.88277777778
-33976.28277777778
-33974.66833333334
-33964.71777777777
-33965.41055555557
-33966.96666666667
-33983.5938888889
-33975.19166666667
-33980.46111111111
-33971.532777777786
-33980.45444444445
-33984.13166666667
-33973.633333333346
-33976.32944444445
-33971.51388888888
-33974.15666666668
-33966.28388888888
-33971.48611111112
-33971.40944444444
-33970.80777777778
-33976.71444444444
-33963.005555555545
-33974.67
-33960.54666666666
-33964.28388888889
-33975.11277777778
-33969.721666666665
-33972.08166666667
-33970.83611111111
-33949.05055555556
-33978.6422222222
-33969.66944444445
-33968.282777777786
-33969.46500000001
-33978.94888888888
-33981.16166666666
-33975.39888888888
-33984.09888888889
-33969.0688888889
-33969.92611111111
-33970.45333333335
-33964.57222222224
-33963.3
-33975.9588888889
-33955.41111111111
-33985.81333333334
-33966.116666666676
-33959.927222222235
-33979.63055555556
-33964.373333333344
-33982.42833333333
-33976.137777777774
-33979.98722222223
-33985.075000000004
-33968.12611111112
-33982.82833333332
-33963.768333333326
-33954.944444444445
-33958.94222222222
-33954.0311111111
-33979.63277777778
-33966.19388888889
-33978.30888888888
-33954.26944444445
-33972.23333333335
-33949.5561111111
-33966.67444444445
-33969.24999999999
-33954.93722222222
-33961.205555555556
-33960.070555555554
-33969.912777777776
-33962.965000000026
-33957.27333333334
-33974.192777777775
-33952.97999999999
-33973.97388888889
-33975.383888888886
-33965.711111111115
-33959.23444444444
-33958.58722222223
-33967.05222222223
-33954.681111111124
-33958.960000000014
-33959.576666666675
-33978.58444444444
-33963.45500000001
-33960.90555555556
-33964.282222222224
-33964.03833333333
-33971.048888888894
-33969.983333333344
-33971.69166666667
-33965.23444444444
-33958.517777777764
-33959.71777777777
-33971.171111111114
-33979.32944444443
-33958.343333333345
-33955.28166666667
-33967.73277777777
-33964.656111111115
-33969.44500000001
-33966.93333333333
-33960.78722222223
-33978.116666666654
-33963.56777777778
-33979.4711111111
-33959.272777777776
-33970.60666666667
-33962.496111111104
-33956.33555555555
-33958.12944444444
-33949.98944444445
-33968.79444444445
-33960.392777777764
-33961.256111111106
-33955.42777777778
-33969.27500000001
-33968.63722222222
-33978.94777777778
-33963.35666666667
-33979.983888888884
-33969.836666666684
-33977.37777777777
-33982.87222222224
-33960.6011111111
-33969.67833333333
-33970.61055555555
-33972.08111111111
-33984.18333333334
-33974.604999999996
-33982.15611111113
-33953.153333333335
-33962.08777777778
-33976.762777777774
-33962.25000000001
-33985.71111111111
-33963.03333333334
-33978.18277777778
-33980.00888888888
-33948.04000000001
-33969.24722222222
-33963.87333333332
-33973.826666666675
-33967.22277777777
-33952.51055555556
-33958.911666666674
-33965.58388888889
-33967.28555555555
-33979.20777777779
-33981.73666666668
-33977.613888888896
-33976.988888888896
-33985.195555555554
-33978.777222222234
-33975.90000000001
-33970.91444444444
-33968.48777777778
-33972.62333333332
-33975.49166666667
-33973.05611111112
-33961.30000000001
-33980.243333333325
-33974.15111111111
-33971.09833333331
-33978.00055555557
-33978.94777777777
-33978.89944444447
-33963.305555555555
-33967.99833333334
-33981.37222222222
-33962.09055555555
-33969.30388888889
-33957.87444444447
-33984.16111111112
-33949.8811111111
-33972.51722222223
-33973.26555555556
-33987.41055555555
-33992.14444444444
-33965.338333333326
-33955.081111111125
-33953.62277777777
-33966.4761111111
-33968.203888888886
-33971.415555555555
-33960.60333333334
-33969.984444444446
-33976.485555555555
-33967.605
-33961.801111111105
-33945.026111111125
-33960.012777777774
-33952.49
-33956.50611111111
-33971.27111111109
-33963.859444444446
-33944.91611111112
-33944.41222222221
-33962.74277777778
-33952.34000000001
-33973.213888888895
-33962.8788888889
-33961.83277777778
-33956.52611111112
-33969.35222222222
-33966.03833333333
-33951.178333333344
-33960.704444444455
-33968.66222222222
-33950.08611111111
-33963.98611111112
-33956.62722222221
-33957.14555555554
-33957.835
-33976.68722222222
-33963.19611111111
-33968.818888888876
-33963.22666666667
-33960.86777777779
-33966.15333333333
-33971.67166666668
-33977.214444444435
-33968.878333333334
-33974.353333333325
-33981.62111111109
-33971.76888888888
-33966.15111111111
-33962.65444444445
-33985.60111111113
-33963.99833333334
-33960.948888888895
-33979.05722222224
-33983.478333333325
-33981.10666666665
-33976.373888888884
-33983.90166666665
-33978.77777777779
-33965.201666666675
-33968.76055555557
-33967.67222222223
-33976.128888888896
-33953.09444444446
-33965.98166666666
-33979.206666666665
-33954.25888888889
-33975.71944444445
-33956.06166666666
-33965.98499999999
-33976.254444444465
-33959.096666666665
-33971.51277777778
-33964.13333333333
-33959.08055555556
-33955.37444444444
-33954.07222222222
-33971.86944444444
-33976.47666666668
-33965.98555555555
-33962.107222222236
-33965.81388888888
-33978.674999999996
-33954.83388888888
-33972.51
-33959.420000000006
-33967.162222222214
-33961.944444444445
-33950.06944444445
-33969.329999999994
-33967.346111111096
-33969.14611111111
-33973.92944444444
-33970.95222222223
-33956.72444444443
-33952.72388888888



The list of best values average 

-35171.43999999998
-35535.23
-35695.88999999998
-35787.65
-35840.05000000001
-35879.79000000001
-35903.78
-35922.31999999999
-35935.12000000002
-35947.94000000002
-35961.750000000015
-35967.24
-35977.79999999999
-35982.369999999995
-35990.21000000001
-35993.58999999999
-35999.090000000004
-35998.939999999995
-36002.85
-36006.929999999986
-36012.63999999999
-36013.42
-36013.17999999997
-36018.200000000004
-36019.10999999999
-36022.6
-36023.56000000001
-36025.46999999999
-36027.479999999996
-36026.979999999996
-36029.9
-36032.58000000001
-36030.85
-36035.03
-36035.25000000002
-36037.38
-36038.84
-36041.100000000006
-36038.719999999994
-36041.33999999999
-36040.999999999985
-36041.20999999999
-36042.40999999999
-36045.57999999999
-36046.51
-36045.08999999999
-36045.170000000006
-36045.36000000001
-36045.439999999995
-36047.60999999999
-36047.119999999995
-36048.09999999999
-36048.24999999999
-36049.46
-36047.819999999985
-36049.189999999995
-36048.670000000006
-36051.06999999999
-36050.020000000004
-36046.93000000001
-36047.08
-36049.439999999995
-36050.09
-36045.53
-36047.86
-36052.1
-36051.05
-36050.82
-36051.95000000001
-36054.00999999999
-36052.05999999999
-36052.090000000004
-36053.52
-36052.27999999999
-36054.44
-36052.889999999985
-36053.659999999996
-36053.34
-36054.579999999994
-36053.98999999999
-36052.56
-36050.97
-36055.26
-36054.48999999999
-36054.24999999999
-36054.38999999999
-36055.74
-36056.039999999986
-36056.04000000001
-36057.15
-36056.01999999998
-36057.30000000001
-36056.409999999996
-36056.93999999999
-36058.600000000006
-36057.48
-36057.67999999999
-36058.35999999999
-36057.75000000001
-36058.85
-36058.41999999999
-36058.659999999996
-36058.68000000001
-36059.610000000015
-36058.17
-36059.030000000006
-36057.48
-36059.57000000001
-36061.12
-36058.69
-36058.41
-36059.17999999999
-36061.46
-36059.06999999999
-36060.66999999999
-36060.82999999999
-36060.42999999999
-36061.28999999999
-36058.55
-36061.819999999985
-36061.729999999996
-36061.24
-36059.67999999999
-36059.85
-36059.42999999999
-36061.3
-36060.6
-36061.200000000004
-36061.2
-36062.12
-36062.049999999996
-36062.520000000004
-36061.02
-36063.26
-36061.97999999999
-36061.810000000005
-36062.40999999999
-36062.189999999995
-36061.340000000004
-36062.77
-36062.999999999985
-36062.98999999999
-36063.509999999995
-36062.259999999995
-36063.95
-36065.24000000001
-36062.74
-36064.29999999999
-36063.68
-36064.3
-36063.34999999999
-36064.43
-36064.48999999999
-36064.740000000005
-36062.82999999999
-36063.57000000001
-36064.69
-36063.899999999994
-36063.28
-36064.09
-36062.96000000001
-36063.59
-36064.21000000001
-36064.16
-36064.55000000001
-36065.2
-36063.70000000001
-36064.87000000001
-36064.95000000001
-36064.56
-36064.15
-36064.89
-36063.73
-36063.909999999996
-36064.55
-36064.92999999999
-36064.22999999999
-36064.19
-36064.09
-36064.77
-36064.79
-36064.19
-36063.729999999996
-36064.51
-36064.84000000001
-36063.52999999999
-36065.869999999995
-36065.36
-36063.82
-36064.439999999995
-36064.96000000001
-36064.899999999994
-36066.19999999999
-36064.91
-36064.08000000001
-36064.81
-36065.270000000004
-36064.61
-36065.55
-36065.15000000001
-36064.990000000005
-36065.67
-36065.029999999984
-36065.020000000004
-36065.11
-36065.079999999994
-36064.91000000001
-36065.399999999994
-36065.22
-36065.409999999996
-36066.500000000015
-36066.200000000004
-36066.170000000006
-36065.880000000005
-36066.740000000005
-36066.01
-36065.100000000006
-36066.23000000001
-36065.45999999999
-36064.71000000001
-36066.87000000001
-36066.2
-36065.51
-36065.979999999996
-36067.09
-36066.579999999994
-36065.54000000001
-36066.04
-36066.5
-36066.369999999995
-36065.479999999996
-36065.64
-36066.42999999999
-36066.47
-36066.05
-36066.39
-36066.55999999999
-36066.9
-36066.9
-36066.93
-36066.549999999996
-36066.83
-36067.83
-36066.95
-36068.340000000004
-36067.30000000001
-36067.5
-36067.31
-36068.17
-36068.380000000005
-36068.219999999994
-36068.13
-36068.21
-36068.71
-36067.49999999999
-36068.469999999994
-36067.51999999999
-36066.340000000004
-36067.81
-36067.590000000004
-36066.98
-36067.32
-36067.77000000001
-36067.58000000001
-36067.329999999994
-36066.98
-36066.86
-36067.31999999999
-36068.18
-36067.46000000001
-36067.950000000004
-36068.49999999999
-36067.62
-36068.74
-36069.14
-36067.4
-36068.25
-36068.71
-36067.82
-36068.090000000004
-36067.49999999999
-36068.409999999996
-36068.090000000004
-36068.65
-36068.11
-36068.12
-36069.23
-36068.259999999995
-36068.549999999996
-36068.6
-36068.090000000004
-36067.57
-36068.14
-36067.10999999999
-36069.25
-36068.700000000004
-36068.139999999985
-36068.87
-36069.450000000004
-36069.25000000001
-36067.43
-36069.460000000014
-36069.579999999994
-36069.31
-36068.92
-36069.229999999996
-36069.14
-36069.38000000001
-36069.58
-36069.65000000001
-36070.4
-36069.16
-36069.78
-36069.97000000001
-36069.740000000005
-36070.79
-36069.3
-36069.15999999999
-36071.17
-36070.02
-36070.179999999986
-36070.29000000001
-36069.42
-36070.17999999999
-36070.99999999999
-36070.77999999999
-36070.11999999999
-36070.09
-36070.779999999984
-36071.31999999999
-36070.88999999999
-36070.189999999995
-36070.67999999998
-36070.49999999999
-36069.61
-36069.149999999994
-36069.52999999999
-36069.87
-36070.219999999994
-36070.21
-36070.009999999995
-36070.61999999999
-36070.98
-36070.1
-36070.41
-36070.759999999995
-36070.35
-36069.979999999996
-36070.49
-36071.39
-36070.77999999999
-36070.48
-36069.3
-36070.53999999999
-36071.92
-36069.85999999998
-36069.71000000001
-36071.17999999999
-36070.16
-36069.31999999999
-36069.82
-36071.42999999999
-36070.98999999999
-36070.98
-36070.51
-36071.31
-36071.76
-36071.02
-36070.56999999999
-36071.1
-36070.81
-36071.26
-36071.74
-36071.490000000005
-36071.369999999995
-36071.46
-36071.840000000004
-36070.81
-36070.99999999999
-36071.99
-36071.69
-36071.670000000006
-36072.1
-36072.149999999994
-36071.99999999999
-36072.02
-36071.719999999994
-36071.59999999999
-36071.98999999998
-36071.08
-36071.84
-36071.62
-36070.509999999995
-36071.68
-36071.88
-36070.880000000005
-36071.42
-36071.14
-36071.469999999994
-36071.49
-36071.270000000004
-36071.42
-36071.87999999999
-36072.34
-36071.009999999995
-36071.69
-36071.47
-36071.36
-36071.39
-36071.469999999994
-36072.039999999986
-36071.84999999999
-36072.34999999999
-36070.89
-36072.389999999985
-36072.43
-36071.98999999999
-36072.31
-36072.77
-36072.5
-36072.350000000006
-36072.509999999995
-36072.34999999999
-36072.24
-36072.12999999999
-36072.909999999996
-36073.12999999999
-36072.19
-36072.409999999996
-36072.02
-36072.38
-36072.549999999996
-36072.53999999999
-36071.82
-36072.72999999999
-36072.51999999999
-36072.44999999999
-36071.81
-36072.65999999999
-36072.539999999986
-36073.1
-36073.04999999999
-36073.92999999999
-36073.479999999996
-36072.33999999999
-36073.34
-36072.38
-36071.95999999999
-36072.43999999999
-36072.67999999999
-36072.299999999996
-36072.74
-36072.479999999996
-36072.89999999999
-36072.11
-36072.17
-36072.99
-36072.659999999996
-36073.17999999999
-36072.52999999999
-36073.19999999999
-36072.560000000005
-36073.20999999999
-36072.279999999984
-36073.36
-36073.51
-36071.969999999994
-36072.63999999999
-36073.369999999995
-36072.759999999995
-36072.98999999999
-36073.13999999999
-36072.76999999999
-36071.77999999999
-36072.97
-36073.89
-36072.5
-36073.369999999995
-36073.72999999999
-36072.35
-36072.98999999999
-36072.75
-36072.11999999999
-36072.43
-36073.340000000004
-36072.52
-36073.3
-36073.39
-36073.32999999999
-36072.96
-36073.17
-36072.72
-36073.299999999996
-36073.92999999999
-36073.21
-36072.93
-36073.119999999995
-36073.6
-36073.619999999995
-36073.009999999995
-36071.899999999994
-36073.560000000005
-36072.979999999996
-36073.469999999994
-36073.53
-36072.9
-36073.03
-36073.06
-36072.92999999999
-36073.05
-36073.82000000001
-36073.61
-36072.57000000001
-36073.51
-36073.25000000001
-36073.54
-36072.86
-36073.850000000006
-36073.53
-36074.350000000006
-36073.29
-36073.15
-36073.58
-36072.759999999995
-36072.84
-36073.880000000005
-36072.75
-36072.96
-36073.45999999999
-36072.9
-36073.27
-36073.86
-36073.71000000001
-36072.729999999996
-36073.64000000001
-36073.39000000001
-36074.28
-36074.259999999995
-36074.68
-36073.850000000006
-36074.27
-36075.04
-36073.630000000005
-36073.98
-36073.57
-36073.53
-36073.82
-36073.670000000006
-36072.659999999996
-36074.439999999995
-36074.21
-36073.159999999996
-36073.170000000006
-36072.97
-36073.21
-36074.12
-36073.670000000006
-36072.72
-36073.32000000001
-36074.350000000006
-36073.479999999996
-36073.41
-36074.26
-36073.340000000004
-36072.53999999999
-36072.93000000001
-36073.51000000001
-36074.36000000001
-36073.27000000001
-36074.21000000001
-36073.49000000001
-36072.46000000001
-36072.18
-36074.11000000001
-36073.36000000001
-36073.350000000006
-36072.48999999999
-36073.63000000001
-36072.920000000006
-36073.729999999996
-36073.36
-36073.43000000001
-36073.380000000005
-36073.97000000001
-36073.64000000001
-36073.48
-36073.13
-36073.90000000002
-36073.28
-36073.77000000002
-36073.420000000006
-36073.610000000015
-36072.73000000001
-36072.90000000001
-36072.740000000005
-36073.560000000005
-36073.780000000006
-36073.220000000016
-36072.86
-36073.05
-36072.89
-36073.19000000001
-36072.83000000001
-36072.44000000001
-36072.5
-36073.090000000004
-36073.6
-36073.30000000001
-36073.020000000004
-36073.98000000001
-36074.119999999995
-36072.50000000001
-36073.76
-36075.080000000016
-36073.990000000005
-36073.66
-36074.87
-36074.04
-36073.840000000004
-36074.61000000001
-36073.37
-36074.01
-36074.520000000004
-36074.65000000001
-36074.350000000006
-36074.240000000005
-36074.55
-36074.880000000005
-36073.840000000004
-36074.44000000002
-36074.50000000001
-36074.93000000001
-36073.82000000001
-36074.14000000001
-36075.21
-36073.54000000001
-36072.97000000001
-36074.84000000001
-36074.700000000004
-36074.56
-36075.43000000001
-36073.29000000001
-36075.280000000006
-36074.990000000005
-36074.74999999999
-36074.969999999994
-36075.28
-36074.63
-36074.95999999999
-36075.49
-36074.73999999999
-36075.05999999999
-36075.74
-36074.939999999995
-36075.24999999999
-36075.82
-36074.479999999996
-36075.439999999995
-36075.17
-36075.20999999999
