----------Report of simulation of Quantum Parallel Tempering - Population Annealing v1-----------
The number of considered Spin48
The considered Annealing Duration 192
The considered Annealing Number 100
The considered T 1.0
The considered Gamma0 1.0
The considered Number Of Replica 3
The considered Number Of System Tempering 3
The considered Number Of System Population 3
The solution found [-1. -1.  1.  1. -1.  1.  1.  1. -1. -1. -1.  1.  1.  1. -1. -1. -1. -1.
 -1. -1.  1.  1.  1. -1.  1. -1.  1.  1. -1.  1.  1.  1. -1.  1. -1. -1.
  1.  1. -1. -1. -1. -1. -1.  1.  1.  1. -1. -1.]
The value found -3224.0
The Success probability is 1.0
The average value is -3224.0
The total execution time is 342.5718946456909
The average time for execution is 3.425717258453369
The average time for all systems update is 0.01778389945626259
The average time for system tempering update is 0.002891264359156291
The average time for system population update is 170.54204273223877
The average time for replica update is 0.0009748439104468735
The average time for spin update is 1.9980669294679424e-05
The list of values found 

-3224.0
-3224.0
-3224.0
-3224.0
-3224.0
-3224.0
-3224.0
-3224.0
-3224.0
-3224.0
-3224.0
-3224.0
-3224.0
-3224.0
-3224.0
-3224.0
-3224.0
-3224.0
-3224.0
-3224.0
-3224.0
-3224.0
-3224.0
-3224.0
-3224.0
-3224.0
-3224.0
-3224.0
-3224.0
-3224.0
-3224.0
-3224.0
-3224.0
-3224.0
-3224.0
-3224.0
-3224.0
-3224.0
-3224.0
-3224.0
-3224.0
-3224.0
-3224.0
-3224.0
-3224.0
-3224.0
-3224.0
-3224.0
-3224.0
-3224.0
-3224.0
-3224.0
-3224.0
-3224.0
-3224.0
-3224.0
-3224.0
-3224.0
-3224.0
-3224.0
-3224.0
-3224.0
-3224.0
-3224.0
-3224.0
-3224.0
-3224.0
-3224.0
-3224.0
-3224.0
-3224.0
-3224.0
-3224.0
-3224.0
-3224.0
-3224.0
-3224.0
-3224.0
-3224.0
-3224.0
-3224.0
-3224.0
-3224.0
-3224.0
-3224.0
-3224.0
-3224.0
-3224.0
-3224.0
-3224.0
-3224.0
-3224.0
-3224.0
-3224.0
-3224.0
-3224.0
-3224.0
-3224.0
-3224.0
-3224.0



The list of values first execution 

-2879.6111111111113
-2877.3333333333335
-2899.277777777778
-2923.0
-2942.6666666666665
-2915.8888888888887
-2950.0
-2920.5555555555557
-2941.222222222222
-2940.0
-2941.3333333333335
-2969.8888888888887
-2987.5
-2995.5555555555557
-3013.1111111111113
-3016.3888888888887
-3019.3333333333335
-3014.777777777778
-3026.722222222222
-3029.1666666666665
-3041.0555555555557
-3039.4444444444443
-3028.277777777778
-3046.4444444444443
-3054.6111111111113
-3059.5
-3042.4444444444443
-3045.6111111111113
-3049.3888888888887
-3046.9444444444443
-3060.3888888888887
-3069.5
-3058.3333333333335
-3050.1111111111113
-3067.277777777778
-3067.222222222222
-3071.9444444444443
-3078.6111111111113
-3071.6666666666665
-3070.3888888888887
-3084.8333333333335
-3084.1666666666665
-3096.777777777778
-3100.6666666666665
-3096.6666666666665
-3090.5555555555557
-3096.0555555555557
-3089.1111111111113
-3085.4444444444443
-3082.222222222222
-3061.1666666666665
-3084.4444444444443
-3071.277777777778
-3075.3888888888887
-3092.4444444444443
-3091.777777777778
-3071.722222222222
-3084.222222222222
-3081.3888888888887
-3068.6666666666665
-3080.8888888888887
-3090.0
-3081.1111111111113
-3090.277777777778
-3091.5
-3095.722222222222
-3097.9444444444443
-3085.4444444444443
-3081.5
-3096.6111111111113
-3100.722222222222
-3089.277777777778
-3093.5555555555557
-3092.777777777778
-3105.222222222222
-3093.6111111111113
-3081.0555555555557
-3102.222222222222
-3098.0
-3086.722222222222
-3107.3333333333335
-3080.4444444444443
-3088.777777777778
-3078.777777777778
-3092.8333333333335
-3097.9444444444443
-3088.3888888888887
-3083.3888888888887
-3089.8333333333335
-3088.4444444444443
-3116.5
-3104.0555555555557
-3097.222222222222
-3107.277777777778
-3097.8333333333335
-3110.222222222222
-3098.6111111111113
-3098.222222222222
-3102.8333333333335
-3095.0555555555557
-3103.5
-3095.222222222222
-3104.9444444444443
-3086.1111111111113
-3089.722222222222
-3091.0555555555557
-3110.6111111111113
-3084.5555555555557
-3081.8888888888887
-3097.4444444444443
-3102.8333333333335
-3098.777777777778
-3105.0
-3104.6666666666665
-3102.3888888888887
-3096.6111111111113
-3107.777777777778
-3098.9444444444443
-3085.6666666666665
-3072.3888888888887
-3083.777777777778
-3106.277777777778
-3089.8333333333335
-3092.777777777778
-3097.0555555555557
-3108.3333333333335
-3108.4444444444443
-3104.1666666666665
-3113.1666666666665
-3123.0
-3098.6666666666665
-3104.3333333333335
-3118.1666666666665
-3106.3333333333335
-3089.0555555555557
-3100.8333333333335
-3104.3888888888887
-3090.722222222222
-3097.8333333333335
-3097.1111111111113
-3087.1111111111113
-3088.5555555555557
-3090.3333333333335
-3099.9444444444443
-3107.277777777778
-3103.8888888888887
-3118.0555555555557
-3112.4444444444443
-3112.1111111111113
-3104.3888888888887
-3092.8888888888887
-3100.0
-3098.0555555555557
-3099.0
-3101.6111111111113
-3099.3888888888887
-3091.3888888888887
-3101.5555555555557
-3115.9444444444443
-3091.3888888888887
-3089.3888888888887
-3098.1111111111113
-3095.5555555555557
-3101.3333333333335
-3094.1111111111113
-3118.6111111111113
-3100.0
-3101.5555555555557
-3120.1666666666665
-3102.8333333333335
-3107.222222222222
-3096.222222222222
-3085.5
-3061.277777777778
-3099.9444444444443
-3096.1666666666665
-3088.9444444444443
-3105.3888888888887
-3094.777777777778
-3109.0
-3105.0555555555557
-3107.277777777778
-3109.6111111111113
-3103.8333333333335
-3098.6666666666665
-3101.1666666666665
-3096.3888888888887
-3088.8888888888887
-3096.1111111111113
-3092.277777777778
-3097.5555555555557
-3081.0



The list of best values first execution 

-3048.0
-3100.0
-3106.0
-3133.0
-3138.0
-3148.0
-3155.0
-3163.0
-3163.0
-3163.0
-3163.0
-3163.0
-3163.0
-3163.0
-3166.0
-3166.0
-3176.0
-3174.0
-3173.0
-3166.0
-3190.0
-3188.0
-3200.0
-3210.0
-3199.0
-3220.0
-3207.0
-3205.0
-3199.0
-3220.0
-3220.0
-3220.0
-3220.0
-3220.0
-3220.0
-3224.0
-3224.0
-3220.0
-3220.0
-3224.0
-3224.0
-3224.0
-3224.0
-3224.0
-3224.0
-3224.0
-3224.0
-3224.0
-3224.0
-3224.0
-3224.0
-3224.0
-3224.0
-3220.0
-3224.0
-3220.0
-3224.0
-3224.0
-3224.0
-3224.0
-3224.0
-3224.0
-3224.0
-3224.0
-3224.0
-3224.0
-3224.0
-3224.0
-3224.0
-3224.0
-3224.0
-3224.0
-3224.0
-3224.0
-3224.0
-3224.0
-3224.0
-3224.0
-3224.0
-3224.0
-3224.0
-3224.0
-3224.0
-3224.0
-3224.0
-3224.0
-3224.0
-3224.0
-3224.0
-3224.0
-3224.0
-3224.0
-3224.0
-3224.0
-3224.0
-3224.0
-3224.0
-3224.0
-3224.0
-3224.0
-3224.0
-3224.0
-3224.0
-3224.0
-3224.0
-3224.0
-3224.0
-3224.0
-3224.0
-3224.0
-3224.0
-3224.0
-3224.0
-3224.0
-3224.0
-3224.0
-3224.0
-3224.0
-3224.0
-3224.0
-3224.0
-3224.0
-3224.0
-3224.0
-3224.0
-3224.0
-3224.0
-3224.0
-3224.0
-3224.0
-3224.0
-3224.0
-3224.0
-3224.0
-3224.0
-3224.0
-3224.0
-3224.0
-3224.0
-3224.0
-3224.0
-3224.0
-3224.0
-3224.0
-3224.0
-3224.0
-3224.0
-3224.0
-3224.0
-3224.0
-3224.0
-3224.0
-3224.0
-3224.0
-3224.0
-3224.0
-3224.0
-3224.0
-3224.0
-3224.0
-3224.0
-3224.0
-3224.0
-3224.0
-3224.0
-3224.0
-3224.0
-3224.0
-3224.0
-3224.0
-3224.0
-3224.0
-3224.0
-3224.0
-3224.0
-3224.0
-3224.0
-3224.0
-3224.0
-3224.0
-3224.0
-3224.0
-3224.0
-3224.0
-3224.0
-3224.0
-3224.0
-3224.0
-3224.0
-3224.0
-3224.0
-3224.0



The list of values average 

-2857.116666666667
-2888.1500000000005
-2908.7844444444445
-2922.9411111111112
-2933.372777777777
-2938.8233333333337
-2946.3955555555567
-2955.1516666666685
-2961.094444444445
-2971.5194444444455
-2977.5711111111123
-2986.132222222222
-2991.29388888889
-3000.8633333333323
-3006.128888888889
-3012.7783333333323
-3018.327777777779
-3025.7677777777785
-3030.125000000001
-3037.711111111111
-3040.368333333334
-3046.1894444444442
-3048.421666666666
-3053.861111111111
-3058.6444444444433
-3062.7527777777786
-3063.968333333334
-3066.0694444444443
-3068.775555555555
-3071.5988888888896
-3073.9111111111106
-3074.162777777777
-3074.872222222223
-3076.8144444444442
-3080.4244444444425
-3078.8677777777775
-3080.5605555555553
-3080.452777777777
-3082.583333333334
-3084.4416666666657
-3085.031111111111
-3084.8327777777777
-3085.948333333332
-3088.1827777777767
-3088.0683333333336
-3089.504444444444
-3090.1427777777762
-3091.1511111111113
-3091.533333333333
-3092.0211111111107
-3090.053888888888
-3092.89777777778
-3090.4511111111105
-3091.226111111111
-3093.334444444443
-3092.661111111111
-3093.703333333334
-3094.7544444444443
-3094.11611111111
-3092.538333333333
-3092.736666666666
-3092.4005555555555
-3091.927222222223
-3092.5055555555564
-3094.7605555555556
-3095.0633333333326
-3094.386666666666
-3095.049444444444
-3095.252222222223
-3094.9694444444444
-3095.5994444444445
-3096.111111111111
-3095.3805555555546
-3095.459444444445
-3095.117222222221
-3095.4066666666677
-3097.6227777777776
-3097.850555555554
-3096.162222222223
-3096.3411111111122
-3097.3205555555555
-3097.1605555555548
-3097.5738888888886
-3097.3655555555565
-3098.7344444444443
-3097.5883333333345
-3097.2000000000003
-3097.7172222222234
-3097.9611111111103
-3096.2683333333343
-3096.7294444444456
-3095.9744444444455
-3095.632222222223
-3095.1061111111107
-3095.4444444444443
-3096.381111111111
-3098.0044444444434
-3098.551666666668
-3099.143333333334
-3097.0816666666674
-3096.628333333334
-3097.7049999999986
-3098.662222222222
-3099.6911111111112
-3098.2944444444433
-3096.433333333333
-3098.314444444443
-3098.3377777777782
-3097.188888888888
-3097.6244444444433
-3097.7355555555555
-3096.5522222222226
-3096.5827777777777
-3096.799444444445
-3097.4594444444438
-3098.286666666667
-3097.7255555555557
-3097.6933333333327
-3097.5016666666666
-3097.604444444443
-3098.0672222222247
-3098.7633333333342
-3097.805
-3097.2088888888875
-3097.4066666666668
-3097.3833333333323
-3098.3050000000007
-3097.743888888889
-3098.316666666667
-3096.184999999999
-3097.3055555555557
-3097.116666666666
-3099.291666666666
-3099.430555555556
-3097.856111111111
-3097.8388888888885
-3098.0394444444446
-3098.9088888888896
-3098.0044444444434
-3097.8655555555547
-3096.9077777777784
-3097.2933333333326
-3098.0505555555555
-3100.1166666666672
-3098.41611111111
-3098.1172222222226
-3096.873333333333
-3097.232777777778
-3097.8827777777774
-3098.561111111111
-3097.9755555555566
-3098.2333333333318
-3098.8172222222233
-3097.5755555555543
-3097.9672222222234
-3097.583888888889
-3100.032222222222
-3100.2455555555557
-3098.836111111111
-3100.2349999999997
-3098.0955555555565
-3100.2816666666668
-3100.08
-3099.5922222222207
-3098.7816666666668
-3099.4366666666656
-3098.8477777777766
-3099.133333333334
-3101.1916666666684
-3098.750555555556
-3100.058333333334
-3098.342777777777
-3100.2105555555545
-3097.789444444444
-3097.084444444444
-3098.357777777779
-3098.6661111111116
-3100.54
-3099.1644444444455
-3098.054444444445
-3099.069444444444
-3098.409444444445
-3098.1994444444435
-3098.702222222222
-3097.776111111112
-3098.1149999999975
-3098.3850000000007
-3098.142777777779
-3099.6733333333327
-3097.2938888888893
-3099.2511111111103
-3097.6205555555566



The list of best values average 

-3064.7799999999997-3124.78-3160.4099999999994-3172.740000000002-3183.34-3189.629999999999-3194.3399999999997-3198.3299999999986-3201.3199999999974-3201.4599999999973-3203.4599999999973-3203.9399999999964-3204.999999999996-3205.9499999999966-3205.9599999999964-3206.769999999996-3207.6399999999962-3209.8299999999954-3210.109999999995-3210.4799999999964-3212.669999999995-3213.4399999999955-3213.0999999999954-3213.6699999999955-3215.249999999995-3216.769999999995-3215.9899999999957-3216.6299999999947-3218.479999999994-3218.229999999996-3218.5799999999954-3218.7899999999945-3219.239999999994-3219.1899999999946-3219.9599999999937-3221.3099999999936-3221.289999999994-3220.999999999994-3221.3499999999935-3221.749999999994-3221.519999999994-3222.009999999994-3222.2999999999943-3222.9099999999935-3223.0499999999934-3223.2099999999928-3222.719999999994-3223.0599999999936-3223.3299999999927-3223.549999999993-3223.5399999999927-3223.5599999999927-3223.7999999999925-3223.8399999999924-3223.7999999999925-3223.8799999999924-3223.6399999999926-3223.7899999999927-3223.7999999999925-3223.9199999999923-3223.9199999999923-3223.8299999999927-3223.6799999999926-3223.7599999999925-3223.8399999999924-3223.9199999999923-3223.9199999999923-3223.8199999999924-3223.9599999999923-3223.9199999999923-3223.8799999999924-3223.9199999999923-3223.9599999999923-3223.8399999999924-3223.8799999999924-3223.7999999999925-3223.8399999999924-3223.8799999999924-3223.9599999999923-3223.9199999999923-3223.9199999999923-3223.9199999999923-3223.9199999999923-3223.9199999999923-3223.9999999999923-3223.9999999999923-3223.9999999999923-3223.9999999999923-3223.9999999999923-3223.9599999999923-3223.9999999999923-3223.9599999999923-3223.9199999999923-3223.9599999999923-3223.9599999999923-3223.9999999999923-3223.9999999999923-3223.9999999999923-3223.9999999999923-3223.9999999999923-3223.9999999999923-3223.9599999999923-3223.9999999999923-3223.9999999999923-3223.9999999999923-3223.9999999999923-3223.9999999999923-3223.9999999999923-3223.9999999999923-3223.9999999999923-3223.9999999999923-3223.9999999999923-3223.9999999999923-3223.9999999999923-3223.9999999999923-3223.9999999999923-3223.9999999999923-3223.9999999999923-3223.9999999999923-3223.9999999999923-3223.9999999999923-3223.9999999999923-3223.9999999999923-3223.9999999999923-3223.9999999999923-3223.9999999999923-3223.9999999999923-3223.9999999999923-3223.9999999999923-3223.9999999999923-3223.9999999999923-3223.9999999999923-3223.9999999999923-3223.9999999999923-3223.9999999999923-3223.9999999999923-3223.9999999999923-3223.9999999999923-3223.9999999999923-3223.9999999999923-3223.9999999999923-3223.9999999999923-3223.9999999999923-3223.9999999999923-3223.9999999999923-3223.9999999999923-3223.9999999999923-3223.9999999999923-3223.9999999999923-3223.9999999999923-3223.9999999999923-3223.9999999999923-3223.9999999999923-3223.9999999999923-3223.9999999999923-3223.9999999999923-3223.9999999999923-3223.9999999999923-3223.9999999999923-3223.9999999999923-3223.9999999999923-3223.9999999999923-3223.9999999999923-3223.9999999999923-3223.9999999999923-3223.9999999999923-3223.9999999999923-3223.9999999999923-3223.9999999999923-3223.9999999999923-3223.9999999999923-3223.9999999999923-3223.9999999999923-3223.9999999999923-3223.9999999999923-3223.9999999999923-3223.9999999999923-3223.9999999999923-3223.9999999999923-3223.9999999999923-3223.9999999999923-3223.9999999999923-3223.9999999999923-3223.9999999999923-3223.9999999999923-3223.9999999999923-3223.9999999999923-3223.9999999999923-3223.9999999999923-3223.9999999999923-3223.9999999999923-3223.9999999999923