----------Report of simulation of Quantum Parallel Tempering - Population Annealing v1-----------
The number of considered Spin181
The considered Annealing Duration 724
The considered Annealing Number 100
The considered T 1.0
The considered Gamma0 1.0
The considered Number Of Replica 3
The considered Number Of System Tempering 3
The considered Number Of System Population 3
The solution found [ 1.  1. -1. -1.  1.  1. -1. -1. -1. -1. -1.  1.  1. -1.  1.  1.  1.  1.
  1.  1.  1. -1. -1. -1. -1.  1. -1. -1.  1. -1. -1.  1. -1.  1.  1.  1.
 -1. -1.  1.  1. -1. -1.  1. -1.  1.  1.  1. -1.  1.  1. -1. -1. -1. -1.
  1. -1. -1. -1. -1. -1. -1.  1. -1. -1. -1. -1.  1.  1. -1.  1. -1. -1.
  1. -1.  1.  1. -1. -1. -1. -1.  1. -1. -1.  1. -1.  1.  1. -1.  1. -1.
  1. -1. -1.  1.  1.  1. -1. -1. -1. -1.  1.  1. -1.  1.  1.  1.  1. -1.
  1. -1.  1.  1. -1.  1.  1. -1. -1. -1.  1. -1.  1. -1. -1.  1.  1. -1.
  1. -1.  1.  1.  1.  1. -1.  1.  1. -1. -1. -1. -1. -1. -1. -1.  1. -1.
  1.  1.  1. -1. -1. -1.  1.  1. -1.  1.  1. -1.  1. -1. -1.  1. -1.  1.
  1.  1. -1.  1.  1.  1.  1. -1.  1. -1. -1.  1.  1. -1.  1.  1.  1.  1.
  1.]
The value found -43918.0
The Success probability is 0.29
The average value is -43915.0
The total execution time is 22030.47147488594
The average time for execution is 220.30471351146699
The average time for all systems update is 0.3042105980604393
The average time for system tempering update is 0.04572955886193621
The average time for system population update is 12072.293280124664
The average time for replica update is 0.016884576573995377
The average time for spin update is 9.294547986381674e-05
The list of values found 

-43918.0
-43914.0
-43912.0
-43915.0
-43915.0
-43912.0
-43918.0
-43914.0
-43914.0
-43914.0
-43915.0
-43914.0
-43914.0
-43912.0
-43918.0
-43914.0
-43918.0
-43912.0
-43914.0
-43918.0
-43918.0
-43915.0
-43915.0
-43918.0
-43914.0
-43912.0
-43918.0
-43914.0
-43914.0
-43918.0
-43914.0
-43918.0
-43914.0
-43914.0
-43918.0
-43918.0
-43912.0
-43918.0
-43912.0
-43914.0
-43912.0
-43918.0
-43915.0
-43914.0
-43915.0
-43915.0
-43915.0
-43914.0
-43915.0
-43915.0
-43918.0
-43915.0
-43912.0
-43914.0
-43915.0
-43918.0
-43914.0
-43914.0
-43912.0
-43918.0
-43915.0
-43918.0
-43914.0
-43914.0
-43915.0
-43915.0
-43914.0
-43914.0
-43914.0
-43915.0
-43915.0
-43914.0
-43918.0
-43914.0
-43918.0
-43912.0
-43918.0
-43912.0
-43918.0
-43914.0
-43914.0
-43915.0
-43915.0
-43918.0
-43918.0
-43914.0
-43908.0
-43918.0
-43912.0
-43918.0
-43918.0
-43914.0
-43912.0
-43914.0
-43918.0
-43912.0
-43918.0
-43915.0
-43915.0
-43912.0



The list of values first execution 

-41374.055555555555
-41553.72222222222
-41655.5
-41721.0
-41745.38888888889
-41703.88888888889
-41749.11111111111
-41795.88888888889
-41798.77777777778
-41765.444444444445
-41856.11111111111
-41892.333333333336
-41901.38888888889
-42030.0
-41863.61111111111
-42050.944444444445
-42000.833333333336
-42032.333333333336
-42053.666666666664
-42135.22222222222
-42062.055555555555
-42135.11111111111
-42214.27777777778
-42252.5
-42244.0
-42248.444444444445
-42283.77777777778
-42316.38888888889
-42354.666666666664
-42251.72222222222
-42443.666666666664
-42255.055555555555
-42359.555555555555
-42398.833333333336
-42370.77777777778
-42406.88888888889
-42418.833333333336
-42506.166666666664
-42500.22222222222
-42503.333333333336
-42560.72222222222
-42591.77777777778
-42651.11111111111
-42516.77777777778
-42606.61111111111
-42641.944444444445
-42636.944444444445
-42432.5
-42493.444444444445
-42532.61111111111
-42483.88888888889
-42631.38888888889
-42557.444444444445
-42667.22222222222
-42594.77777777778
-42624.27777777778
-42690.88888888889
-42617.833333333336
-42724.5
-42603.0
-42627.88888888889
-42689.833333333336
-42715.666666666664
-42679.555555555555
-42670.5
-42682.61111111111
-42645.38888888889
-42733.944444444445
-42816.444444444445
-42772.38888888889
-42702.444444444445
-42742.333333333336
-42483.944444444445
-42532.833333333336
-42845.0
-42781.11111111111
-42679.61111111111
-42682.555555555555
-42583.555555555555
-42614.88888888889
-42690.5
-42686.22222222222
-42731.38888888889
-42706.27777777778
-42779.0
-42646.055555555555
-42573.72222222222
-42768.666666666664
-42588.77777777778
-42806.5
-42678.11111111111
-42785.61111111111
-42909.72222222222
-42694.944444444445
-42819.055555555555
-42628.444444444445
-42628.944444444445
-42678.0
-42755.77777777778
-42698.72222222222
-42829.5
-42813.88888888889
-42707.944444444445
-42737.22222222222
-42747.72222222222
-42859.444444444445
-42720.333333333336
-42819.11111111111
-42745.666666666664
-42823.833333333336
-42848.0
-42800.333333333336
-42798.5
-42778.333333333336
-42803.333333333336
-42745.666666666664
-42789.77777777778
-42761.444444444445
-42835.555555555555
-42895.0
-42856.444444444445
-42922.555555555555
-42794.5
-42913.27777777778
-42730.166666666664
-42721.166666666664
-42833.27777777778
-42754.72222222222
-42842.27777777778
-42827.333333333336
-42906.833333333336
-42764.833333333336
-42768.22222222222
-42864.88888888889
-42796.333333333336
-42807.11111111111
-42795.444444444445
-42882.88888888889
-42729.72222222222
-42829.555555555555
-42704.444444444445
-42865.944444444445
-42709.944444444445
-42753.72222222222
-42957.27777777778
-42718.333333333336
-42836.77777777778
-42895.22222222222
-42786.833333333336
-42811.444444444445
-42879.944444444445
-42861.11111111111
-42785.833333333336
-42878.833333333336
-42762.055555555555
-42773.88888888889
-42736.88888888889
-42791.61111111111
-42788.77777777778
-42625.88888888889
-42644.166666666664
-42750.0
-42861.333333333336
-42755.77777777778
-42891.22222222222
-42815.5
-42808.055555555555
-42741.11111111111
-42808.88888888889
-42847.77777777778
-42860.055555555555
-42886.5
-42844.27777777778
-42859.38888888889
-42757.944444444445
-42751.166666666664
-42837.27777777778
-42737.0
-42756.38888888889
-42811.555555555555
-42853.72222222222
-42816.666666666664
-42717.055555555555
-42788.666666666664
-42818.555555555555
-42756.88888888889
-42808.444444444445
-42901.88888888889
-42780.72222222222
-42801.055555555555
-42800.11111111111
-42804.11111111111
-42773.833333333336
-42751.27777777778
-42815.833333333336
-42709.0
-42692.055555555555
-42828.61111111111
-42814.5
-42798.27777777778
-42908.22222222222
-42845.5
-42714.77777777778
-42824.72222222222
-42770.333333333336
-42878.944444444445
-42866.22222222222
-42799.72222222222
-42818.11111111111
-42816.11111111111
-42842.77777777778
-42731.666666666664
-42755.27777777778
-42767.333333333336
-42752.61111111111
-42696.444444444445
-42690.38888888889
-42828.0
-42703.88888888889
-42802.38888888889
-42674.88888888889
-42822.833333333336
-42765.944444444445
-42902.72222222222
-42824.833333333336
-42898.11111111111
-42837.166666666664
-42782.0
-42851.61111111111
-42842.61111111111
-42848.61111111111
-42777.72222222222
-42772.166666666664
-42762.666666666664
-42766.0
-42731.166666666664
-42645.27777777778
-42835.5
-42764.833333333336
-42946.88888888889
-42815.055555555555
-42861.0
-42835.833333333336
-42759.0
-42832.77777777778
-42563.0
-42751.666666666664
-42735.61111111111
-42807.833333333336
-42895.333333333336
-42802.11111111111
-42860.333333333336
-42840.77777777778
-42815.055555555555
-42789.444444444445
-42837.88888888889
-42718.72222222222
-42864.833333333336
-42885.11111111111
-42814.666666666664
-42819.944444444445
-42655.72222222222
-42918.944444444445
-42794.61111111111
-42797.944444444445
-42873.22222222222
-42859.444444444445
-42830.055555555555
-42797.555555555555
-42878.555555555555
-42764.22222222222
-42900.5
-42785.0
-42861.72222222222
-42654.5
-42842.666666666664
-42726.22222222222
-42718.88888888889
-42833.61111111111
-42648.0
-42882.11111111111
-42773.5
-42814.77777777778
-42872.333333333336
-42824.61111111111
-42695.055555555555
-42754.11111111111
-42624.27777777778
-42731.944444444445
-42865.833333333336
-42717.5
-42929.22222222222
-42716.055555555555
-42816.61111111111
-42843.22222222222
-42742.0
-42776.166666666664
-42705.88888888889
-42809.833333333336
-42799.22222222222
-42965.0
-42850.72222222222
-42836.055555555555
-42889.77777777778
-42831.77777777778
-42836.72222222222
-42782.666666666664
-42957.27777777778
-42755.61111111111
-42938.27777777778
-42831.0
-42864.055555555555
-42894.166666666664
-42829.38888888889
-42915.61111111111
-42792.333333333336
-42730.22222222222
-42852.27777777778
-42750.944444444445
-42739.833333333336
-42782.77777777778
-42886.72222222222
-42813.38888888889
-42886.77777777778
-42828.88888888889
-42884.666666666664
-42794.61111111111
-42716.0
-42846.11111111111
-42753.5
-42811.27777777778
-42803.11111111111
-42825.61111111111
-42795.055555555555
-42932.555555555555
-42959.72222222222
-42856.27777777778
-42865.055555555555
-42851.72222222222
-42963.77777777778
-42830.77777777778
-42828.11111111111
-42735.27777777778
-42790.055555555555
-42872.555555555555
-42702.0
-42905.77777777778
-42858.5
-42800.61111111111
-42802.333333333336
-42732.77777777778
-42784.5
-42815.22222222222
-42821.944444444445
-42881.0
-42854.555555555555
-42779.61111111111
-42882.444444444445
-42885.5
-42808.444444444445
-42877.11111111111
-42893.22222222222
-42879.38888888889
-42839.666666666664
-42847.833333333336
-42805.333333333336
-42808.0
-42852.77777777778
-42766.11111111111
-42751.5
-42877.333333333336
-42947.5
-42861.055555555555
-42961.72222222222
-42727.22222222222
-42841.0
-42808.5
-42750.055555555555
-42743.5
-42770.333333333336
-42826.88888888889
-42753.055555555555
-42731.61111111111
-42871.833333333336
-42811.77777777778
-42623.38888888889
-42672.444444444445
-42688.72222222222
-42791.333333333336
-42801.444444444445
-42671.444444444445
-42842.22222222222
-42806.944444444445
-42957.055555555555
-42818.666666666664
-42801.166666666664
-42779.11111111111
-42780.11111111111
-42841.555555555555
-42870.77777777778
-42944.27777777778
-42798.88888888889
-42782.944444444445
-42864.27777777778
-42854.666666666664
-42904.555555555555
-42794.166666666664
-42745.444444444445
-42759.77777777778
-42856.11111111111
-42677.666666666664
-42709.055555555555
-42841.0
-42865.333333333336
-42839.77777777778
-42758.77777777778
-42731.666666666664
-42643.5
-42822.444444444445
-42671.833333333336
-42931.22222222222
-42825.944444444445
-42863.944444444445
-42922.666666666664
-42847.61111111111
-42913.333333333336
-42901.77777777778
-42822.444444444445
-42782.88888888889
-42859.333333333336
-42788.166666666664
-42817.22222222222
-42828.22222222222
-42892.27777777778
-42836.333333333336
-42851.72222222222
-42947.055555555555
-42930.055555555555
-42884.22222222222
-42919.77777777778
-42805.833333333336
-42848.61111111111
-42739.38888888889
-42902.555555555555
-42782.88888888889
-42856.055555555555
-42763.27777777778
-42742.38888888889
-42837.833333333336
-42797.333333333336
-42929.555555555555
-42738.555555555555
-42895.61111111111
-42735.61111111111
-42901.444444444445
-42850.666666666664
-42787.72222222222
-42793.11111111111
-42759.333333333336
-42872.11111111111
-42739.944444444445
-42749.555555555555
-42787.0
-42778.055555555555
-42640.944444444445
-42727.055555555555
-42736.72222222222
-42771.166666666664
-42846.38888888889
-42739.333333333336
-42846.833333333336
-42746.72222222222
-42831.944444444445
-42871.944444444445
-42824.444444444445
-42877.166666666664
-42778.944444444445
-42773.444444444445
-42741.61111111111
-42862.833333333336
-42714.944444444445
-42798.11111111111
-42795.055555555555
-42858.166666666664
-42756.22222222222
-42744.666666666664
-42937.555555555555
-42872.166666666664
-42897.77777777778
-42791.77777777778
-42742.555555555555
-42782.38888888889
-42751.555555555555
-42807.61111111111
-42895.055555555555
-42796.055555555555
-42880.666666666664
-42890.944444444445
-42644.055555555555
-42715.944444444445
-42667.22222222222
-42715.555555555555
-42828.72222222222
-42829.333333333336
-42898.72222222222
-42808.38888888889
-42889.88888888889
-42834.944444444445
-42901.333333333336
-42836.22222222222
-42859.833333333336
-42896.0
-42822.444444444445
-42780.944444444445
-42823.61111111111
-42913.666666666664
-42743.333333333336
-42841.77777777778
-42868.055555555555
-42743.055555555555
-42898.555555555555
-42854.055555555555
-42977.444444444445
-42951.555555555555
-42871.0
-42953.27777777778
-42887.11111111111
-42915.27777777778
-42842.166666666664
-42893.77777777778
-42629.11111111111
-42856.61111111111
-42752.88888888889
-42887.27777777778
-42897.0
-42836.944444444445
-42732.555555555555
-42772.0
-42912.555555555555
-42861.11111111111
-42803.944444444445
-42807.88888888889
-42822.944444444445
-42895.166666666664
-42787.0
-42832.333333333336
-42816.555555555555
-42824.444444444445
-42767.555555555555
-42815.055555555555
-42664.72222222222
-42870.22222222222
-42848.77777777778
-42814.72222222222
-42841.333333333336
-42719.666666666664
-42788.88888888889
-42731.0
-42863.77777777778
-42767.333333333336
-42726.0
-42878.61111111111
-42864.77777777778
-42802.11111111111
-42912.38888888889
-42835.833333333336
-42846.61111111111
-42905.27777777778
-42935.27777777778
-42934.833333333336
-42946.944444444445
-42756.88888888889
-42862.444444444445
-42912.055555555555
-42818.555555555555
-42957.72222222222
-42803.27777777778
-42891.61111111111
-42837.5
-42786.166666666664
-42733.833333333336
-42682.11111111111
-42689.555555555555
-42817.166666666664
-42822.88888888889
-42823.944444444445
-42904.944444444445
-42881.11111111111
-42941.0
-42899.22222222222
-42890.333333333336
-42953.77777777778
-42807.833333333336
-42996.833333333336
-42635.0
-42845.22222222222
-42782.88888888889
-42617.055555555555
-42718.5
-42785.055555555555
-42847.5
-42798.0
-42880.055555555555
-42861.444444444445
-42982.666666666664
-42821.055555555555
-42863.88888888889
-42807.0
-42808.0
-42799.5
-42805.333333333336
-42900.0
-42832.166666666664
-42899.61111111111
-42786.055555555555
-42709.0
-42848.055555555555
-42668.444444444445
-42754.555555555555
-42803.61111111111
-42805.666666666664
-42698.38888888889
-42841.666666666664
-42808.11111111111
-42908.833333333336
-42790.61111111111
-42862.166666666664
-42874.555555555555
-42859.5
-42874.166666666664
-42759.22222222222
-42930.88888888889
-42846.27777777778
-42810.38888888889
-42979.555555555555
-42692.0
-42791.22222222222
-42793.27777777778
-42936.944444444445
-42797.27777777778
-42808.444444444445
-42874.666666666664
-42899.555555555555
-42828.11111111111
-42788.166666666664
-42833.38888888889
-42713.166666666664
-42896.666666666664
-42746.38888888889
-42886.055555555555
-42770.944444444445
-42755.77777777778
-42722.72222222222
-42774.333333333336
-42939.88888888889
-42821.666666666664
-42852.444444444445
-42800.5
-42866.5
-42812.77777777778
-42829.11111111111
-42822.61111111111
-42850.555555555555
-42914.666666666664
-42718.11111111111
-42748.38888888889
-42694.61111111111
-42752.166666666664
-42732.833333333336
-42818.11111111111
-42861.444444444445
-42825.333333333336
-42912.666666666664
-42756.11111111111
-42823.5
-42786.333333333336
-42736.944444444445
-42716.444444444445
-42942.333333333336
-42883.88888888889
-42834.5
-42753.666666666664
-42867.22222222222
-42929.666666666664
-42837.333333333336
-42850.333333333336
-42849.77777777778
-42668.444444444445
-42769.666666666664
-42777.72222222222
-42836.88888888889
-42821.11111111111
-42830.38888888889
-42849.666666666664
-42959.11111111111
-42729.22222222222
-42786.11111111111
-42894.38888888889
-42901.22222222222
-42928.333333333336
-42868.22222222222
-42975.5
-42912.5
-42896.333333333336
-42795.944444444445
-42887.555555555555
-42933.055555555555
-42897.333333333336
-42913.166666666664
-42875.333333333336
-42878.77777777778
-42898.38888888889
-42761.166666666664
-42842.333333333336
-42811.555555555555
-42803.77777777778
-42939.5
-42900.72222222222
-42819.055555555555
-42902.055555555555
-42831.833333333336
-42835.27777777778
-42743.333333333336
-42876.444444444445



The list of best values first execution 

-42857.0
-43105.0
-43409.0
-43521.0
-43608.0
-43674.0
-43721.0
-43781.0
-43826.0
-43785.0
-43865.0
-43860.0
-43826.0
-43851.0
-43902.0
-43911.0
-43843.0
-43908.0
-43879.0
-43903.0
-43889.0
-43900.0
-43900.0
-43900.0
-43900.0
-43874.0
-43897.0
-43902.0
-43890.0
-43872.0
-43902.0
-43890.0
-43896.0
-43861.0
-43890.0
-43899.0
-43894.0
-43852.0
-43854.0
-43893.0
-43800.0
-43825.0
-43887.0
-43899.0
-43849.0
-43883.0
-43896.0
-43860.0
-43871.0
-43883.0
-43878.0
-43872.0
-43893.0
-43854.0
-43815.0
-43875.0
-43903.0
-43888.0
-43883.0
-43865.0
-43849.0
-43908.0
-43912.0
-43839.0
-43907.0
-43907.0
-43882.0
-43903.0
-43904.0
-43863.0
-43835.0
-43884.0
-43897.0
-43907.0
-43880.0
-43904.0
-43903.0
-43904.0
-43904.0
-43879.0
-43885.0
-43892.0
-43904.0
-43903.0
-43904.0
-43904.0
-43903.0
-43904.0
-43903.0
-43904.0
-43903.0
-43904.0
-43909.0
-43903.0
-43904.0
-43904.0
-43904.0
-43903.0
-43900.0
-43904.0
-43904.0
-43904.0
-43904.0
-43911.0
-43904.0
-43904.0
-43904.0
-43903.0
-43904.0
-43903.0
-43904.0
-43907.0
-43907.0
-43907.0
-43909.0
-43907.0
-43907.0
-43914.0
-43907.0
-43907.0
-43907.0
-43907.0
-43907.0
-43907.0
-43907.0
-43907.0
-43907.0
-43907.0
-43907.0
-43907.0
-43907.0
-43907.0
-43907.0
-43907.0
-43903.0
-43904.0
-43904.0
-43904.0
-43910.0
-43910.0
-43910.0
-43910.0
-43902.0
-43910.0
-43910.0
-43907.0
-43910.0
-43910.0
-43904.0
-43904.0
-43910.0
-43904.0
-43904.0
-43904.0
-43911.0
-43911.0
-43911.0
-43903.0
-43904.0
-43904.0
-43904.0
-43912.0
-43907.0
-43911.0
-43912.0
-43912.0
-43911.0
-43912.0
-43912.0
-43912.0
-43912.0
-43912.0
-43912.0
-43912.0
-43912.0
-43912.0
-43912.0
-43912.0
-43912.0
-43912.0
-43911.0
-43911.0
-43911.0
-43911.0
-43911.0
-43912.0
-43911.0
-43911.0
-43911.0
-43911.0
-43908.0
-43908.0
-43908.0
-43908.0
-43908.0
-43904.0
-43905.0
-43911.0
-43911.0
-43911.0
-43911.0
-43911.0
-43911.0
-43912.0
-43911.0
-43911.0
-43912.0
-43911.0
-43912.0
-43912.0
-43903.0
-43908.0
-43912.0
-43912.0
-43912.0
-43911.0
-43908.0
-43904.0
-43904.0
-43908.0
-43908.0
-43906.0
-43912.0
-43918.0
-43918.0
-43918.0
-43918.0
-43918.0
-43918.0
-43918.0
-43918.0
-43918.0
-43918.0
-43918.0
-43918.0
-43908.0
-43918.0
-43918.0
-43918.0
-43918.0
-43918.0
-43918.0
-43908.0
-43908.0
-43918.0
-43918.0
-43910.0
-43912.0
-43918.0
-43918.0
-43918.0
-43912.0
-43912.0
-43912.0
-43918.0
-43918.0
-43918.0
-43905.0
-43904.0
-43906.0
-43911.0
-43918.0
-43918.0
-43918.0
-43918.0
-43918.0
-43918.0
-43918.0
-43918.0
-43918.0
-43918.0
-43918.0
-43918.0
-43912.0
-43918.0
-43918.0
-43918.0
-43918.0
-43911.0
-43911.0
-43911.0
-43912.0
-43912.0
-43918.0
-43918.0
-43918.0
-43918.0
-43918.0
-43918.0
-43918.0
-43918.0
-43918.0
-43918.0
-43918.0
-43918.0
-43918.0
-43918.0
-43918.0
-43918.0
-43918.0
-43918.0
-43918.0
-43918.0
-43918.0
-43918.0
-43912.0
-43918.0
-43918.0
-43918.0
-43918.0
-43918.0
-43918.0
-43911.0
-43911.0
-43918.0
-43918.0
-43918.0
-43918.0
-43918.0
-43918.0
-43918.0
-43918.0
-43918.0
-43918.0
-43918.0
-43918.0
-43918.0
-43918.0
-43912.0
-43918.0
-43918.0
-43918.0
-43918.0
-43918.0
-43918.0
-43918.0
-43918.0
-43912.0
-43918.0
-43918.0
-43918.0
-43918.0
-43918.0
-43918.0
-43918.0
-43918.0
-43918.0
-43918.0
-43918.0
-43918.0
-43918.0
-43918.0
-43918.0
-43918.0
-43918.0
-43918.0
-43918.0
-43918.0
-43918.0
-43918.0
-43918.0
-43918.0
-43918.0
-43918.0
-43918.0
-43918.0
-43918.0
-43918.0
-43918.0
-43918.0
-43918.0
-43918.0
-43918.0
-43918.0
-43918.0
-43918.0
-43918.0
-43918.0
-43918.0
-43918.0
-43918.0
-43918.0
-43918.0
-43918.0
-43918.0
-43918.0
-43918.0
-43918.0
-43918.0
-43918.0
-43918.0
-43918.0
-43918.0
-43918.0
-43918.0
-43918.0
-43918.0
-43918.0
-43918.0
-43918.0
-43918.0
-43918.0
-43918.0
-43918.0
-43918.0
-43918.0
-43918.0
-43918.0
-43918.0
-43918.0
-43918.0
-43918.0
-43918.0
-43918.0
-43918.0
-43918.0
-43918.0
-43918.0
-43918.0
-43918.0
-43911.0
-43918.0
-43918.0
-43918.0
-43918.0
-43918.0
-43918.0
-43918.0
-43918.0
-43918.0
-43918.0
-43918.0
-43918.0
-43918.0
-43918.0
-43918.0
-43918.0
-43918.0
-43918.0
-43918.0
-43918.0
-43918.0
-43918.0
-43918.0
-43918.0
-43918.0
-43918.0
-43918.0
-43918.0
-43918.0
-43918.0
-43918.0
-43918.0
-43918.0
-43918.0
-43918.0
-43918.0
-43918.0
-43918.0
-43918.0
-43918.0
-43918.0
-43918.0
-43918.0
-43918.0
-43918.0
-43918.0
-43918.0
-43918.0
-43918.0
-43912.0
-43918.0
-43918.0
-43918.0
-43918.0
-43918.0
-43918.0
-43918.0
-43918.0
-43918.0
-43918.0
-43918.0
-43918.0
-43918.0
-43918.0
-43918.0
-43918.0
-43918.0
-43918.0
-43912.0
-43918.0
-43912.0
-43918.0
-43912.0
-43912.0
-43912.0
-43918.0
-43918.0
-43918.0
-43918.0
-43918.0
-43918.0
-43918.0
-43918.0
-43918.0
-43918.0
-43918.0
-43918.0
-43918.0
-43918.0
-43918.0
-43918.0
-43918.0
-43918.0
-43918.0
-43918.0
-43918.0
-43918.0
-43918.0
-43918.0
-43918.0
-43918.0
-43918.0
-43918.0
-43918.0
-43918.0
-43918.0
-43918.0
-43918.0
-43918.0
-43918.0
-43918.0
-43918.0
-43918.0
-43918.0
-43918.0
-43918.0
-43918.0
-43918.0
-43918.0
-43918.0
-43918.0
-43918.0
-43918.0
-43918.0
-43918.0
-43918.0
-43918.0
-43918.0
-43918.0
-43918.0
-43918.0
-43918.0
-43918.0
-43918.0
-43918.0
-43918.0
-43918.0
-43918.0
-43918.0
-43918.0
-43918.0
-43918.0
-43918.0
-43918.0
-43918.0
-43918.0
-43918.0
-43918.0
-43918.0
-43918.0
-43918.0
-43918.0
-43918.0
-43918.0
-43918.0
-43918.0
-43918.0
-43918.0
-43918.0
-43918.0
-43918.0
-43918.0
-43918.0
-43918.0
-43918.0
-43918.0
-43918.0
-43918.0
-43918.0
-43918.0
-43918.0
-43918.0
-43918.0
-43918.0
-43918.0
-43918.0
-43918.0
-43918.0
-43918.0
-43918.0
-43918.0
-43918.0
-43918.0
-43918.0
-43918.0
-43918.0
-43918.0
-43918.0
-43918.0
-43918.0
-43912.0
-43918.0
-43918.0
-43918.0
-43918.0
-43918.0
-43918.0
-43918.0
-43918.0
-43918.0
-43918.0
-43918.0
-43918.0
-43918.0
-43918.0
-43918.0
-43918.0
-43918.0
-43918.0
-43918.0
-43918.0
-43918.0
-43918.0
-43918.0
-43918.0
-43918.0
-43918.0
-43918.0
-43918.0
-43918.0
-43918.0
-43918.0
-43918.0
-43918.0
-43918.0
-43918.0
-43918.0
-43918.0
-43918.0
-43918.0
-43918.0
-43918.0
-43918.0
-43918.0
-43918.0
-43918.0
-43918.0
-43918.0
-43918.0
-43918.0
-43918.0
-43918.0
-43918.0
-43918.0
-43918.0
-43918.0
-43918.0
-43918.0
-43918.0
-43918.0
-43918.0
-43918.0
-43918.0
-43918.0
-43918.0
-43918.0
-43918.0
-43918.0
-43918.0
-43918.0
-43918.0
-43918.0
-43918.0
-43918.0
-43918.0
-43918.0
-43918.0
-43918.0
-43918.0
-43918.0
-43918.0
-43918.0
-43918.0
-43918.0
-43918.0
-43918.0
-43918.0
-43918.0
-43918.0
-43918.0
-43918.0
-43918.0
-43918.0
-43918.0
-43918.0
-43918.0
-43918.0
-43918.0
-43918.0
-43918.0
-43918.0
-43918.0
-43918.0
-43918.0
-43918.0
-43918.0
-43918.0
-43918.0
-43918.0
-43918.0
-43918.0
-43918.0
-43918.0



The list of values average 

-41369.49999999999
-41536.69555555553
-41651.72166666668
-41696.73944444443
-41730.860000000015
-41766.45722222221
-41794.486111111095
-41833.64888888891
-41846.807222222225
-41867.2516666667
-41885.35388888887
-41910.15166666666
-41918.10611111112
-41945.89111111114
-41956.71277777781
-41986.34055555555
-41990.71222222224
-42013.66611111113
-42031.05611111112
-42052.62555555554
-42063.40222222224
-42074.66777777776
-42103.17555555556
-42111.81999999999
-42128.50000000001
-42162.19
-42160.14777777778
-42181.03611111111
-42211.54500000001
-42230.16222222223
-42256.26722222222
-42265.64499999999
-42280.09000000001
-42293.98166666666
-42316.36777777776
-42337.31611111111
-42350.051111111105
-42380.973888888904
-42382.21888888888
-42389.86944444445
-42421.157777777786
-42422.454444444455
-42453.24666666667
-42456.94666666666
-42480.336666666684
-42517.32444444444
-42512.618333333354
-42528.80611111113
-42539.79055555555
-42558.72944444445
-42564.29555555556
-42576.55777777777
-42602.85055555557
-42592.33888888888
-42610.216666666674
-42613.712777777764
-42626.71277777776
-42637.52222222222
-42630.39388888891
-42651.911111111105
-42653.563333333324
-42660.525000000016
-42659.15111111112
-42663.681111111095
-42675.448888888866
-42672.99166666663
-42671.59611111111
-42690.55722222223
-42695.162222222236
-42704.229444444456
-42699.81055555554
-42704.05999999998
-42696.468333333345
-42702.79000000003
-42701.96444444445
-42706.48611111112
-42718.999444444446
-42716.39333333332
-42708.208333333336
-42719.92555555555
-42714.93555555555
-42733.10222222221
-42732.95444444444
-42728.116666666676
-42751.24944444444
-42738.551666666695
-42739.63722222222
-42750.56722222222
-42739.27944444444
-42748.97555555555
-42743.02111111113
-42758.00055555554
-42747.284444444434
-42759.34333333333
-42751.537777777805
-42756.790555555526
-42746.391111111116
-42745.17111111111
-42747.202777777784
-42746.01611111112
-42756.93944444442
-42755.32277777777
-42765.62055555557
-42768.97166666666
-42762.02277777778
-42767.7011111111
-42759.81111111111
-42775.33833333335
-42773.29055555558
-42765.041666666664
-42770.78055555554
-42758.74000000001
-42774.43055555554
-42779.39666666665
-42779.321666666685
-42775.394999999975
-42778.16166666668
-42761.13222222222
-42773.422777777785
-42772.941666666666
-42785.231111111134
-42778.253888888896
-42777.43722222221
-42777.924999999996
-42778.462222222246
-42781.93000000001
-42785.69277777779
-42784.61333333334
-42778.53444444441
-42797.134444444455
-42776.54388888889
-42778.957777777774
-42774.786111111105
-42769.6011111111
-42783.287777777776
-42775.05222222223
-42792.67111111109
-42792.77888888889
-42782.44055555556
-42795.54444444446
-42803.06500000001
-42794.39777777776
-42784.448333333334
-42789.47888888889
-42786.268333333326
-42804.34499999999
-42788.47444444445
-42795.47777777778
-42778.82111111112
-42789.5022222222
-42798.654444444444
-42794.46722222222
-42798.69777777778
-42808.17999999999
-42792.12444444446
-42801.109444444446
-42792.368888888894
-42796.84277777778
-42796.27222222223
-42785.83888888888
-42797.83444444445
-42790.9788888889
-42787.45611111108
-42780.69722222222
-42793.26666666667
-42781.16000000003
-42792.08222222223
-42784.31888888889
-42800.03611111111
-42783.42555555555
-42808.34777777777
-42790.610000000015
-42800.25333333332
-42799.1438888889
-42787.723333333335
-42800.61833333334
-42808.40999999999
-42802.361666666664
-42797.565555555535
-42799.661666666674
-42796.33611111111
-42797.92611111113
-42801.10888888887
-42805.38555555557
-42809.2738888889
-42794.5438888889
-42802.705000000016
-42793.013888888905
-42788.778333333314
-42785.95277777777
-42798.54611111112
-42800.409444444456
-42796.55833333333
-42807.95055555559
-42797.73611111112
-42801.9511111111
-42800.037777777776
-42788.438333333346
-42791.88833333332
-42800.749444444446
-42797.1811111111
-42797.328888888864
-42788.655
-42797.77111111113
-42796.1511111111
-42796.280555555546
-42797.584444444445
-42790.66
-42796.992777777785
-42800.79388888888
-42797.3527777778
-42792.707222222234
-42795.37222222223
-42803.61555555557
-42795.74388888888
-42801.05888888889
-42805.30111111113
-42803.07666666666
-42807.916111111095
-42791.282222222224
-42806.13944444446
-42796.35777777777
-42806.99499999999
-42802.39777777779
-42802.07611111112
-42801.285
-42807.70833333333
-42798.37777777778
-42796.4588888889
-42809.05222222223
-42799.701666666646
-42793.83444444443
-42805.89722222222
-42806.64611111111
-42806.04222222224
-42783.842777777776
-42806.9672222222
-42803.52000000002
-42804.638333333336
-42803.300555555536
-42804.66777777777
-42803.77777777779
-42807.889999999985
-42802.29888888888
-42793.17888888888
-42799.972222222204
-42810.98500000002
-42799.899999999994
-42807.19833333334
-42798.71666666667
-42804.87055555555
-42814.725555555575
-42804.06111111112
-42792.386666666665
-42816.748333333344
-42804.494999999995
-42804.30111111113
-42811.00777777778
-42798.47388888888
-42812.554444444446
-42797.99555555554
-42807.63
-42800.51111111113
-42803.38222222222
-42792.48833333333
-42806.289999999986
-42798.10944444446
-42806.0488888889
-42801.993888888894
-42798.21222222222
-42797.28833333336
-42802.63055555556
-42803.388888888876
-42799.61000000001
-42815.392222222225
-42800.76277777778
-42804.714444444464
-42800.16055555555
-42805.28166666666
-42819.48333333332
-42798.439444444426
-42808.1677777778
-42796.69555555555
-42815.68499999998
-42811.74499999998
-42810.60444444444
-42811.63444444445
-42806.53333333334
-42801.95500000001
-42804.29111111112
-42806.25611111115
-42799.04722222221
-42804.11944444443
-42806.363333333335
-42794.720000000016
-42804.58833333332
-42804.9711111111
-42793.04166666667
-42807.40277777777
-42805.00722222225
-42798.79444444444
-42810.9522222222
-42816.46000000001
-42806.54
-42815.172222222245
-42809.295
-42814.35499999999
-42805.65055555557
-42811.635555555564
-42810.344999999994
-42810.08722222223
-42812.676111111105
-42818.39
-42807.203333333346
-42802.12666666667
-42794.28222222224
-42788.65722222221
-42795.861666666635
-42806.35611111111
-42805.46111111111
-42808.293333333335
-42807.17999999998
-42807.828333333346
-42799.69777777777
-42810.071666666656
-42798.900555555556
-42811.4711111111
-42815.96166666668
-42801.42333333335
-42808.750555555554
-42813.423333333325
-42810.60777777779
-42818.97166666668
-42794.941111111104
-42799.01444444447
-42813.33777777777
-42811.385555555564
-42815.863888888896
-42816.22000000001
-42824.492222222216
-42828.08111111111
-42817.23777777777
-42803.313888888886
-42798.849444444444
-42813.16555555555
-42795.462777777786
-42801.450000000004
-42798.790555555555
-42802.90611111111
-42798.75944444443
-42809.43999999999
-42811.26666666667
-42803.274999999994
-42814.388333333336
-42799.881111111106
-42793.29333333333
-42795.9472222222
-42800.82055555556
-42806.470000000016
-42806.29
-42809.03888888888
-42817.547777777785
-42814.41777777778
-42807.87166666666
-42806.149444444454
-42797.72388888888
-42802.89777777779
-42803.97055555555
-42817.87722222223
-42808.859444444446
-42805.0488888889
-42800.81
-42795.75222222224
-42798.15999999998
-42795.91277777777
-42800.84111111108
-42817.51055555555
-42817.18333333334
-42809.0622222222
-42813.76333333333
-42802.139999999985
-42803.184444444436
-42799.957222222234
-42800.68
-42801.138888888876
-42805.94166666667
-42805.145555555544
-42809.67166666663
-42805.3488888889
-42817.67888888888
-42814.76055555556
-42809.38555555555
-42798.53111111111
-42793.92055555555
-42807.42277777776
-42804.64055555559
-42809.718888888885
-42807.101111111115
-42814.13222222221
-42810.43666666666
-42797.092222222214
-42801.210555555575
-42804.480555555536
-42803.23222222224
-42813.91055555555
-42809.48277777776
-42814.353888888894
-42810.09833333335
-42809.05055555556
-42808.532222222224
-42795.297222222216
-42812.886111111126
-42813.096111111096
-42808.34444444445
-42814.00611111111
-42796.841111111105
-42809.87999999998
-42795.78888888888
-42815.78722222223
-42808.41833333333
-42823.77222222222
-42810.0611111111
-42809.18388888887
-42812.92500000001
-42796.18888888888
-42796.155000000006
-42804.01888888888
-42811.01611111112
-42798.930555555555
-42832.4911111111
-42806.21277777776
-42810.35555555554
-42804.27333333333
-42800.71222222221
-42815.40388888887
-42808.03611111112
-42819.76722222224
-42811.87555555555
-42813.28111111112
-42820.94888888889
-42797.648888888885
-42803.093888888885
-42807.78888888891
-42796.24333333333
-42804.73111111112
-42800.7311111111
-42804.33055555556
-42811.866666666676
-42796.325555555566
-42805.10055555555
-42803.74833333332
-42793.32888888889
-42812.96388888889
-42799.73277777778
-42811.32944444444
-42807.33611111112
-42807.44888888887
-42793.490000000005
-42807.265555555554
-42792.73333333333
-42799.40833333333
-42808.61111111111
-42816.28222222222
-42810.56777777777
-42799.68055555555
-42813.5961111111
-42807.69555555554
-42814.80333333334
-42803.49055555555
-42800.973333333335
-42810.75444444445
-42797.40722222223
-42804.97222222223
-42801.07944444443
-42803.87277777779
-42807.66777777775
-42811.87388888889
-42807.85333333333
-42809.60166666669
-42817.6011111111
-42811.976111111115
-42814.680555555555
-42798.192222222235
-42815.65055555554
-42799.536666666645
-42803.10888888888
-42803.46722222223
-42806.35888888888
-42816.24555555557
-42812.11888888889
-42812.69944444444
-42810.932222222225
-42799.13333333335
-42812.60388888889
-42805.27277777776
-42818.32166666668
-42816.35499999999
-42813.20333333331
-42809.26277777777
-42813.094444444454
-42799.52333333334
-42807.42277777776
-42799.33166666668
-42800.90722222222
-42808.476111111115
-42806.729444444434
-42814.372777777775
-42808.99777777776
-42804.27833333334
-42798.48333333335
-42819.072222222225
-42811.09499999998
-42815.68333333331
-42794.19722222221
-42802.55555555558
-42799.82555555555
-42798.24777777779
-42810.63111111111
-42798.99277777779
-42815.047777777785
-42814.19
-42810.52555555557
-42814.88000000001
-42800.811111111114
-42808.58388888888
-42818.041666666664
-42807.74333333334
-42805.25277777779
-42815.51777777777
-42801.81055555557
-42815.99111111112
-42807.8488888889
-42807.19666666669
-42815.93277777778
-42806.14777777777
-42823.89777777778
-42802.33888888889
-42818.55222222222
-42819.490555555545
-42806.76722222221
-42813.95111111111
-42813.87388888888
-42811.657777777764
-42814.1877777778
-42817.66833333333
-42801.04277777777
-42813.49499999998
-42805.59444444443
-42798.279444444466
-42816.48333333332
-42811.50000000001
-42819.45388888891
-42803.15000000001
-42821.556111111124
-42809.603888888865
-42814.571111111116
-42807.15666666667
-42811.35111111111
-42801.15444444444
-42814.235555555555
-42798.61166666665
-42803.463333333326
-42813.02166666665
-42817.09166666668
-42817.88222222224
-42813.453888888886
-42811.6311111111
-42809.7361111111
-42800.74499999998
-42804.32111111112
-42809.05833333333
-42814.79722222223
-42809.19555555553
-42825.671111111114
-42820.337777777786
-42822.03777777779
-42811.37500000002
-42808.872777777775
-42802.465000000004
-42798.04777777778
-42804.91888888889
-42794.35666666665
-42799.39500000001
-42798.163333333316
-42825.05777777779
-42817.07333333334
-42813.07055555555
-42819.87611111109
-42800.27277777778
-42819.79222222221
-42812.27500000002
-42808.83333333332
-42806.439999999995
-42802.35000000003
-42803.0688888889
-42812.940555555535
-42813.15166666668
-42802.94055555556
-42823.169999999984
-42811.997777777775
-42809.38000000002
-42806.639444444474
-42803.43611111109
-42808.938888888886
-42798.98111111112
-42815.17777777778
-42794.04833333334
-42815.37944444445
-42805.525000000016
-42813.688888888864
-42814.9722222222
-42817.38944444446
-42809.61722222222
-42809.93777777778
-42817.94944444443
-42804.006111111106
-42810.69277777777
-42811.712222222246
-42811.1588888889
-42813.59111111108
-42808.211111111086
-42803.292777777766
-42795.66277777779
-42814.55166666668
-42805.387222222234
-42813.13333333334
-42812.642777777786
-42814.73499999999
-42808.662222222236
-42795.73333333334
-42814.72499999999
-42796.26888888889
-42804.87277777777
-42800.22388888889
-42806.28333333334
-42804.95666666666
-42809.700000000004
-42811.97388888888
-42809.44999999999
-42818.71777777775
-42797.72388888891
-42820.673333333325
-42813.05944444445
-42820.23166666667
-42810.858888888884
-42801.67388888889
-42809.278333333335
-42812.00833333333
-42816.79222222221
-42817.46833333333
-42823.667777777766
-42810.8472222222
-42816.76944444444
-42807.76333333333
-42811.69777777779
-42829.32722222222
-42813.309444444465
-42819.541666666664
-42816.547777777785
-42828.26611111111
-42809.0111111111
-42801.23555555554
-42817.8238888889
-42813.632777777784
-42808.7011111111
-42808.127777777765
-42833.0411111111
-42823.13944444443
-42815.47333333334
-42796.73111111109
-42816.57722222224
-42811.10222222223
-42810.60833333334
-42818.98611111112
-42796.50388888888
-42824.367777777785
-42810.965555555544
-42813.61388888888
-42813.38444444442
-42808.271111111106
-42806.38055555556
-42825.138888888876
-42807.75333333334
-42810.04722222222
-42815.11055555556
-42806.353888888894
-42816.21666666668
-42800.62055555555
-42812.42833333332
-42811.41722222223
-42810.54777777776
-42825.44166666667
-42796.86500000001
-42809.36
-42814.78444444445
-42812.407222222224
-42811.50555555555
-42818.71666666665
-42817.701111111135
-42820.85888888888
-42821.51444444444
-42819.38333333333
-42817.36777777779
-42809.22666666667
-42810.94944444444
-42806.867777777785
-42809.82611111112
-42824.58
-42806.32055555556
-42817.23166666667
-42812.8061111111
-42829.64166666668
-42808.06444444444
-42798.93277777778
-42803.23833333333
-42812.0438888889
-42807.18277777777
-42813.24888888891
-42815.05499999998
-42819.27222222222
-42816.9011111111
-42807.996111111126
-42800.68944444444
-42822.43166666668



The list of best values average 

-42747.15000000001-43176.97999999998-43379.73999999997-43489.82-43554.40999999998-43599.23000000001-43628.29-43655.920000000006-43673.83999999999-43695.36-43705.47-43719.31999999999-43727.27999999998-43730.61-43743.39000000003-43746.56000000002-43755.44000000002-43761.43000000001-43764.33-43768.01000000001-43772.53999999999-43773.119999999995-43779.360000000015-43782.69999999999-43782.51000000001-43787.22-43789.69000000001-43789.64-43790.39-43790.77000000001-43795.35000000002-43799.45999999999-43798.19999999998-43797.92000000002-43801.299999999996-43803.77-43803.29000000001-43802.27-43803.75-43807.00999999999-43807.44000000002-43808.299999999996-43809.849999999984-43810.62999999999-43812.97999999998-43815.41000000001-43815.92000000001-43819.58999999999-43821.29000000001-43824.340000000004-43827.02999999999-43830.42999999999-43831.379999999976-43833.66999999999-43837.58-43841.55999999999-43843.589999999975-43839.75999999997-43841.77-43843.95000000002-43850.08-43850.400000000016-43854.669999999984-43855.37000000001-43854.31000000002-43854.179999999986-43857.919999999984-43860.090000000004-43860.57000000001-43865.37999999999-43865.289999999986-43866.66-43869.25999999999-43868.04999999998-43870.090000000004-43868.700000000004-43872.23000000001-43872.2-43870.99000000001-43877.03000000001-43876.87-43877.790000000015-43876.79999999999-43881.87000000002-43881.46000000002-43882.89-43881.52-43885.9-43884.70999999999-43884.98000000001-43886.25999999999-43883.72-43885.83-43888.74-43887.939999999995-43888.51-43891.520000000004-43887.240000000005-43889.64-43889.98000000001-43890.37-43892.01999999999-43891.27-43894.12999999999-43893.54-43892.37999999999-43895.64999999998-43894.91000000001-43895.770000000004-43896.58-43895.27-43896.569999999985-43897.81999999999-43896.25-43896.719999999994-43897.57-43898.78000000002-43898.51000000001-43898.26-43898.06999999999-43898.60000000002-43900.520000000004-43901.16-43901.21000000003-43902.04000000001-43901.52000000001-43902.45000000001-43902.13000000003-43903.18000000002-43902.390000000014-43903.740000000034-43903.439999999995-43902.250000000015-43903.23000000002-43903.49000000001-43904.210000000014-43903.340000000004-43904.06000000003-43904.41000000004-43903.30000000001-43904.39000000002-43903.890000000014-43904.61000000001-43904.14-43905.65000000004-43904.35000000002-43905.37000000003-43906.320000000014-43905.190000000024-43905.58000000002-43905.74000000002-43906.73000000002-43906.03000000003-43906.54-43906.98000000003-43906.79000000001-43907.14000000002-43907.54000000001-43906.98000000002-43907.090000000026-43907.67000000001-43907.639999999985-43908.09000000002-43908.12000000001-43908.11-43908.530000000006-43908.62-43907.54000000002-43908.32000000001-43908.32-43908.99000000003-43909.44000000002-43908.70000000001-43909.310000000005-43908.870000000024-43909.980000000025-43910.44000000002-43909.670000000006-43909.79000000001-43909.06000000002-43909.689999999995-43910.060000000005-43909.89000000001-43909.900000000016-43910.070000000036-43909.710000000036-43910.36000000003-43909.79000000001-43910.19000000003-43910.16000000002-43910.39000000002-43909.89000000002-43910.11000000002-43909.90000000002-43910.32000000002-43910.31000000002-43909.89000000002-43910.23000000003-43910.490000000034-43910.160000000025-43910.730000000025-43910.550000000025-43910.88000000002-43910.59000000003-43910.940000000024-43910.46000000003-43910.450000000026-43910.36000000003-43910.03000000002-43910.42000000003-43910.450000000026-43911.20000000002-43911.03000000002-43911.25000000002-43911.51000000001-43911.550000000025-43911.59000000002-43911.57000000002-43911.63000000004-43911.29000000003-43911.120000000046-43911.11000000003-43911.500000000044-43911.25000000004-43911.42000000004-43911.440000000046-43911.26000000004-43911.59000000003-43911.24000000003-43911.81000000004-43911.250000000044-43910.910000000025-43911.16000000003-43911.24000000004-43911.61000000004-43911.59000000003-43912.07000000004-43911.890000000036-43911.590000000026-43911.80000000005-43912.340000000026-43911.910000000025-43911.920000000035-43911.60000000003-43912.090000000026-43911.58000000004-43911.96000000003-43911.74000000002-43911.83000000001-43911.67000000001-43911.76000000003-43911.71000000002-43911.84000000002-43911.78000000003-43912.10000000003-43912.06000000003-43912.18000000004-43912.07000000003-43912.09000000003-43912.13000000003-43912.240000000034-43912.12000000003-43912.31000000003-43912.30000000003-43912.27000000003-43912.25000000002-43912.25000000003-43912.09000000003-43912.310000000034-43912.06000000003-43912.48000000003-43912.31000000003-43912.14000000002-43912.070000000036-43912.28000000004-43911.99000000004-43912.15000000004-43911.97000000003-43911.62000000003-43911.84000000002-43912.12000000003-43912.08000000002-43911.84000000002-43911.94000000003-43912.14000000003-43911.990000000034-43912.01000000003-43911.90000000004-43912.00000000003-43911.870000000024-43912.09000000003-43912.05000000002-43911.77000000003-43912.12000000003-43912.23000000003-43912.25000000004-43912.22000000003-43912.42000000003-43912.36000000003-43912.270000000026-43912.200000000026-43912.250000000044-43912.16000000003-43912.27000000004-43912.20000000004-43912.35000000004-43912.110000000044-43912.21000000005-43912.27000000004-43912.260000000046-43912.27000000004-43912.32000000004-43912.20000000004-43912.11000000003-43912.43000000004-43912.68000000003-43912.690000000024-43912.65000000002-43912.590000000026-43912.49000000003-43912.60000000003-43912.47000000003-43912.630000000034-43912.560000000034-43912.54000000004-43912.57000000003-43912.590000000026-43912.72000000002-43912.65000000003-43912.76000000003-43912.78000000002-43912.80000000003-43912.75000000003-43912.770000000026-43912.74000000003-43912.75000000003-43912.59000000003-43912.560000000034-43912.870000000024-43912.86000000004-43912.660000000025-43912.89000000003-43912.72000000003-43912.81000000003-43912.67000000003-43912.75000000003-43912.79000000003-43912.77000000003-43912.77000000003-43912.710000000036-43912.55000000003-43912.52000000003-43912.58000000003-43912.59000000004-43912.69000000004-43912.65000000004-43912.61000000004-43912.630000000034-43912.55000000004-43912.48000000004-43912.560000000034-43912.600000000035-43912.550000000025-43912.43000000003-43912.49000000003-43912.420000000035-43912.61000000003-43912.59000000003-43912.59000000003-43912.49000000002-43912.550000000025-43912.55000000003-43912.450000000026-43912.60000000003-43912.590000000026-43912.23000000003-43912.61000000002-43912.56000000003-43912.58000000002-43912.57000000002-43912.56000000003-43912.56000000003-43912.700000000026-43912.79000000003-43912.780000000035-43912.62000000003-43912.59000000003-43912.710000000036-43912.67000000003-43912.67000000003-43912.76000000003-43912.85000000003-43912.89000000003-43912.82000000004-43912.51000000003-43912.58000000003-43912.57000000004-43912.71000000004-43912.82000000003-43912.90000000003-43912.73000000003-43912.820000000036-43912.86000000003-43912.65000000004-43912.67000000003-43912.71000000003-43912.52000000003-43912.58000000002-43912.620000000024-43912.60000000003-43912.65000000002-43912.82000000003-43912.72000000004-43912.66000000003-43912.86000000004-43912.88000000004-43912.81000000004-43912.78000000004-43912.820000000036-43912.77000000004-43912.73000000003-43912.76000000004-43912.68000000004-43912.880000000034-43912.880000000034-43912.80000000004-43912.60000000004-43912.68000000004-43912.69000000004-43912.85000000004-43912.77000000003-43912.76000000004-43912.80000000004-43912.81000000004-43912.72000000004-43912.73000000003-43912.81000000004-43912.76000000004-43912.83000000003-43912.78000000004-43912.73000000003-43912.83000000004-43912.71000000004-43912.79000000004-43912.83000000003-43912.73000000003-43912.77000000004-43912.85000000004-43912.91000000004-43912.86000000004-43912.850000000035-43912.960000000036-43912.90000000003-43912.960000000036-43912.95000000003-43912.88000000004-43912.850000000035-43912.97000000004-43912.83000000004-43913.01000000004-43912.87000000004-43912.90000000004-43912.890000000036-43912.93000000004-43912.920000000035-43912.95000000003-43912.87000000004-43912.87000000003-43912.810000000034-43912.60000000003-43912.71000000003-43912.75000000004-43912.87000000003-43912.76000000003-43912.80000000003-43912.73000000003-43912.810000000034-43912.69000000003-43912.81000000004-43912.860000000044-43912.84000000003-43912.82000000004-43912.82000000004-43912.830000000045-43912.83000000004-43912.860000000044-43912.91000000004-43912.86000000004-43912.93000000004-43912.78000000004-43912.830000000045-43912.75000000004-43912.81000000005-43912.73000000005-43912.820000000036-43912.73000000004-43912.830000000045-43912.87000000004-43912.95000000004-43912.93000000004-43912.98000000004-43912.970000000045-43912.98000000004-43913.01000000004-43912.95000000004-43912.98000000004-43913.00000000004-43912.91000000005-43912.970000000045-43912.970000000045-43912.98000000004-43912.91000000004-43912.97000000004-43912.91000000003-43912.93000000004-43912.86000000004-43912.95000000005-43912.940000000046-43912.900000000045-43912.92000000005-43912.82000000005-43912.90000000004-43912.88000000004-43912.88000000004-43912.900000000045-43912.91000000005-43912.91000000004-43913.00000000004-43912.95000000004-43912.94000000004-43912.92000000004-43912.94000000004-43912.91000000004-43912.95000000003-43912.900000000045-43912.97000000004-43912.970000000045-43912.900000000045-43912.92000000004-43912.900000000045-43912.98000000004-43912.96000000004-43912.99000000004-43912.94000000004-43912.98000000004-43912.92000000004-43912.96000000004-43912.94000000004-43912.98000000004-43912.98000000005-43913.000000000044-43912.940000000046-43912.88000000004-43912.95000000005-43912.96000000005-43912.900000000045-43912.99000000005-43912.98000000005-43913.00000000005-43913.05000000005-43913.010000000046-43913.02000000005-43913.01000000004-43912.92000000004-43913.01000000004-43912.99000000004-43913.05000000005-43913.000000000044-43913.02000000004-43913.03000000004-43913.010000000046-43913.07000000004-43913.02000000004-43913.000000000044-43912.99000000004-43912.98000000004-43912.97000000004-43912.98000000004-43912.97000000004-43912.95000000004-43912.96000000004-43912.930000000044-43912.98000000005-43912.99000000004-43912.98000000005-43912.94000000004-43913.000000000044-43913.02000000005-43912.99000000004-43913.02000000004-43913.03000000004-43912.96000000004-43913.03000000004-43912.99000000004-43912.990000000034-43913.02000000004-43912.98000000004-43912.990000000034-43912.95000000004-43912.95000000003-43912.98000000004-43912.92000000004-43912.95000000004-43912.97000000004-43912.89000000004-43912.92000000004-43912.95000000004-43912.98000000004-43913.00000000004-43913.01000000004-43912.97000000004-43912.970000000045-43913.000000000044-43913.01000000004-43913.02000000004-43913.04000000004-43912.99000000004-43913.07000000004-43913.05000000004-43912.98000000004-43913.02000000004-43913.000000000044-43912.990000000034-43912.98000000004-43912.98000000004-43912.990000000034-43912.990000000034-43913.010000000046-43913.000000000044-43913.02000000004-43913.010000000046-43913.000000000044-43912.99000000004-43912.98000000004-43912.930000000044-43912.98000000004-43912.84000000004-43912.99000000004-43913.00000000004-43912.97000000004-43912.97000000004-43912.93000000004-43912.95000000003-43912.94000000003-43912.920000000035-43912.960000000036-43912.90000000003-43912.91000000003-43912.95000000004-43912.920000000035-43912.94000000003-43912.99000000004-43912.94000000004-43912.93000000004-43912.960000000036-43912.93000000004-43912.96000000004-43913.01000000004-43912.960000000036-43912.970000000045-43912.99000000005-43912.96000000004-43912.94000000004-43913.02000000003-43913.02000000003-43913.01000000004-43913.00000000004-43913.01000000004-43912.99000000004-43913.02000000004-43912.99000000004-43912.97000000004-43913.000000000044-43912.99000000004-43913.01000000004-43913.01000000004-43913.010000000046-43913.000000000044-43912.95000000004-43912.99000000004-43912.95000000004-43912.98000000004-43912.98000000004-43912.98000000004-43912.97000000004-43913.02000000004-43913.00000000004-43912.97000000004-43912.97000000004-43913.03000000004-43913.01000000004-43913.040000000045-43913.02000000004-43913.02000000004-43913.040000000045-43912.960000000036-43912.99000000004-43912.97000000004-43912.98000000004-43913.000000000044-43912.99000000004-43913.05000000004-43913.03000000004-43913.00000000004-43912.99000000004-43913.03000000004-43912.99000000004-43913.01000000004-43913.03000000004-43913.02000000004-43913.03000000004-43913.03000000004-43913.02000000004-43913.07000000004-43913.05000000004-43913.02000000004-43913.02000000004-43913.05000000004-43913.02000000005-43913.040000000045-43913.05000000005-43913.07000000004-43913.07000000004-43913.05000000004