----------Report of simulation of Quantum Parallel Tempering-----------
The number of considered Spin 54
The considered Annealing Duration 216
The considered Annealing Number 100
The considered T 1.0
The considered Gamma0 1.0
The considered Number Of Replica 3
The considered Number Of System 6
The solution found [ 1  1  1  1  1  1 -1  1 -1 -1  1 -1 -1  1 -1 -1 -1 -1 -1  1 -1 -1 -1 -1
  1 -1  1 -1 -1 -1  1 -1  1 -1  1 -1  1 -1  1  1 -1  1  1 -1  1  1 -1  1
  1  1  1 -1  1  1]
The value found -4077.0
The Success probability is 0.2
The average value is -4068.86
The total execution time is 482.3508360385895
The average time for execution is 4.823506410121918
The average time for all systems update is 0.022128559240588437
The average time for system update is 0.0036703512458889573
The average time for replica update is 0.0012228942138177378
The average time for spin update is 2.228687491936212e-05
The list of values found 

-4073.0
-4077.0
-4073.0
-4067.0
-4073.0
-4073.0
-4073.0
-4073.0
-4073.0
-4073.0
-4058.0
-4073.0
-4067.0
-4077.0
-4073.0
-4077.0
-4073.0
-4067.0
-4050.0
-4073.0
-4067.0
-4067.0
-4061.0
-4073.0
-4061.0
-4068.0
-4061.0
-4058.0
-4073.0
-4057.0
-4067.0
-4073.0
-4073.0
-4067.0
-4067.0
-4073.0
-4067.0
-4067.0
-4073.0
-4077.0
-4039.0
-4060.0
-4073.0
-4061.0
-4068.0
-4067.0
-4077.0
-4077.0
-4073.0
-4067.0
-4052.0
-4073.0
-4077.0
-4039.0
-4073.0
-4067.0
-4077.0
-4061.0
-4073.0
-4073.0
-4040.0
-4073.0
-4077.0
-4073.0
-4077.0
-4061.0
-4077.0
-4068.0
-4061.0
-4077.0
-4077.0
-4060.0
-4073.0
-4045.0
-4073.0
-4067.0
-4068.0
-4061.0
-4061.0
-4077.0
-4077.0
-4073.0
-4073.0
-4073.0
-4061.0
-4073.0
-4077.0
-4061.0
-4073.0
-4073.0
-4073.0
-4073.0
-4077.0
-4077.0
-4060.0
-4077.0
-4073.0
-4073.0
-4073.0
-4077.0



The list of values first execution 

-3675.277777777778
-3701.1111111111113
-3748.0555555555557
-3726.0
-3741.277777777778
-3738.722222222222
-3769.5555555555557
-3747.8333333333335
-3760.222222222222
-3753.5
-3747.277777777778
-3757.4444444444443
-3763.1666666666665
-3767.777777777778
-3764.0
-3761.0555555555557
-3739.777777777778
-3758.277777777778
-3772.3888888888887
-3747.8888888888887
-3769.6666666666665
-3780.3888888888887
-3762.8888888888887
-3776.6111111111113
-3766.6666666666665
-3775.0555555555557
-3778.5555555555557
-3738.6111111111113
-3750.3333333333335
-3757.6111111111113
-3759.0555555555557
-3744.8333333333335
-3727.3888888888887
-3746.722222222222
-3731.277777777778
-3742.1111111111113
-3726.1111111111113
-3718.0555555555557
-3739.3888888888887
-3730.0
-3757.777777777778
-3747.722222222222
-3747.1666666666665
-3742.3888888888887
-3743.0
-3769.3333333333335
-3728.3333333333335
-3763.5
-3766.4444444444443
-3748.722222222222
-3738.4444444444443
-3744.222222222222
-3771.3333333333335
-3778.777777777778
-3752.6666666666665
-3744.4444444444443
-3765.9444444444443
-3766.6111111111113
-3769.8333333333335
-3780.777777777778
-3762.3333333333335
-3737.9444444444443
-3761.8333333333335
-3751.9444444444443
-3734.8888888888887
-3758.722222222222
-3725.1111111111113
-3744.4444444444443
-3747.4444444444443
-3733.5
-3741.777777777778
-3743.777777777778
-3742.0
-3761.222222222222
-3782.777777777778
-3762.277777777778
-3748.777777777778
-3725.6111111111113
-3765.8888888888887
-3754.3888888888887
-3743.5
-3767.0555555555557
-3745.722222222222
-3737.9444444444443
-3764.777777777778
-3773.3333333333335
-3757.1111111111113
-3769.8888888888887
-3764.277777777778
-3756.3888888888887
-3762.3888888888887
-3784.6666666666665
-3754.8333333333335
-3785.3888888888887
-3772.8888888888887
-3790.6111111111113
-3763.6666666666665
-3775.5
-3784.5555555555557
-3713.1666666666665
-3746.6111111111113
-3752.1666666666665
-3718.0
-3727.8888888888887
-3744.777777777778
-3769.3333333333335
-3765.8888888888887
-3756.3333333333335
-3773.6111111111113
-3758.5555555555557
-3773.3333333333335
-3762.5555555555557
-3756.1666666666665
-3771.5555555555557
-3767.277777777778
-3771.6666666666665
-3744.6111111111113
-3746.222222222222
-3739.777777777778
-3728.6111111111113
-3746.0555555555557
-3748.1666666666665
-3750.9444444444443
-3753.1111111111113
-3741.8333333333335
-3755.1666666666665
-3759.9444444444443
-3764.4444444444443
-3756.1666666666665
-3764.3333333333335
-3737.5
-3738.222222222222
-3743.5555555555557
-3766.277777777778
-3738.222222222222
-3756.3333333333335
-3747.1111111111113
-3743.1666666666665
-3713.6666666666665
-3722.4444444444443
-3712.777777777778
-3746.1666666666665
-3745.9444444444443
-3774.1666666666665
-3757.777777777778
-3754.1666666666665
-3724.5555555555557
-3721.6111111111113
-3761.8333333333335
-3777.3333333333335
-3761.777777777778
-3792.1111111111113
-3779.222222222222
-3753.722222222222
-3743.6111111111113
-3731.4444444444443
-3742.6666666666665
-3753.777777777778
-3739.0555555555557
-3761.6666666666665
-3730.8333333333335
-3715.0555555555557
-3759.6111111111113
-3782.0
-3763.0
-3746.3888888888887
-3759.777777777778
-3739.277777777778
-3774.1111111111113
-3750.6666666666665
-3756.0555555555557
-3762.222222222222
-3768.4444444444443
-3756.5555555555557
-3772.1666666666665
-3780.3888888888887
-3738.9444444444443
-3756.0
-3756.5
-3728.6111111111113
-3733.0555555555557
-3740.9444444444443
-3734.5555555555557
-3762.222222222222
-3752.3888888888887
-3731.4444444444443
-3717.9444444444443
-3712.8333333333335
-3717.8888888888887
-3736.6666666666665
-3739.3333333333335
-3759.6666666666665
-3769.0555555555557
-3764.722222222222
-3758.3888888888887
-3724.1111111111113
-3743.722222222222
-3759.4444444444443
-3751.1111111111113
-3741.8888888888887
-3757.1111111111113
-3767.5555555555557
-3765.0
-3750.6111111111113
-3763.5555555555557
-3751.0555555555557
-3756.8888888888887
-3758.3888888888887
-3735.8333333333335
-3747.5555555555557
-3762.0
-3749.3888888888887
-3769.0555555555557
-3761.6666666666665
-3755.5
-3747.777777777778



The list of best values first execution 

-3942.0
-3982.0
-4013.0
-4030.0
-4037.0
-4039.0
-4039.0
-4036.0
-4039.0
-4046.0
-4044.0
-4073.0
-4073.0
-4073.0
-4073.0
-4073.0
-4073.0
-4073.0
-4073.0
-4073.0
-4071.0
-4073.0
-4073.0
-4070.0
-4073.0
-4070.0
-4073.0
-4073.0
-4073.0
-4073.0
-4073.0
-4073.0
-4073.0
-4073.0
-4071.0
-4073.0
-4073.0
-4070.0
-4073.0
-4073.0
-4073.0
-4073.0
-4073.0
-4073.0
-4073.0
-4073.0
-4073.0
-4071.0
-4073.0
-4073.0
-4073.0
-4071.0
-4073.0
-4073.0
-4073.0
-4073.0
-4073.0
-4073.0
-4039.0
-4056.0
-4073.0
-4073.0
-4073.0
-4073.0
-4073.0
-4073.0
-4073.0
-4073.0
-4071.0
-4073.0
-4073.0
-4073.0
-4073.0
-4073.0
-4073.0
-4070.0
-4073.0
-4073.0
-4071.0
-4073.0
-4073.0
-4073.0
-4073.0
-4073.0
-4073.0
-4073.0
-4073.0
-4073.0
-4070.0
-4073.0
-4073.0
-4070.0
-4073.0
-4071.0
-4066.0
-4073.0
-4073.0
-4070.0
-4073.0
-4073.0
-4039.0
-4073.0
-4073.0
-4073.0
-4071.0
-4073.0
-4073.0
-4073.0
-4073.0
-4070.0
-4073.0
-4073.0
-4070.0
-4070.0
-4073.0
-4073.0
-4073.0
-4073.0
-4073.0
-4071.0
-4073.0
-4070.0
-4071.0
-4073.0
-4073.0
-4073.0
-4073.0
-4071.0
-4073.0
-4070.0
-4073.0
-4073.0
-4073.0
-4071.0
-4073.0
-4070.0
-4073.0
-4073.0
-4073.0
-4071.0
-4073.0
-4070.0
-4073.0
-4071.0
-4073.0
-4070.0
-4071.0
-4073.0
-4073.0
-4073.0
-4073.0
-4073.0
-4073.0
-4071.0
-4073.0
-4073.0
-4073.0
-4070.0
-4073.0
-4073.0
-4073.0
-4073.0
-4073.0
-4073.0
-4073.0
-4073.0
-4073.0
-4073.0
-4073.0
-4073.0
-4073.0
-4073.0
-4073.0
-4073.0
-4073.0
-4071.0
-4073.0
-4073.0
-4073.0
-4073.0
-4073.0
-4073.0
-4073.0
-4073.0
-4073.0
-4058.0
-4066.0
-4073.0
-4073.0
-4058.0
-4058.0
-4073.0
-4073.0
-4073.0
-4058.0
-4057.0
-4073.0
-4073.0
-4073.0
-4058.0
-4066.0
-4073.0
-4073.0
-4073.0
-4073.0
-4073.0
-4073.0
-4073.0
-4073.0
-4073.0
-4073.0
-4073.0
-4070.0
-4073.0
-4073.0
-4073.0



The list of values average 

-3685.1394444444445
-3721.4649999999992
-3738.1061111111107
-3743.322777777778
-3747.281111111112
-3746.783888888892
-3749.592777777778
-3748.7311111111126
-3751.0033333333326
-3749.6916666666666
-3749.623333333335
-3749.67
-3750.4738888888896
-3751.495555555555
-3752.227222222222
-3751.938333333332
-3753.586666666666
-3753.6655555555553
-3757.0483333333336
-3756.1172222222226
-3752.9561111111125
-3752.5861111111126
-3750.384444444444
-3751.2833333333338
-3750.6099999999983
-3752.8705555555543
-3753.6722222222215
-3752.090555555555
-3752.832777777779
-3752.830000000001
-3750.7899999999986
-3751.67
-3751.441666666667
-3752.17
-3752.558333333335
-3753.8649999999984
-3753.0744444444454
-3754.807777777777
-3751.0444444444456
-3752.1383333333342
-3754.509444444444
-3753.2066666666683
-3753.91
-3752.2222222222217
-3753.128888888888
-3750.9483333333333
-3752.512222222221
-3750.26111111111
-3752.932222222222
-3753.706666666667
-3750.426111111111
-3752.1227777777776
-3754.987222222224
-3752.9911111111114
-3754.705000000001
-3753.1155555555542
-3753.583888888888
-3752.451666666668
-3753.645
-3754.327777777778
-3754.8972222222214
-3752.9250000000015
-3753.6116666666667
-3757.330555555556
-3753.058333333333
-3750.5577777777767
-3753.131666666666
-3755.7627777777784
-3754.3661111111096
-3752.7938888888903
-3753.399999999999
-3753.6072222222206
-3754.585
-3755.3505555555544
-3754.877222222222
-3751.258333333333
-3753.8255555555547
-3752.6600000000003
-3750.7888888888883
-3753.3016666666654
-3753.035555555554
-3754.112777777778
-3751.257222222221
-3752.263333333334
-3754.642777777778
-3755.793333333333
-3755.0855555555568
-3753.4833333333336
-3754.573333333332
-3755.0022222222233
-3754.1666666666674
-3756.298333333334
-3754.370000000001
-3753.643333333333
-3752.6816666666664
-3752.407222222222
-3755.1844444444455
-3755.3444444444444
-3754.665000000002
-3754.193888888889
-3757.3444444444417
-3752.1122222222198
-3752.9144444444446
-3753.0966666666654
-3754.088333333333
-3755.741666666666
-3755.532222222222
-3754.4383333333335
-3754.7566666666658
-3752.1055555555567
-3752.838333333334
-3752.382222222223
-3754.4916666666677
-3755.432222222222
-3753.6261111111107
-3754.088333333332
-3750.525
-3753.1927777777782
-3752.4150000000013
-3752.641111111112
-3753.826111111113
-3755.392777777778
-3753.9261111111105
-3753.6155555555547
-3753.8072222222218
-3754.502222222224
-3754.1144444444453
-3752.3177777777782
-3753.203333333331
-3751.2205555555556
-3752.268333333333
-3752.8166666666652
-3754.9605555555568
-3756.319999999999
-3756.269444444444
-3751.9744444444445
-3754.064444444444
-3752.1511111111117
-3753.389444444446
-3753.442777777779
-3755.609444444444
-3755.250555555555
-3753.60888888889
-3754.686111111111
-3752.471666666668
-3751.991666666667
-3751.546111111111
-3753.1811111111097
-3754.3488888888883
-3755.7822222222217
-3754.5611111111098
-3755.7533333333326
-3751.6038888888884
-3753.937777777778
-3753.393333333334
-3753.361111111109
-3751.951111111111
-3753.122777777778
-3752.682777777776
-3752.686666666665
-3752.947222222223
-3754.3677777777766
-3756.1188888888887
-3755.6688888888903
-3757.077222222223
-3757.4127777777776
-3755.318888888888
-3755.9783333333353
-3757.0238888888885
-3754.168333333334
-3751.7316666666675
-3752.95777777778
-3755.99277777778
-3758.0955555555547
-3754.7149999999992
-3754.8522222222227
-3753.176666666667
-3752.1305555555564
-3754.926666666667
-3752.413333333332
-3754.7477777777776
-3754.435555555556
-3754.691111111111
-3754.751666666666
-3754.4533333333334
-3753.2549999999987
-3753.3238888888877
-3753.918888888889
-3755.0327777777784
-3753.943333333334
-3756.2177777777774
-3754.6677777777777
-3754.2744444444443
-3753.653333333335
-3753.4022222222225
-3754.1761111111127
-3752.152222222222
-3750.5772222222217
-3755.3911111111115
-3754.5283333333336
-3755.5555555555566
-3754.177777777778
-3756.418333333334
-3755.3838888888895
-3753.9355555555544
-3751.4505555555534
-3752.091666666667
-3754.653888888891
-3755.5394444444432
-3753.2766666666653
-3754.864444444444
-3753.6483333333335
-3756.048888888888
-3756.3299999999995
-3756.28222222222
-3755.6977777777774



The list of best values average 

-3893.1700000000005
-3970.139999999997
-4003.959999999998
-4021.629999999999
-4030.4800000000005
-4038.7700000000004
-4043.1299999999997
-4046.7099999999996
-4049.13
-4051.33
-4052.7299999999987
-4054.919999999999
-4055.7400000000016
-4056.2000000000007
-4057.1100000000006
-4057.5999999999995
-4058.5500000000015
-4058.9300000000017
-4059.3700000000013
-4059.8700000000013
-4060.1000000000017
-4060.010000000001
-4060.480000000002
-4060.610000000001
-4060.970000000001
-4061.560000000001
-4061.3400000000006
-4061.840000000001
-4061.820000000001
-4062.110000000001
-4062.130000000001
-4062.400000000001
-4062.250000000001
-4062.4700000000016
-4062.6800000000003
-4062.580000000001
-4062.630000000001
-4062.9500000000003
-4063.2200000000003
-4063.4
-4063.7600000000016
-4063.970000000001
-4063.870000000001
-4063.9300000000007
-4064.040000000001
-4064.0600000000013
-4064.390000000001
-4064.460000000001
-4064.5600000000004
-4064.560000000001
-4064.7500000000005
-4064.570000000001
-4064.38
-4064.44
-4064.54
-4064.8599999999997
-4064.6800000000003
-4064.78
-4064.35
-4064.7400000000007
-4064.91
-4065.08
-4065.19
-4065.19
-4065.3199999999997
-4064.9500000000003
-4065.4199999999996
-4065.6700000000005
-4065.830000000001
-4065.890000000001
-4065.83
-4065.7000000000003
-4066.04
-4065.7599999999993
-4065.81
-4065.0900000000006
-4066.0299999999993
-4065.73
-4065.729999999999
-4065.82
-4065.88
-4066.07
-4065.9099999999994
-4066.32
-4066.0500000000006
-4065.55
-4066.2100000000005
-4066.100000000001
-4066.15
-4066.4400000000005
-4066.210000000001
-4066.340000000001
-4066.6200000000013
-4066.460000000001
-4066.4100000000008
-4066.7800000000007
-4066.590000000001
-4066.5600000000013
-4066.3800000000006
-4066.7800000000007
-4066.4500000000007
-4066.6100000000006
-4066.550000000001
-4066.480000000001
-4067.140000000001
-4066.9000000000005
-4066.8200000000006
-4067.0800000000013
-4067.180000000001
-4067.0900000000006
-4067.0600000000013
-4066.9500000000007
-4067.020000000001
-4067.05
-4067.130000000001
-4067.1600000000008
-4067.4
-4067.4100000000003
-4067.2599999999993
-4067.270000000001
-4067.2200000000007
-4067.5100000000007
-4067.3300000000004
-4067.270000000001
-4067.400000000001
-4067.3400000000006
-4067.510000000001
-4067.330000000001
-4067.4500000000007
-4067.5800000000013
-4067.4800000000005
-4067.370000000001
-4067.510000000001
-4067.4300000000003
-4067.3100000000004
-4067.580000000001
-4067.3700000000003
-4067.28
-4067.32
-4067.4800000000005
-4067.33
-4067.1800000000003
-4067.1800000000003
-4067.4000000000005
-4067.2600000000007
-4067.0200000000004
-4067.230000000001
-4067.0099999999998
-4067.53
-4067.3
-4067.6000000000004
-4067.4300000000007
-4067.6100000000006
-4067.3400000000006
-4067.18
-4067.4199999999996
-4067.8700000000003
-4067.7200000000003
-4067.8000000000006
-4067.4900000000002
-4067.77
-4067.73
-4067.710000000001
-4067.71
-4067.7500000000005
-4067.810000000001
-4067.5000000000005
-4067.6500000000005
-4067.5900000000006
-4067.82
-4067.78
-4067.6900000000005
-4067.7200000000007
-4067.3399999999997
-4067.6800000000007
-4067.5099999999998
-4067.7099999999996
-4067.5500000000006
-4067.57
-4067.78
-4067.6600000000003
-4067.82
-4067.5699999999997
-4067.6600000000003
-4067.7400000000007
-4067.6000000000004
-4067.2599999999998
-4067.37
-4067.47
-4067.47
-4067.5800000000004
-4067.9100000000003
-4067.7799999999993
-4067.7700000000004
-4067.77
-4067.7200000000003
-4067.84
-4067.58
-4067.7400000000002
-4067.7200000000003
-4067.7700000000004
-4067.7399999999993
-4068.0000000000005
-4068.0600000000004
-4068.1200000000003
-4068.2599999999998
-4068.2400000000002
-4068.12
-4068.17
-4068.13
-4068.1699999999996
-4068.1800000000003
-4068.16
-4068.0700000000006
-4068.0700000000006
-4068.32
