----------Report of simulation of Quantum Population Annealing-----------
The number of considered Spin 113
The considered Annealing Duration 452
The considered Annealing Number 100
The considered T 1.0
The considered Gamma0 1.0
The considered Number Of Replica 3
The considered Number Of System 6
The solution found [-1.  1. -1.  1.  1.  1. -1.  1.  1. -1. -1.  1. -1.  1.  1.  1.  1. -1.
 -1.  1. -1. -1.  1.  1. -1.  1.  1. -1. -1. -1.  1. -1.  1. -1. -1. -1.
  1. -1.  1.  1. -1. -1.  1. -1.  1.  1. -1.  1.  1.  1.  1.  1.  1. -1.
 -1.  1. -1.  1. -1. -1.  1.  1.  1. -1. -1. -1. -1.  1. -1. -1. -1. -1.
  1. -1.  1. -1. -1. -1. -1. -1. -1. -1.  1. -1.  1. -1. -1.  1.  1. -1.
 -1.  1. -1. -1.  1.  1.  1. -1. -1.  1. -1.  1.  1.  1.  1. -1.  1. -1.
  1.  1. -1. -1.  1.]
The value found -17474.0
The Success probability is 0.99
The average value is -17473.64
The total execution time is 3411.4929463863373
The average time for execution is 34.11492767810822
The average time for all systems update is 0.07526166878442848
The average time for system update is 0.012517327475512626
The average time for replica update is 0.004171906057360601
The average time for spin update is 3.663706188832758e-05
The list of values found 

-17474.0
-17474.0
-17474.0
-17474.0
-17474.0
-17474.0
-17438.0
-17474.0
-17474.0
-17474.0
-17474.0
-17474.0
-17474.0
-17474.0
-17474.0
-17474.0
-17474.0
-17474.0
-17474.0
-17474.0
-17474.0
-17474.0
-17474.0
-17474.0
-17474.0
-17474.0
-17474.0
-17474.0
-17474.0
-17474.0
-17474.0
-17474.0
-17474.0
-17474.0
-17474.0
-17474.0
-17474.0
-17474.0
-17474.0
-17474.0
-17474.0
-17474.0
-17474.0
-17474.0
-17474.0
-17474.0
-17474.0
-17474.0
-17474.0
-17474.0
-17474.0
-17474.0
-17474.0
-17474.0
-17474.0
-17474.0
-17474.0
-17474.0
-17474.0
-17474.0
-17474.0
-17474.0
-17474.0
-17474.0
-17474.0
-17474.0
-17474.0
-17474.0
-17474.0
-17474.0
-17474.0
-17474.0
-17474.0
-17474.0
-17474.0
-17474.0
-17474.0
-17474.0
-17474.0
-17474.0
-17474.0
-17474.0
-17474.0
-17474.0
-17474.0
-17474.0
-17474.0
-17474.0
-17474.0
-17474.0
-17474.0
-17474.0
-17474.0
-17474.0
-17474.0
-17474.0
-17474.0
-17474.0
-17474.0
-17474.0



The list of values first execution 

-16145.388888888889
-16209.055555555555
-16249.888888888889
-16287.666666666666
-16264.611111111111
-16317.388888888889
-16330.111111111111
-16356.666666666666
-16428.277777777777
-16464.722222222223
-16488.166666666668
-16487.38888888889
-16586.88888888889
-16636.722222222223
-16682.944444444445
-16648.444444444445
-16663.055555555555
-16678.277777777777
-16701.333333333332
-16672.11111111111
-16777.666666666668
-16752.777777777777
-16825.833333333332
-16855.61111111111
-16865.5
-16926.833333333332
-16904.0
-16912.277777777777
-17012.666666666668
-17014.222222222223
-17004.777777777777
-16959.222222222223
-17021.277777777777
-17025.277777777777
-17017.38888888889
-17085.777777777777
-17096.5
-17080.055555555555
-17085.055555555555
-17114.333333333332
-17165.61111111111
-17169.444444444445
-17183.166666666668
-17225.222222222223
-17202.61111111111
-17213.722222222223
-17221.055555555555
-17223.555555555555
-17263.333333333332
-17275.333333333332
-17278.777777777777
-17285.38888888889
-17295.88888888889
-17302.166666666668
-17321.38888888889
-17333.11111111111
-17334.722222222223
-17359.166666666668
-17341.38888888889
-17365.666666666668
-17388.666666666668
-17377.777777777777
-17386.0
-17388.11111111111
-17364.555555555555
-17367.444444444445
-17392.666666666668
-17402.444444444445
-17403.5
-17408.38888888889
-17408.61111111111
-17399.0
-17408.0
-17399.666666666668
-17393.0
-17392.222222222223
-17404.777777777777
-17408.944444444445
-17411.444444444445
-17423.777777777777
-17418.5
-17420.222222222223
-17414.777777777777
-17417.5
-17408.055555555555
-17419.11111111111
-17404.0
-17413.61111111111
-17415.833333333332
-17416.833333333332
-17433.5
-17438.0
-17444.555555555555
-17432.055555555555
-17431.61111111111
-17436.277777777777
-17440.0
-17423.11111111111
-17434.444444444445
-17431.333333333332
-17425.055555555555
-17433.777777777777
-17436.055555555555
-17435.833333333332
-17443.555555555555
-17430.11111111111
-17438.222222222223
-17432.833333333332
-17438.333333333332
-17442.944444444445
-17439.944444444445
-17443.444444444445
-17444.277777777777
-17453.944444444445
-17467.88888888889
-17464.666666666668
-17464.944444444445
-17464.777777777777
-17466.055555555555
-17465.61111111111
-17466.5
-17465.444444444445
-17466.38888888889
-17461.666666666668
-17460.833333333332
-17456.333333333332
-17462.666666666668
-17457.11111111111
-17461.944444444445
-17466.833333333332
-17466.777777777777
-17466.0
-17466.38888888889
-17466.444444444445
-17462.777777777777
-17464.333333333332
-17467.277777777777
-17467.11111111111
-17462.666666666668
-17462.166666666668
-17464.833333333332
-17462.277777777777
-17466.166666666668
-17465.277777777777
-17466.222222222223
-17466.0
-17462.222222222223
-17465.777777777777
-17465.666666666668
-17466.222222222223
-17464.055555555555
-17466.222222222223
-17462.833333333332
-17450.61111111111
-17457.88888888889
-17462.944444444445
-17461.11111111111
-17461.166666666668
-17455.666666666668
-17460.166666666668
-17459.222222222223
-17459.11111111111
-17463.0
-17457.5
-17460.555555555555
-17460.333333333332
-17463.666666666668
-17463.777777777777
-17464.61111111111
-17464.88888888889
-17467.944444444445
-17469.61111111111
-17468.944444444445
-17466.055555555555
-17468.833333333332
-17469.722222222223
-17468.5
-17470.38888888889
-17468.88888888889
-17468.88888888889
-17469.61111111111
-17470.166666666668
-17472.055555555555
-17473.5
-17471.444444444445
-17471.166666666668
-17470.5
-17471.222222222223
-17471.666666666668
-17472.166666666668
-17472.555555555555
-17472.61111111111
-17469.833333333332
-17470.777777777777
-17471.38888888889
-17469.166666666668
-17470.555555555555
-17471.777777777777
-17472.055555555555
-17472.61111111111
-17472.777777777777
-17471.777777777777
-17471.666666666668
-17472.055555555555
-17472.055555555555
-17469.444444444445
-17472.166666666668
-17471.777777777777
-17471.555555555555
-17470.944444444445
-17470.88888888889
-17472.055555555555
-17471.222222222223
-17472.5
-17470.166666666668
-17471.5
-17472.88888888889
-17473.333333333332
-17472.444444444445
-17471.5
-17471.833333333332
-17470.11111111111
-17470.777777777777
-17473.555555555555
-17472.0
-17471.5
-17471.833333333332
-17472.88888888889
-17469.944444444445
-17470.055555555555
-17470.777777777777
-17473.11111111111
-17472.38888888889
-17472.5
-17471.833333333332
-17472.277777777777
-17472.61111111111
-17471.5
-17470.0
-17473.277777777777
-17471.88888888889
-17472.5
-17472.0
-17472.444444444445
-17473.0
-17473.11111111111
-17473.555555555555
-17473.166666666668
-17471.944444444445
-17471.777777777777
-17473.333333333332
-17472.722222222223
-17472.88888888889
-17473.555555555555
-17473.555555555555
-17473.11111111111
-17471.722222222223
-17469.722222222223
-17471.666666666668
-17471.222222222223
-17472.222222222223
-17470.722222222223
-17471.0
-17470.777777777777
-17470.555555555555
-17468.5
-17471.166666666668
-17471.444444444445
-17471.222222222223
-17471.222222222223
-17473.0
-17473.555555555555
-17472.944444444445
-17472.5
-17471.833333333332
-17474.0
-17473.555555555555
-17473.11111111111
-17472.61111111111
-17473.333333333332
-17473.555555555555
-17472.944444444445
-17473.555555555555
-17473.222222222223
-17472.777777777777
-17473.055555555555
-17471.333333333332
-17470.777777777777
-17469.777777777777
-17469.944444444445
-17471.722222222223
-17472.666666666668
-17472.833333333332
-17473.333333333332
-17473.166666666668
-17472.88888888889
-17473.11111111111
-17473.777777777777
-17473.555555555555
-17473.555555555555
-17473.777777777777
-17473.555555555555
-17473.333333333332
-17473.555555555555
-17473.38888888889
-17472.88888888889
-17472.944444444445
-17472.666666666668
-17473.61111111111
-17473.38888888889
-17473.333333333332
-17474.0
-17472.666666666668
-17472.944444444445
-17473.555555555555
-17472.444444444445
-17473.222222222223
-17472.38888888889
-17473.0
-17472.666666666668
-17473.0
-17472.0
-17473.166666666668
-17473.333333333332
-17473.11111111111
-17474.0
-17473.555555555555
-17473.11111111111
-17473.555555555555
-17473.777777777777
-17473.555555555555
-17473.777777777777
-17473.333333333332
-17473.777777777777
-17474.0
-17473.38888888889
-17473.555555555555
-17473.777777777777
-17474.0
-17473.11111111111
-17473.333333333332
-17474.0
-17473.11111111111
-17473.555555555555
-17472.277777777777
-17472.833333333332
-17472.61111111111
-17472.055555555555
-17472.5
-17472.11111111111
-17472.444444444445
-17472.38888888889
-17472.777777777777
-17472.666666666668
-17472.777777777777
-17472.722222222223
-17473.0
-17471.944444444445
-17472.277777777777
-17473.555555555555
-17473.333333333332
-17473.555555555555
-17473.555555555555
-17473.61111111111
-17473.333333333332
-17473.777777777777
-17473.555555555555
-17473.777777777777
-17473.555555555555
-17473.555555555555
-17473.333333333332
-17473.38888888889
-17474.0
-17473.555555555555
-17474.0
-17473.777777777777
-17472.88888888889
-17474.0
-17473.777777777777
-17473.166666666668
-17473.555555555555
-17473.555555555555
-17474.0
-17473.61111111111
-17473.777777777777
-17473.777777777777
-17473.555555555555
-17473.555555555555
-17473.555555555555
-17473.555555555555
-17474.0
-17473.555555555555
-17473.777777777777
-17474.0
-17474.0
-17473.777777777777
-17474.0
-17473.777777777777
-17473.61111111111
-17474.0
-17473.333333333332
-17473.777777777777
-17474.0
-17473.777777777777
-17473.777777777777
-17474.0
-17474.0
-17474.0
-17474.0
-17473.555555555555
-17473.777777777777
-17474.0
-17474.0
-17473.777777777777
-17473.777777777777
-17473.555555555555
-17473.777777777777
-17473.777777777777
-17473.555555555555
-17474.0
-17473.166666666668
-17474.0
-17473.777777777777
-17473.777777777777
-17473.555555555555
-17474.0
-17474.0
-17474.0
-17474.0
-17474.0
-17473.777777777777
-17473.333333333332
-17473.777777777777
-17473.777777777777
-17473.555555555555
-17474.0
-17473.777777777777
-17474.0
-17473.777777777777
-17474.0
-17473.777777777777
-17473.777777777777
-17473.555555555555
-17473.555555555555
-17473.555555555555
-17474.0
-17474.0
-17474.0
-17473.777777777777
-17473.777777777777
-17473.777777777777
-17473.555555555555



The list of best values first execution 

-16545.0
-16436.0
-16458.0
-16491.0
-16465.0
-16499.0
-16531.0
-16541.0
-16704.0
-16655.0
-16800.0
-16711.0
-16792.0
-16788.0
-16899.0
-16877.0
-16999.0
-16893.0
-16849.0
-16793.0
-16952.0
-17039.0
-17044.0
-17044.0
-17039.0
-17167.0
-17135.0
-17085.0
-17201.0
-17195.0
-17276.0
-17197.0
-17243.0
-17183.0
-17236.0
-17224.0
-17249.0
-17231.0
-17279.0
-17263.0
-17312.0
-17314.0
-17323.0
-17379.0
-17356.0
-17383.0
-17386.0
-17360.0
-17383.0
-17432.0
-17395.0
-17395.0
-17422.0
-17404.0
-17422.0
-17403.0
-17429.0
-17438.0
-17448.0
-17443.0
-17463.0
-17463.0
-17474.0
-17451.0
-17445.0
-17470.0
-17458.0
-17467.0
-17474.0
-17470.0
-17467.0
-17474.0
-17474.0
-17460.0
-17463.0
-17470.0
-17455.0
-17463.0
-17466.0
-17468.0
-17470.0
-17474.0
-17474.0
-17459.0
-17458.0
-17466.0
-17463.0
-17474.0
-17460.0
-17468.0
-17470.0
-17461.0
-17474.0
-17474.0
-17470.0
-17470.0
-17466.0
-17459.0
-17474.0
-17470.0
-17467.0
-17474.0
-17474.0
-17474.0
-17474.0
-17474.0
-17474.0
-17474.0
-17474.0
-17474.0
-17474.0
-17474.0
-17474.0
-17474.0
-17474.0
-17474.0
-17474.0
-17474.0
-17474.0
-17474.0
-17474.0
-17474.0
-17474.0
-17474.0
-17474.0
-17474.0
-17474.0
-17474.0
-17474.0
-17474.0
-17474.0
-17474.0
-17474.0
-17474.0
-17474.0
-17474.0
-17474.0
-17474.0
-17474.0
-17474.0
-17474.0
-17474.0
-17474.0
-17474.0
-17474.0
-17474.0
-17474.0
-17474.0
-17474.0
-17474.0
-17474.0
-17474.0
-17474.0
-17464.0
-17474.0
-17468.0
-17468.0
-17468.0
-17464.0
-17474.0
-17470.0
-17474.0
-17474.0
-17474.0
-17474.0
-17474.0
-17474.0
-17474.0
-17474.0
-17474.0
-17474.0
-17474.0
-17474.0
-17474.0
-17474.0
-17474.0
-17474.0
-17474.0
-17474.0
-17474.0
-17474.0
-17474.0
-17474.0
-17474.0
-17474.0
-17474.0
-17474.0
-17474.0
-17474.0
-17474.0
-17474.0
-17474.0
-17474.0
-17474.0
-17474.0
-17474.0
-17474.0
-17474.0
-17474.0
-17474.0
-17474.0
-17474.0
-17474.0
-17474.0
-17474.0
-17474.0
-17474.0
-17474.0
-17474.0
-17474.0
-17474.0
-17474.0
-17474.0
-17474.0
-17474.0
-17474.0
-17474.0
-17474.0
-17474.0
-17474.0
-17474.0
-17474.0
-17474.0
-17474.0
-17474.0
-17474.0
-17474.0
-17474.0
-17474.0
-17474.0
-17474.0
-17474.0
-17474.0
-17474.0
-17474.0
-17474.0
-17474.0
-17474.0
-17474.0
-17474.0
-17474.0
-17474.0
-17474.0
-17474.0
-17474.0
-17474.0
-17474.0
-17474.0
-17474.0
-17474.0
-17474.0
-17474.0
-17474.0
-17474.0
-17474.0
-17474.0
-17474.0
-17474.0
-17474.0
-17474.0
-17474.0
-17474.0
-17474.0
-17474.0
-17474.0
-17474.0
-17474.0
-17474.0
-17474.0
-17474.0
-17474.0
-17474.0
-17474.0
-17474.0
-17474.0
-17474.0
-17474.0
-17474.0
-17474.0
-17474.0
-17474.0
-17474.0
-17474.0
-17474.0
-17474.0
-17474.0
-17474.0
-17474.0
-17474.0
-17474.0
-17474.0
-17474.0
-17474.0
-17474.0
-17474.0
-17474.0
-17474.0
-17474.0
-17474.0
-17474.0
-17474.0
-17474.0
-17474.0
-17474.0
-17474.0
-17474.0
-17474.0
-17474.0
-17474.0
-17474.0
-17474.0
-17474.0
-17474.0
-17474.0
-17474.0
-17474.0
-17474.0
-17474.0
-17474.0
-17474.0
-17474.0
-17474.0
-17474.0
-17474.0
-17474.0
-17474.0
-17474.0
-17474.0
-17474.0
-17474.0
-17474.0
-17474.0
-17474.0
-17474.0
-17474.0
-17474.0
-17474.0
-17474.0
-17474.0
-17474.0
-17474.0
-17474.0
-17474.0
-17474.0
-17474.0
-17474.0
-17474.0
-17474.0
-17474.0
-17474.0
-17474.0
-17474.0
-17474.0
-17474.0
-17474.0
-17474.0
-17474.0
-17474.0
-17474.0
-17474.0
-17474.0
-17474.0
-17474.0
-17474.0
-17474.0
-17474.0
-17474.0
-17474.0
-17474.0
-17474.0
-17474.0
-17474.0
-17474.0
-17474.0
-17474.0
-17474.0
-17474.0
-17474.0
-17474.0
-17474.0
-17474.0
-17474.0
-17474.0
-17474.0
-17474.0
-17474.0
-17474.0
-17474.0
-17474.0
-17474.0
-17474.0
-17474.0
-17474.0
-17474.0
-17474.0
-17474.0
-17474.0
-17474.0
-17474.0
-17474.0
-17474.0
-17474.0
-17474.0
-17474.0
-17474.0
-17474.0
-17474.0
-17474.0
-17474.0
-17474.0
-17474.0
-17474.0
-17474.0
-17474.0
-17474.0
-17474.0
-17474.0
-17474.0
-17474.0
-17474.0
-17474.0
-17474.0
-17474.0
-17474.0
-17474.0
-17474.0
-17474.0
-17474.0
-17474.0
-17474.0
-17474.0
-17474.0
-17474.0
-17474.0
-17474.0
-17474.0
-17474.0
-17474.0
-17474.0
-17474.0
-17474.0
-17474.0
-17474.0
-17474.0
-17474.0
-17474.0
-17474.0
-17474.0
-17474.0
-17474.0
-17474.0
-17474.0



The list of values average 

-16096.844444444443
-16167.147222222227
-16219.11555555555
-16258.825555555557
-16296.067222222211
-16324.542222222219
-16361.088888888886
-16397.62555555556
-16421.45333333333
-16457.53722222223
-16484.26777777778
-16523.238333333327
-16549.239444444447
-16580.52888888889
-16610.878333333334
-16633.081666666665
-16668.835555555546
-16700.41055555556
-16727.433333333334
-16751.65777777778
-16779.446111111112
-16809.458888888894
-16841.563333333328
-16871.601111111115
-16891.05388888889
-16911.726111111115
-16931.34111111111
-16954.787222222218
-16983.728888888887
-17003.04555555555
-17021.99777777778
-17042.198888888888
-17064.513888888883
-17083.954444444447
-17101.450555555562
-17120.956111111114
-17137.392222222217
-17148.70777777778
-17165.283333333336
-17176.41666666666
-17186.745555555553
-17201.229444444452
-17212.23888888889
-17225.27222222223
-17233.13722222223
-17245.567222222224
-17259.085
-17266.130555555555
-17277.69222222222
-17285.413333333338
-17296.569444444445
-17304.51166666667
-17310.07444444444
-17317.013888888887
-17324.631111111114
-17330.466111111113
-17336.542222222222
-17341.26833333333
-17350.220555555556
-17354.465
-17358.370000000014
-17361.922222222238
-17367.57611111111
-17370.79277777778
-17372.355
-17374.40166666666
-17377.69444444444
-17382.20833333334
-17385.698333333334
-17389.137222222216
-17392.611666666668
-17396.69444444444
-17398.571111111105
-17401.756111111117
-17405.32166666667
-17405.958333333332
-17407.065
-17408.912777777783
-17412.03277777777
-17413.74444444445
-17415.155
-17416.915555555555
-17416.87666666667
-17418.558888888885
-17419.49277777778
-17422.10444444444
-17421.427222222224
-17422.95333333334
-17424.178888888888
-17425.773888888893
-17426.842222222233
-17428.244444444445
-17431.077777777784
-17430.998888888895
-17430.77888888889
-17432.635000000006
-17434.265000000003
-17433.617222222223
-17435.353888888887
-17435.953888888886
-17436.976666666673
-17437.804444444442
-17439.360555555562
-17439.254444444443
-17440.914444444443
-17441.358888888895
-17442.451111111113
-17442.337222222213
-17442.677777777782
-17443.337777777768
-17444.287222222225
-17444.179999999997
-17444.76777777777
-17445.49277777778
-17446.315555555553
-17446.657777777782
-17447.555555555555
-17448.02277777778
-17448.358333333334
-17448.80888888889
-17448.942222222224
-17448.811111111114
-17449.081111111114
-17448.764999999992
-17449.178333333337
-17449.491666666665
-17449.668888888893
-17451.100555555564
-17451.103333333333
-17451.242777777778
-17451.265
-17451.48777777778
-17451.58833333333
-17451.87055555556
-17452.166666666668
-17452.227222222224
-17452.03388888889
-17452.916111111117
-17452.841666666667
-17453.436111111107
-17453.512777777778
-17453.547777777774
-17454.021111111113
-17453.952222222215
-17453.87944444445
-17453.949444444443
-17454.759444444444
-17454.797222222223
-17455.450555555562
-17456.027777777774
-17456.34833333333
-17455.49944444444
-17456.420555555556
-17455.911666666667
-17456.344999999998
-17456.76000000001
-17456.985
-17457.12611111111
-17457.01611111112
-17456.680000000008
-17457.425
-17457.407222222217
-17457.892222222225
-17458.130000000005
-17458.198333333345
-17457.930000000008
-17458.07444444444
-17458.054444444442
-17457.92111111111
-17458.356111111112
-17458.89555555556
-17458.739444444447
-17458.717222222218
-17458.886666666658
-17458.715000000004
-17459.183333333327
-17459.00666666667
-17459.647222222222
-17459.888333333332
-17459.989444444444
-17460.173333333336
-17460.41444444444
-17460.013333333332
-17460.32555555556
-17460.20722222222
-17460.21277777777
-17460.210000000006
-17460.317222222213
-17460.692222222217
-17460.501111111116
-17460.566111111108
-17460.65277777778
-17461.068888888884
-17461.123333333337
-17460.97388888889
-17461.250000000004
-17461.18111111111
-17461.030555555553
-17461.360000000004
-17461.22555555556
-17460.91888888889
-17461.102777777774
-17461.331111111107
-17461.322777777776
-17461.678888888888
-17461.50944444444
-17461.518888888888
-17461.758333333342
-17461.774999999998
-17461.635000000002
-17461.832222222234
-17461.833888888887
-17461.792777777773
-17461.824444444443
-17461.924444444452
-17462.05166666667
-17461.893888888884
-17462.180555555544
-17462.010555555556
-17461.913333333338
-17461.94222222222
-17462.217222222225
-17462.290555555563
-17462.396666666667
-17462.422222222227
-17462.339444444442
-17462.392777777783
-17462.38833333333
-17462.54555555555
-17462.54666666667
-17462.5138888889
-17462.510555555546
-17462.491111111114
-17462.602777777778
-17462.79722222222
-17462.78055555556
-17462.730000000003
-17462.572222222225
-17462.618888888894
-17462.68888888889
-17462.888333333336
-17462.963888888884
-17462.938333333324
-17462.94
-17462.96333333334
-17463.03944444444
-17463.06611111111
-17463.086666666666
-17463.00277777777
-17463.228333333336
-17463.193888888884
-17463.295555555553
-17463.228333333333
-17463.349444444444
-17463.274444444447
-17463.18944444444
-17463.04111111111
-17463.11166666667
-17463.276666666665
-17463.190000000002
-17463.29222222223
-17463.29055555556
-17463.229444444445
-17463.12666666666
-17463.142222222214
-17463.29277777778
-17463.30166666667
-17463.29833333334
-17463.302222222213
-17463.443888888887
-17463.491111111107
-17463.34166666667
-17463.46777777778
-17463.323333333337
-17463.484444444446
-17463.556111111106
-17463.55777777777
-17463.445555555558
-17463.394999999993
-17463.460555555554
-17463.51444444444
-17463.406111111108
-17463.58611111111
-17463.556666666667
-17463.57444444444
-17463.625000000004
-17463.594444444447
-17463.50944444444
-17463.611666666668
-17463.690555555553
-17463.562777777777
-17463.78888888888
-17463.62777777778
-17463.726111111107
-17463.743333333332
-17463.676666666663
-17463.722777777773
-17463.82611111111
-17463.88833333333
-17463.845555555552
-17464.043333333335
-17463.957777777778
-17463.90777777778
-17463.908888888887
-17463.98555555556
-17463.978333333325
-17464.002222222218
-17463.995555555553
-17464.126666666663
-17464.112777777777
-17464.15555555555
-17464.13722222222
-17464.11722222222
-17464.188888888886
-17464.11
-17464.046111111107
-17464.05722222222
-17464.20777777778
-17464.215
-17464.142222222225
-17464.138333333325
-17464.070000000003
-17464.108888888888
-17464.17111111111
-17464.135555555556
-17464.138333333325
-17464.19111111112
-17464.24055555555
-17464.23055555555
-17464.275
-17464.27888888889
-17464.30444444445
-17464.196666666663
-17464.273333333338
-17464.288888888885
-17464.205555555556
-17464.187222222223
-17464.13666666667
-17464.259444444444
-17464.279444444448
-17464.25
-17464.289444444443
-17464.30444444444
-17464.325555555562
-17464.314444444444
-17464.38611111111
-17464.37888888888
-17464.367777777785
-17464.241666666672
-17464.293333333328
-17464.365000000005
-17464.375
-17464.433333333327
-17464.400555555552
-17464.387777777774
-17464.341666666667
-17464.337777777768
-17464.317222222217
-17464.384444444448
-17464.383888888886
-17464.415
-17464.43111111111
-17464.35999999999
-17464.48222222222
-17464.42
-17464.464999999997
-17464.467777777783
-17464.431111111113
-17464.413888888892
-17464.432777777776
-17464.37166666667
-17464.45777777778
-17464.478888888894
-17464.449999999997
-17464.426111111112
-17464.441666666666
-17464.298888888887
-17464.413333333334
-17464.435555555552
-17464.398333333334
-17464.44500000001
-17464.47722222222
-17464.364444444444
-17464.446666666663
-17464.416666666664
-17464.397777777773
-17464.443333333333
-17464.464999999997
-17464.52388888889
-17464.460555555557
-17464.36444444444
-17464.415000000008
-17464.473333333335
-17464.40777777778
-17464.47722222222
-17464.470555555563
-17464.414444444446
-17464.497222222224
-17464.501111111113
-17464.485555555548
-17464.440000000006
-17464.446666666667
-17464.51055555556
-17464.450555555562
-17464.458333333336
-17464.502777777776
-17464.515
-17464.524444444436
-17464.545
-17464.52944444444
-17464.570555555554
-17464.54555555556
-17464.55222222222
-17464.53277777778
-17464.519999999997
-17464.47111111111
-17464.545555555553
-17464.563888888893
-17464.51111111111
-17464.557222222225
-17464.559999999998
-17464.45055555555
-17464.462222222217
-17464.514444444445
-17464.518888888895
-17464.54611111111
-17464.571666666678
-17464.510000000006
-17464.582222222223
-17464.518888888888
-17464.557777777783
-17464.556111111106
-17464.557222222218
-17464.570555555554
-17464.641111111116
-17464.612777777777
-17464.633333333328
-17464.617222222227
-17464.632777777777
-17464.593333333338
-17464.60111111111
-17464.56055555556
-17464.625000000004
-17464.594999999994
-17464.61611111111
-17464.601111111107
-17464.635555555556
-17464.638888888887
-17464.623333333333
-17464.647777777776
-17464.65888888889
-17464.698888888885



The list of best values average 

-16375.360000000002
-16412.270000000004
-16464.26
-16499.569999999996
-16537.730000000007
-16564.2
-16606.29
-16639.899999999998
-16651.069999999992
-16686.800000000003
-16719.12
-16753.679999999997
-16787.370000000006
-16797.410000000003
-16844.98
-16861.200000000004
-16896.899999999994
-16929.63000000001
-16945.26
-16971.68
-17002.66
-17028.820000000003
-17064.38000000001
-17091.030000000002
-17106.99
-17124.84
-17140.980000000007
-17149.890000000003
-17186.90000000001
-17196.810000000005
-17227.149999999994
-17235.739999999994
-17252.139999999992
-17270.260000000002
-17281.799999999985
-17297.760000000002
-17313.17000000001
-17316.69
-17328.480000000003
-17332.319999999996
-17343.66
-17352.059999999998
-17363.59
-17371.35
-17376.28
-17382.37
-17391.02
-17396.34
-17399.24
-17404.219999999994
-17410.939999999995
-17415.460000000003
-17424.050000000003
-17425.450000000004
-17427.82
-17430.020000000008
-17434.280000000002
-17435.510000000006
-17438.410000000007
-17439.560000000005
-17444.520000000008
-17444.97
-17447.04
-17446.32
-17448.510000000002
-17450.52999999999
-17449.74000000001
-17452.45000000001
-17454.480000000007
-17456.869999999995
-17456.039999999994
-17458.080000000005
-17460.050000000003
-17461.55
-17460.690000000006
-17461.560000000005
-17459.960000000006
-17461.47
-17463.340000000004
-17463.960000000003
-17463.55
-17464.250000000004
-17464.049999999996
-17464.790000000005
-17464.34000000001
-17465.700000000008
-17465.74
-17466.76
-17465.910000000007
-17466.39000000001
-17466.840000000004
-17467.73
-17467.850000000006
-17467.920000000006
-17467.320000000003
-17468.23
-17468.510000000002
-17468.260000000002
-17469.42
-17468.730000000007
-17470.100000000002
-17469.770000000004
-17469.46
-17469.919999999995
-17469.909999999996
-17470.169999999995
-17470.339999999993
-17470.38
-17470.969999999998
-17470.859999999993
-17470.84
-17470.93
-17470.829999999998
-17470.97
-17470.65
-17471.159999999996
-17470.829999999998
-17471.499999999996
-17471.379999999994
-17471.229999999992
-17471.389999999996
-17470.929999999997
-17470.739999999987
-17470.789999999997
-17470.909999999996
-17470.98
-17470.739999999994
-17470.769999999997
-17471.539999999997
-17471.42
-17471.22
-17471.469999999994
-17471.509999999995
-17471.17
-17471.17
-17471.56
-17471.989999999994
-17471.979999999996
-17472.059999999998
-17471.619999999995
-17471.589999999997
-17472.159999999996
-17471.889999999996
-17471.649999999994
-17471.629999999997
-17471.659999999993
-17472.119999999995
-17472.039999999994
-17471.989999999998
-17472.359999999997
-17472.21
-17472.239999999994
-17472.659999999996
-17472.48
-17472.64
-17472.479999999996
-17472.679999999997
-17472.249999999996
-17472.809999999994
-17472.879999999997
-17472.799999999996
-17472.909999999996
-17472.86999999999
-17473.069999999996
-17472.869999999995
-17472.789999999997
-17473.389999999996
-17473.259999999995
-17473.269999999993
-17473.26
-17473.039999999994
-17473.359999999993
-17473.279999999995
-17473.179999999997
-17472.989999999998
-17473.21999999999
-17473.269999999997
-17473.179999999997
-17473.239999999998
-17473.439999999995
-17473.229999999996
-17473.34999999999
-17473.34999999999
-17473.389999999992
-17473.059999999994
-17473.139999999992
-17473.359999999993
-17473.359999999993
-17473.479999999992
-17473.469999999994
-17473.319999999996
-17473.43999999999
-17473.389999999992
-17473.609999999993
-17473.50999999999
-17473.499999999993
-17473.539999999994
-17473.609999999993
-17473.609999999993
-17473.549999999992
-17473.569999999992
-17473.609999999993
-17473.609999999993
-17473.479999999996
-17473.479999999996
-17473.499999999993
-17473.419999999995
-17473.459999999992
-17473.469999999994
-17473.359999999993
-17473.389999999992
-17473.349999999995
-17473.399999999994
-17473.339999999993
-17473.419999999995
-17473.359999999993
-17473.269999999993
-17473.219999999998
-17473.339999999993
-17473.379999999994
-17473.389999999992
-17473.469999999994
-17473.499999999993
-17473.459999999995
-17473.489999999994
-17473.379999999994
-17473.319999999996
-17473.399999999994
-17473.389999999992
-17473.399999999994
-17473.359999999993
-17473.379999999994
-17473.379999999994
-17473.339999999997
-17473.299999999996
-17473.349999999995
-17473.339999999997
-17473.389999999996
-17473.389999999996
-17473.379999999994
-17473.389999999992
-17473.409999999993
-17473.489999999994
-17473.50999999999
-17473.50999999999
-17473.41999999999
-17473.379999999994
-17473.50999999999
-17473.479999999992
-17473.399999999994
-17473.399999999994
-17473.399999999994
-17473.389999999992
-17473.399999999994
-17473.399999999994
-17473.399999999994
-17473.399999999994
-17473.399999999994
-17473.399999999994
-17473.389999999992
-17473.369999999995
-17473.389999999992
-17473.389999999992
-17473.409999999993
-17473.389999999996
-17473.309999999994
-17473.309999999994
-17473.309999999994
-17473.269999999993
-17473.289999999994
-17473.309999999994
-17473.299999999992
-17473.229999999996
-17473.269999999993
-17473.109999999993
-17473.249999999993
-17473.309999999994
-17473.269999999993
-17473.159999999993
-17473.169999999995
-17473.259999999995
-17473.309999999994
-17473.129999999994
-17473.189999999995
-17473.319999999992
-17473.439999999995
-17473.429999999993
-17473.349999999995
-17473.479999999992
-17473.479999999992
-17473.489999999994
-17473.489999999994
-17473.499999999993
-17473.509999999995
-17473.439999999995
-17473.399999999994
-17473.439999999995
-17473.489999999994
-17473.499999999993
-17473.489999999994
-17473.419999999995
-17473.439999999995
-17473.439999999995
-17473.439999999995
-17473.439999999995
-17473.439999999995
-17473.439999999995
-17473.439999999995
-17473.499999999993
-17473.499999999993
-17473.499999999993
-17473.499999999993
-17473.499999999993
-17473.499999999993
-17473.489999999994
-17473.499999999993
-17473.489999999994
-17473.489999999994
-17473.499999999993
-17473.379999999994
-17473.489999999994
-17473.419999999995
-17473.419999999995
-17473.499999999993
-17473.439999999995
-17473.399999999994
-17473.599999999995
-17473.599999999995
-17473.369999999995
-17473.429999999993
-17473.419999999995
-17473.429999999993
-17473.439999999995
-17473.489999999994
-17473.489999999994
-17473.489999999994
-17473.489999999994
-17473.499999999993
-17473.489999999994
-17473.499999999993
-17473.499999999993
-17473.499999999993
-17473.489999999994
-17473.489999999994
-17473.489999999994
-17473.499999999993
-17473.489999999994
-17473.499999999993
-17473.499999999993
-17473.499999999993
-17473.499999999993
-17473.459999999995
-17473.499999999993
-17473.499999999993
-17473.499999999993
-17473.499999999993
-17473.499999999993
-17473.499999999993
-17473.499999999993
-17473.489999999994
-17473.499999999993
-17473.499999999993
-17473.499999999993
-17473.499999999993
-17473.499999999993
-17473.459999999995
-17473.489999999994
-17473.349999999995
-17473.499999999993
-17473.499999999993
-17473.499999999993
-17473.499999999993
-17473.499999999993
-17473.499999999993
-17473.499999999993
-17473.499999999993
-17473.349999999995
-17473.369999999995
-17473.459999999995
-17473.449999999993
-17473.489999999994
-17473.489999999994
-17473.339999999993
-17473.489999999994
-17473.499999999993
-17473.489999999994
-17473.479999999992
-17473.499999999993
-17473.479999999992
-17473.499999999993
-17473.499999999993
-17473.499999999993
-17473.499999999993
-17473.499999999993
-17473.499999999993
-17473.499999999993
-17473.489999999994
-17473.499999999993
-17473.499999999993
-17473.499999999993
-17473.499999999993
-17473.499999999993
-17473.499999999993
-17473.499999999993
-17473.499999999993
-17473.499999999993
-17473.499999999993
-17473.489999999994
-17473.499999999993
-17473.499999999993
-17473.499999999993
-17473.499999999993
-17473.499999999993
-17473.499999999993
-17473.499999999993
-17473.499999999993
-17473.499999999993
-17473.489999999994
-17473.499999999993
-17473.499999999993
-17473.499999999993
-17473.489999999994
-17473.499999999993
-17473.489999999994
-17473.499999999993
-17473.499999999993
-17473.499999999993
-17473.499999999993
-17473.499999999993
-17473.499999999993
-17473.489999999994
-17473.499999999993
-17473.499999999993
-17473.499999999993
-17473.499999999993
-17473.499999999993
-17473.499999999993
-17473.499999999993
-17473.499999999993
-17473.499999999993
-17473.499999999993
-17473.499999999993
-17473.499999999993
-17473.499999999993
-17473.499999999993
-17473.499999999993
-17473.499999999993
-17473.499999999993
-17473.499999999993
-17473.499999999993
-17473.489999999994
-17473.499999999993
