----------Report of simulation of Quantum Parallel Tempering - Population Annealing v2-----------
The number of considered Spin142
The considered Annealing Duration 568
The considered Annealing Number 100
The considered T 1.0
The considered Gamma0 1.0
The considered Number Of Replica 3
The considered Number Of System Tempering 3
The considered Number Of System Population 3
The solution found [ 1. -1. -1.  1.  1. -1.  1. -1.  1.  1.  1. -1.  1.  1. -1.  1. -1. -1.
  1.  1.  1. -1. -1.  1. -1. -1. -1.  1. -1.  1. -1.  1.  1. -1. -1. -1.
 -1.  1. -1.  1.  1.  1. -1. -1. -1. -1.  1. -1.  1. -1.  1.  1.  1.  1.
 -1.  1.  1.  1. -1. -1. -1.  1. -1. -1. -1. -1. -1.  1. -1.  1.  1.  1.
 -1. -1.  1.  1. -1. -1.  1.  1. -1. -1.  1. -1.  1. -1. -1.  1.  1. -1.
 -1. -1.  1. -1.  1.  1. -1. -1. -1. -1. -1. -1.  1.  1. -1. -1.  1.  1.
 -1.  1.  1.  1. -1. -1. -1. -1.  1.  1. -1. -1. -1. -1. -1. -1. -1.  1.
  1. -1.  1.  1.  1.  1.  1. -1.  1.  1.  1.  1.  1.  1.  1.  1.]
The value found -27010.0
The Success probability is 0.41
The average value is -27003.03
The total execution time is 10863.546153306961
The average time for execution is 108.6354593873024
The average time for all systems update is 0.19110064878430166
The average time for system tempering update is 0.0325656602556157
The average time for system population update is 5279.553322553635
The average time for replica update is 0.010590654672917811
The average time for spin update is 7.402448189105127e-05
The list of values found 

-27000.0
-26998.0
-27000.0
-27000.0
-27005.0
-26978.0
-27010.0
-26998.0
-26998.0
-27000.0
-27010.0
-26998.0
-27000.0
-27010.0
-27010.0
-26981.0
-27010.0
-27000.0
-27010.0
-27010.0
-27010.0
-26998.0
-27000.0
-27000.0
-26998.0
-27000.0
-26998.0
-27010.0
-27010.0
-27010.0
-27008.0
-27000.0
-26987.0
-27000.0
-27010.0
-27002.0
-27008.0
-27000.0
-27000.0
-26998.0
-27010.0
-27002.0
-27010.0
-27010.0
-26998.0
-27010.0
-26998.0
-27010.0
-27001.0
-27010.0
-27000.0
-26997.0
-27010.0
-27010.0
-27010.0
-27000.0
-27000.0
-27000.0
-27010.0
-26998.0
-27010.0
-26998.0
-27010.0
-27000.0
-27010.0
-26998.0
-27010.0
-27000.0
-27010.0
-27010.0
-27000.0
-27000.0
-27010.0
-27010.0
-26995.0
-26977.0
-26975.0
-27000.0
-27000.0
-27010.0
-27010.0
-27010.0
-27000.0
-27000.0
-27010.0
-27002.0
-26998.0
-27005.0
-27010.0
-27010.0
-27010.0
-27000.0
-27010.0
-27010.0
-27000.0
-26998.0
-27000.0
-27010.0
-27000.0
-27010.0



The list of values first execution 

-25263.0
-25470.444444444445
-25528.333333333332
-25602.944444444445
-25670.444444444445
-25631.5
-25615.722222222223
-25591.722222222223
-25611.11111111111
-25634.0
-25651.38888888889
-25646.055555555555
-25749.61111111111
-25710.5
-25774.11111111111
-25802.88888888889
-25807.055555555555
-25709.555555555555
-25719.055555555555
-25919.61111111111
-25875.333333333332
-25862.38888888889
-25931.38888888889
-25962.0
-25894.38888888889
-25964.722222222223
-26023.722222222223
-25935.222222222223
-25979.555555555555
-26097.277777777777
-26065.444444444445
-26044.5
-26094.166666666668
-26056.166666666668
-26084.333333333332
-26085.777777777777
-26060.222222222223
-25977.444444444445
-26026.222222222223
-26070.166666666668
-26086.88888888889
-26119.444444444445
-26263.5
-26166.0
-26133.166666666668
-26228.666666666668
-26155.444444444445
-26136.61111111111
-26225.333333333332
-26168.333333333332
-26120.833333333332
-26075.277777777777
-26117.444444444445
-26142.11111111111
-26107.055555555555
-26128.277777777777
-26082.777777777777
-26147.055555555555
-26096.0
-26183.722222222223
-26131.166666666668
-26192.11111111111
-26219.777777777777
-26197.0
-26257.833333333332
-26144.833333333332
-26210.444444444445
-26171.11111111111
-26261.944444444445
-26176.222222222223
-26104.38888888889
-26266.555555555555
-26261.88888888889
-26262.5
-26225.944444444445
-26282.88888888889
-26253.61111111111
-26199.777777777777
-26142.277777777777
-26184.555555555555
-26219.944444444445
-26128.11111111111
-26221.0
-26194.166666666668
-26241.277777777777
-26221.055555555555
-26244.666666666668
-26280.222222222223
-26270.5
-26259.277777777777
-26207.88888888889
-26263.555555555555
-26211.61111111111
-26266.555555555555
-26226.5
-26264.166666666668
-26133.11111111111
-26132.11111111111
-26282.222222222223
-26261.5
-26225.0
-26243.61111111111
-26257.5
-26209.222222222223
-26245.5
-26289.777777777777
-26250.944444444445
-26251.61111111111
-26292.555555555555
-26203.11111111111
-26222.833333333332
-26274.222222222223
-26210.333333333332
-26190.055555555555
-26190.666666666668
-26189.61111111111
-26252.0
-26268.88888888889
-26199.166666666668
-26205.5
-26228.0
-26254.055555555555
-26311.166666666668
-26208.277777777777
-26220.555555555555
-26288.222222222223
-26185.166666666668
-26250.333333333332
-26120.777777777777
-26292.944444444445
-26168.61111111111
-26248.555555555555
-26296.833333333332
-26321.88888888889
-26319.38888888889
-26197.166666666668
-26243.38888888889
-26294.555555555555
-26204.666666666668
-26214.88888888889
-26249.666666666668
-26203.88888888889
-26262.0
-26266.666666666668
-26315.777777777777
-26338.5
-26229.444444444445
-26283.166666666668
-26195.722222222223
-26253.055555555555
-26266.166666666668
-26303.555555555555
-26248.5
-26179.11111111111
-26330.222222222223
-26283.722222222223
-26270.666666666668
-26242.055555555555
-26246.722222222223
-26285.444444444445
-26264.11111111111
-26289.5
-26217.722222222223
-26282.11111111111
-26277.444444444445
-26274.055555555555
-26166.444444444445
-26204.944444444445
-26273.055555555555
-26303.944444444445
-26211.722222222223
-26274.88888888889
-26198.722222222223
-26258.61111111111
-26285.38888888889
-26174.0
-26269.166666666668
-26190.166666666668
-26300.555555555555
-26254.5
-26280.333333333332
-26277.11111111111
-26085.444444444445
-26239.722222222223
-26212.055555555555
-26134.166666666668
-26228.88888888889
-26247.777777777777
-26265.38888888889
-26314.5
-26282.11111111111
-26228.11111111111
-26222.88888888889
-26141.222222222223
-26254.277777777777
-26227.555555555555
-26220.333333333332
-26228.722222222223
-26164.0
-26235.666666666668
-26257.666666666668
-26285.944444444445
-26206.88888888889
-26277.833333333332
-26206.5
-26300.0
-26218.0
-26273.38888888889
-26185.0
-26142.555555555555
-26289.722222222223
-26159.333333333332
-26207.444444444445
-26281.61111111111
-26279.88888888889
-26268.0
-26273.555555555555
-26274.722222222223
-26258.88888888889
-26274.38888888889
-26208.5
-26297.61111111111
-26246.833333333332
-26256.277777777777
-26227.666666666668
-26220.944444444445
-26235.11111111111
-26254.11111111111
-26271.333333333332
-26249.777777777777
-26260.833333333332
-26243.333333333332
-26241.5
-26252.38888888889
-26190.055555555555
-26203.833333333332
-26232.444444444445
-26246.0
-26202.333333333332
-26241.555555555555
-26243.944444444445
-26257.444444444445
-26260.61111111111
-26270.0
-26173.055555555555
-26126.88888888889
-26276.444444444445
-26191.277777777777
-26193.5
-26152.0
-26144.11111111111
-26264.0
-26263.61111111111
-26203.666666666668
-26219.055555555555
-26184.944444444445
-26241.5
-26278.222222222223
-26220.833333333332
-26260.61111111111
-26295.333333333332
-26251.222222222223
-26216.722222222223
-26116.38888888889
-26310.222222222223
-26199.277777777777
-26298.722222222223
-26149.944444444445
-26220.833333333332
-26238.88888888889
-26310.5
-26220.666666666668
-26270.722222222223
-26118.61111111111
-26208.88888888889
-26260.61111111111
-26230.0
-26247.222222222223
-26193.0
-26287.833333333332
-26252.722222222223
-26181.666666666668
-26244.444444444445
-26218.444444444445
-26233.88888888889
-26257.944444444445
-26288.11111111111
-26191.555555555555
-26289.222222222223
-26177.222222222223
-26331.444444444445
-26277.722222222223
-26197.61111111111
-26316.11111111111
-26239.333333333332
-26174.0
-26190.61111111111
-26312.166666666668
-26218.333333333332
-26249.11111111111
-26165.166666666668
-26172.444444444445
-26239.11111111111
-26172.166666666668
-26239.5
-26235.38888888889
-26284.055555555555
-26282.222222222223
-26243.222222222223
-26265.0
-26247.38888888889
-26231.277777777777
-26234.444444444445
-26270.88888888889
-26254.88888888889
-26244.333333333332
-26264.722222222223
-26315.166666666668
-26256.38888888889
-26247.666666666668
-26231.333333333332
-26189.055555555555
-26163.944444444445
-26144.61111111111
-26127.833333333332
-26140.88888888889
-26154.0
-26213.0
-26231.166666666668
-26234.722222222223
-26208.444444444445
-26247.0
-26202.777777777777
-26283.166666666668
-26240.055555555555
-26181.666666666668
-26285.61111111111
-26203.88888888889
-26312.444444444445
-26245.055555555555
-26287.444444444445
-26303.61111111111
-26269.88888888889
-26219.555555555555
-26211.944444444445
-26226.555555555555
-26155.11111111111
-26271.0
-26300.444444444445
-26240.38888888889
-26208.0
-26308.333333333332
-26231.944444444445
-26266.777777777777
-26221.444444444445
-26211.0
-26323.5
-26162.222222222223
-26279.166666666668
-26248.277777777777
-26260.333333333332
-26208.11111111111
-26193.055555555555
-26292.055555555555
-26285.666666666668
-26190.0
-26261.166666666668
-26200.88888888889
-26194.444444444445
-26269.5
-26245.222222222223
-26322.277777777777
-26255.222222222223
-26181.11111111111
-26284.61111111111
-26183.166666666668
-26251.166666666668
-26258.666666666668
-26217.555555555555
-26222.944444444445
-26215.666666666668
-26204.5
-26219.88888888889
-26279.166666666668
-26260.11111111111
-26234.666666666668
-26245.333333333332
-26291.666666666668
-26255.38888888889
-26303.88888888889
-26295.277777777777
-26277.055555555555
-26285.222222222223
-26230.5
-26247.166666666668
-26192.555555555555
-26134.0
-26159.166666666668
-26290.333333333332
-26288.333333333332
-26313.38888888889
-26340.833333333332
-26223.444444444445
-26298.0
-26298.777777777777
-26202.944444444445
-26261.833333333332
-26265.722222222223
-26290.88888888889
-26233.88888888889
-26225.444444444445
-26225.944444444445
-26259.11111111111
-26234.11111111111
-26312.277777777777
-26262.944444444445
-26129.777777777777
-26291.666666666668
-26242.38888888889
-26307.38888888889
-26219.722222222223
-26302.166666666668
-26175.38888888889
-26244.0
-26310.222222222223
-26274.222222222223
-26331.333333333332
-26224.5
-26256.944444444445
-26222.61111111111
-26273.833333333332
-26354.61111111111
-26299.222222222223
-26326.055555555555
-26304.222222222223
-26158.333333333332
-26257.833333333332
-26334.38888888889
-26238.055555555555
-26271.11111111111
-26217.666666666668
-26253.444444444445
-26262.166666666668
-26235.5
-26292.666666666668
-26284.555555555555
-26288.666666666668
-26212.944444444445
-26285.333333333332
-26243.722222222223
-26235.88888888889
-26297.61111111111
-26263.5
-26219.0
-26114.277777777777
-26216.11111111111
-26145.5
-26136.166666666668
-26224.222222222223
-26281.833333333332
-26253.61111111111
-26280.277777777777
-26183.11111111111
-26285.0
-26267.38888888889
-26210.333333333332
-26293.5
-26236.166666666668
-26295.277777777777
-26277.777777777777
-26149.833333333332
-26239.277777777777
-26211.777777777777
-26266.777777777777
-26262.88888888889
-26344.88888888889
-26299.222222222223
-26319.444444444445
-26217.444444444445
-26287.277777777777
-26194.555555555555
-26160.722222222223
-26219.444444444445
-26236.38888888889
-26272.333333333332
-26225.61111111111
-26276.222222222223
-26253.722222222223
-26244.444444444445
-26157.777777777777
-26213.722222222223
-26268.722222222223
-26197.0
-26209.944444444445
-26122.11111111111
-26251.333333333332
-26121.0
-26205.555555555555
-26281.722222222223
-26232.555555555555
-26238.777777777777
-26233.166666666668
-26297.944444444445
-26200.5
-26247.722222222223
-26164.944444444445
-26281.944444444445
-26122.222222222223
-26190.61111111111
-26247.0
-26180.5
-26251.11111111111
-26209.88888888889
-26206.166666666668
-26135.055555555555
-26241.11111111111
-26182.333333333332
-26227.0
-26196.61111111111
-26239.38888888889
-26215.277777777777
-26229.722222222223
-26225.055555555555
-26181.166666666668
-26301.166666666668
-26273.88888888889
-26290.666666666668
-26234.61111111111
-26233.055555555555
-26227.61111111111
-26194.5
-26198.555555555555
-26218.333333333332
-26308.777777777777
-26274.11111111111
-26267.833333333332
-26225.0
-26282.222222222223
-26247.0
-26181.555555555555
-26233.944444444445
-26181.055555555555
-26259.5
-26175.944444444445
-26203.666666666668
-26098.666666666668
-26264.61111111111
-26111.0
-26210.055555555555
-26145.61111111111
-26150.333333333332
-26229.444444444445
-26291.944444444445
-26217.666666666668
-26217.277777777777
-26298.722222222223
-26236.777777777777
-26245.277777777777
-26105.777777777777
-26237.333333333332
-26232.277777777777
-26251.222222222223
-26268.666666666668
-26269.444444444445
-26259.944444444445
-26188.944444444445
-26269.944444444445
-26269.833333333332



The list of best values first execution 

-26122.0
-26438.0
-26628.0
-26689.0
-26709.0
-26782.0
-26862.0
-26866.0
-26856.0
-26885.0
-26884.0
-26896.0
-26859.0
-26889.0
-26903.0
-26903.0
-26903.0
-26892.0
-26909.0
-26909.0
-26909.0
-26909.0
-26909.0
-26903.0
-26909.0
-26909.0
-26909.0
-26909.0
-26909.0
-26909.0
-26909.0
-26909.0
-26909.0
-26909.0
-26909.0
-26909.0
-26909.0
-26909.0
-26909.0
-26909.0
-26909.0
-26909.0
-26909.0
-26909.0
-26909.0
-26909.0
-26909.0
-26909.0
-26909.0
-26909.0
-26909.0
-26909.0
-26909.0
-26909.0
-26909.0
-26917.0
-26923.0
-26931.0
-26931.0
-26931.0
-26912.0
-26921.0
-26931.0
-26931.0
-26931.0
-26918.0
-26954.0
-26941.0
-26939.0
-26951.0
-26974.0
-26979.0
-26994.0
-26971.0
-26960.0
-26964.0
-26990.0
-26976.0
-26961.0
-26966.0
-26981.0
-26974.0
-26994.0
-26975.0
-26990.0
-26989.0
-26989.0
-26984.0
-26970.0
-26988.0
-26988.0
-26996.0
-26994.0
-26997.0
-26969.0
-26956.0
-26964.0
-26968.0
-26982.0
-26987.0
-26989.0
-26985.0
-26983.0
-26987.0
-26988.0
-26985.0
-26985.0
-26987.0
-26984.0
-26997.0
-26978.0
-26986.0
-26979.0
-26973.0
-26981.0
-26987.0
-27000.0
-27000.0
-26989.0
-27000.0
-27000.0
-26999.0
-26987.0
-27000.0
-27000.0
-26999.0
-26995.0
-26996.0
-26992.0
-26997.0
-26991.0
-26997.0
-26997.0
-26997.0
-26996.0
-26994.0
-26997.0
-26997.0
-27000.0
-26994.0
-26984.0
-26995.0
-27000.0
-27000.0
-26997.0
-27000.0
-27000.0
-26956.0
-26956.0
-26956.0
-26959.0
-26961.0
-26961.0
-26963.0
-26965.0
-26965.0
-26958.0
-26962.0
-26964.0
-26964.0
-26965.0
-26965.0
-26965.0
-26965.0
-26961.0
-26962.0
-26962.0
-26965.0
-26964.0
-26965.0
-26965.0
-26965.0
-26962.0
-26956.0
-26956.0
-26956.0
-26956.0
-26956.0
-26956.0
-26956.0
-26956.0
-26956.0
-26956.0
-26956.0
-26956.0
-26956.0
-26956.0
-26956.0
-26956.0
-26956.0
-26956.0
-26956.0
-26956.0
-26956.0
-26956.0
-26956.0
-26956.0
-26956.0
-26956.0
-26956.0
-26956.0
-26956.0
-26956.0
-26956.0
-26956.0
-26956.0
-26956.0
-26956.0
-26956.0
-26956.0
-26956.0
-26956.0
-26956.0
-26956.0
-26956.0
-26956.0
-26956.0
-26956.0
-26956.0
-26956.0
-26956.0
-26956.0
-26956.0
-26956.0
-26956.0
-26956.0
-26956.0
-26956.0
-26956.0
-26956.0
-26956.0
-26956.0
-26956.0
-26956.0
-26956.0
-26956.0
-26956.0
-26956.0
-26956.0
-26956.0
-26956.0
-26956.0
-26956.0
-26956.0
-26956.0
-26956.0
-26956.0
-26956.0
-26956.0
-26956.0
-26956.0
-26956.0
-26956.0
-26956.0
-26956.0
-26956.0
-26956.0
-26956.0
-26956.0
-26956.0
-26956.0
-26956.0
-26956.0
-26956.0
-26956.0
-26956.0
-26956.0
-26956.0
-26956.0
-26956.0
-26956.0
-26956.0
-26956.0
-26956.0
-26956.0
-26956.0
-26956.0
-26956.0
-26956.0
-26956.0
-26956.0
-26954.0
-26956.0
-26956.0
-26956.0
-26956.0
-26956.0
-26956.0
-26956.0
-26956.0
-26956.0
-26956.0
-26956.0
-26956.0
-26956.0
-26956.0
-26956.0
-26956.0
-26956.0
-26956.0
-26956.0
-26956.0
-26956.0
-26956.0
-26956.0
-26956.0
-26956.0
-26956.0
-26956.0
-26956.0
-26956.0
-26954.0
-26956.0
-26956.0
-26956.0
-26956.0
-26956.0
-26956.0
-26956.0
-26956.0
-26956.0
-26956.0
-26956.0
-26956.0
-26956.0
-26956.0
-26956.0
-26956.0
-26956.0
-26956.0
-26956.0
-26956.0
-26956.0
-26956.0
-26956.0
-26956.0
-26956.0
-26956.0
-26956.0
-26956.0
-26956.0
-26956.0
-26956.0
-26956.0
-26956.0
-26956.0
-26956.0
-26956.0
-26956.0
-26956.0
-26956.0
-26956.0
-26956.0
-26956.0
-26956.0
-26956.0
-26956.0
-26956.0
-26956.0
-26956.0
-26956.0
-26956.0
-26956.0
-26956.0
-26956.0
-26956.0
-26956.0
-26956.0
-26956.0
-26956.0
-26956.0
-26956.0
-26956.0
-26956.0
-26956.0
-26956.0
-26956.0
-26956.0
-26956.0
-26956.0
-26956.0
-26956.0
-26956.0
-26956.0
-26956.0
-26956.0
-26956.0
-26956.0
-26956.0
-26956.0
-26956.0
-26956.0
-26956.0
-26956.0
-26956.0
-26956.0
-26956.0
-26956.0
-26956.0
-26956.0
-26956.0
-26956.0
-26956.0
-26956.0
-26956.0
-26956.0
-26956.0
-26956.0
-26956.0
-26956.0
-26956.0
-26956.0
-26956.0
-26956.0
-26956.0
-26956.0
-26956.0
-26956.0
-26956.0
-26956.0
-26956.0
-26956.0
-26956.0
-26956.0
-26956.0
-26956.0
-26954.0
-26956.0
-26956.0
-26954.0
-26956.0
-26954.0
-26956.0
-26956.0
-26956.0
-26956.0
-26956.0
-26956.0
-26956.0
-26956.0
-26956.0
-26956.0
-26956.0
-26956.0
-26956.0
-26956.0
-26956.0
-26956.0
-26956.0
-26956.0
-26956.0
-26956.0
-26956.0
-26956.0
-26956.0
-26956.0
-26956.0
-26956.0
-26956.0
-26956.0
-26956.0
-26956.0
-26956.0
-26956.0
-26956.0
-26956.0
-26956.0
-26956.0
-26956.0
-26956.0
-26956.0
-26956.0
-26956.0
-26956.0
-26956.0
-26956.0
-26956.0
-26956.0
-26956.0
-26956.0
-26956.0
-26956.0
-26956.0
-26956.0
-26956.0
-26956.0
-26956.0
-26956.0
-26956.0
-26956.0
-26956.0
-26956.0
-26956.0
-26956.0
-26956.0
-26956.0
-26956.0
-26956.0
-26956.0
-26956.0
-26956.0
-26956.0
-26956.0
-26956.0
-26956.0
-26956.0
-26956.0
-26956.0
-26956.0
-26956.0
-26956.0
-26956.0
-26956.0
-26956.0
-26956.0
-26956.0
-26956.0
-26956.0
-26956.0
-26956.0
-26956.0
-26956.0
-26956.0
-26956.0
-26956.0
-26956.0
-26956.0
-26956.0
-26956.0
-26956.0
-26956.0
-26956.0
-26956.0
-26956.0
-26956.0
-26956.0
-26956.0
-26956.0
-26956.0
-26956.0
-26956.0
-26956.0
-26956.0
-26956.0
-26956.0
-26956.0
-26956.0
-26956.0
-26956.0
-26956.0
-26956.0
-26956.0
-26956.0
-26956.0
-26956.0
-26956.0
-26956.0
-26956.0
-26956.0
-26956.0
-26956.0
-26956.0
-26956.0
-26956.0
-26956.0
-26956.0
-26956.0
-26956.0



The list of values average 

-25263.4011111111
-25391.702777777777
-25466.791666666682
-25500.261111111115
-25543.990000000005
-25566.847777777784
-25587.21444444444
-25611.983333333334
-25628.669444444437
-25650.11611111111
-25664.164444444443
-25671.92
-25691.515
-25711.23333333333
-25730.096666666665
-25748.847777777777
-25752.787222222225
-25778.48222222223
-25783.535555555558
-25800.900555555552
-25821.306111111095
-25832.198888888888
-25847.440555555546
-25858.066111111115
-25880.342777777783
-25896.036666666674
-25910.796666666676
-25929.21111111112
-25932.253888888892
-25949.959444444437
-25956.033333333326
-25972.431111111124
-25979.359999999997
-25989.591111111116
-26004.90777777778
-26016.985
-26034.792222222233
-26027.81777777777
-26050.54777777779
-26049.600000000006
-26056.524999999994
-26068.697222222225
-26071.509999999995
-26087.74166666668
-26084.97944444444
-26096.334444444437
-26088.94055555555
-26107.46611111111
-26108.27333333333
-26111.966111111116
-26114.560000000005
-26120.56111111112
-26123.852222222235
-26132.4
-26139.854444444456
-26144.921111111118
-26154.980000000003
-26154.159444444456
-26151.438333333346
-26155.559444444436
-26155.048333333336
-26164.692777777775
-26166.135000000006
-26173.16833333333
-26170.747222222224
-26172.966111111116
-26169.759444444444
-26178.49055555555
-26185.083333333343
-26196.53777777779
-26202.675000000007
-26192.86055555556
-26206.237777777787
-26195.743333333336
-26192.902222222227
-26198.35888888889
-26203.298888888883
-26195.400555555563
-26190.19944444445
-26202.396666666657
-26196.74555555556
-26208.712777777764
-26210.173888888894
-26212.950555555555
-26199.940555555557
-26213.083333333336
-26215.61277777778
-26201.783888888873
-26214.25222222222
-26208.577222222226
-26219.333333333336
-26220.04333333333
-26223.324999999993
-26214.51722222223
-26221.89388888888
-26223.61
-26229.817777777767
-26234.91500000001
-26226.238333333327
-26230.755
-26219.362777777777
-26235.4338888889
-26230.687777777774
-26232.38333333334
-26236.403333333343
-26235.577222222208
-26241.56166666667
-26230.362222222222
-26241.777777777774
-26230.721111111103
-26236.87277777778
-26228.91888888888
-26230.993333333325
-26237.786666666674
-26228.15555555555
-26237.739444444433
-26230.156666666662
-26239.52
-26230.023888888885
-26236.695000000003
-26237.30666666666
-26237.913333333327
-26233.8911111111
-26238.11055555555
-26227.28277777777
-26234.151111111107
-26229.941111111104
-26230.205
-26231.349999999988
-26233.858888888866
-26236.707222222223
-26234.14388888888
-26238.61333333334
-26233.352777777778
-26237.76777777779
-26241.26166666667
-26237.21666666666
-26245.360000000004
-26235.353333333347
-26248.11388888888
-26244.019444444442
-26250.93666666666
-26241.53777777777
-26243.196666666667
-26248.550555555554
-26250.843888888885
-26249.908333333333
-26244.601666666662
-26242.20777777777
-26248.515000000003
-26245.422222222223
-26252.273888888893
-26238.963333333337
-26243.20555555556
-26240.971111111117
-26240.124444444446
-26240.251111111113
-26249.290000000005
-26241.340555555555
-26251.386666666665
-26240.690555555564
-26248.356111111116
-26235.065000000002
-26246.144444444453
-26244.89722222223
-26238.934444444436
-26248.312222222223
-26243.849444444437
-26240.100555555553
-26249.27222222222
-26254.10111111111
-26247.669444444447
-26247.896666666664
-26246.021666666667
-26249.058333333334
-26232.388888888883
-26238.33555555555
-26245.215555555555
-26240.642777777786
-26245.293888888897
-26245.468333333334
-26246.577222222208
-26236.498333333348
-26238.13388888888
-26242.134444444462
-26245.548333333332
-26240.027222222227
-26253.715
-26234.344999999998
-26233.074444444443
-26246.00166666667
-26240.449444444435
-26245.832777777778
-26248.32222222222
-26239.571111111123
-26255.693333333336
-26241.695
-26252.255555555545
-26252.32777777778
-26245.74555555556
-26239.231111111116
-26249.20055555558
-26255.232222222214
-26251.294444444437
-26250.85333333334
-26249.667222222222
-26250.32333333333
-26249.978333333333
-26245.77166666667
-26241.093333333338
-26244.018333333337
-26240.591666666664
-26248.83500000001
-26245.10388888888
-26255.995000000006
-26254.591666666674
-26255.137777777778
-26253.213333333333
-26248.277222222212
-26249.76388888888
-26242.286666666678
-26253.988333333324
-26245.971666666665
-26250.33166666667
-26244.495
-26242.986666666668
-26248.02
-26246.15333333333
-26240.30777777777
-26240.5411111111
-26243.489999999998
-26248.96888888888
-26244.97333333334
-26240.284444444438
-26248.039444444443
-26242.82611111111
-26246.38
-26239.278333333335
-26245.866666666676
-26245.192222222224
-26242.96777777778
-26245.887777777774
-26252.498333333333
-26239.40777777777
-26248.858888888895
-26249.12277777778
-26251.878888888885
-26251.47333333332
-26253.99944444445
-26248.368888888897
-26249.992222222223
-26252.807777777783
-26247.014999999996
-26250.049999999992
-26248.252777777783
-26250.934444444436
-26245.89499999999
-26249.076111111102
-26243.920000000006
-26249.202777777762
-26249.173888888883
-26253.060555555552
-26240.923888888883
-26246.092777777776
-26251.231111111112
-26254.00111111111
-26255.83111111111
-26249.711666666673
-26251.457222222216
-26248.52777777778
-26242.827777777766
-26245.710555555554
-26239.68555555556
-26240.902777777774
-26240.40444444443
-26242.585555555557
-26245.828888888893
-26249.622222222217
-26247.191666666677
-26244.42722222222
-26242.971111111106
-26245.259444444448
-26251.67166666666
-26240.317777777775
-26256.465555555544
-26251.48055555556
-26251.693888888894
-26243.09222222223
-26244.919444444437
-26247.558333333338
-26245.071666666667
-26251.919444444433
-26252.297777777785
-26251.20944444445
-26243.57388888888
-26243.865000000005
-26248.559999999998
-26243.757777777784
-26242.057222222233
-26241.07388888889
-26249.137222222213
-26247.958333333336
-26255.211666666666
-26251.848888888897
-26256.030555555553
-26256.41
-26247.795555555553
-26256.20777777777
-26251.90222222222
-26251.023333333327
-26242.743888888886
-26243.562222222226
-26242.683333333327
-26243.83277777779
-26240.94166666666
-26245.806111111106
-26251.266111111094
-26248.734999999997
-26252.383888888897
-26242.772777777776
-26251.269444444453
-26234.09277777777
-26243.245
-26246.827222222237
-26246.651666666665
-26244.987222222226
-26243.781666666662
-26251.575555555555
-26248.276666666676
-26250.58888888889
-26245.418888888882
-26245.138888888876
-26250.423333333343
-26255.377777777776
-26247.791111111113
-26248.275555555556
-26243.76833333332
-26250.53833333334
-26246.976111111107
-26248.370555555543
-26251.50166666667
-26251.32111111111
-26248.33333333334
-26254.30333333334
-26247.102222222227
-26248.109444444446
-26246.032777777786
-26245.04666666667
-26245.048333333336
-26252.804444444453
-26250.043888888893
-26252.02944444444
-26248.852222222235
-26246.66833333333
-26250.8988888889
-26251.370555555557
-26245.634444444448
-26245.127777777776
-26244.10000000001
-26239.33722222222
-26248.52388888889
-26248.941111111108
-26238.229444444445
-26250.612777777784
-26246.164444444465
-26239.08055555555
-26252.08222222222
-26253.774999999998
-26249.26333333333
-26250.362222222222
-26249.438888888883
-26249.402777777785
-26236.19055555555
-26250.98111111111
-26253.332222222227
-26240.709444444452
-26248.153888888883
-26242.64555555554
-26249.323888888903
-26247.91611111112
-26248.796666666673
-26247.518888888888
-26242.154444444448
-26241.840000000004
-26247.21111111112
-26247.231666666663
-26248.877777777783
-26254.054444444442
-26246.53722222223
-26249.15333333332
-26241.230000000003
-26246.783888888876
-26240.000555555544
-26240.635555555564
-26252.586666666662
-26241.34555555556
-26247.874444444456
-26245.462222222224
-26235.1011111111
-26239.893888888895
-26238.46611111112
-26245.741111111103
-26242.894444444446
-26242.913888888903
-26245.85611111112
-26242.046666666673
-26248.94277777777
-26253.625000000007
-26242.676666666666
-26249.12277777778
-26248.181111111116
-26241.51222222222
-26245.44611111111
-26243.591666666674
-26249.268333333337
-26241.59222222223
-26252.745000000006
-26247.502222222218
-26240.843888888892
-26242.74555555556
-26244.816111111097
-26236.724999999988
-26237.28944444444
-26245.747222222235
-26244.194444444445
-26250.287777777787
-26248.69555555555
-26246.30611111112
-26243.202222222215
-26238.281111111126
-26243.62055555554
-26246.832222222234
-26240.841111111105
-26243.910555555543
-26243.023333333327
-26242.46722222222
-26239.642777777783
-26244.526666666665
-26239.068888888884
-26243.445555555558
-26241.43722222223
-26250.566111111104
-26237.675
-26249.589444444453
-26243.37722222223
-26235.60666666667
-26244.32388888889
-26240.872222222217
-26238.280555555546
-26244.94555555555
-26245.43944444445
-26250.60444444444
-26242.193888888887
-26246.799999999996
-26239.778333333335
-26237.671666666673
-26247.07777777778
-26249.007222222226
-26238.64
-26241.769444444435
-26244.5777777778
-26240.048888888898
-26241.945000000003
-26238.77222222222
-26239.821111111116
-26243.930555555555
-26249.226111111107
-26238.66055555554
-26246.418333333353
-26241.67055555554
-26242.352222222227
-26234.148333333324
-26243.33222222221
-26242.65
-26237.631111111117
-26243.716666666656
-26243.13222222223
-26248.550555555565
-26247.22333333333
-26245.597222222223
-26246.692777777786
-26238.06055555556
-26235.848333333342
-26242.13111111111
-26249.516111111123
-26240.075555555562
-26242.82833333333
-26235.25
-26250.12111111111
-26248.479444444445
-26246.746666666662
-26246.61888888888
-26246.21055555556
-26248.021666666664
-26243.737222222222
-26249.58277777779
-26252.962222222235
-26245.135555555556
-26246.7811111111
-26241.40277777778
-26247.003333333334
-26241.79722222223
-26242.613333333342
-26235.735555555562
-26238.98222222222
-26234.766666666663
-26240.968888888892
-26237.091666666656
-26238.232777777772
-26238.10666666666
-26236.530555555568
-26242.180555555555
-26239.75833333334
-26237.53277777778
-26242.981666666667
-26246.302777777786
-26241.33222222222
-26244.215555555566
-26247.189444444437
-26239.232222222225
-26245.818888888898
-26241.429444444457
-26245.45055555556
-26244.103888888887
-26236.854999999985
-26233.151111111107
-26236.80444444445
-26240.537777777787
-26231.706111111107
-26241.737777777766
-26234.98277777778
-26236.72166666667
-26239.545555555556
-26237.512777777774
-26239.596111111125
-26242.279444444444
-26239.919444444455
-26240.95111111112
-26242.460555555568
-26247.66444444444
-26250.781666666666
-26252.877777777783
-26239.582222222212
-26242.013888888898
-26240.25277777778
-26241.36333333333
-26239.64166666667
-26236.17611111112
-26232.276666666658
-26239.003333333327
-26237.22222222222
-26240.317222222217
-26242.117222222212
-26237.50722222222
-26239.45444444445
-26239.765000000007
-26237.199444444446
-26241.80277777777
-26239.537222222218
-26241.96833333332
-26240.856666666674
-26240.044444444447
-26238.91444444444
-26241.535555555558
-26233.901111111125
-26242.33166666666
-26230.760555555546
-26245.088888888888



The list of best values average 

-26219.08
-26548.32999999999
-26691.50000000002
-26758.699999999997
-26799.510000000006
-26828.750000000004
-26852.739999999998
-26865.789999999997
-26874.539999999997
-26887.76
-26892.200000000008
-26897.530000000002
-26905.300000000017
-26912.030000000002
-26914.120000000006
-26914.709999999995
-26917.18
-26918.739999999994
-26923.03999999999
-26924.92
-26928.49
-26929.980000000003
-26930.870000000003
-26929.479999999996
-26932.260000000002
-26934.739999999994
-26936.28
-26934.48000000001
-26937.08000000001
-26936.210000000003
-26937.880000000005
-26938.679999999997
-26939.270000000004
-26939.930000000008
-26941.249999999993
-26941.059999999998
-26942.949999999986
-26943.84999999999
-26944.799999999996
-26944.579999999998
-26943.379999999997
-26946.44000000001
-26946.31
-26945.9
-26946.56
-26946.300000000007
-26948.01
-26949.000000000007
-26948.88
-26949.670000000013
-26950.380000000005
-26950.550000000003
-26951.270000000004
-26948.90000000001
-26949.99
-26952.289999999997
-26951.300000000007
-26951.710000000003
-26951.820000000003
-26953.319999999992
-26951.41
-26952.34
-26953.699999999993
-26955.129999999994
-26955.259999999995
-26955.90000000001
-26955.99
-26954.239999999998
-26958.960000000003
-26957.8
-26958.080000000005
-26961.019999999993
-26960.119999999988
-26960.980000000007
-26962.949999999997
-26963.48999999999
-26964.950000000004
-26964.919999999987
-26964.649999999998
-26966.580000000005
-26965.68
-26967.539999999986
-26968.01
-26969.690000000006
-26969.63
-26969.69
-26971.200000000004
-26971.60000000001
-26973.16
-26973.199999999993
-26973.560000000005
-26975.280000000006
-26976.91
-26975.940000000002
-26977.170000000002
-26976.56000000001
-26978.460000000003
-26978.850000000006
-26980.229999999992
-26980.949999999993
-26979.859999999997
-26980.769999999997
-26980.69
-26982.730000000003
-26981.619999999995
-26981.689999999988
-26982.989999999994
-26982.410000000003
-26983.039999999997
-26984.310000000005
-26983.820000000007
-26984.55999999999
-26984.96
-26984.61999999999
-26984.02000000001
-26985.71
-26986.219999999998
-26985.620000000006
-26985.879999999994
-26985.869999999984
-26987.45999999999
-26987.860000000004
-26986.45
-26987.11999999999
-26988.25999999999
-26989.559999999983
-26989.059999999994
-26987.87999999999
-26988.890000000003
-26988.33
-26987.86999999999
-26989.989999999987
-26990.50999999998
-26990.739999999987
-26989.909999999985
-26989.929999999993
-26989.69
-26989.529999999988
-26989.179999999993
-26989.41
-26988.34999999999
-26987.55999999999
-26990.279999999995
-26989.53
-26989.29999999999
-26989.279999999995
-26990.749999999996
-26989.92000000001
-26990.409999999993
-26989.21
-26989.630000000005
-26989.46999999999
-26989.85
-26989.850000000006
-26989.410000000003
-26990.08999999999
-26989.45
-26991.089999999982
-26989.849999999995
-26988.59999999999
-26989.149999999998
-26987.680000000008
-26988.03
-26988.14999999999
-26988.909999999996
-26988.359999999997
-26989.089999999993
-26988.79
-26988.649999999998
-26989.0
-26988.369999999995
-26987.989999999987
-26988.00999999999
-26988.44999999999
-26987.420000000002
-26988.300000000003
-26987.699999999997
-26987.499999999993
-26987.200000000004
-26987.05
-26986.679999999993
-26986.999999999996
-26987.24999999999
-26987.019999999986
-26988.21
-26988.119999999984
-26986.209999999992
-26986.740000000005
-26987.259999999995
-26987.289999999994
-26987.629999999994
-26986.629999999997
-26986.229999999996
-26986.859999999993
-26987.219999999987
-26986.850000000002
-26987.469999999998
-26987.18999999999
-26987.619999999988
-26986.999999999993
-26986.42
-26985.34
-26987.279999999995
-26986.17
-26986.56
-26986.789999999997
-26987.199999999993
-26986.29
-26985.55
-26985.31
-26985.679999999997
-26985.439999999995
-26986.069999999996
-26986.329999999994
-26987.03
-26986.820000000003
-26986.870000000003
-26986.510000000002
-26987.179999999997
-26986.989999999994
-26987.5
-26987.13
-26987.219999999994
-26986.81999999999
-26986.539999999997
-26986.219999999994
-26986.129999999994
-26985.570000000003
-26985.689999999995
-26985.359999999997
-26986.16999999999
-26985.329999999998
-26985.730000000003
-26987.149999999998
-26985.859999999993
-26985.170000000002
-26986.1
-26986.100000000006
-26986.350000000002
-26986.13000000001
-26986.620000000003
-26986.769999999997
-26985.250000000007
-26985.54
-26985.5
-26985.559999999987
-26984.429999999997
-26985.0
-26985.34
-26985.690000000006
-26985.72
-26985.520000000015
-26985.520000000004
-26986.260000000006
-26984.910000000003
-26985.150000000005
-26985.36
-26985.260000000002
-26985.319999999996
-26985.38000000001
-26984.790000000005
-26985.359999999993
-26985.280000000002
-26985.389999999992
-26985.190000000002
-26985.03999999999
-26984.95999999999
-26985.589999999993
-26985.59999999999
-26985.599999999988
-26985.729999999992
-26985.729999999992
-26985.979999999996
-26986.289999999997
-26986.31999999999
-26985.92999999999
-26985.239999999998
-26984.859999999993
-26984.760000000002
-26984.300000000003
-26985.24
-26985.23
-26984.77
-26985.290000000005
-26985.67
-26985.280000000002
-26984.570000000007
-26984.97
-26985.129999999997
-26985.44
-26985.680000000004
-26985.63000000001
-26985.710000000006
-26985.48
-26985.87
-26986.070000000007
-26985.680000000004
-26986.430000000004
-26985.950000000004
-26985.940000000002
-26986.120000000006
-26986.18
-26986.100000000002
-26985.980000000003
-26986.040000000005
-26985.700000000004
-26985.86
-26985.68
-26984.96
-26984.9
-26984.759999999995
-26984.569999999996
-26984.789999999997
-26985.379999999994
-26985.31999999999
-26985.159999999996
-26984.820000000007
-26985.549999999996
-26984.949999999997
-26984.79
-26985.170000000006
-26985.629999999997
-26985.86
-26985.420000000006
-26985.420000000006
-26985.83
-26985.710000000003
-26985.090000000004
-26985.040000000005
-26984.239999999998
-26984.430000000004
-26984.58
-26984.36
-26984.109999999993
-26984.259999999995
-26983.050000000003
-26983.4
-26983.489999999994
-26983.629999999997
-26982.920000000002
-26982.960000000003
-26983.01
-26982.760000000002
-26982.690000000006
-26983.36
-26983.15
-26983.059999999998
-26982.989999999998
-26982.95
-26982.640000000003
-26982.71
-26982.579999999994
-26982.520000000004
-26982.770000000004
-26982.660000000007
-26982.63
-26983.0
-26982.850000000006
-26982.239999999998
-26982.34
-26982.06
-26981.530000000006
-26981.710000000003
-26981.26
-26981.34
-26981.489999999998
-26980.99
-26981.190000000006
-26980.99
-26981.250000000004
-26981.660000000003
-26981.670000000002
-26981.460000000006
-26981.430000000004
-26980.980000000003
-26980.820000000007
-26980.460000000006
-26980.500000000004
-26980.7
-26980.280000000002
-26980.660000000003
-26981.070000000003
-26980.21
-26980.82
-26980.84000000001
-26980.99
-26980.94
-26981.080000000005
-26981.520000000004
-26981.259999999995
-26980.859999999997
-26981.69
-26981.41
-26981.440000000002
-26981.67
-26980.850000000006
-26980.650000000012
-26980.460000000006
-26980.150000000012
-26979.410000000014
-26979.650000000012
-26979.43000000001
-26979.540000000008
-26979.560000000016
-26979.68000000002
-26979.470000000005
-26979.71000000001
-26979.810000000005
-26980.110000000004
-26979.65000000001
-26979.850000000006
-26979.32000000001
-26979.080000000013
-26978.990000000005
-26978.950000000008
-26978.410000000003
-26978.630000000005
-26978.88000000001
-26978.77
-26978.320000000003
-26978.530000000002
-26978.610000000004
-26978.51000000001
-26978.480000000007
-26978.290000000008
-26978.19000000001
-26978.170000000006
-26978.020000000008
-26978.290000000008
-26978.37000000001
-26978.32000000001
-26977.730000000014
-26977.470000000016
-26977.84000000001
-26977.730000000018
-26977.560000000016
-26977.360000000015
-26977.590000000015
-26977.330000000013
-26977.220000000012
-26977.76000000001
-26977.010000000017
-26976.770000000015
-26977.110000000008
-26976.650000000005
-26976.72000000001
-26977.040000000008
-26977.040000000008
-26976.97000000001
-26976.940000000013
-26976.910000000007
-26976.550000000007
-26976.730000000007
-26976.240000000013
-26976.27000000001
-26976.33000000001
-26976.26000000001
-26976.050000000007
-26976.27000000001
-26976.45000000001
-26976.010000000013
-26976.32000000001
-26976.14000000001
-26976.140000000014
-26976.20000000001
-26976.26000000001
-26976.120000000014
-26976.400000000012
-26976.470000000012
-26976.01000000001
-26976.55000000001
-26976.54000000001
-26976.27000000001
-26976.53000000001
-26976.31000000001
-26976.16000000001
-26976.580000000013
-26976.580000000013
-26976.32000000001
-26976.53000000001
-26976.49000000001
-26976.27000000001
-26976.280000000013
-26976.28000000001
-26975.970000000012
-26976.36000000001
-26976.000000000007
-26975.630000000016
-26976.24000000001
-26976.190000000006
-26975.890000000014
-26976.55000000001
-26976.230000000014
-26975.900000000012
-26976.130000000005
-26976.02000000001
-26975.39000000001
-26976.290000000008
-26976.070000000014
-26976.060000000016
-26976.250000000007
-26975.95000000001
-26975.860000000015
-26976.38000000001
-26976.120000000014
-26975.470000000016
-26976.210000000014
-26976.250000000015
-26975.78000000002
-26976.100000000013
-26975.490000000013
-26975.920000000013
-26976.400000000016
-26976.26000000001
-26976.120000000017
-26976.53000000001
-26976.05000000001
-26976.00000000001
-26976.380000000012
-26976.040000000015
-26976.210000000014
-26976.19000000001
-26975.98000000001
-26975.830000000016
-26975.790000000008
-26975.840000000015
-26975.600000000017
-26976.080000000005
-26975.650000000016
-26975.940000000013
-26975.30000000001
-26975.41000000001
-26975.34000000001
-26975.02000000001
-26974.950000000008
-26974.430000000004
-26973.56000000001
-26973.300000000007
-26973.40000000001
-26973.19000000001
-26973.64000000001
-26973.900000000005
-26973.840000000007
-26973.41000000001
-26973.430000000008
-26973.41000000001
-26973.53000000001
-26973.46000000001
-26973.51000000001
-26973.40000000001
-26973.38000000001
-26973.190000000013
-26973.32000000001
-26973.590000000007
-26973.39000000001
-26973.290000000005
-26973.140000000014
-26973.360000000008
-26973.53000000001
-26973.36000000001
-26973.440000000013
-26973.250000000007
-26973.290000000008
-26973.18000000001
-26973.180000000004
-26973.460000000006
-26972.920000000006
-26973.310000000005
