----------Report of simulation of Quantum Parallel Tempering - Population Annealing v1-----------
The number of considered Spin106
The considered Annealing Duration 424
The considered Annealing Number 100
The considered T 1.0
The considered Gamma0 1.0
The considered Number Of Replica 3
The considered Number Of System Tempering 3
The considered Number Of System Population 3
The solution found [ 1. -1.  1. -1.  1. -1.  1. -1. -1.  1.  1. -1.  1. -1.  1. -1. -1.  1.
  1. -1.  1.  1. -1.  1. -1.  1. -1.  1.  1.  1.  1. -1. -1. -1.  1. -1.
 -1.  1.  1. -1.  1. -1.  1.  1. -1. -1.  1. -1.  1. -1.  1. -1.  1.  1.
  1. -1. -1. -1.  1. -1.  1. -1. -1. -1.  1.  1.  1. -1. -1.  1. -1. -1.
 -1.  1.  1. -1.  1. -1. -1. -1.  1.  1.  1. -1. -1.  1.  1. -1. -1.  1.
 -1.  1. -1. -1.  1. -1.  1.  1. -1.  1.  1.  1. -1. -1.  1. -1.]
The value found -15258.0
The Success probability is 1.0
The average value is -15258.0
The total execution time is 16822.72630572319
The average time for execution is 168.22726039409636
The average time for all systems update is 0.3964847014366456
The average time for system tempering update is 0.019262300480461722
The average time for system population update is 14342.211904525757
The average time for replica update is 0.0220014593629967
The average time for spin update is 0.00020706020533746192
The list of values found 

-15258.0
-15258.0
-15258.0
-15258.0
-15258.0
-15258.0
-15258.0
-15258.0
-15258.0
-15258.0
-15258.0
-15258.0
-15258.0
-15258.0
-15258.0
-15258.0
-15258.0
-15258.0
-15258.0
-15258.0
-15258.0
-15258.0
-15258.0
-15258.0
-15258.0
-15258.0
-15258.0
-15258.0
-15258.0
-15258.0
-15258.0
-15258.0
-15258.0
-15258.0
-15258.0
-15258.0
-15258.0
-15258.0
-15258.0
-15258.0
-15258.0
-15258.0
-15258.0
-15258.0
-15258.0
-15258.0
-15258.0
-15258.0
-15258.0
-15258.0
-15258.0
-15258.0
-15258.0
-15258.0
-15258.0
-15258.0
-15258.0
-15258.0
-15258.0
-15258.0
-15258.0
-15258.0
-15258.0
-15258.0
-15258.0
-15258.0
-15258.0
-15258.0
-15258.0
-15258.0
-15258.0
-15258.0
-15258.0
-15258.0
-15258.0
-15258.0
-15258.0
-15258.0
-15258.0
-15258.0
-15258.0
-15258.0
-15258.0
-15258.0
-15258.0
-15258.0
-15258.0
-15258.0
-15258.0
-15258.0
-15258.0
-15258.0
-15258.0
-15258.0
-15258.0
-15258.0
-15258.0
-15258.0
-15258.0
-15258.0



The list of values first execution 

-14143.777777777777
-14237.055555555555
-14229.888888888889
-14303.055555555555
-14279.944444444445
-14281.166666666666
-14320.666666666666
-14367.833333333334
-14360.166666666666
-14351.333333333334
-14355.5
-14367.944444444445
-14380.722222222223
-14431.777777777777
-14429.722222222223
-14382.388888888889
-14414.111111111111
-14450.444444444445
-14498.277777777777
-14474.944444444445
-14531.666666666666
-14532.166666666666
-14510.166666666666
-14527.222222222223
-14491.777777777777
-14536.777777777777
-14513.388888888889
-14624.777777777777
-14609.277777777777
-14654.722222222223
-14635.0
-14588.388888888889
-14658.222222222223
-14618.611111111111
-14626.444444444445
-14651.944444444445
-14655.611111111111
-14664.722222222223
-14718.777777777777
-14702.5
-14641.666666666666
-14662.166666666666
-14660.444444444445
-14767.777777777777
-14701.666666666666
-14729.5
-14677.055555555555
-14686.333333333334
-14741.055555555555
-14715.833333333334
-14726.666666666666
-14678.555555555555
-14729.388888888889
-14735.0
-14770.944444444445
-14749.111111111111
-14763.0
-14735.0
-14718.0
-14715.222222222223
-14755.777777777777
-14799.222222222223
-14795.5
-14787.611111111111
-14760.333333333334
-14774.722222222223
-14780.611111111111
-14750.944444444445
-14737.777777777777
-14810.888888888889
-14792.5
-14805.444444444445
-14824.666666666666
-14836.555555555555
-14798.5
-14820.833333333334
-14693.944444444445
-14757.555555555555
-14749.0
-14787.833333333334
-14760.5
-14794.055555555555
-14780.444444444445
-14793.777777777777
-14776.111111111111
-14795.944444444445
-14844.111111111111
-14836.611111111111
-14807.833333333334
-14760.888888888889
-14739.555555555555
-14778.333333333334
-14769.222222222223
-14740.944444444445
-14778.388888888889
-14790.222222222223
-14714.333333333334
-14803.722222222223
-14763.888888888889
-14763.777777777777
-14800.0
-14824.222222222223
-14791.944444444445
-14754.388888888889
-14837.166666666666
-14753.888888888889
-14798.611111111111
-14777.944444444445
-14843.888888888889
-14805.722222222223
-14792.0
-14839.722222222223
-14787.333333333334
-14817.333333333334
-14712.166666666666
-14795.777777777777
-14802.555555555555
-14770.388888888889
-14849.111111111111
-14803.222222222223
-14832.888888888889
-14738.5
-14784.833333333334
-14783.0
-14796.0
-14804.444444444445
-14793.277777777777
-14789.777777777777
-14771.888888888889
-14804.5
-14701.111111111111
-14836.388888888889
-14772.555555555555
-14791.333333333334
-14823.611111111111
-14830.944444444445
-14793.444444444445
-14843.5
-14806.888888888889
-14759.777777777777
-14797.777777777777
-14771.666666666666
-14857.166666666666
-14805.611111111111
-14787.722222222223
-14815.666666666666
-14851.5
-14847.0
-14828.777777777777
-14835.777777777777
-14848.5
-14866.388888888889
-14831.277777777777
-14798.277777777777
-14821.111111111111
-14803.333333333334
-14839.0
-14759.888888888889
-14811.944444444445
-14776.611111111111
-14794.0
-14842.555555555555
-14827.944444444445
-14805.277777777777
-14854.777777777777
-14845.055555555555
-14806.388888888889
-14796.833333333334
-14796.277777777777
-14758.555555555555
-14819.222222222223
-14796.777777777777
-14798.833333333334
-14765.111111111111
-14830.0
-14791.333333333334
-14804.166666666666
-14804.944444444445
-14781.777777777777
-14825.5
-14795.666666666666
-14819.888888888889
-14858.277777777777
-14827.277777777777
-14825.166666666666
-14835.5
-14798.944444444445
-14777.444444444445
-14781.611111111111
-14769.222222222223
-14801.388888888889
-14780.944444444445
-14788.277777777777
-14795.333333333334
-14796.611111111111
-14789.722222222223
-14830.777777777777
-14757.833333333334
-14820.166666666666
-14806.222222222223
-14787.722222222223
-14852.166666666666
-14829.833333333334
-14824.5
-14763.444444444445
-14838.277777777777
-14814.111111111111
-14802.222222222223
-14813.333333333334
-14801.611111111111
-14835.055555555555
-14808.277777777777
-14850.0
-14766.833333333334
-14743.888888888889
-14790.333333333334
-14790.833333333334
-14826.388888888889
-14841.277777777777
-14847.222222222223
-14826.277777777777
-14845.166666666666
-14846.833333333334
-14822.555555555555
-14799.388888888889
-14718.722222222223
-14819.722222222223
-14802.833333333334
-14736.0
-14796.944444444445
-14810.722222222223
-14834.777777777777
-14842.277777777777
-14838.388888888889
-14785.777777777777
-14818.555555555555
-14808.388888888889
-14804.944444444445
-14750.611111111111
-14805.444444444445
-14780.0
-14800.611111111111
-14785.166666666666
-14772.555555555555
-14824.833333333334
-14768.166666666666
-14835.888888888889
-14774.666666666666
-14834.333333333334
-14814.111111111111
-14814.166666666666
-14766.222222222223
-14800.833333333334
-14820.277777777777
-14814.555555555555
-14751.111111111111
-14720.0
-14839.333333333334
-14832.111111111111
-14798.666666666666
-14781.722222222223
-14788.555555555555
-14820.222222222223
-14783.611111111111
-14773.833333333334
-14749.111111111111
-14770.944444444445
-14799.777777777777
-14830.055555555555
-14813.611111111111
-14804.611111111111
-14794.555555555555
-14799.777777777777
-14811.277777777777
-14806.444444444445
-14789.166666666666
-14756.333333333334
-14807.888888888889
-14826.833333333334
-14801.888888888889
-14812.0
-14783.222222222223
-14826.166666666666
-14796.888888888889
-14803.277777777777
-14724.166666666666
-14723.944444444445
-14778.055555555555
-14785.111111111111
-14775.611111111111
-14800.888888888889
-14732.388888888889
-14792.111111111111
-14812.444444444445
-14798.111111111111
-14820.833333333334
-14790.888888888889
-14784.055555555555
-14725.666666666666
-14772.0
-14704.777777777777
-14717.388888888889
-14767.0
-14781.0
-14821.0
-14718.833333333334
-14785.111111111111
-14765.0
-14787.277777777777
-14828.444444444445
-14769.611111111111
-14772.722222222223
-14791.611111111111
-14809.611111111111
-14748.444444444445
-14813.277777777777
-14803.444444444445
-14831.333333333334
-14784.666666666666
-14814.5
-14798.777777777777
-14749.888888888889
-14831.888888888889
-14769.555555555555
-14782.055555555555
-14781.111111111111
-14793.5
-14741.0
-14825.222222222223
-14812.722222222223
-14838.666666666666
-14805.888888888889
-14794.611111111111
-14830.055555555555
-14815.611111111111
-14818.5
-14821.055555555555
-14859.277777777777
-14850.722222222223
-14764.055555555555
-14801.666666666666
-14768.222222222223
-14793.666666666666
-14792.777777777777
-14802.666666666666
-14802.166666666666
-14790.388888888889
-14785.388888888889
-14766.722222222223
-14861.555555555555
-14789.333333333334
-14845.555555555555
-14744.666666666666
-14795.722222222223
-14728.944444444445
-14783.277777777777
-14785.388888888889
-14778.5
-14774.888888888889
-14752.444444444445
-14804.388888888889
-14741.388888888889
-14807.5
-14826.722222222223
-14758.0
-14804.5
-14702.444444444445
-14753.833333333334
-14706.277777777777
-14720.555555555555
-14772.555555555555
-14809.222222222223
-14745.555555555555
-14816.944444444445
-14762.388888888889
-14789.5
-14818.555555555555
-14799.333333333334
-14781.277777777777
-14768.111111111111
-14766.5
-14741.055555555555
-14774.055555555555
-14780.888888888889
-14779.222222222223
-14793.111111111111
-14744.055555555555
-14805.444444444445
-14781.611111111111
-14764.444444444445
-14741.0
-14814.444444444445
-14827.111111111111
-14831.277777777777
-14759.944444444445
-14791.611111111111
-14804.722222222223
-14759.666666666666
-14791.388888888889
-14820.555555555555
-14786.277777777777
-14789.888888888889
-14773.5
-14813.277777777777
-14822.5
-14822.555555555555
-14753.888888888889
-14762.5
-14826.0
-14834.777777777777
-14805.277777777777
-14816.611111111111
-14768.555555555555
-14736.277777777777
-14798.944444444445
-14792.666666666666
-14803.333333333334
-14789.555555555555
-14785.944444444445
-14799.888888888889
-14802.611111111111
-14778.722222222223
-14776.611111111111
-14799.111111111111



The list of best values first execution 

-14702.0
-15023.0
-15048.0
-15060.0
-15097.0
-15114.0
-15125.0
-15126.0
-15135.0
-15135.0
-15109.0
-15142.0
-15173.0
-15173.0
-15138.0
-15161.0
-15173.0
-15173.0
-15168.0
-15205.0
-15173.0
-15225.0
-15248.0
-15248.0
-15248.0
-15219.0
-15243.0
-15243.0
-15239.0
-15258.0
-15258.0
-15258.0
-15258.0
-15258.0
-15258.0
-15258.0
-15258.0
-15258.0
-15258.0
-15258.0
-15258.0
-15258.0
-15258.0
-15258.0
-15258.0
-15258.0
-15258.0
-15258.0
-15258.0
-15258.0
-15258.0
-15258.0
-15258.0
-15258.0
-15258.0
-15258.0
-15258.0
-15258.0
-15258.0
-15258.0
-15258.0
-15258.0
-15258.0
-15258.0
-15258.0
-15258.0
-15258.0
-15258.0
-15258.0
-15258.0
-15258.0
-15258.0
-15258.0
-15258.0
-15258.0
-15258.0
-15258.0
-15258.0
-15258.0
-15258.0
-15258.0
-15258.0
-15258.0
-15258.0
-15258.0
-15258.0
-15258.0
-15258.0
-15258.0
-15258.0
-15258.0
-15258.0
-15258.0
-15258.0
-15258.0
-15258.0
-15258.0
-15258.0
-15258.0
-15258.0
-15258.0
-15258.0
-15258.0
-15258.0
-15258.0
-15258.0
-15258.0
-15258.0
-15258.0
-15258.0
-15258.0
-15258.0
-15258.0
-15258.0
-15258.0
-15258.0
-15258.0
-15258.0
-15258.0
-15258.0
-15258.0
-15258.0
-15258.0
-15258.0
-15258.0
-15258.0
-15258.0
-15258.0
-15258.0
-15258.0
-15258.0
-15258.0
-15258.0
-15258.0
-15258.0
-15258.0
-15258.0
-15258.0
-15258.0
-15258.0
-15258.0
-15258.0
-15258.0
-15258.0
-15258.0
-15258.0
-15258.0
-15258.0
-15258.0
-15258.0
-15258.0
-15258.0
-15258.0
-15258.0
-15258.0
-15258.0
-15258.0
-15258.0
-15258.0
-15258.0
-15258.0
-15258.0
-15258.0
-15258.0
-15258.0
-15258.0
-15258.0
-15258.0
-15258.0
-15258.0
-15258.0
-15258.0
-15258.0
-15258.0
-15258.0
-15258.0
-15258.0
-15258.0
-15258.0
-15258.0
-15258.0
-15258.0
-15258.0
-15258.0
-15258.0
-15258.0
-15258.0
-15258.0
-15258.0
-15258.0
-15258.0
-15258.0
-15258.0
-15258.0
-15258.0
-15258.0
-15258.0
-15258.0
-15258.0
-15258.0
-15258.0
-15258.0
-15258.0
-15258.0
-15258.0
-15258.0
-15258.0
-15258.0
-15258.0
-15258.0
-15258.0
-15258.0
-15258.0
-15258.0
-15258.0
-15258.0
-15258.0
-15258.0
-15258.0
-15258.0
-15258.0
-15258.0
-15258.0
-15258.0
-15258.0
-15258.0
-15258.0
-15258.0
-15258.0
-15258.0
-15258.0
-15258.0
-15258.0
-15258.0
-15258.0
-15258.0
-15258.0
-15258.0
-15258.0
-15258.0
-15258.0
-15258.0
-15258.0
-15258.0
-15258.0
-15258.0
-15258.0
-15258.0
-15258.0
-15258.0
-15258.0
-15258.0
-15258.0
-15258.0
-15258.0
-15258.0
-15258.0
-15258.0
-15258.0
-15258.0
-15258.0
-15258.0
-15258.0
-15258.0
-15258.0
-15258.0
-15258.0
-15258.0
-15258.0
-15258.0
-15258.0
-15258.0
-15258.0
-15258.0
-15258.0
-15258.0
-15258.0
-15258.0
-15258.0
-15258.0
-15258.0
-15258.0
-15258.0
-15258.0
-15258.0
-15258.0
-15258.0
-15258.0
-15258.0
-15258.0
-15258.0
-15258.0
-15258.0
-15258.0
-15258.0
-15258.0
-15258.0
-15258.0
-15258.0
-15258.0
-15258.0
-15258.0
-15258.0
-15258.0
-15258.0
-15258.0
-15258.0
-15258.0
-15258.0
-15258.0
-15258.0
-15258.0
-15258.0
-15258.0
-15258.0
-15258.0
-15258.0
-15258.0
-15258.0
-15258.0
-15258.0
-15258.0
-15258.0
-15258.0
-15258.0
-15258.0
-15258.0
-15258.0
-15258.0
-15258.0
-15258.0
-15258.0
-15258.0
-15258.0
-15258.0
-15258.0
-15258.0
-15258.0
-15258.0
-15258.0
-15258.0
-15258.0
-15258.0
-15258.0
-15258.0
-15258.0
-15258.0
-15258.0
-15258.0
-15258.0
-15258.0
-15258.0
-15258.0
-15258.0
-15258.0
-15258.0
-15258.0
-15258.0
-15258.0
-15258.0
-15258.0
-15258.0
-15258.0
-15258.0
-15258.0
-15258.0
-15258.0
-15258.0
-15258.0
-15258.0
-15258.0
-15258.0
-15258.0
-15258.0
-15258.0
-15258.0
-15258.0
-15258.0
-15258.0
-15258.0
-15258.0
-15258.0
-15258.0
-15258.0
-15258.0
-15258.0
-15258.0
-15258.0
-15258.0
-15258.0
-15258.0
-15258.0
-15258.0
-15258.0
-15258.0
-15258.0
-15258.0
-15258.0
-15258.0
-15258.0
-15258.0
-15258.0
-15258.0
-15258.0
-15258.0
-15258.0
-15258.0
-15258.0
-15258.0
-15258.0
-15258.0
-15258.0
-15258.0
-15258.0
-15258.0
-15258.0
-15258.0
-15258.0
-15258.0
-15258.0
-15258.0
-15258.0
-15258.0
-15258.0



The list of values average 

-14091.336666666668
-14179.41111111111
-14236.56222222222
-14264.490555555562
-14287.42888888889
-14299.867777777774
-14317.242222222221
-14344.63777777778
-14354.174444444443
-14368.189444444444
-14373.83
-14393.379444444447
-14408.57888888889
-14423.412777777778
-14434.96333333333
-14449.612222222217
-14461.184444444447
-14476.881666666672
-14488.449444444444
-14504.633888888893
-14517.062777777774
-14524.515555555554
-14552.46777777778
-14563.847222222224
-14567.78166666667
-14579.191111111102
-14594.460000000001
-14602.94222222222
-14613.908333333327
-14622.68666666667
-14624.52611111111
-14634.528888888888
-14641.923333333334
-14646.800000000001
-14658.640555555556
-14668.56333333333
-14674.111666666662
-14680.177222222223
-14687.052222222223
-14693.637222222222
-14693.826111111113
-14702.880000000001
-14708.435555555554
-14715.14611111111
-14716.106666666672
-14720.911666666665
-14722.271111111104
-14728.333888888881
-14725.560555555556
-14733.655555555557
-14727.714444444446
-14728.762777777774
-14729.716111111115
-14737.396666666671
-14739.771666666667
-14753.894444444439
-14751.232777777777
-14751.473888888893
-14753.64499999999
-14757.721666666672
-14753.636111111118
-14757.598333333332
-14759.308333333334
-14760.861666666664
-14755.642222222223
-14763.291111111112
-14763.230555555554
-14767.038888888885
-14764.250555555556
-14768.475000000002
-14766.344444444441
-14771.452777777773
-14772.898888888883
-14776.513333333334
-14776.17111111111
-14772.645000000002
-14772.510555555551
-14774.525555555561
-14781.81666666667
-14781.930555555557
-14781.001111111114
-14777.356111111105
-14776.101111111107
-14776.633333333339
-14777.196666666672
-14779.334999999997
-14776.056111111107
-14782.434999999998
-14778.847222222219
-14776.359444444442
-14777.613333333325
-14779.430555555555
-14778.126111111107
-14778.266666666674
-14782.418333333337
-14783.461666666664
-14783.417222222224
-14780.554999999993
-14785.086111111112
-14785.89166666667
-14783.304444444444
-14783.587222222217
-14784.453333333331
-14784.99888888889
-14779.088888888886
-14784.203333333335
-14784.215555555562
-14785.250555555556
-14783.434999999998
-14781.88555555555
-14788.775555555556
-14787.836111111106
-14796.93444444445
-14788.80444444445
-14787.290000000003
-14784.40944444444
-14794.600000000002
-14788.718888888894
-14789.708333333334
-14787.209999999995
-14785.91166666667
-14791.373888888893
-14788.347222222219
-14786.965555555556
-14786.591111111113
-14787.083888888892
-14790.601666666666
-14786.787222222221
-14795.958888888883
-14791.30666666667
-14788.22833333333
-14787.538333333334
-14792.058888888892
-14786.668888888893
-14789.82888888889
-14791.903888888892
-14795.944444444445
-14794.35277777778
-14791.763888888894
-14791.162222222223
-14793.46277777778
-14791.420000000004
-14785.616666666669
-14790.724999999999
-14785.306111111113
-14788.043888888886
-14790.022777777782
-14792.108888888888
-14796.184444444445
-14795.427777777777
-14790.976666666664
-14791.668333333333
-14791.333888888894
-14784.754444444452
-14790.323333333332
-14787.747222222222
-14791.188888888883
-14787.968333333334
-14790.723888888884
-14792.80777777778
-14789.851666666667
-14792.23111111111
-14792.699999999995
-14790.115000000003
-14791.159999999998
-14796.534999999998
-14795.170000000006
-14788.56277777778
-14788.45611111111
-14791.699444444444
-14794.500555555547
-14787.66388888889
-14795.102222222222
-14789.763888888896
-14794.634444444448
-14802.360000000004
-14799.597222222228
-14800.33166666666
-14795.783333333335
-14798.195555555554
-14797.234999999999
-14791.886666666667
-14786.881111111114
-14791.592777777782
-14790.131111111114
-14792.83388888889
-14789.972222222217
-14789.094444444447
-14791.988888888876
-14790.442222222222
-14789.502222222223
-14791.326666666666
-14793.203888888893
-14792.29555555556
-14793.715555555558
-14795.85388888889
-14793.881111111112
-14795.32333333333
-14795.030555555553
-14790.805555555547
-14790.851111111113
-14791.206666666665
-14795.553333333335
-14791.853888888894
-14789.466111111113
-14791.82333333333
-14796.439444444437
-14797.397222222216
-14801.40388888889
-14792.801666666675
-14791.633333333328
-14790.685000000003
-14793.790000000005
-14799.863333333336
-14789.392777777777
-14796.71944444445
-14795.291666666672
-14795.723333333332
-14795.642777777772
-14797.382222222217
-14799.001111111105
-14793.839999999998
-14797.253888888888
-14799.636111111111
-14794.385
-14794.048888888881
-14792.435555555558
-14797.832777777776
-14790.818333333336
-14791.96222222223
-14798.260555555558
-14801.276666666663
-14795.272777777775
-14796.071111111105
-14795.418333333333
-14792.135555555553
-14793.730555555558
-14797.128888888885
-14794.73722222223
-14797.791111111108
-14794.047222222225
-14793.181111111111
-14794.750555555554
-14796.551111111108
-14801.112222222217
-14792.243333333327
-14798.752222222225
-14797.072222222221
-14798.927777777775
-14797.222222222232
-14798.83888888889
-14795.28944444445
-14792.726111111107
-14793.226111111113
-14796.092222222227
-14789.067777777776
-14792.297222222214
-14800.29944444444
-14796.092222222222
-14800.140555555558
-14791.544999999995
-14791.035555555556
-14791.263888888885
-14795.35888888888
-14798.499444444442
-14791.487777777773
-14795.860555555551
-14791.096666666666
-14792.250000000002
-14796.192777777775
-14795.525000000005
-14788.895
-14791.413333333328
-14792.116666666661
-14788.136666666667
-14795.842222222218
-14795.710555555554
-14794.941666666658
-14794.759999999998
-14789.820555555561
-14797.251666666665
-14792.818888888887
-14795.78111111111
-14794.287222222227
-14796.157222222222
-14795.237777777777
-14799.253333333334
-14796.566666666666
-14791.182777777776
-14794.505000000001
-14793.600555555553
-14794.661111111116
-14799.310000000001
-14789.02444444444
-14792.94944444444
-14791.22111111112
-14796.615000000007
-14795.971666666665
-14791.476666666667
-14793.531111111111
-14795.950555555555
-14792.89777777777
-14796.801666666666
-14797.609444444446
-14797.734999999997
-14799.332777777776
-14792.74111111111
-14799.219999999996
-14796.555555555551
-14798.347222222223
-14792.073888888886
-14792.552222222224
-14794.884999999998
-14793.550000000001
-14796.803333333339
-14797.873333333335
-14794.788888888888
-14791.778333333334
-14791.336666666662
-14790.741111111107
-14795.482777777777
-14793.52722222223
-14794.872777777777
-14797.680555555558
-14800.181111111107
-14797.513888888894
-14796.11277777778
-14795.848888888882
-14800.72722222222
-14802.374444444451
-14798.657777777784
-14793.78666666667
-14795.057777777778
-14792.591111111115
-14792.175555555556
-14793.645555555557
-14798.852777777778
-14799.067777777771
-14798.698333333334
-14796.687222222228
-14791.287777777781
-14791.941666666666
-14791.12333333334
-14792.634999999995
-14793.210000000003
-14795.312777777777
-14790.241111111109
-14793.231666666663
-14792.90388888889
-14794.905555555557
-14797.253888888892
-14797.104444444441
-14797.241666666669
-14792.182222222222
-14794.753888888881
-14795.877777777778
-14794.570555555554
-14798.329999999996
-14791.994444444448
-14801.25833333333
-14791.045000000002
-14792.852777777776
-14793.029444444443
-14790.213333333339
-14793.710555555555
-14800.885555555553
-14798.797777777785
-14797.132222222217
-14797.39333333334
-14790.321666666672
-14797.337777777773
-14795.313888888883
-14800.320555555558
-14791.92166666666
-14795.372222222219
-14794.504999999996
-14793.716111111107
-14795.494999999997
-14797.741111111109
-14799.278333333332
-14797.586111111117
-14799.491666666661
-14801.812777777777
-14798.052777777777
-14794.603333333329
-14796.476666666671
-14798.522222222222
-14797.226666666671
-14797.322222222221
-14801.62777777778
-14800.53222222222
-14797.19833333333
-14795.716111111116
-14796.095
-14795.598888888888
-14794.865555555554
-14799.302222222223
-14793.686111111114
-14794.795555555556
-14791.482222222228
-14795.178333333333
-14796.16
-14789.379999999996
-14799.59833333333
-14795.747777777773
-14798.518333333337
-14793.430555555562
-14797.304999999998
-14793.601666666662
-14796.134444444442
-14798.629444444445
-14794.273333333327
-14793.936666666666
-14793.613888888889
-14791.780555555551
-14791.809444444445
-14793.747222222222
-14793.246111111112
-14798.485555555559
-14797.18
-14801.310555555548
-14801.749999999998
-14795.052777777779
-14798.630000000003



The list of best values average 

-14711.520000000002-14936.450000000003-15037.859999999997-15088.409999999996-15118.71-15135.850000000004-15149.980000000007-15165.880000000001-15169.619999999997-15174.89999999999-15179.399999999998-15184.410000000003-15186.7-15187.510000000006-15190.82-15192.24-15196.560000000003-15197.01-15199.499999999996-15200.140000000001-15202.130000000001-15203.280000000006-15203.740000000009-15203.880000000003-15204.61-15206.030000000002-15207.54-15206.730000000001-15207.540000000003-15210.570000000005-15210.47-15210.930000000004-15211.440000000002-15212.210000000003-15212.86-15212.790000000005-15214.010000000004-15215.910000000002-15218.380000000001-15217.68-15220.1-15222.420000000007-15221.980000000007-15222.780000000004-15225.460000000005-15224.820000000007-15227.61-15227.690000000004-15227.070000000009-15226.940000000006-15227.830000000009-15229.150000000009-15230.35-15230.120000000004-15232.270000000004-15234.28-15234.640000000003-15233.530000000004-15235.38000000001-15238.680000000004-15238.300000000012-15238.650000000003-15238.800000000003-15240.190000000004-15242.700000000006-15242.08-15244.300000000007-15244.349999999997-15245.94000000001-15245.660000000005-15245.779999999997-15246.600000000004-15247.390000000001-15246.76-15247.78-15247.240000000005-15248.910000000003-15248.830000000005-15249.000000000004-15249.35-15249.950000000003-15249.110000000006-15250.14-15250.109999999997-15251.210000000005-15250.44-15251.77-15251.390000000001-15252.310000000007-15253.120000000003-15252.539999999999-15253.180000000002-15253.390000000003-15253.510000000002-15253.36-15254.58-15254.14-15254.519999999997-15254.33-15254.28-15254.990000000003-15254.99-15255.059999999998-15255.220000000001-15254.799999999994-15255.169999999995-15255.689999999999-15255.719999999998-15256.079999999998-15256.229999999998-15256.019999999997-15256.029999999997-15255.989999999998-15256.4-15256.61-15256.319999999998-15256.319999999994-15256.419999999998-15256.070000000002-15256.509999999998-15256.869999999997-15256.389999999998-15256.409999999998-15256.279999999997-15256.879999999997-15256.799999999996-15256.869999999997-15257.069999999996-15257.039999999997-15256.909999999996-15257.069999999996-15257.079999999996-15256.859999999997-15257.159999999998-15257.149999999996-15257.249999999995-15257.329999999996-15257.179999999997-15256.869999999997-15256.959999999997-15257.289999999995-15257.189999999997-15257.049999999997-15257.139999999996-15257.209999999997-15257.349999999995-15257.279999999995-15257.479999999996-15257.179999999998-15257.489999999994-15257.579999999994-15257.489999999994-15257.359999999997-15257.109999999995-15257.219999999996-15257.479999999996-15257.389999999996-15257.369999999995-15257.179999999997-15257.349999999995-15257.379999999996-15257.509999999995-15257.589999999997-15257.639999999996-15257.809999999994-15257.629999999996-15257.479999999996-15257.349999999995-15257.579999999994-15257.609999999993-15257.489999999994-15257.459999999994-15257.699999999995-15257.439999999995-15257.479999999994-15257.529999999995-15257.609999999995-15257.709999999994-15257.629999999996-15257.549999999996-15257.609999999995-15257.709999999995-15257.689999999995-15257.689999999997-15257.619999999995-15257.849999999993-15257.549999999996-15257.599999999993-15257.759999999995-15257.949999999993-15257.809999999994-15257.939999999995-15257.939999999995-15257.949999999993-15257.949999999995-15257.999999999995-15257.999999999995-15257.919999999995-15257.999999999995-15257.999999999995-15257.739999999996-15257.949999999995-15257.899999999994-15257.939999999995-15257.819999999996-15257.869999999995-15257.899999999996-15257.949999999995-15257.999999999995-15257.999999999995-15257.949999999995-15257.999999999995-15257.999999999995-15257.999999999995-15257.999999999995-15257.999999999995-15257.949999999993-15257.949999999993-15257.949999999993-15257.949999999993-15257.949999999993-15257.949999999993-15257.949999999993-15257.999999999995-15257.949999999993-15257.999999999995-15257.949999999995-15257.999999999995-15257.999999999995-15257.999999999995-15257.949999999993-15257.949999999993-15257.999999999995-15257.889999999996-15257.949999999995-15257.999999999995-15257.999999999995-15257.949999999995-15257.999999999995-15257.999999999995-15257.999999999995-15257.999999999995-15257.999999999995-15257.999999999995-15257.999999999995-15257.999999999995-15257.999999999995-15257.999999999995-15257.999999999995-15257.999999999995-15257.999999999995-15257.999999999995-15257.899999999996-15257.819999999996-15257.949999999995-15257.949999999995-15257.899999999994-15257.949999999995-15257.999999999995-15257.999999999995-15257.999999999995-15257.949999999995-15257.949999999995-15257.999999999995-15257.999999999995-15257.949999999993-15257.949999999993-15257.949999999993-15257.999999999995-15257.949999999995-15257.999999999995-15257.999999999995-15257.999999999995-15257.999999999995-15257.949999999993-15257.899999999994-15257.949999999993-15257.999999999995-15257.999999999995-15257.999999999995-15257.999999999995-15257.999999999995-15257.949999999995-15257.949999999995-15257.999999999995-15257.999999999995-15257.999999999995-15257.999999999995-15257.999999999995-15257.999999999995-15257.999999999995-15257.949999999995-15257.999999999995-15257.949999999993-15257.949999999995-15257.999999999995-15257.999999999995-15257.999999999995-15257.999999999995-15257.999999999995-15257.999999999995-15257.999999999995-15257.999999999995-15257.999999999995-15257.999999999995-15257.999999999995-15257.999999999995-15257.999999999995-15257.999999999995-15257.999999999995-15257.999999999995-15257.999999999995-15257.999999999995-15257.999999999995-15257.999999999995-15257.949999999995-15257.949999999995-15257.999999999995-15257.999999999995-15257.999999999995-15257.999999999995-15257.999999999995-15257.999999999995-15257.999999999995-15257.999999999995-15257.999999999995-15257.999999999995-15257.949999999995-15257.999999999995-15257.999999999995-15257.999999999995-15257.999999999995-15257.999999999995-15257.949999999995-15257.999999999995-15257.859999999995-15257.999999999995-15257.949999999995-15257.939999999995-15257.999999999995-15257.999999999995-15257.999999999995-15257.999999999995-15257.999999999995-15257.999999999995-15257.999999999995-15257.999999999995-15257.999999999995-15257.999999999995-15257.999999999995-15257.999999999995-15257.999999999995-15257.999999999995-15257.999999999995-15257.999999999995-15257.999999999995-15257.999999999995-15257.999999999995-15257.999999999995-15257.999999999995-15257.999999999995-15257.859999999995-15257.999999999995-15257.999999999995-15257.999999999995-15257.999999999995-15257.859999999995-15257.999999999995-15257.999999999995-15257.999999999995-15257.999999999995-15257.999999999995-15257.859999999995-15257.999999999995-15257.949999999995-15257.939999999995-15257.999999999995-15257.999999999995-15257.999999999995-15257.999999999995-15257.999999999995-15257.999999999995-15257.999999999995-15257.999999999995-15257.999999999995-15257.999999999995-15257.999999999995-15257.999999999995-15257.999999999995-15257.999999999995-15257.999999999995-15257.949999999993-15257.949999999993-15257.949999999993-15257.949999999993-15257.939999999995-15257.999999999995-15257.999999999995-15257.999999999995-15257.999999999995-15257.939999999995-15257.999999999995-15257.999999999995-15257.999999999995-15257.999999999995-15257.999999999995-15257.999999999995-15257.859999999995-15257.999999999995-15257.999999999995-15257.999999999995-15257.999999999995-15257.999999999995-15257.999999999995-15257.999999999995-15257.999999999995-15257.999999999995-15257.999999999995-15257.999999999995-15257.999999999995-15257.999999999995-15257.999999999995-15257.999999999995-15257.999999999995