----------Report of simulation of Path Integral Quantum Monte Carlo-----------
The number of considered Spin 50
The considered Annealing Duration 50
The considered Annealing Number 100
The considered T 1.0
The considered Gamma0 1.0
The considered Number Of Replica 18
The solution found [ 1  1 -1 -1  1 -1 -1  1 -1  1  1  1 -1  1  1 -1 -1  1 -1 -1 -1 -1 -1  1
  1  1 -1  1  1 -1  1  1  1 -1 -1 -1  1  1  1 -1 -1 -1 -1  1  1 -1 -1 -1
  1 -1]
The value found -3671.0
The Success probability is 0.65
The average value is -3668.04
The total execution time is 103.69615387916565
The average time for execution is 1.0369615387916564
The average time for system update is 0.0206434401512146
The average time for replica update is 0.0011465967999564276
The average time for spin update is 2.2667395644717748e-05
The list of values found 

-3671.0
-3671.0
-3671.0
-3657.0
-3670.0
-3671.0
-3670.0
-3656.0
-3670.0
-3670.0
-3671.0
-3671.0
-3671.0
-3671.0
-3671.0
-3671.0
-3656.0
-3657.0
-3671.0
-3671.0
-3671.0
-3671.0
-3670.0
-3671.0
-3670.0
-3671.0
-3671.0
-3671.0
-3671.0
-3671.0
-3670.0
-3671.0
-3670.0
-3671.0
-3657.0
-3670.0
-3670.0
-3671.0
-3671.0
-3657.0
-3670.0
-3671.0
-3671.0
-3657.0
-3671.0
-3671.0
-3641.0
-3657.0
-3671.0
-3671.0
-3671.0
-3670.0
-3670.0
-3671.0
-3656.0
-3671.0
-3671.0
-3671.0
-3671.0
-3656.0
-3671.0
-3671.0
-3671.0
-3671.0
-3671.0
-3671.0
-3671.0
-3657.0
-3671.0
-3671.0
-3671.0
-3656.0
-3671.0
-3671.0
-3671.0
-3670.0
-3671.0
-3656.0
-3668.0
-3671.0
-3657.0
-3671.0
-3657.0
-3671.0
-3671.0
-3671.0
-3671.0
-3671.0
-3671.0
-3671.0
-3671.0
-3668.0
-3671.0
-3671.0
-3671.0
-3671.0
-3671.0
-3657.0
-3670.0
-3656.0



The list of values first execution 

-117.94444444444444
-125.44444444444444
-215.88888888888889
-262.6111111111111
-295.55555555555554
-351.27777777777777
-370.5
-392.55555555555554
-411.6111111111111
-427.0
-426.1666666666667
-432.94444444444446
-438.0
-442.94444444444446
-442.44444444444446
-447.77777777777777
-443.5
-445.8333333333333
-447.27777777777777
-447.94444444444446
-448.72222222222223
-448.8333333333333
-449.27777777777777
-449.0
-450.05555555555554
-451.3888888888889
-451.94444444444446
-454.22222222222223
-453.77777777777777
-453.6666666666667
-453.05555555555554
-453.55555555555554
-453.6666666666667
-453.6666666666667
-453.0
-453.8888888888889
-453.6666666666667
-453.8888888888889
-454.1111111111111
-454.27777777777777
-454.0
-454.05555555555554
-454.1111111111111
-453.77777777777777
-454.1666666666667
-454.3333333333333
-454.1666666666667
-454.0
-454.22222222222223
-454.3333333333333



The list of best values first execution 

-229.0
-239.0
-314.0
-367.0
-443.0
-452.0
-467.0
-468.0
-468.0
-471.0
-471.0
-471.0
-471.0
-471.0
-471.0
-471.0
-470.0
-471.0
-471.0
-471.0
-471.0
-471.0
-470.0
-471.0
-470.0
-470.0
-471.0
-471.0
-471.0
-471.0
-471.0
-471.0
-471.0
-471.0
-471.0
-471.0
-471.0
-471.0
-471.0
-471.0
-471.0
-471.0
-471.0
-471.0
-471.0
-471.0
-471.0
-471.0
-471.0
-471.0



The list of values average 

-101.17944444444437
-136.57055555555556
-194.68722222222223
-257.2199999999999
-313.1394444444444
-359.3505555555556
-391.15277777777794
-411.19611111111107
-423.8983333333334
-433.12555555555554
-438.95111111111135
-443.26055555555547
-446.07444444444457
-447.7705555555555
-449.4988888888887
-450.55555555555543
-451.2705555555554
-452.0216666666667
-452.72166666666675
-452.97277777777776
-453.49999999999994
-453.63999999999993
-454.0444444444446
-454.0049999999999
-454.2494444444444
-454.35166666666646
-454.5499999999999
-454.6866666666666
-454.79388888888883
-454.90166666666676
-455.09888888888906
-455.2883333333334
-455.31944444444434
-455.3605555555557
-455.53166666666664
-455.5722222222222
-455.6116666666666
-455.6672222222222
-455.7805555555556
-455.7222222222223
-455.78555555555556
-455.7683333333335
-455.78722222222234
-455.8166666666666
-455.83444444444456
-455.84000000000003
-455.89166666666677
-455.9122222222222
-455.94222222222214
-455.9505555555555



The list of best values average 

-217.51999999999995
-249.20999999999995
-306.81
-364.35999999999996
-406.4000000000002
-439.08999999999986
-451.56
-457.94999999999976
-462.5399999999996
-464.9399999999995
-466.3899999999994
-466.62999999999937
-466.8299999999994
-466.78999999999945
-467.16999999999945
-466.98999999999944
-467.09999999999934
-467.2299999999993
-467.37999999999937
-467.3199999999993
-467.31999999999937
-467.2699999999994
-467.4099999999993
-467.35999999999933
-467.39999999999935
-467.39999999999935
-467.39999999999935
-467.3699999999994
-467.41999999999933
-467.38999999999936
-467.4399999999993
-467.41999999999933
-467.4599999999993
-467.33999999999935
-467.5099999999993
-467.39999999999935
-467.4499999999993
-467.48999999999927
-467.4499999999993
-467.44999999999936
-467.4499999999993
-467.4599999999993
-467.4499999999993
-467.3999999999993
-467.4899999999993
-467.4399999999993
-467.4899999999993
-467.41999999999933
-467.4999999999993
-467.4699999999993
