----------Report of simulation of Path Integral Quantum Monte Carlo-----------
The number of considered Spin 147
The considered Annealing Duration 588
The considered Annealing Number 100
The considered T 1.0
The considered Gamma0 1.0
The considered Number Of Replica 18
The solution found [-1  1  1 -1 -1 -1  1 -1 -1 -1 -1  1  1  1  1 -1  1  1  1 -1 -1 -1 -1 -1
  1 -1 -1 -1 -1 -1 -1  1  1  1  1  1  1  1  1 -1  1 -1  1 -1  1  1 -1  1
  1 -1  1  1  1  1 -1 -1 -1 -1 -1  1  1 -1  1 -1  1  1 -1 -1 -1 -1 -1  1
 -1  1 -1 -1 -1 -1  1  1  1  1  1 -1 -1  1  1  1 -1  1 -1 -1  1  1 -1 -1
  1 -1 -1  1 -1  1  1  1 -1  1  1 -1  1 -1 -1 -1  1 -1 -1  1 -1  1 -1  1
 -1 -1 -1  1  1 -1  1  1 -1  1 -1  1  1  1  1  1 -1  1  1 -1 -1 -1 -1 -1
 -1  1  1]
The value found -28898.0
The Success probability is 0.12
The average value is -28871.36
The total execution time is 11627.436880111694
The average time for execution is 116.27436410427093
The average time for system update is 0.19755999474703861
The average time for replica update is 0.010974946280185327
The average time for spin update is 7.415760193478121e-05
The list of values found 

-28856.0
-28865.0
-28898.0
-28875.0
-28868.0
-28873.0
-28875.0
-28898.0
-28863.0
-28871.0
-28878.0
-28871.0
-28883.0
-28866.0
-28838.0
-28898.0
-28869.0
-28866.0
-28869.0
-28882.0
-28883.0
-28898.0
-28898.0
-28876.0
-28860.0
-28849.0
-28886.0
-28875.0
-28868.0
-28860.0
-28824.0
-28886.0
-28869.0
-28860.0
-28865.0
-28882.0
-28875.0
-28865.0
-28882.0
-28838.0
-28876.0
-28865.0
-28871.0
-28865.0
-28877.0
-28863.0
-28882.0
-28882.0
-28876.0
-28882.0
-28869.0
-28825.0
-28882.0
-28863.0
-28882.0
-28859.0
-28882.0
-28862.0
-28882.0
-28898.0
-28854.0
-28871.0
-28882.0
-28876.0
-28883.0
-28863.0
-28882.0
-28869.0
-28853.0
-28861.0
-28853.0
-28898.0
-28882.0
-28882.0
-28882.0
-28865.0
-28842.0
-28871.0
-28838.0
-28898.0
-28865.0
-28871.0
-28859.0
-28898.0
-28863.0
-28869.0
-28871.0
-28832.0
-28863.0
-28882.0
-28898.0
-28883.0
-28865.0
-28850.0
-28883.0
-28898.0
-28834.0
-28882.0
-28863.0
-28898.0



The list of values first execution 

-26942.777777777777
-27018.055555555555
-27135.777777777777
-27197.055555555555
-27253.11111111111
-27294.777777777777
-27304.777777777777
-27351.555555555555
-27460.722222222223
-27567.833333333332
-27689.944444444445
-27751.333333333332
-27830.944444444445
-27956.777777777777
-28058.88888888889
-28138.666666666668
-28224.0
-28324.222222222223
-28377.222222222223
-28414.333333333332
-28519.5
-28577.222222222223
-28598.444444444445
-28610.61111111111
-28661.0
-28673.38888888889
-28678.277777777777
-28691.722222222223
-28721.555555555555
-28737.666666666668
-28765.333333333332
-28759.277777777777
-28765.88888888889
-28791.944444444445
-28807.333333333332
-28814.0
-28822.444444444445
-28828.944444444445
-28828.777777777777
-28833.555555555555
-28840.333333333332
-28842.61111111111
-28844.055555555555
-28847.777777777777
-28847.055555555555
-28844.722222222223
-28851.61111111111
-28849.277777777777
-28849.61111111111
-28847.166666666668
-28851.444444444445
-28851.222222222223
-28851.555555555555
-28850.166666666668
-28851.055555555555
-28851.166666666668
-28848.722222222223
-28851.61111111111
-28852.777777777777
-28849.277777777777
-28848.0
-28847.777777777777
-28852.944444444445
-28851.777777777777
-28852.333333333332
-28850.333333333332
-28853.11111111111
-28852.722222222223
-28852.61111111111
-28853.666666666668
-28852.277777777777
-28853.0
-28854.0
-28851.333333333332
-28853.11111111111
-28852.277777777777
-28852.61111111111
-28852.222222222223
-28852.722222222223
-28851.555555555555
-28853.11111111111
-28850.444444444445
-28852.0
-28851.444444444445
-28850.11111111111
-28850.61111111111
-28853.61111111111
-28852.11111111111
-28851.722222222223
-28850.11111111111
-28850.777777777777
-28853.166666666668
-28850.444444444445
-28850.444444444445
-28853.38888888889
-28854.055555555555
-28853.222222222223
-28854.222222222223
-28854.222222222223
-28853.833333333332
-28852.722222222223
-28852.666666666668
-28854.11111111111
-28854.5
-28852.444444444445
-28852.666666666668
-28852.5
-28852.61111111111
-28852.61111111111
-28849.722222222223
-28849.166666666668
-28850.166666666668
-28851.0
-28849.666666666668
-28848.833333333332
-28852.11111111111
-28852.055555555555
-28851.11111111111
-28850.88888888889
-28851.277777777777
-28854.88888888889
-28855.5
-28854.777777777777
-28855.166666666668
-28855.444444444445
-28854.777777777777
-28855.666666666668
-28855.666666666668
-28855.11111111111
-28855.833333333332
-28854.333333333332
-28855.166666666668
-28854.0
-28854.444444444445
-28854.277777777777
-28854.166666666668
-28854.055555555555
-28855.11111111111
-28854.777777777777
-28855.166666666668
-28855.555555555555
-28856.0
-28855.0
-28855.666666666668
-28854.555555555555
-28854.61111111111
-28854.666666666668
-28855.0
-28854.555555555555
-28855.333333333332
-28854.222222222223
-28856.0
-28855.666666666668
-28855.055555555555
-28854.38888888889
-28855.222222222223
-28855.444444444445
-28856.0
-28855.277777777777
-28854.777777777777
-28854.722222222223
-28854.833333333332
-28855.277777777777
-28854.88888888889
-28854.555555555555
-28854.11111111111
-28853.944444444445
-28854.11111111111
-28853.333333333332
-28855.333333333332
-28854.666666666668
-28854.055555555555
-28854.555555555555
-28854.222222222223
-28854.777777777777
-28854.333333333332
-28854.555555555555
-28854.222222222223
-28855.777777777777
-28855.666666666668
-28856.0
-28855.333333333332
-28856.0
-28855.5
-28855.666666666668
-28856.0
-28856.0
-28856.0
-28855.666666666668
-28855.777777777777
-28856.0
-28856.0
-28855.777777777777
-28855.833333333332
-28855.444444444445
-28856.0
-28855.666666666668
-28856.0
-28855.444444444445
-28855.38888888889
-28854.88888888889
-28855.166666666668
-28855.11111111111
-28855.277777777777
-28855.555555555555
-28855.333333333332
-28855.11111111111
-28855.277777777777
-28855.38888888889
-28856.0
-28855.11111111111
-28855.277777777777
-28855.555555555555
-28855.666666666668
-28856.0
-28856.0
-28856.0
-28856.0
-28856.0
-28856.0
-28856.0
-28856.0
-28856.0
-28856.0
-28856.0
-28856.0
-28856.0
-28856.0
-28856.0
-28856.0
-28856.0
-28856.0
-28856.0
-28856.0
-28856.0
-28856.0
-28856.0
-28856.0
-28856.0
-28856.0
-28856.0
-28856.0
-28856.0
-28856.0
-28856.0
-28856.0
-28856.0
-28856.0
-28856.0
-28856.0
-28856.0
-28856.0
-28856.0
-28856.0
-28856.0
-28856.0
-28856.0
-28856.0
-28856.0
-28856.0
-28856.0
-28856.0
-28856.0
-28856.0
-28856.0
-28856.0
-28856.0
-28856.0
-28856.0
-28856.0
-28856.0
-28856.0
-28856.0
-28856.0
-28856.0
-28856.0
-28856.0
-28856.0
-28856.0
-28856.0
-28856.0
-28856.0
-28856.0
-28856.0
-28856.0
-28856.0
-28856.0
-28856.0
-28856.0
-28856.0
-28856.0
-28856.0
-28856.0
-28856.0
-28856.0
-28856.0
-28856.0
-28856.0
-28856.0
-28856.0
-28856.0
-28856.0
-28856.0
-28856.0
-28856.0
-28856.0
-28856.0
-28856.0
-28856.0
-28856.0
-28856.0
-28856.0
-28856.0
-28856.0
-28856.0
-28856.0
-28856.0
-28856.0
-28856.0
-28856.0
-28856.0
-28856.0
-28856.0
-28856.0
-28856.0
-28856.0
-28856.0
-28856.0
-28856.0
-28856.0
-28856.0
-28856.0
-28856.0
-28856.0
-28856.0
-28856.0
-28856.0
-28856.0
-28856.0
-28856.0
-28856.0
-28856.0
-28856.0
-28856.0
-28856.0
-28856.0
-28856.0
-28856.0
-28856.0
-28856.0
-28856.0
-28856.0
-28856.0
-28856.0
-28856.0
-28856.0
-28856.0
-28856.0
-28856.0
-28856.0
-28856.0
-28856.0
-28856.0
-28856.0
-28856.0
-28856.0
-28856.0
-28856.0
-28856.0
-28856.0
-28856.0
-28856.0
-28856.0
-28856.0
-28856.0
-28856.0
-28856.0
-28856.0
-28856.0
-28856.0
-28856.0
-28856.0
-28856.0
-28856.0
-28856.0
-28856.0
-28856.0
-28856.0
-28856.0
-28856.0
-28856.0
-28856.0
-28856.0
-28856.0
-28856.0
-28856.0
-28856.0
-28856.0
-28856.0
-28856.0
-28856.0
-28856.0
-28856.0
-28856.0
-28856.0
-28856.0
-28856.0
-28856.0
-28856.0
-28856.0
-28856.0
-28856.0
-28856.0
-28856.0
-28856.0
-28856.0
-28856.0
-28856.0
-28856.0
-28856.0
-28856.0
-28856.0
-28856.0
-28856.0
-28856.0
-28856.0
-28856.0
-28856.0
-28856.0
-28856.0
-28856.0
-28856.0
-28856.0
-28856.0
-28856.0
-28856.0
-28856.0
-28856.0
-28856.0
-28856.0
-28856.0
-28856.0
-28856.0
-28856.0
-28856.0
-28856.0
-28856.0
-28856.0
-28856.0
-28856.0
-28856.0
-28856.0
-28856.0
-28856.0
-28856.0
-28856.0
-28856.0
-28856.0
-28856.0
-28856.0
-28856.0
-28856.0
-28856.0
-28856.0
-28856.0
-28856.0
-28856.0
-28856.0
-28856.0
-28856.0
-28856.0
-28856.0
-28856.0
-28856.0
-28856.0
-28856.0
-28856.0
-28856.0
-28856.0
-28856.0
-28856.0
-28856.0
-28856.0
-28856.0
-28856.0
-28856.0
-28856.0
-28856.0
-28856.0
-28856.0
-28856.0
-28856.0
-28856.0
-28856.0
-28856.0
-28856.0
-28856.0
-28856.0
-28856.0
-28856.0
-28856.0
-28856.0
-28856.0
-28856.0
-28856.0
-28856.0
-28856.0
-28856.0
-28856.0
-28856.0
-28856.0
-28856.0
-28856.0
-28856.0
-28856.0
-28856.0
-28856.0
-28856.0
-28856.0
-28856.0
-28856.0
-28856.0
-28856.0
-28856.0
-28856.0
-28856.0
-28856.0
-28856.0
-28856.0
-28856.0
-28856.0
-28856.0
-28856.0
-28856.0
-28856.0
-28856.0
-28856.0
-28856.0
-28856.0
-28856.0
-28856.0
-28856.0
-28856.0
-28856.0
-28856.0
-28856.0
-28856.0
-28856.0
-28856.0
-28856.0
-28856.0
-28856.0
-28856.0
-28856.0
-28856.0
-28856.0
-28856.0
-28856.0
-28856.0
-28856.0
-28856.0
-28856.0
-28856.0
-28856.0
-28856.0
-28856.0
-28856.0
-28856.0
-28856.0
-28856.0
-28856.0
-28856.0
-28856.0
-28856.0
-28856.0
-28856.0
-28856.0
-28856.0
-28856.0
-28856.0
-28856.0
-28856.0
-28856.0
-28856.0
-28856.0
-28856.0
-28856.0
-28856.0



The list of best values first execution 

-27276.0
-27353.0
-27529.0
-27453.0
-27524.0
-27593.0
-27572.0
-27735.0
-27836.0
-27906.0
-28150.0
-28207.0
-28154.0
-28270.0
-28392.0
-28505.0
-28435.0
-28555.0
-28578.0
-28570.0
-28650.0
-28743.0
-28711.0
-28730.0
-28775.0
-28780.0
-28767.0
-28782.0
-28803.0
-28797.0
-28804.0
-28815.0
-28820.0
-28837.0
-28842.0
-28844.0
-28856.0
-28856.0
-28856.0
-28856.0
-28856.0
-28856.0
-28856.0
-28856.0
-28856.0
-28856.0
-28856.0
-28856.0
-28856.0
-28856.0
-28856.0
-28856.0
-28856.0
-28856.0
-28856.0
-28856.0
-28856.0
-28856.0
-28856.0
-28856.0
-28856.0
-28856.0
-28856.0
-28856.0
-28856.0
-28856.0
-28856.0
-28856.0
-28856.0
-28856.0
-28856.0
-28856.0
-28856.0
-28856.0
-28856.0
-28856.0
-28856.0
-28856.0
-28856.0
-28856.0
-28856.0
-28856.0
-28856.0
-28856.0
-28856.0
-28856.0
-28856.0
-28856.0
-28856.0
-28856.0
-28856.0
-28856.0
-28856.0
-28856.0
-28856.0
-28856.0
-28856.0
-28856.0
-28856.0
-28856.0
-28856.0
-28856.0
-28856.0
-28856.0
-28856.0
-28856.0
-28856.0
-28856.0
-28856.0
-28853.0
-28856.0
-28856.0
-28856.0
-28856.0
-28856.0
-28856.0
-28856.0
-28856.0
-28856.0
-28856.0
-28856.0
-28856.0
-28856.0
-28856.0
-28856.0
-28856.0
-28856.0
-28856.0
-28856.0
-28856.0
-28856.0
-28856.0
-28856.0
-28856.0
-28856.0
-28856.0
-28856.0
-28856.0
-28856.0
-28856.0
-28856.0
-28856.0
-28856.0
-28856.0
-28856.0
-28856.0
-28856.0
-28856.0
-28856.0
-28856.0
-28856.0
-28856.0
-28856.0
-28856.0
-28856.0
-28856.0
-28856.0
-28856.0
-28856.0
-28856.0
-28856.0
-28856.0
-28856.0
-28856.0
-28856.0
-28856.0
-28856.0
-28856.0
-28856.0
-28856.0
-28856.0
-28856.0
-28856.0
-28856.0
-28856.0
-28856.0
-28856.0
-28856.0
-28856.0
-28856.0
-28856.0
-28856.0
-28856.0
-28856.0
-28856.0
-28856.0
-28856.0
-28856.0
-28856.0
-28856.0
-28856.0
-28856.0
-28856.0
-28856.0
-28856.0
-28856.0
-28856.0
-28856.0
-28856.0
-28856.0
-28856.0
-28856.0
-28856.0
-28856.0
-28856.0
-28856.0
-28856.0
-28856.0
-28856.0
-28856.0
-28856.0
-28856.0
-28856.0
-28856.0
-28856.0
-28856.0
-28856.0
-28856.0
-28856.0
-28856.0
-28856.0
-28856.0
-28856.0
-28856.0
-28856.0
-28856.0
-28856.0
-28856.0
-28856.0
-28856.0
-28856.0
-28856.0
-28856.0
-28856.0
-28856.0
-28856.0
-28856.0
-28856.0
-28856.0
-28856.0
-28856.0
-28856.0
-28856.0
-28856.0
-28856.0
-28856.0
-28856.0
-28856.0
-28856.0
-28856.0
-28856.0
-28856.0
-28856.0
-28856.0
-28856.0
-28856.0
-28856.0
-28856.0
-28856.0
-28856.0
-28856.0
-28856.0
-28856.0
-28856.0
-28856.0
-28856.0
-28856.0
-28856.0
-28856.0
-28856.0
-28856.0
-28856.0
-28856.0
-28856.0
-28856.0
-28856.0
-28856.0
-28856.0
-28856.0
-28856.0
-28856.0
-28856.0
-28856.0
-28856.0
-28856.0
-28856.0
-28856.0
-28856.0
-28856.0
-28856.0
-28856.0
-28856.0
-28856.0
-28856.0
-28856.0
-28856.0
-28856.0
-28856.0
-28856.0
-28856.0
-28856.0
-28856.0
-28856.0
-28856.0
-28856.0
-28856.0
-28856.0
-28856.0
-28856.0
-28856.0
-28856.0
-28856.0
-28856.0
-28856.0
-28856.0
-28856.0
-28856.0
-28856.0
-28856.0
-28856.0
-28856.0
-28856.0
-28856.0
-28856.0
-28856.0
-28856.0
-28856.0
-28856.0
-28856.0
-28856.0
-28856.0
-28856.0
-28856.0
-28856.0
-28856.0
-28856.0
-28856.0
-28856.0
-28856.0
-28856.0
-28856.0
-28856.0
-28856.0
-28856.0
-28856.0
-28856.0
-28856.0
-28856.0
-28856.0
-28856.0
-28856.0
-28856.0
-28856.0
-28856.0
-28856.0
-28856.0
-28856.0
-28856.0
-28856.0
-28856.0
-28856.0
-28856.0
-28856.0
-28856.0
-28856.0
-28856.0
-28856.0
-28856.0
-28856.0
-28856.0
-28856.0
-28856.0
-28856.0
-28856.0
-28856.0
-28856.0
-28856.0
-28856.0
-28856.0
-28856.0
-28856.0
-28856.0
-28856.0
-28856.0
-28856.0
-28856.0
-28856.0
-28856.0
-28856.0
-28856.0
-28856.0
-28856.0
-28856.0
-28856.0
-28856.0
-28856.0
-28856.0
-28856.0
-28856.0
-28856.0
-28856.0
-28856.0
-28856.0
-28856.0
-28856.0
-28856.0
-28856.0
-28856.0
-28856.0
-28856.0
-28856.0
-28856.0
-28856.0
-28856.0
-28856.0
-28856.0
-28856.0
-28856.0
-28856.0
-28856.0
-28856.0
-28856.0
-28856.0
-28856.0
-28856.0
-28856.0
-28856.0
-28856.0
-28856.0
-28856.0
-28856.0
-28856.0
-28856.0
-28856.0
-28856.0
-28856.0
-28856.0
-28856.0
-28856.0
-28856.0
-28856.0
-28856.0
-28856.0
-28856.0
-28856.0
-28856.0
-28856.0
-28856.0
-28856.0
-28856.0
-28856.0
-28856.0
-28856.0
-28856.0
-28856.0
-28856.0
-28856.0
-28856.0
-28856.0
-28856.0
-28856.0
-28856.0
-28856.0
-28856.0
-28856.0
-28856.0
-28856.0
-28856.0
-28856.0
-28856.0
-28856.0
-28856.0
-28856.0
-28856.0
-28856.0
-28856.0
-28856.0
-28856.0
-28856.0
-28856.0
-28856.0
-28856.0
-28856.0
-28856.0
-28856.0
-28856.0
-28856.0
-28856.0
-28856.0
-28856.0
-28856.0
-28856.0
-28856.0
-28856.0
-28856.0
-28856.0
-28856.0
-28856.0
-28856.0
-28856.0
-28856.0
-28856.0
-28856.0
-28856.0
-28856.0
-28856.0
-28856.0
-28856.0
-28856.0
-28856.0
-28856.0
-28856.0
-28856.0
-28856.0
-28856.0
-28856.0
-28856.0
-28856.0
-28856.0
-28856.0
-28856.0
-28856.0
-28856.0
-28856.0
-28856.0
-28856.0
-28856.0
-28856.0
-28856.0
-28856.0
-28856.0
-28856.0
-28856.0
-28856.0
-28856.0
-28856.0
-28856.0
-28856.0
-28856.0
-28856.0
-28856.0
-28856.0
-28856.0
-28856.0
-28856.0
-28856.0
-28856.0
-28856.0
-28856.0
-28856.0
-28856.0
-28856.0
-28856.0
-28856.0
-28856.0
-28856.0
-28856.0
-28856.0
-28856.0
-28856.0
-28856.0
-28856.0
-28856.0
-28856.0
-28856.0
-28856.0
-28856.0
-28856.0
-28856.0
-28856.0
-28856.0
-28856.0
-28856.0
-28856.0
-28856.0
-28856.0
-28856.0
-28856.0
-28856.0
-28856.0
-28856.0
-28856.0
-28856.0
-28856.0
-28856.0
-28856.0
-28856.0
-28856.0



The list of values average 

-26979.32166666667
-27037.593888888896
-27081.56166666667
-27134.30333333333
-27199.0288888889
-27258.92388888889
-27330.909444444445
-27406.72666666666
-27479.554444444446
-27559.95333333333
-27632.714444444446
-27709.77222222222
-27809.687222222226
-27907.418888888882
-27994.467222222214
-28085.526666666672
-28175.400000000005
-28251.70222222223
-28321.944444444445
-28383.542777777773
-28441.75444444445
-28490.034444444453
-28533.28277777777
-28566.98944444444
-28594.115000000016
-28617.051111111094
-28637.137777777778
-28659.04555555555
-28676.788333333327
-28692.167222222204
-28705.765555555554
-28717.226111111115
-28727.574999999993
-28736.138888888883
-28746.126111111105
-28752.850000000002
-28760.04722222221
-28767.036666666678
-28772.671666666676
-28777.23222222223
-28783.11444444443
-28788.415555555548
-28792.423888888898
-28797.251666666663
-28801.393888888866
-28804.375555555565
-28807.682222222218
-28812.50222222221
-28814.58055555556
-28818.866111111103
-28821.629444444447
-28824.61833333335
-28827.28888888889
-28830.295555555545
-28831.550555555557
-28833.707222222227
-28834.61944444445
-28836.039999999994
-28838.32888888889
-28840.601666666662
-28842.320000000003
-28843.73
-28844.72333333333
-28845.781111111108
-28846.327222222215
-28848.57388888888
-28849.661666666663
-28850.761666666658
-28850.821666666667
-28852.011666666654
-28852.98777777777
-28853.728333333333
-28854.16944444443
-28855.25388888888
-28855.390555555547
-28856.01222222222
-28856.725000000002
-28857.588888888884
-28856.99444444444
-28857.61333333333
-28858.18833333332
-28858.327222222222
-28858.54722222221
-28859.12277777778
-28859.46111111111
-28859.50944444444
-28860.051666666655
-28860.745555555557
-28860.799444444438
-28860.985
-28861.5411111111
-28861.572777777776
-28861.953888888886
-28861.94388888888
-28862.308888888892
-28862.54555555555
-28862.726111111115
-28862.607222222217
-28862.680555555547
-28863.12722222223
-28863.43333333333
-28863.525555555545
-28863.62166666666
-28863.693888888887
-28863.716666666667
-28863.822777777772
-28863.96666666666
-28864.163888888885
-28864.027777777777
-28864.246111111115
-28863.958333333318
-28864.486666666668
-28864.52111111111
-28865.001666666656
-28865.049444444438
-28865.198888888866
-28865.08833333332
-28865.176666666663
-28865.185555555552
-28865.12944444444
-28865.137222222213
-28865.253888888885
-28865.578333333327
-28865.47277777777
-28865.360555555548
-28865.427777777764
-28865.68555555554
-28865.689444444433
-28865.819444444438
-28865.911666666652
-28865.781666666655
-28865.851666666662
-28865.945555555543
-28865.97555555555
-28865.924999999985
-28865.897777777765
-28865.782222222213
-28865.968888888878
-28866.247777777768
-28866.027222222216
-28866.02944444443
-28866.026111111103
-28866.097777777763
-28866.22055555555
-28866.306111111102
-28866.46666666665
-28866.487222222207
-28866.36055555554
-28866.43499999998
-28866.532222222202
-28866.397777777765
-28866.482777777772
-28866.44722222221
-28866.532222222213
-28866.590555555544
-28866.62944444443
-28866.549444444427
-28866.51444444444
-28866.66944444444
-28866.72166666665
-28866.743888888886
-28866.72055555555
-28866.706666666658
-28866.704444444436
-28866.74944444443
-28866.784444444434
-28866.746111111097
-28866.616111111096
-28866.67944444444
-28866.767222222206
-28866.781111111097
-28866.73388888889
-28866.742777777763
-28866.78333333332
-28866.867222222205
-28866.82666666666
-28866.823333333323
-28866.87777777776
-28866.939444444444
-28866.977777777774
-28866.914999999997
-28866.910555555554
-28866.9411111111
-28866.97555555554
-28866.906666666655
-28867.017777777768
-28867.049999999996
-28866.963333333322
-28867.04055555555
-28866.974444444426
-28866.98166666666
-28866.97333333332
-28867.015555555554
-28867.047222222212
-28867.008333333324
-28866.974444444426
-28867.03999999999
-28867.061111111114
-28867.051111111097
-28867.0861111111
-28867.087777777768
-28867.190555555546
-28867.163333333316
-28867.139444444434
-28867.14
-28867.13388888888
-28867.151666666654
-28867.16666666666
-28867.186666666657
-28867.13611111111
-28867.18555555554
-28867.186111111107
-28867.168333333328
-28867.18499999999
-28867.24944444444
-28867.17833333333
-28867.16833333332
-28867.140555555543
-28867.16888888887
-28867.204999999987
-28867.213888888877
-28867.20499999999
-28867.207777777778
-28867.266666666652
-28867.177777777768
-28867.158333333322
-28867.205555555538
-28867.159444444424
-28867.21833333332
-28867.213888888877
-28867.170555555545
-28867.243888888876
-28867.21611111111
-28867.26999999999
-28867.2611111111
-28867.265555555547
-28867.23944444443
-28867.238888888874
-28867.244444444434
-28867.229444444438
-28867.239999999987
-28867.233888888873
-28867.211666666648
-28867.223333333324
-28867.243888888883
-28867.212777777768
-28867.207777777763
-28867.243333333317
-28867.262222222216
-28867.26055555555
-28867.24222222221
-28867.303888888884
-28867.306111111106
-28867.302777777768
-28867.271666666657
-28867.307222222218
-28867.29277777777
-28867.32999999999
-28867.29499999999
-28867.288333333323
-28867.258333333317
-28867.29722222221
-28867.276111111092
-28867.27722222221
-28867.271111111102
-28867.299999999996
-28867.28277777777
-28867.240555555545
-28867.27833333333
-28867.296666666665
-28867.32055555555
-28867.301666666663
-28867.282777777764
-28867.27055555555
-28867.30999999999
-28867.32388888888
-28867.299444444434
-28867.357222222217
-28867.29666666665
-28867.317777777767
-28867.317777777775
-28867.328888888882
-28867.363333333327
-28867.344999999987
-28867.305555555544
-28867.33944444444
-28867.291666666657
-28867.30388888888
-28867.309444444436
-28867.362222222215
-28867.398888888885
-28867.341666666656
-28867.394444444435
-28867.372777777768
-28867.35388888888
-28867.357222222217
-28867.36499999999
-28867.38166666666
-28867.35222222221
-28867.32944444443
-28867.337777777764
-28867.354999999985
-28867.4361111111
-28867.441666666662
-28867.43555555555
-28867.418333333324
-28867.414444444436
-28867.422777777778
-28867.437222222212
-28867.44
-28867.39999999999
-28867.444999999985
-28867.456111111103
-28867.463333333326
-28867.428333333322
-28867.43777777777
-28867.450555555544
-28867.436111111107
-28867.43499999999
-28867.44166666666
-28867.454999999984
-28867.45888888888
-28867.449999999993
-28867.43999999999
-28867.422222222212
-28867.458333333325
-28867.45888888888
-28867.44999999999
-28867.452777777777
-28867.44666666666
-28867.437777777774
-28867.44388888888
-28867.454444444436
-28867.466666666664
-28867.438888888883
-28867.443888888876
-28867.448333333316
-28867.457777777767
-28867.46555555556
-28867.45444444444
-28867.458888888876
-28867.461666666662
-28867.467222222218
-28867.452222222215
-28867.466666666656
-28867.443888888887
-28867.442222222213
-28867.45499999999
-28867.430555555547
-28867.487777777773
-28867.469444444436
-28867.470555555545
-28867.459444444437
-28867.473888888875
-28867.459999999995
-28867.468333333327
-28867.448333333323
-28867.46444444443
-28867.47166666666
-28867.466111111105
-28867.4711111111
-28867.459999999995
-28867.464999999986
-28867.481111111098
-28867.472777777766
-28867.471666666654
-28867.486666666657
-28867.479999999992
-28867.483333333334
-28867.481111111105
-28867.484444444435
-28867.472222222215
-28867.47888888888
-28867.483333333323
-28867.490555555545
-28867.479999999992
-28867.493888888883
-28867.483333333326
-28867.486666666664
-28867.479999999996
-28867.479444444434
-28867.474999999988
-28867.485555555544
-28867.483888888877
-28867.48444444444
-28867.49166666666
-28867.47666666666
-28867.473888888882
-28867.482777777765
-28867.465555555544
-28867.459444444437
-28867.472222222215
-28867.482222222214
-28867.49833333333
-28867.49666666666
-28867.473333333328
-28867.48611111111
-28867.48111111111
-28867.497222222217
-28867.492222222216
-28867.49222222221
-28867.482222222214
-28867.476111111104
-28867.475555555553
-28867.482777777772
-28867.48166666666
-28867.489999999994
-28867.48166666666
-28867.481666666663
-28867.48388888888
-28867.46555555555
-28867.480555555554
-28867.482777777765
-28867.494444444434
-28867.47277777777
-28867.48611111111
-28867.484999999993
-28867.50055555555
-28867.487777777773
-28867.486111111102
-28867.487222222215
-28867.491111111103
-28867.47888888888
-28867.477222222216
-28867.466666666656
-28867.472222222215
-28867.484444444442
-28867.475
-28867.472777777777
-28867.49444444444
-28867.478333333325
-28867.483333333334
-28867.5
-28867.498888888887
-28867.5
-28867.49111111111
-28867.487777777773
-28867.487777777773
-28867.494999999995
-28867.490555555552
-28867.491111111107
-28867.483888888888
-28867.489999999994
-28867.472777777773
-28867.48
-28867.487777777773
-28867.485555555548
-28867.49777777777
-28867.488333333327
-28867.47777777777
-28867.47444444444
-28867.47722222222
-28867.486666666668
-28867.48833333333
-28867.482222222214
-28867.492777777774
-28867.492222222216
-28867.485555555548
-28867.484999999993
-28867.489999999994
-28867.501666666663
-28867.486111111102
-28867.473888888875
-28867.479999999996
-28867.49222222222
-28867.483888888884
-28867.491111111107
-28867.499444444442
-28867.490555555545
-28867.49833333333
-28867.46888888888
-28867.49166666666
-28867.491111111103
-28867.486111111106
-28867.485555555548
-28867.484999999993
-28867.473333333328
-28867.496666666666
-28867.49777777777
-28867.482222222217
-28867.498888888877
-28867.5011111111
-28867.48888888888
-28867.479999999992
-28867.48666666666
-28867.486666666657
-28867.48722222222
-28867.49055555555
-28867.492777777774
-28867.48944444444
-28867.48944444444
-28867.496111111104
-28867.47777777777
-28867.489999999998
-28867.500555555547
-28867.49166666666
-28867.498333333326
-28867.48833333332
-28867.492222222216
-28867.493333333325
-28867.497777777775
-28867.497777777768
-28867.49333333333
-28867.493333333325
-28867.498888888884
-28867.49277777777
-28867.50166666666
-28867.50388888888
-28867.494444444437
-28867.494444444445
-28867.489999999987
-28867.49333333333
-28867.494444444437
-28867.497222222213
-28867.50333333333
-28867.50555555555
-28867.50444444444
-28867.50944444444
-28867.50722222222
-28867.501666666663
-28867.498888888884
-28867.49666666666
-28867.502777777772
-28867.501111111105
-28867.50166666666
-28867.499999999993
-28867.4961111111
-28867.49888888888
-28867.503333333327
-28867.506111111106
-28867.503888888885
-28867.50388888888
-28867.498333333326
-28867.50666666666
-28867.50333333333
-28867.502777777776
-28867.500555555554
-28867.487222222215
-28867.49888888888
-28867.499999999993
-28867.507222222215
-28867.501111111105
-28867.502777777765
-28867.50722222222
-28867.49833333333
-28867.49611111111
-28867.49777777778
-28867.498333333326
-28867.499999999993
-28867.501666666667
-28867.504999999997
-28867.493888888883
-28867.504999999994
-28867.501111111105
-28867.50333333333
-28867.502777777772
-28867.498888888884
-28867.499999999996
-28867.506111111106
-28867.506666666664
-28867.50277777777
-28867.495
-28867.498333333322
-28867.49666666666
-28867.494444444434
-28867.50666666666
-28867.50444444444
-28867.509999999995
-28867.507777777773
-28867.502777777776
-28867.49222222222
-28867.49611111111
-28867.499444444442
-28867.503333333327
-28867.499999999996
-28867.507777777777
-28867.50444444444
-28867.50611111111
-28867.501666666663
-28867.50055555555
-28867.507222222215
-28867.51111111111
-28867.509999999995
-28867.50722222222
-28867.508888888886
-28867.503888888885
-28867.50444444444
-28867.507777777777



The list of best values average 

-27341.02999999999
-27360.71
-27406.43
-27447.680000000004
-27500.390000000007
-27557.899999999998
-27634.819999999992
-27716.810000000005
-27788.799999999996
-27882.070000000003
-27947.829999999998
-28031.099999999984
-28128.74
-28233.34
-28294.17
-28371.81000000001
-28436.080000000005
-28500.53
-28553.269999999997
-28598.65000000001
-28645.859999999993
-28664.440000000002
-28704.03999999999
-28723.97000000002
-28734.470000000012
-28751.889999999992
-28764.450000000004
-28780.460000000006
-28787.54
-28799.209999999992
-28808.579999999984
-28817.27
-28820.470000000005
-28825.860000000004
-28829.949999999997
-28836.510000000006
-28840.180000000015
-28843.06
-28846.010000000002
-28848.580000000013
-28852.199999999993
-28853.039999999997
-28854.84999999999
-28858.459999999995
-28858.020000000008
-28859.880000000016
-28860.409999999996
-28861.960000000003
-28862.429999999997
-28863.77
-28865.030000000002
-28864.16999999999
-28865.46
-28866.609999999997
-28867.659999999996
-28867.13
-28867.08
-28866.819999999978
-28867.109999999993
-28867.729999999992
-28868.249999999996
-28867.879999999994
-28868.27999999999
-28868.239999999994
-28868.709999999992
-28868.8
-28869.07
-28869.10999999999
-28868.76
-28868.849999999995
-28869.059999999994
-28868.969999999998
-28869.179999999997
-28869.429999999997
-28869.209999999995
-28869.60999999999
-28869.489999999987
-28869.729999999992
-28869.61999999999
-28869.619999999995
-28869.789999999994
-28869.79999999999
-28869.839999999993
-28869.969999999998
-28870.039999999994
-28869.899999999998
-28869.989999999994
-28869.849999999995
-28869.909999999985
-28869.960000000003
-28869.879999999994
-28870.039999999994
-28869.909999999996
-28869.909999999996
-28869.940000000002
-28869.949999999986
-28869.97999999999
-28870.09999999999
-28869.909999999993
-28870.059999999987
-28870.199999999986
-28870.229999999992
-28870.20999999999
-28870.209999999992
-28870.20999999998
-28870.199999999986
-28870.14999999998
-28870.159999999985
-28869.98999999999
-28869.929999999986
-28870.019999999993
-28869.999999999985
-28870.189999999995
-28870.19999999999
-28870.18999999999
-28870.21999999999
-28870.24999999999
-28870.22999999999
-28870.26999999999
-28870.289999999994
-28870.15999999999
-28870.189999999984
-28870.29999999999
-28870.239999999983
-28870.06999999999
-28870.139999999985
-28870.199999999983
-28870.169999999984
-28870.079999999987
-28870.189999999984
-28870.279999999988
-28870.27999999998
-28870.189999999984
-28870.229999999985
-28870.309999999987
-28870.269999999986
-28870.299999999985
-28870.249999999985
-28870.24999999999
-28870.279999999988
-28870.26999999999
-28870.249999999985
-28870.129999999986
-28870.21999999999
-28870.219999999987
-28870.309999999983
-28870.279999999988
-28870.299999999985
-28870.289999999986
-28870.339999999986
-28870.339999999986
-28870.309999999983
-28870.329999999984
-28870.29999999998
-28870.329999999984
-28870.339999999986
-28870.329999999984
-28870.339999999986
-28870.339999999986
-28870.339999999986
-28870.339999999986
-28870.339999999986
-28870.339999999986
-28870.339999999986
-28870.339999999986
-28870.339999999986
-28870.339999999986
-28870.31999999999
-28870.339999999986
-28870.349999999988
-28870.339999999986
-28870.339999999986
-28870.31999999999
-28870.269999999986
-28870.259999999987
-28870.339999999986
-28870.339999999986
-28870.349999999988
-28870.339999999986
-28870.349999999988
-28870.339999999986
-28870.339999999986
-28870.339999999986
-28870.309999999987
-28870.31999999999
-28870.339999999986
-28870.349999999988
-28870.349999999988
-28870.339999999986
-28870.339999999986
-28870.339999999986
-28870.319999999985
-28870.309999999983
-28870.339999999986
-28870.31999999999
-28870.31999999999
-28870.309999999987
-28870.309999999987
-28870.309999999987
-28870.309999999987
-28870.31999999999
-28870.339999999986
-28870.339999999986
-28870.329999999987
-28870.339999999986
-28870.339999999986
-28870.339999999986
-28870.339999999986
-28870.349999999988
-28870.339999999986
-28870.329999999987
-28870.31999999999
-28870.329999999987
-28870.33999999999
-28870.329999999987
-28870.329999999987
-28870.33999999999
-28870.329999999987
-28870.329999999987
-28870.299999999985
-28870.299999999985
-28870.329999999987
-28870.319999999985
-28870.329999999987
-28870.31999999999
-28870.299999999992
-28870.31999999999
-28870.329999999987
-28870.329999999987
-28870.329999999987
-28870.31999999999
-28870.329999999987
-28870.329999999987
-28870.329999999987
-28870.329999999987
-28870.329999999987
-28870.33999999999
-28870.329999999987
-28870.329999999987
-28870.329999999987
-28870.319999999985
-28870.329999999987
-28870.329999999987
-28870.329999999987
-28870.329999999987
-28870.329999999987
-28870.329999999987
-28870.329999999987
-28870.329999999987
-28870.329999999987
-28870.329999999987
-28870.329999999987
-28870.329999999987
-28870.329999999987
-28870.329999999987
-28870.29999999999
-28870.289999999986
-28870.29999999999
-28870.30999999999
-28870.30999999999
-28870.329999999987
-28870.329999999987
-28870.33999999999
-28870.33999999999
-28870.329999999987
-28870.33999999999
-28870.329999999987
-28870.329999999987
-28870.329999999987
-28870.329999999987
-28870.329999999987
-28870.299999999985
-28870.329999999987
-28870.329999999987
-28870.28999999999
-28870.30999999999
-28870.30999999999
-28870.329999999987
-28870.329999999987
-28870.329999999987
-28870.329999999987
-28870.319999999985
-28870.329999999987
-28870.329999999987
-28870.33999999999
-28870.329999999987
-28870.329999999987
-28870.319999999985
-28870.369999999988
-28870.45999999999
-28870.38999999999
-28870.38999999999
-28870.45999999999
-28870.38999999999
-28870.45999999999
-28870.45999999999
-28870.45999999999
-28870.45999999999
-28870.45999999999
-28870.45999999999
-28870.45999999999
-28870.45999999999
-28870.45999999999
-28870.45999999999
-28870.45999999999
-28870.45999999999
-28870.45999999999
-28870.45999999999
-28870.45999999999
-28870.45999999999
-28870.45999999999
-28870.45999999999
-28870.45999999999
-28870.45999999999
-28870.45999999999
-28870.45999999999
-28870.45999999999
-28870.45999999999
-28870.45999999999
-28870.45999999999
-28870.45999999999
-28870.45999999999
-28870.45999999999
-28870.45999999999
-28870.45999999999
-28870.45999999999
-28870.45999999999
-28870.45999999999
-28870.45999999999
-28870.45999999999
-28870.45999999999
-28870.45999999999
-28870.45999999999
-28870.45999999999
-28870.45999999999
-28870.45999999999
-28870.45999999999
-28870.45999999999
-28870.45999999999
-28870.45999999999
-28870.45999999999
-28870.45999999999
-28870.45999999999
-28870.45999999999
-28870.45999999999
-28870.45999999999
-28870.45999999999
-28870.45999999999
-28870.45999999999
-28870.45999999999
-28870.45999999999
-28870.45999999999
-28870.45999999999
-28870.45999999999
-28870.45999999999
-28870.45999999999
-28870.45999999999
-28870.45999999999
-28870.45999999999
-28870.45999999999
-28870.45999999999
-28870.45999999999
-28870.45999999999
-28870.45999999999
-28870.45999999999
-28870.45999999999
-28870.45999999999
-28870.45999999999
-28870.45999999999
-28870.45999999999
-28870.45999999999
-28870.45999999999
-28870.45999999999
-28870.45999999999
-28870.45999999999
-28870.45999999999
-28870.45999999999
-28870.45999999999
-28870.45999999999
-28870.45999999999
-28870.45999999999
-28870.45999999999
-28870.45999999999
-28870.45999999999
-28870.45999999999
-28870.45999999999
-28870.45999999999
-28870.45999999999
-28870.45999999999
-28870.45999999999
-28870.45999999999
-28870.45999999999
-28870.45999999999
-28870.45999999999
-28870.45999999999
-28870.45999999999
-28870.45999999999
-28870.45999999999
-28870.45999999999
-28870.45999999999
-28870.45999999999
-28870.45999999999
-28870.45999999999
-28870.45999999999
-28870.45999999999
-28870.45999999999
-28870.45999999999
-28870.45999999999
-28870.45999999999
-28870.45999999999
-28870.45999999999
-28870.45999999999
-28870.45999999999
-28870.45999999999
-28870.45999999999
-28870.45999999999
-28870.45999999999
-28870.45999999999
-28870.45999999999
-28870.45999999999
-28870.45999999999
-28870.45999999999
-28870.45999999999
-28870.45999999999
-28870.45999999999
-28870.45999999999
-28870.45999999999
-28870.45999999999
-28870.45999999999
-28870.45999999999
-28870.45999999999
-28870.45999999999
-28870.45999999999
-28870.45999999999
-28870.45999999999
-28870.45999999999
-28870.45999999999
-28870.45999999999
-28870.45999999999
-28870.45999999999
-28870.45999999999
-28870.45999999999
-28870.45999999999
-28870.45999999999
-28870.45999999999
-28870.45999999999
-28870.45999999999
-28870.45999999999
-28870.45999999999
-28870.45999999999
-28870.45999999999
-28870.45999999999
-28870.45999999999
-28870.45999999999
-28870.45999999999
-28870.45999999999
-28870.45999999999
-28870.45999999999
-28870.45999999999
-28870.45999999999
-28870.45999999999
-28870.45999999999
-28870.45999999999
-28870.45999999999
-28870.45999999999
-28870.45999999999
-28870.45999999999
-28870.45999999999
-28870.45999999999
-28870.45999999999
-28870.45999999999
-28870.45999999999
-28870.45999999999
-28870.45999999999
-28870.45999999999
-28870.45999999999
-28870.45999999999
-28870.45999999999
-28870.45999999999
-28870.45999999999
-28870.45999999999
-28870.45999999999
-28870.45999999999
-28870.45999999999
-28870.45999999999
-28870.45999999999
-28870.45999999999
-28870.45999999999
-28870.45999999999
-28870.45999999999
-28870.45999999999
-28870.45999999999
-28870.45999999999
-28870.45999999999
-28870.45999999999
-28870.45999999999
-28870.45999999999
-28870.45999999999
-28870.45999999999
-28870.45999999999
-28870.45999999999
-28870.45999999999
-28870.45999999999
-28870.45999999999
-28870.45999999999
-28870.45999999999
-28870.45999999999
-28870.45999999999
-28870.45999999999
-28870.45999999999
-28870.45999999999
-28870.45999999999
-28870.45999999999
-28870.45999999999
-28870.45999999999
-28870.45999999999
-28870.45999999999
-28870.45999999999
-28870.45999999999
-28870.45999999999
-28870.45999999999
-28870.45999999999
-28870.45999999999
-28870.45999999999
-28870.45999999999
-28870.45999999999
-28870.45999999999
-28870.45999999999
-28870.45999999999
-28870.45999999999
-28870.45999999999
-28870.45999999999
-28870.45999999999
-28870.45999999999
-28870.45999999999
-28870.45999999999
-28870.45999999999
-28870.45999999999
-28870.45999999999
-28870.45999999999
-28870.45999999999
-28870.45999999999
-28870.45999999999
-28870.45999999999
-28870.45999999999
-28870.45999999999
-28870.45999999999
-28870.45999999999
-28870.45999999999
-28870.45999999999
-28870.45999999999
-28870.45999999999
-28870.45999999999
-28870.45999999999
-28870.45999999999
-28870.45999999999
-28870.45999999999
-28870.45999999999
-28870.45999999999
-28870.45999999999
-28870.45999999999
-28870.45999999999
-28870.45999999999
-28870.45999999999
-28870.45999999999
-28870.45999999999
-28870.45999999999
-28870.45999999999
-28870.45999999999
-28870.45999999999
-28870.45999999999
-28870.45999999999
-28870.45999999999
-28870.45999999999
-28870.45999999999
-28870.45999999999
-28870.45999999999
-28870.45999999999
-28870.45999999999
-28870.45999999999
-28870.45999999999
-28870.45999999999
-28870.45999999999
-28870.45999999999
-28870.45999999999
-28870.45999999999
-28870.45999999999
-28870.45999999999
