----------Report of simulation of Quantum Parallel Tempering - Population Annealing v2-----------
The number of considered Spin90
The considered Annealing Duration 360
The considered Annealing Number 100
The considered T 1.0
The considered Gamma0 1.0
The considered Number Of Replica 3
The considered Number Of System Tempering 3
The considered Number Of System Population 3
The solution found [ 1. -1. -1. -1.  1. -1.  1. -1.  1. -1.  1.  1. -1. -1. -1. -1. -1.  1.
  1. -1. -1. -1.  1. -1.  1. -1. -1. -1.  1.  1. -1.  1. -1.  1. -1. -1.
 -1.  1. -1.  1.  1.  1.  1. -1.  1.  1. -1.  1.  1.  1.  1. -1.  1. -1.
 -1. -1. -1. -1. -1. -1. -1.  1.  1. -1. -1.  1.  1.  1.  1. -1.  1. -1.
 -1.  1. -1.  1.  1. -1.  1.  1.  1. -1.  1.  1.  1. -1. -1.  1.  1. -1.]
The value found -11109.0
The Success probability is 0.3
The average value is -11103.83
The total execution time is 2026.8294291496277
The average time for execution is 20.268292362689973
The average time for all systems update is 0.056214034411642286
The average time for system tempering update is 0.009523790533895845
The average time for system population update is 982.8884017467499
The average time for replica update is 0.003103441467991582
The average time for spin update is 3.413877471647799e-05
The list of values found 

-11088.0
-11109.0
-11103.0
-11105.0
-11104.0
-11105.0
-11109.0
-11109.0
-11097.0
-11109.0
-11097.0
-11109.0
-11104.0
-11105.0
-11105.0
-11105.0
-11109.0
-11109.0
-11105.0
-11104.0
-11105.0
-11105.0
-11104.0
-11105.0
-11105.0
-11109.0
-11105.0
-11109.0
-11097.0
-11109.0
-11105.0
-11097.0
-11109.0
-11109.0
-11105.0
-11090.0
-11094.0
-11097.0
-11104.0
-11105.0
-11104.0
-11090.0
-11109.0
-11109.0
-11105.0
-11109.0
-11104.0
-11109.0
-11109.0
-11105.0
-11090.0
-11097.0
-11109.0
-11105.0
-11105.0
-11104.0
-11105.0
-11109.0
-11104.0
-11105.0
-11105.0
-11105.0
-11105.0
-11109.0
-11088.0
-11105.0
-11105.0
-11109.0
-11105.0
-11097.0
-11109.0
-11097.0
-11105.0
-11109.0
-11109.0
-11109.0
-11105.0
-11109.0
-11109.0
-11109.0
-11105.0
-11105.0
-11109.0
-11109.0
-11104.0
-11105.0
-11097.0
-11105.0
-11097.0
-11097.0
-11105.0
-11097.0
-11092.0
-11104.0
-11097.0
-11105.0
-11105.0
-11088.0
-11105.0
-11105.0



The list of values first execution 

-10257.611111111111
-10293.0
-10315.555555555555
-10353.444444444445
-10341.277777777777
-10391.277777777777
-10408.555555555555
-10454.0
-10449.166666666666
-10485.722222222223
-10456.666666666666
-10481.666666666666
-10486.388888888889
-10547.166666666666
-10567.277777777777
-10509.0
-10530.333333333334
-10535.333333333334
-10543.833333333334
-10531.222222222223
-10588.555555555555
-10583.666666666666
-10566.611111111111
-10596.333333333334
-10563.111111111111
-10598.388888888889
-10658.777777777777
-10658.0
-10594.722222222223
-10693.722222222223
-10701.944444444445
-10671.388888888889
-10675.944444444445
-10651.166666666666
-10644.666666666666
-10679.833333333334
-10695.0
-10681.722222222223
-10689.0
-10657.333333333334
-10639.777777777777
-10719.388888888889
-10697.944444444445
-10695.444444444445
-10712.611111111111
-10708.388888888889
-10712.888888888889
-10728.388888888889
-10733.611111111111
-10729.333333333334
-10744.555555555555
-10701.944444444445
-10712.111111111111
-10653.388888888889
-10716.555555555555
-10711.777777777777
-10714.777777777777
-10705.555555555555
-10725.5
-10759.222222222223
-10752.222222222223
-10758.944444444445
-10724.111111111111
-10737.0
-10707.833333333334
-10750.0
-10731.166666666666
-10725.166666666666
-10723.833333333334
-10768.055555555555
-10759.666666666666
-10762.388888888889
-10776.111111111111
-10776.5
-10726.388888888889
-10754.5
-10720.777777777777
-10760.111111111111
-10738.166666666666
-10740.166666666666
-10740.333333333334
-10719.777777777777
-10730.5
-10743.444444444445
-10737.944444444445
-10724.333333333334
-10755.555555555555
-10735.333333333334
-10753.944444444445
-10687.333333333334
-10734.444444444445
-10800.111111111111
-10754.0
-10764.388888888889
-10752.611111111111
-10759.388888888889
-10762.222222222223
-10754.444444444445
-10733.555555555555
-10731.222222222223
-10727.333333333334
-10759.833333333334
-10774.388888888889
-10765.111111111111
-10782.0
-10728.333333333334
-10757.444444444445
-10754.888888888889
-10765.333333333334
-10786.166666666666
-10790.0
-10792.166666666666
-10761.833333333334
-10799.611111111111
-10745.277777777777
-10773.833333333334
-10765.833333333334
-10772.944444444445
-10745.222222222223
-10784.888888888889
-10783.611111111111
-10782.277777777777
-10771.277777777777
-10761.666666666666
-10773.5
-10782.722222222223
-10790.166666666666
-10761.666666666666
-10808.277777777777
-10768.944444444445
-10771.111111111111
-10759.333333333334
-10767.333333333334
-10715.055555555555
-10772.0
-10752.888888888889
-10755.666666666666
-10774.5
-10767.5
-10743.777777777777
-10788.222222222223
-10761.833333333334
-10794.555555555555
-10761.722222222223
-10709.833333333334
-10776.555555555555
-10689.833333333334
-10740.777777777777
-10786.277777777777
-10771.111111111111
-10736.111111111111
-10764.222222222223
-10785.722222222223
-10759.722222222223
-10761.611111111111
-10755.166666666666
-10763.888888888889
-10765.777777777777
-10771.444444444445
-10805.111111111111
-10776.777777777777
-10767.555555555555
-10773.722222222223
-10759.333333333334
-10743.722222222223
-10718.833333333334
-10750.166666666666
-10782.166666666666
-10785.388888888889
-10756.0
-10772.833333333334
-10769.722222222223
-10828.111111111111
-10797.166666666666
-10760.611111111111
-10764.333333333334
-10758.0
-10763.277777777777
-10761.277777777777
-10760.944444444445
-10767.555555555555
-10774.0
-10746.777777777777
-10788.333333333334
-10698.944444444445
-10767.722222222223
-10771.222222222223
-10746.444444444445
-10772.888888888889
-10775.333333333334
-10773.222222222223
-10785.944444444445
-10770.388888888889
-10757.722222222223
-10793.888888888889
-10773.055555555555
-10757.5
-10782.722222222223
-10733.277777777777
-10739.944444444445
-10740.888888888889
-10722.5
-10756.388888888889
-10783.0
-10783.222222222223
-10776.666666666666
-10757.5
-10796.0
-10743.111111111111
-10782.444444444445
-10788.944444444445
-10810.555555555555
-10791.166666666666
-10791.333333333334
-10767.611111111111
-10737.5
-10731.944444444445
-10755.666666666666
-10781.111111111111
-10700.777777777777
-10803.111111111111
-10750.388888888889
-10783.777777777777
-10736.277777777777
-10760.722222222223
-10749.166666666666
-10774.0
-10735.777777777777
-10761.222222222223
-10756.277777777777
-10708.611111111111
-10730.388888888889
-10753.333333333334
-10738.833333333334
-10734.666666666666
-10749.333333333334
-10750.833333333334
-10708.444444444445
-10754.0
-10755.0
-10759.333333333334
-10736.333333333334
-10762.666666666666
-10729.277777777777
-10695.666666666666
-10742.611111111111
-10750.166666666666
-10739.833333333334
-10742.388888888889
-10777.555555555555
-10742.388888888889
-10795.333333333334
-10769.055555555555
-10780.888888888889
-10778.333333333334
-10774.555555555555
-10787.5
-10781.277777777777
-10773.166666666666
-10760.222222222223
-10760.777777777777
-10780.444444444445
-10725.111111111111
-10757.777777777777
-10786.722222222223
-10789.944444444445
-10804.722222222223
-10807.944444444445
-10776.166666666666
-10776.722222222223
-10804.0
-10757.055555555555
-10768.611111111111
-10740.166666666666
-10770.444444444445
-10753.666666666666
-10746.666666666666
-10787.166666666666
-10799.388888888889
-10795.666666666666
-10739.444444444445
-10740.666666666666
-10740.888888888889
-10747.222222222223
-10750.722222222223
-10767.277777777777
-10726.222222222223
-10788.0
-10788.611111111111
-10787.888888888889
-10777.166666666666
-10707.055555555555
-10749.333333333334
-10763.166666666666
-10771.277777777777
-10761.333333333334
-10778.666666666666
-10733.666666666666
-10769.277777777777
-10758.111111111111
-10767.277777777777
-10806.222222222223
-10773.277777777777
-10782.166666666666
-10768.5
-10765.5
-10778.222222222223
-10745.333333333334
-10762.166666666666
-10763.666666666666
-10733.388888888889
-10739.611111111111
-10785.444444444445
-10758.5
-10789.611111111111
-10727.944444444445
-10745.611111111111
-10788.833333333334
-10727.888888888889
-10765.333333333334
-10770.166666666666
-10748.777777777777
-10770.333333333334
-10767.833333333334
-10785.333333333334
-10769.388888888889
-10806.444444444445
-10803.666666666666
-10792.555555555555
-10775.111111111111
-10765.666666666666
-10753.111111111111
-10736.888888888889
-10736.944444444445
-10755.5
-10779.888888888889
-10752.5
-10775.388888888889
-10782.111111111111
-10785.388888888889
-10816.5
-10806.722222222223
-10804.444444444445
-10767.0
-10748.833333333334
-10732.666666666666
-10767.888888888889
-10731.666666666666
-10773.888888888889
-10750.388888888889
-10751.0
-10762.111111111111
-10741.888888888889
-10777.5
-10750.444444444445
-10781.222222222223
-10753.166666666666
-10719.666666666666
-10731.166666666666
-10750.388888888889



The list of best values first execution 

-10751.0
-10816.0
-10914.0
-10947.0
-10927.0
-10940.0
-10987.0
-11001.0
-10989.0
-11013.0
-10983.0
-11012.0
-11016.0
-10993.0
-11025.0
-11031.0
-11020.0
-11031.0
-11032.0
-11046.0
-11047.0
-11047.0
-11058.0
-11066.0
-11066.0
-11066.0
-11066.0
-11066.0
-11066.0
-11066.0
-11066.0
-11066.0
-11066.0
-11066.0
-11066.0
-11066.0
-11066.0
-11066.0
-11066.0
-11066.0
-11066.0
-11066.0
-11066.0
-11066.0
-11066.0
-11066.0
-11066.0
-11066.0
-11066.0
-11066.0
-11066.0
-11066.0
-11066.0
-11066.0
-11066.0
-11066.0
-11066.0
-11066.0
-11066.0
-11066.0
-11066.0
-11066.0
-11068.0
-11068.0
-11068.0
-11068.0
-11068.0
-11068.0
-11068.0
-11068.0
-11068.0
-11066.0
-11068.0
-11066.0
-11073.0
-11071.0
-11071.0
-11076.0
-11077.0
-11082.0
-11077.0
-11082.0
-11077.0
-11082.0
-11082.0
-11082.0
-11082.0
-11082.0
-11082.0
-11082.0
-11082.0
-11082.0
-11082.0
-11082.0
-11075.0
-11077.0
-11082.0
-11077.0
-11077.0
-11079.0
-11082.0
-11082.0
-11082.0
-11082.0
-11078.0
-11082.0
-11082.0
-11082.0
-11082.0
-11082.0
-11082.0
-11088.0
-11082.0
-11082.0
-11082.0
-11082.0
-11082.0
-11082.0
-11077.0
-11082.0
-11082.0
-11082.0
-11082.0
-11082.0
-11082.0
-11082.0
-11082.0
-11082.0
-11082.0
-11082.0
-11082.0
-11082.0
-11082.0
-11082.0
-11082.0
-11082.0
-11082.0
-11082.0
-11082.0
-11082.0
-11082.0
-11082.0
-11082.0
-11082.0
-11082.0
-11082.0
-11082.0
-11082.0
-11082.0
-11082.0
-11082.0
-11082.0
-11082.0
-11082.0
-11082.0
-11082.0
-11082.0
-11082.0
-11082.0
-11082.0
-11082.0
-11082.0
-11082.0
-11082.0
-11082.0
-11082.0
-11082.0
-11082.0
-11082.0
-11082.0
-11082.0
-11082.0
-11082.0
-11082.0
-11082.0
-11082.0
-11082.0
-11082.0
-11082.0
-11082.0
-11082.0
-11082.0
-11082.0
-11082.0
-11082.0
-11082.0
-11082.0
-11082.0
-11082.0
-11082.0
-11082.0
-11082.0
-11082.0
-11082.0
-11082.0
-11082.0
-11082.0
-11082.0
-11082.0
-11082.0
-11082.0
-11082.0
-11082.0
-11082.0
-11082.0
-11082.0
-11082.0
-11082.0
-11082.0
-11082.0
-11082.0
-11082.0
-11082.0
-11082.0
-11082.0
-11082.0
-11082.0
-11082.0
-11082.0
-11082.0
-11082.0
-11082.0
-11082.0
-11082.0
-11082.0
-11082.0
-11082.0
-11082.0
-11082.0
-11082.0
-11082.0
-11082.0
-11082.0
-11082.0
-11082.0
-11082.0
-11082.0
-11082.0
-11082.0
-11082.0
-11082.0
-11082.0
-11082.0
-11082.0
-11082.0
-11082.0
-11082.0
-11082.0
-11082.0
-11082.0
-11082.0
-11082.0
-11082.0
-11082.0
-11082.0
-11082.0
-11082.0
-11082.0
-11082.0
-11082.0
-11082.0
-11082.0
-11082.0
-11082.0
-11082.0
-11082.0
-11082.0
-11082.0
-11082.0
-11082.0
-11082.0
-11082.0
-11082.0
-11082.0
-11082.0
-11082.0
-11082.0
-11082.0
-11082.0
-11082.0
-11082.0
-11082.0
-11082.0
-11082.0
-11082.0
-11082.0
-11082.0
-11082.0
-11082.0
-11082.0
-11082.0
-11082.0
-11082.0
-11082.0
-11082.0
-11082.0
-11082.0
-11082.0
-11082.0
-11082.0
-11082.0
-11082.0
-11082.0
-11082.0
-11082.0
-11082.0
-11082.0
-11082.0
-11082.0
-11082.0
-11082.0
-11082.0
-11082.0
-11082.0
-11082.0
-11082.0
-11082.0
-11082.0
-11082.0
-11082.0
-11082.0
-11082.0
-11082.0
-11082.0
-11082.0
-11082.0
-11082.0
-11082.0
-11082.0
-11082.0
-11082.0
-11082.0
-11082.0
-11082.0
-11082.0
-11082.0
-11082.0
-11082.0
-11082.0
-11082.0
-11082.0
-11082.0
-11082.0
-11082.0
-11082.0
-11082.0
-11082.0
-11082.0
-11082.0
-11082.0
-11082.0
-11082.0
-11082.0
-11082.0
-11082.0
-11082.0
-11082.0
-11082.0
-11082.0
-11082.0



The list of values average 

-10229.213888888891
-10301.656111111106
-10344.966111111109
-10366.037777777774
-10389.562222222228
-10405.48722222222
-10420.161666666669
-10428.23111111111
-10443.18555555555
-10456.121111111106
-10472.697222222225
-10479.575555555552
-10491.918888888886
-10509.606111111114
-10519.251666666672
-10532.467777777774
-10538.993333333337
-10551.307222222224
-10568.979444444445
-10576.904444444444
-10581.580555555553
-10592.999444444446
-10604.547777777776
-10614.847222222219
-10618.299999999996
-10623.56
-10638.43555555555
-10645.392222222217
-10652.514444444445
-10661.07944444445
-10667.63055555555
-10669.54
-10674.710000000001
-10677.408888888887
-10688.671666666665
-10685.035555555554
-10693.560555555556
-10692.48
-10697.78777777778
-10702.770000000002
-10702.645000000002
-10709.33722222222
-10706.188333333328
-10715.783888888887
-10713.497777777779
-10722.531111111111
-10719.472222222219
-10717.37166666666
-10724.512777777774
-10725.646666666667
-10722.553888888891
-10726.377777777781
-10730.040555555555
-10728.823888888888
-10738.607777777775
-10732.498888888886
-10737.305555555555
-10739.332222222223
-10739.012777777772
-10735.295555555553
-10736.933333333332
-10743.20222222223
-10742.196111111109
-10746.048888888892
-10745.21111111111
-10749.276666666667
-10747.908333333342
-10748.855555555556
-10752.47444444444
-10752.326666666664
-10754.077222222224
-10752.06833333333
-10755.206666666661
-10752.797777777776
-10755.748333333335
-10752.01944444444
-10756.361666666668
-10754.24888888889
-10750.364444444445
-10755.268888888886
-10755.675555555557
-10758.362777777775
-10756.150000000003
-10760.492777777778
-10755.189444444448
-10754.796666666669
-10757.105555555561
-10761.031111111117
-10765.487222222226
-10757.61
-10759.102222222222
-10761.18888888889
-10761.610555555557
-10761.604999999994
-10758.870555555559
-10761.94611111111
-10764.448888888885
-10760.255555555552
-10763.434444444445
-10759.875555555553
-10763.676111111115
-10762.272222222215
-10764.067777777775
-10767.53888888889
-10768.102777777773
-10764.326111111111
-10765.626666666665
-10763.72222222222
-10764.370555555557
-10759.79833333333
-10762.318888888893
-10762.245000000004
-10765.48611111111
-10766.099999999997
-10761.847777777773
-10765.500000000002
-10767.855555555558
-10767.820000000002
-10765.082222222221
-10767.524999999998
-10763.536111111107
-10763.274444444438
-10763.091666666665
-10764.25
-10765.958888888883
-10766.25388888889
-10763.071111111112
-10766.563888888888
-10763.803333333337
-10767.821111111114
-10769.131111111104
-10768.498333333335
-10765.13222222222
-10763.558333333332
-10766.187777777775
-10765.03
-10765.222222222224
-10765.263888888887
-10763.884444444446
-10767.624444444444
-10768.504444444445
-10766.178333333333
-10766.43333333333
-10763.214999999998
-10763.389999999994
-10767.464444444442
-10763.110000000004
-10769.63388888889
-10769.146111111117
-10767.117222222218
-10762.290000000003
-10764.983333333335
-10762.659444444445
-10764.204444444442
-10764.079444444444
-10765.542777777779
-10766.762777777776
-10763.71444444444
-10770.052222222217
-10766.565000000004
-10767.331111111112
-10764.471111111116
-10769.579444444442
-10767.978888888889
-10763.940555555551
-10766.327777777775
-10766.304444444444
-10767.113333333338
-10767.532222222222
-10766.227222222225
-10762.896666666666
-10767.822222222221
-10767.694999999998
-10769.96388888889
-10769.061111111116
-10766.836666666664
-10774.315555555557
-10766.905555555557
-10766.61222222222
-10767.634999999997
-10769.42833333333
-10769.902222222221
-10768.280555555553
-10766.868333333336
-10760.66
-10765.413888888887
-10761.056111111116
-10772.742222222221
-10768.672777777772
-10769.344444444443
-10764.90277777778
-10766.862777777784
-10766.092222222225
-10770.91277777778
-10768.10555555555
-10768.937222222223
-10764.147777777778
-10766.595555555556
-10767.881666666668
-10765.396666666664
-10765.712777777775
-10765.920555555553
-10767.785555555558
-10765.496666666671
-10766.142777777779
-10768.95611111111
-10766.17888888889
-10768.612222222222
-10770.021111111106
-10766.147777777773
-10769.124444444446
-10761.824444444443
-10768.727777777784
-10767.189444444446
-10768.43277777778
-10768.295000000004
-10770.256666666666
-10769.537777777772
-10768.333333333332
-10769.231111111112
-10765.055000000002
-10764.43
-10771.759444444444
-10769.732777777781
-10769.244999999997
-10771.502222222221
-10769.480555555556
-10765.900555555552
-10772.117777777776
-10772.59888888889
-10771.677222222226
-10769.679444444448
-10767.14166666667
-10769.53833333333
-10769.953333333333
-10766.550555555554
-10768.85555555556
-10768.236666666666
-10764.356666666668
-10769.419444444446
-10768.388333333336
-10771.339444444446
-10767.32944444444
-10766.311666666668
-10767.58888888889
-10768.182222222227
-10770.675
-10768.337777777775
-10770.31277777778
-10768.816111111113
-10765.415000000008
-10764.754444444447
-10767.54888888889
-10767.74555555555
-10767.962777777779
-10770.35611111111
-10770.65388888889
-10769.064444444444
-10766.256666666664
-10767.847777777773
-10763.354999999996
-10766.977222222225
-10770.149999999996
-10769.101666666664
-10768.968333333334
-10771.843888888883
-10766.413888888892
-10765.325555555559
-10771.846111111114
-10767.105000000003
-10768.960000000003
-10770.293333333335
-10767.065
-10767.247777777777
-10764.479444444443
-10767.837222222219
-10769.293333333337
-10768.806666666662
-10771.506111111108
-10768.447777777781
-10769.97166666667
-10766.216666666667
-10767.735
-10765.45055555556
-10767.570000000005
-10764.013333333332
-10767.362777777778
-10763.513333333334
-10767.15666666667
-10767.452777777777
-10771.446111111107
-10766.913333333336
-10766.627777777778
-10766.45388888889
-10766.643333333337
-10768.46888888889
-10768.26333333333
-10763.838888888893
-10767.322222222221
-10765.03166666667
-10765.544999999998
-10766.082222222225
-10761.951111111108
-10764.144444444444
-10767.551111111114
-10763.638333333338
-10770.919444444444
-10770.240555555554
-10766.096111111112
-10770.134444444448
-10766.792777777775
-10769.861666666673
-10766.372222222222
-10766.15611111111
-10767.048333333329
-10764.429999999997
-10768.950555555552
-10765.78777777778
-10764.805000000002
-10766.273333333333
-10763.176111111108
-10765.810555555561
-10766.148333333333
-10767.49777777778
-10764.972777777777
-10770.991111111109
-10768.632777777777
-10766.385555555553
-10769.923333333338
-10768.973888888888
-10764.478333333334
-10766.55055555555
-10768.312222222221
-10763.156666666671
-10766.44888888889
-10766.695000000002
-10764.556666666667
-10764.896111111117
-10764.870555555557
-10765.48111111111
-10767.562222222225
-10771.343888888887
-10766.40777777778
-10767.289999999997
-10767.61333333334
-10765.897777777778
-10766.505000000005
-10765.216666666665
-10765.795555555558
-10761.270555555559
-10763.642222222223
-10769.182777777778
-10767.038333333334
-10766.994444444443
-10768.04
-10770.400555555554
-10769.654999999999
-10765.92944444444
-10764.189444444442
-10764.465555555551



The list of best values average 

-10720.270000000002
-10897.329999999998
-10962.99
-10994.15
-11015.429999999997
-11033.679999999995
-11043.299999999996
-11048.710000000006
-11053.100000000004
-11057.180000000004
-11058.150000000001
-11060.29
-11063.460000000003
-11065.650000000001
-11069.740000000002
-11069.700000000003
-11071.110000000006
-11072.540000000005
-11072.71
-11074.540000000005
-11075.03
-11074.93
-11076.12
-11078.910000000002
-11079.350000000002
-11078.980000000005
-11078.82
-11080.590000000004
-11081.250000000005
-11079.75
-11079.960000000003
-11081.190000000006
-11082.19
-11082.409999999998
-11081.59
-11082.460000000005
-11082.070000000003
-11083.04
-11082.87
-11081.869999999999
-11082.68
-11083.25
-11082.989999999998
-11084.15
-11083.520000000002
-11085.310000000003
-11084.45
-11084.550000000001
-11085.300000000005
-11085.090000000002
-11085.390000000003
-11086.530000000002
-11086.849999999999
-11086.749999999998
-11087.63
-11087.51
-11087.010000000002
-11088.64
-11089.61
-11089.91
-11089.390000000001
-11090.029999999999
-11089.269999999999
-11089.609999999999
-11091.05
-11090.700000000003
-11090.820000000003
-11090.590000000002
-11092.130000000006
-11093.240000000002
-11093.27
-11093.35
-11092.620000000003
-11093.84
-11094.029999999999
-11094.150000000003
-11094.26
-11095.05
-11094.59
-11094.220000000001
-11094.350000000004
-11094.530000000002
-11094.960000000001
-11094.139999999998
-11095.259999999998
-11095.770000000002
-11095.27
-11096.359999999999
-11096.229999999998
-11095.85
-11096.130000000003
-11095.820000000002
-11094.980000000001
-11095.470000000003
-11096.530000000006
-11095.589999999998
-11095.430000000006
-11096.300000000005
-11096.740000000003
-11096.720000000003
-11096.920000000002
-11096.270000000002
-11096.53
-11096.800000000001
-11096.659999999998
-11097.64
-11097.510000000002
-11097.640000000003
-11097.84
-11098.11
-11097.38
-11097.430000000006
-11097.939999999999
-11097.95
-11097.790000000005
-11097.930000000002
-11097.910000000003
-11098.410000000005
-11097.660000000002
-11098.580000000002
-11098.17
-11098.33
-11098.290000000003
-11098.480000000003
-11098.65
-11098.420000000002
-11097.800000000003
-11097.840000000004
-11098.890000000003
-11099.140000000001
-11098.650000000001
-11098.77
-11099.160000000003
-11098.980000000003
-11098.95
-11098.95
-11099.090000000002
-11099.04
-11098.510000000002
-11098.770000000002
-11098.800000000001
-11098.760000000002
-11098.830000000002
-11098.690000000002
-11099.190000000002
-11099.020000000002
-11099.280000000004
-11099.110000000002
-11098.870000000004
-11098.910000000003
-11099.340000000004
-11098.740000000002
-11098.62
-11098.93
-11099.010000000002
-11098.860000000002
-11099.170000000002
-11099.43
-11099.379999999997
-11099.19
-11099.31
-11099.4
-11099.38
-11099.339999999998
-11099.61
-11099.61
-11099.430000000002
-11099.470000000003
-11099.400000000003
-11098.910000000003
-11099.240000000002
-11099.110000000002
-11099.350000000004
-11099.390000000001
-11099.230000000003
-11099.340000000004
-11099.360000000004
-11098.62
-11098.890000000001
-11098.740000000002
-11098.5
-11098.48
-11098.369999999999
-11098.539999999999
-11098.54
-11098.250000000002
-11098.030000000004
-11097.800000000001
-11097.830000000002
-11097.82
-11097.730000000001
-11097.68
-11097.5
-11097.75
-11097.670000000002
-11098.18
-11098.290000000003
-11098.300000000003
-11098.240000000005
-11097.950000000004
-11098.150000000003
-11097.560000000005
-11097.580000000005
-11097.800000000003
-11097.820000000003
-11097.660000000003
-11097.460000000006
-11097.480000000003
-11097.730000000003
-11097.780000000006
-11097.800000000005
-11097.760000000006
-11097.800000000005
-11097.820000000002
-11097.870000000004
-11097.870000000003
-11097.890000000001
-11097.840000000004
-11097.750000000004
-11097.670000000004
-11097.570000000005
-11097.870000000004
-11097.780000000004
-11097.800000000005
-11097.740000000003
-11097.800000000003
-11097.840000000004
-11097.870000000003
-11097.920000000002
-11097.610000000004
-11097.760000000004
-11097.820000000003
-11097.970000000003
-11097.880000000005
-11097.970000000003
-11098.010000000004
-11097.810000000007
-11097.910000000005
-11097.940000000004
-11097.920000000004
-11097.960000000003
-11097.860000000004
-11097.880000000003
-11097.830000000005
-11097.790000000003
-11097.700000000006
-11097.800000000007
-11097.560000000009
-11097.560000000007
-11097.610000000006
-11097.740000000005
-11097.640000000007
-11097.690000000004
-11097.460000000006
-11097.530000000006
-11097.520000000004
-11097.500000000004
-11097.620000000004
-11097.690000000004
-11097.650000000003
-11097.550000000003
-11097.600000000002
-11097.580000000004
-11097.560000000005
-11097.650000000003
-11097.570000000003
-11097.480000000003
-11097.660000000002
-11097.710000000001
-11097.620000000003
-11097.750000000002
-11097.600000000002
-11097.620000000003
-11097.650000000003
-11097.670000000002
-11097.42
-11097.19
-11096.97
-11096.82
-11096.88
-11096.88
-11096.88
-11096.76
-11096.819999999998
-11096.73
-11096.79
-11096.630000000001
-11096.61
-11096.82
-11096.809999999998
-11096.830000000002
-11096.92
-11096.75
-11096.720000000001
-11096.810000000001
-11096.669999999998
-11096.82
-11096.720000000001
-11096.829999999996
-11096.74
-11096.869999999999
-11096.72
-11096.819999999998
-11096.949999999999
-11096.849999999999
-11096.939999999999
-11096.929999999998
-11096.78
-11096.740000000002
-11096.77
-11096.869999999999
-11096.92
-11096.869999999999
-11096.85
-11097.000000000002
-11097.17
-11096.980000000001
-11096.87
-11096.77
-11096.8
-11096.789999999999
-11096.789999999999
-11096.75
-11096.79
-11096.67
-11096.73
-11096.779999999999
-11096.6
-11096.65
-11096.57
-11096.69
-11096.7
-11096.640000000001
-11096.68
-11096.55
-11096.52
-11096.55
-11096.49
-11096.44
-11096.44
-11096.53
-11096.520000000002
-11096.520000000002
-11096.44
-11096.57
-11096.510000000002
-11096.580000000002
-11096.58
-11096.580000000002
-11096.380000000003
-11096.460000000003
-11096.610000000002
-11096.66
-11096.450000000003
-11096.520000000002
-11096.490000000003
-11096.510000000002
-11096.53
-11096.52
-11096.539999999999
