----------Report of simulation of Quantum Population Annealing-----------
The number of considered Spin 51
The considered Annealing Duration 204
The considered Annealing Number 100
The considered T 1.0
The considered Gamma0 1.0
The considered Number Of Replica 3
The considered Number Of System 6
The solution found [ 1.  1. -1. -1.  1. -1. -1.  1. -1.  1. -1. -1. -1. -1. -1.  1. -1. -1.
  1. -1.  1. -1. -1. -1.  1.  1. -1.  1.  1. -1. -1. -1.  1. -1. -1.  1.
  1.  1. -1.  1. -1.  1.  1.  1. -1. -1.  1.  1.  1.  1.  1.]
The value found -3604.0
The Success probability is 0.97
The average value is -3603.36
The total execution time is 387.56961250305176
The average time for execution is 3.875693917274475
The average time for all systems update is 0.018921520616493975
The average time for system update is 0.0031305593154788798
The average time for replica update is 0.0010429896956435476
The average time for spin update is 2.0131139812997467e-05
The list of values found 

-3604.0
-3604.0
-3604.0
-3604.0
-3604.0
-3604.0
-3604.0
-3604.0
-3604.0
-3586.0
-3604.0
-3604.0
-3604.0
-3604.0
-3604.0
-3604.0
-3604.0
-3604.0
-3604.0
-3604.0
-3604.0
-3604.0
-3604.0
-3581.0
-3604.0
-3604.0
-3604.0
-3604.0
-3604.0
-3604.0
-3604.0
-3604.0
-3604.0
-3604.0
-3604.0
-3604.0
-3604.0
-3604.0
-3604.0
-3604.0
-3604.0
-3604.0
-3604.0
-3604.0
-3604.0
-3604.0
-3604.0
-3604.0
-3604.0
-3604.0
-3604.0
-3604.0
-3604.0
-3604.0
-3604.0
-3604.0
-3604.0
-3604.0
-3604.0
-3604.0
-3604.0
-3604.0
-3604.0
-3604.0
-3604.0
-3604.0
-3604.0
-3604.0
-3604.0
-3604.0
-3604.0
-3604.0
-3604.0
-3604.0
-3604.0
-3604.0
-3604.0
-3604.0
-3604.0
-3604.0
-3604.0
-3581.0
-3604.0
-3604.0
-3604.0
-3604.0
-3604.0
-3604.0
-3604.0
-3604.0
-3604.0
-3604.0
-3604.0
-3604.0
-3604.0
-3604.0
-3604.0
-3604.0
-3604.0
-3604.0



The list of values first execution 

-3198.5
-3237.4444444444443
-3257.4444444444443
-3282.8888888888887
-3303.0555555555557
-3295.0
-3309.8333333333335
-3355.6111111111113
-3325.722222222222
-3340.0
-3342.277777777778
-3368.1111111111113
-3386.777777777778
-3407.777777777778
-3444.5
-3435.0
-3434.6666666666665
-3442.6111111111113
-3433.0
-3453.0
-3471.9444444444443
-3485.5555555555557
-3483.0
-3482.9444444444443
-3516.222222222222
-3499.277777777778
-3506.0
-3529.3888888888887
-3529.9444444444443
-3505.4444444444443
-3531.722222222222
-3535.3888888888887
-3514.4444444444443
-3521.6111111111113
-3525.0
-3525.0555555555557
-3541.722222222222
-3540.722222222222
-3545.222222222222
-3527.722222222222
-3544.777777777778
-3554.6111111111113
-3554.8888888888887
-3559.1111111111113
-3562.5555555555557
-3557.0
-3560.722222222222
-3557.722222222222
-3552.3888888888887
-3559.9444444444443
-3549.1111111111113
-3550.777777777778
-3554.3333333333335
-3557.8333333333335
-3562.3888888888887
-3569.8333333333335
-3572.8333333333335
-3565.6666666666665
-3559.8888888888887
-3562.5
-3561.6111111111113
-3564.777777777778
-3568.777777777778
-3573.277777777778
-3573.722222222222
-3574.1666666666665
-3576.3333333333335
-3566.6111111111113
-3569.8888888888887
-3565.8333333333335
-3567.722222222222
-3559.3888888888887
-3572.3888888888887
-3580.9444444444443
-3568.722222222222
-3564.6111111111113
-3570.1666666666665
-3571.777777777778
-3574.5555555555557
-3575.1111111111113
-3574.6111111111113
-3572.9444444444443
-3579.3333333333335
-3584.0555555555557
-3585.3888888888887
-3585.3888888888887
-3584.6111111111113
-3585.8888888888887
-3585.3333333333335
-3584.1666666666665
-3586.0555555555557
-3588.0
-3586.722222222222
-3584.3888888888887
-3583.5
-3588.222222222222
-3587.1666666666665
-3588.3333333333335
-3586.6111111111113
-3588.6666666666665
-3588.0
-3587.9444444444443
-3587.8888888888887
-3588.6666666666665
-3587.777777777778
-3588.6666666666665
-3587.722222222222
-3588.222222222222
-3588.0
-3588.6666666666665
-3588.6666666666665
-3588.6666666666665
-3588.6666666666665
-3588.3333333333335
-3588.222222222222
-3587.1666666666665
-3587.5555555555557
-3588.3333333333335
-3588.3333333333335
-3588.222222222222
-3587.5555555555557
-3588.1666666666665
-3588.6666666666665
-3587.777777777778
-3588.6666666666665
-3587.8888888888887
-3588.1111111111113
-3587.8333333333335
-3587.4444444444443
-3587.8888888888887
-3588.6666666666665
-3588.6666666666665
-3588.6666666666665
-3588.6666666666665
-3588.6666666666665
-3588.1666666666665
-3588.6666666666665
-3588.222222222222
-3588.6666666666665
-3588.6666666666665
-3588.6666666666665
-3588.6666666666665
-3588.6666666666665
-3588.6666666666665
-3588.6666666666665
-3588.222222222222
-3588.6666666666665
-3588.6666666666665
-3588.6666666666665
-3588.6666666666665
-3588.6666666666665
-3588.6666666666665
-3588.6666666666665
-3588.6666666666665
-3588.6666666666665
-3587.8333333333335
-3587.3333333333335
-3588.6666666666665
-3588.6666666666665
-3588.6666666666665
-3588.6666666666665
-3588.6666666666665
-3588.6666666666665
-3588.6666666666665
-3588.222222222222
-3587.8888888888887
-3588.1111111111113
-3588.6666666666665
-3588.6666666666665
-3588.6666666666665
-3588.6666666666665
-3588.6666666666665
-3588.6666666666665
-3588.0555555555557
-3588.6666666666665
-3588.6666666666665
-3588.6666666666665
-3588.6666666666665
-3588.6666666666665
-3588.6666666666665
-3588.6666666666665
-3588.6666666666665
-3588.6666666666665
-3588.6666666666665
-3588.6666666666665
-3588.6666666666665
-3588.1666666666665
-3588.3333333333335
-3588.6666666666665
-3588.6666666666665
-3588.6666666666665
-3588.6666666666665
-3588.6666666666665
-3588.6666666666665
-3588.6666666666665
-3588.3333333333335
-3588.6666666666665
-3588.6666666666665
-3588.6666666666665
-3588.6666666666665
-3588.6666666666665
-3588.6666666666665
-3588.6666666666665
-3588.6666666666665



The list of best values first execution 

-3281.0
-3329.0
-3334.0
-3380.0
-3414.0
-3365.0
-3491.0
-3436.0
-3422.0
-3440.0
-3452.0
-3435.0
-3470.0
-3546.0
-3552.0
-3505.0
-3525.0
-3528.0
-3512.0
-3509.0
-3587.0
-3546.0
-3548.0
-3537.0
-3565.0
-3558.0
-3567.0
-3569.0
-3570.0
-3543.0
-3566.0
-3588.0
-3584.0
-3554.0
-3560.0
-3582.0
-3581.0
-3574.0
-3584.0
-3573.0
-3573.0
-3566.0
-3581.0
-3593.0
-3588.0
-3581.0
-3581.0
-3581.0
-3571.0
-3581.0
-3574.0
-3580.0
-3582.0
-3586.0
-3588.0
-3590.0
-3604.0
-3581.0
-3581.0
-3581.0
-3575.0
-3589.0
-3593.0
-3588.0
-3590.0
-3604.0
-3604.0
-3604.0
-3593.0
-3593.0
-3593.0
-3590.0
-3604.0
-3604.0
-3604.0
-3583.0
-3590.0
-3604.0
-3604.0
-3604.0
-3604.0
-3591.0
-3604.0
-3604.0
-3604.0
-3604.0
-3604.0
-3604.0
-3604.0
-3604.0
-3604.0
-3604.0
-3604.0
-3604.0
-3604.0
-3604.0
-3604.0
-3604.0
-3604.0
-3604.0
-3604.0
-3604.0
-3604.0
-3604.0
-3604.0
-3604.0
-3604.0
-3604.0
-3604.0
-3604.0
-3604.0
-3604.0
-3604.0
-3604.0
-3604.0
-3604.0
-3604.0
-3604.0
-3604.0
-3604.0
-3604.0
-3604.0
-3604.0
-3604.0
-3604.0
-3604.0
-3604.0
-3604.0
-3604.0
-3604.0
-3604.0
-3604.0
-3604.0
-3604.0
-3604.0
-3604.0
-3604.0
-3604.0
-3604.0
-3604.0
-3604.0
-3604.0
-3604.0
-3604.0
-3604.0
-3604.0
-3604.0
-3604.0
-3604.0
-3604.0
-3604.0
-3604.0
-3604.0
-3604.0
-3604.0
-3604.0
-3604.0
-3604.0
-3604.0
-3604.0
-3604.0
-3604.0
-3604.0
-3604.0
-3604.0
-3604.0
-3604.0
-3604.0
-3604.0
-3604.0
-3604.0
-3604.0
-3604.0
-3604.0
-3604.0
-3604.0
-3604.0
-3604.0
-3604.0
-3604.0
-3604.0
-3604.0
-3604.0
-3604.0
-3604.0
-3604.0
-3604.0
-3604.0
-3604.0
-3604.0
-3604.0
-3604.0
-3604.0
-3604.0
-3604.0
-3604.0
-3604.0
-3604.0
-3604.0
-3604.0
-3604.0
-3604.0
-3604.0
-3604.0



The list of values average 

-3204.6566666666654
-3229.7722222222224
-3255.819444444445
-3272.569999999999
-3284.1488888888894
-3298.341111111112
-3307.7477777777776
-3325.2694444444446
-3340.0588888888888
-3352.742777777777
-3364.526111111112
-3375.7983333333336
-3387.309444444445
-3400.2516666666666
-3412.775555555557
-3419.8094444444437
-3435.3883333333342
-3445.115000000001
-3450.1250000000014
-3459.3427777777774
-3465.598333333333
-3473.077777777779
-3482.2533333333345
-3487.612222222222
-3492.5716666666676
-3498.270000000001
-3504.160555555555
-3510.0261111111104
-3513.036111111111
-3516.4533333333334
-3521.492777777779
-3525.8944444444455
-3530.3516666666674
-3533.556666666666
-3538.196666666667
-3539.4955555555575
-3541.4705555555565
-3546.2477777777785
-3548.4599999999987
-3551.3444444444453
-3555.5816666666656
-3558.478333333335
-3560.4927777777775
-3562.398333333334
-3563.8905555555557
-3565.0516666666667
-3568.3016666666667
-3568.9844444444443
-3571.2638888888896
-3572.863333333333
-3573.541111111111
-3573.972222222222
-3575.5900000000015
-3577.860000000001
-3578.1344444444444
-3579.3855555555556
-3579.7427777777784
-3581.2066666666665
-3582.9827777777764
-3583.4127777777776
-3584.1949999999993
-3585.273333333335
-3585.6572222222235
-3586.152777777778
-3586.881666666666
-3587.9666666666685
-3588.457777777777
-3588.287222222223
-3588.893888888888
-3589.8961111111103
-3590.042222222221
-3590.468333333332
-3590.8938888888883
-3591.051111111111
-3591.306666666666
-3591.6283333333336
-3591.6055555555545
-3592.070555555556
-3592.5305555555565
-3592.4144444444446
-3592.7738888888885
-3593.1033333333335
-3593.033333333333
-3593.287222222225
-3593.1816666666664
-3593.698888888888
-3593.6361111111114
-3593.6605555555557
-3594.100555555555
-3594.312222222221
-3594.739999999999
-3594.792777777777
-3594.8049999999985
-3594.7838888888887
-3594.832222222222
-3594.963888888889
-3595.0366666666664
-3594.8077777777776
-3595.2483333333334
-3595.5427777777777
-3595.6572222222203
-3595.55722222222
-3595.6850000000004
-3595.784444444444
-3595.9949999999985
-3595.989444444443
-3596.035555555555
-3595.9966666666655
-3596.121111111111
-3596.253333333331
-3596.2899999999986
-3596.2966666666653
-3596.299999999999
-3596.339444444444
-3596.4027777777774
-3596.395
-3596.388333333332
-3596.367222222221
-3596.2550000000006
-3596.3872222222203
-3596.414999999998
-3596.5022222222206
-3596.482222222219
-3596.564444444443
-3596.535555555555
-3596.649444444442
-3596.6938888888867
-3596.7516666666643
-3596.7038888888874
-3596.7049999999986
-3596.7094444444424
-3596.748333333332
-3596.7688888888865
-3596.754444444443
-3596.750555555554
-3596.778333333332
-3596.8088888888865
-3596.7772222222197
-3596.7627777777743
-3596.812222222222
-3596.797777777776
-3596.8055555555534
-3596.783333333331
-3596.8344444444424
-3596.8372222222215
-3596.8316666666647
-3596.866666666665
-3596.843333333333
-3596.8655555555547
-3596.8994444444425
-3596.884444444443
-3596.84722222222
-3596.8427777777765
-3596.8444444444426
-3596.830555555554
-3596.8161111111094
-3596.8461111111083
-3596.866111111109
-3596.885555555554
-3596.848888888888
-3596.8994444444434
-3596.877777777776
-3596.9049999999975
-3596.869444444443
-3596.883888888888
-3596.822777777777
-3596.8277777777766
-3596.870555555554
-3596.8544444444433
-3596.8544444444433
-3596.908888888886
-3596.8922222222204
-3596.867222222221
-3596.8699999999985
-3596.937777777775
-3596.9227777777755
-3596.9688888888872
-3596.9777777777767
-3596.9816666666648
-3596.971111111109
-3596.9977777777763
-3596.9905555555533
-3597.0149999999985
-3597.009444444443
-3597.037777777776
-3597.043888888887
-3597.007777777775
-3597.034999999998
-3597.041111111109
-3597.0338888888878
-3597.0116666666645
-3597.03111111111
-3597.013333333331
-3597.0372222222204
-3597.028888888887
-3597.038333333332
-3597.0255555555527
-3597.033333333331
-3597.044444444441
-3597.0372222222195
-3597.036666666663
-3597.040555555553
-3597.0649999999982
-3597.047777777775



The list of best values average 

-3329.429999999999
-3343.51
-3361.329999999999
-3376.500000000001
-3394.63
-3404.8700000000003
-3412.9
-3427.5900000000006
-3445.5699999999997
-3450.129999999999
-3459.83
-3469.790000000001
-3480.0199999999995
-3490.6499999999996
-3498.900000000001
-3506.4399999999996
-3518.9600000000005
-3525.69
-3525.7300000000005
-3534.3799999999987
-3537.3099999999995
-3542.6299999999997
-3549.2
-3552.2099999999987
-3556.49
-3559.5199999999995
-3562.220000000001
-3567.309999999999
-3569.1700000000005
-3571.569999999998
-3572.7399999999993
-3575.4099999999985
-3576.3699999999994
-3580.5699999999993
-3582.2
-3584.5100000000007
-3585.689999999999
-3588.169999999998
-3590.3999999999983
-3589.979999999998
-3591.189999999999
-3592.9099999999985
-3593.969999999998
-3593.5399999999972
-3595.909999999998
-3595.919999999999
-3597.1399999999985
-3597.4099999999985
-3597.8399999999983
-3598.049999999998
-3598.049999999998
-3598.929999999998
-3598.9599999999978
-3599.4499999999975
-3599.7999999999975
-3599.7299999999977
-3599.9399999999973
-3599.5599999999977
-3599.7899999999977
-3599.9899999999975
-3599.6699999999973
-3600.1399999999976
-3600.2599999999975
-3600.5899999999974
-3600.9799999999973
-3601.4899999999975
-3601.4999999999973
-3601.659999999997
-3601.649999999998
-3601.8999999999974
-3602.079999999997
-3601.9099999999976
-3601.9399999999973
-3602.1399999999976
-3601.8399999999974
-3601.889999999997
-3601.9399999999973
-3602.389999999997
-3602.529999999997
-3602.4199999999973
-3602.319999999997
-3602.2499999999973
-3602.049999999997
-3602.349999999997
-3602.369999999997
-3602.6899999999973
-3602.2899999999977
-3602.119999999997
-3601.909999999997
-3602.4799999999973
-3602.559999999997
-3602.7399999999975
-3602.7399999999975
-3602.4899999999975
-3602.599999999997
-3602.7399999999975
-3602.6999999999975
-3602.8799999999974
-3602.8799999999974
-3602.8999999999974
-3602.7299999999973
-3602.7699999999973
-3602.739999999997
-3602.8799999999974
-3602.8999999999974
-3602.8999999999974
-3602.8999999999974
-3602.8999999999974
-3602.8999999999974
-3602.8999999999974
-3602.8999999999974
-3602.8999999999974
-3602.8999999999974
-3602.8999999999974
-3602.8999999999974
-3602.8999999999974
-3602.8999999999974
-3602.8999999999974
-3602.8999999999974
-3602.8999999999974
-3602.8999999999974
-3602.8999999999974
-3602.8999999999974
-3602.8999999999974
-3602.8999999999974
-3602.8999999999974
-3602.8999999999974
-3602.8999999999974
-3602.8999999999974
-3602.8999999999974
-3602.8999999999974
-3602.8999999999974
-3602.8999999999974
-3602.8999999999974
-3602.8999999999974
-3602.8999999999974
-3602.8999999999974
-3602.8999999999974
-3602.8999999999974
-3602.8999999999974
-3602.8999999999974
-3602.8999999999974
-3602.8999999999974
-3602.8999999999974
-3602.8999999999974
-3602.8999999999974
-3602.8999999999974
-3602.8999999999974
-3602.8999999999974
-3602.8999999999974
-3602.8999999999974
-3602.8999999999974
-3602.8999999999974
-3602.8999999999974
-3602.8999999999974
-3602.8999999999974
-3602.8999999999974
-3602.8799999999974
-3602.9199999999973
-3602.9199999999973
-3602.9199999999973
-3602.9199999999973
-3602.9199999999973
-3602.9199999999973
-3602.9199999999973
-3602.8999999999974
-3602.8799999999974
-3602.869999999997
-3602.9199999999973
-3602.8799999999974
-3602.8799999999974
-3602.8799999999974
-3602.8999999999974
-3602.8999999999974
-3602.8999999999974
-3602.8999999999974
-3602.8999999999974
-3602.8999999999974
-3602.8999999999974
-3602.8999999999974
-3602.8999999999974
-3602.8999999999974
-3602.8999999999974
-3602.8999999999974
-3602.8999999999974
-3602.8999999999974
-3602.8999999999974
-3602.8999999999974
-3602.8999999999974
-3602.8999999999974
-3602.8999999999974
-3602.8999999999974
-3602.8999999999974
-3602.8999999999974
-3602.8999999999974
-3602.8999999999974
-3602.8999999999974
-3602.8999999999974
-3602.8999999999974
-3602.8999999999974
-3602.8999999999974
-3602.8999999999974
-3602.8999999999974
-3602.8999999999974
