----------Report of simulation of Quantum Parallel Tempering - Population Annealing v1-----------
The number of considered Spin50
The considered Annealing Duration 50
The considered Annealing Number 100
The considered T 1.0
The considered Gamma0 1.0
The considered Number Of Replica 3
The considered Number Of System Tempering 3
The considered Number Of System Population 3
The solution found [ 1.  1. -1. -1.  1. -1. -1.  1. -1.  1.  1.  1. -1.  1.  1. -1. -1.  1.
 -1. -1. -1. -1. -1.  1.  1.  1. -1.  1.  1. -1.  1.  1.  1. -1. -1. -1.
  1.  1.  1. -1. -1. -1. -1.  1.  1. -1. -1. -1.  1. -1.]
The value found -3671.0
The Success probability is 0.83
The average value is -3669.34
The total execution time is 217.78783512115479
The average time for execution is 2.1778758430480956
The average time for all systems update is 0.043329398012161256
The average time for system tempering update is 0.007941857814788818
The average time for system population update is 94.64360094070435
The average time for replica update is 0.0023739810970094468
The average time for spin update is 4.675071218278673e-05
The list of values found 

-3671.0
-3671.0
-3671.0
-3671.0
-3670.0
-3671.0
-3671.0
-3671.0
-3657.0
-3671.0
-3655.0
-3671.0
-3671.0
-3671.0
-3657.0
-3671.0
-3671.0
-3671.0
-3671.0
-3671.0
-3671.0
-3671.0
-3671.0
-3671.0
-3671.0
-3671.0
-3670.0
-3671.0
-3671.0
-3671.0
-3671.0
-3668.0
-3671.0
-3657.0
-3670.0
-3671.0
-3671.0
-3670.0
-3671.0
-3657.0
-3671.0
-3671.0
-3671.0
-3671.0
-3671.0
-3671.0
-3671.0
-3671.0
-3671.0
-3656.0
-3671.0
-3671.0
-3671.0
-3671.0
-3671.0
-3657.0
-3671.0
-3671.0
-3671.0
-3671.0
-3671.0
-3671.0
-3657.0
-3671.0
-3671.0
-3671.0
-3671.0
-3671.0
-3670.0
-3656.0
-3671.0
-3671.0
-3671.0
-3671.0
-3671.0
-3671.0
-3671.0
-3671.0
-3671.0
-3671.0
-3671.0
-3671.0
-3671.0
-3671.0
-3671.0
-3657.0
-3671.0
-3671.0
-3671.0
-3671.0
-3657.0
-3671.0
-3671.0
-3671.0
-3671.0
-3671.0
-3671.0
-3671.0
-3671.0
-3671.0



The list of values first execution 

-3301.3888888888887
-3352.1111111111113
-3392.5555555555557
-3419.5
-3483.722222222222
-3481.3333333333335
-3519.5
-3498.777777777778
-3512.777777777778
-3519.5
-3529.5555555555557
-3553.722222222222
-3541.0555555555557
-3560.3888888888887
-3558.6111111111113
-3562.222222222222
-3563.8333333333335
-3548.0555555555557
-3556.722222222222
-3558.722222222222
-3557.8888888888887
-3567.1111111111113
-3560.5
-3557.0
-3549.0555555555557
-3560.6666666666665
-3569.3888888888887
-3571.1111111111113
-3577.222222222222
-3563.277777777778
-3558.3333333333335
-3554.9444444444443
-3565.722222222222
-3564.3333333333335
-3555.5
-3552.5
-3547.777777777778
-3571.6666666666665
-3567.5555555555557
-3552.8333333333335
-3562.9444444444443
-3556.5
-3542.6111111111113
-3547.0555555555557
-3561.9444444444443
-3548.3333333333335
-3552.6666666666665
-3559.3888888888887
-3552.5
-3551.777777777778



The list of best values first execution 

-3577.0
-3656.0
-3663.0
-3637.0
-3657.0
-3668.0
-3671.0
-3671.0
-3671.0
-3671.0
-3671.0
-3671.0
-3671.0
-3671.0
-3671.0
-3671.0
-3671.0
-3671.0
-3671.0
-3671.0
-3671.0
-3671.0
-3671.0
-3671.0
-3671.0
-3671.0
-3671.0
-3671.0
-3671.0
-3671.0
-3671.0
-3671.0
-3671.0
-3671.0
-3670.0
-3671.0
-3671.0
-3671.0
-3671.0
-3671.0
-3671.0
-3671.0
-3671.0
-3671.0
-3671.0
-3671.0
-3671.0
-3671.0
-3671.0
-3671.0



The list of values average 

-3329.247222222222
-3364.608333333336
-3401.967222222223
-3434.57
-3461.1744444444444
-3483.8688888888896
-3504.0750000000007
-3515.5261111111117
-3525.2922222222214
-3532.6883333333335
-3540.0405555555535
-3545.0844444444438
-3547.8933333333334
-3548.5894444444452
-3551.6788888888887
-3553.5333333333356
-3554.491111111112
-3553.939999999999
-3555.7094444444456
-3555.0755555555556
-3555.596666666666
-3557.3233333333324
-3556.828333333334
-3557.08888888889
-3555.5033333333336
-3556.3305555555553
-3556.9927777777766
-3556.418333333332
-3556.9950000000003
-3556.5750000000007
-3556.9394444444456
-3557.274444444444
-3557.9155555555562
-3557.9905555555565
-3557.6222222222227
-3557.832777777777
-3558.528333333334
-3558.7616666666677
-3559.0466666666675
-3559.2477777777785
-3559.1266666666684
-3558.935555555557
-3559.323333333333
-3557.3611111111118
-3557.664444444445
-3558.467777777776
-3559.858333333332
-3559.2544444444443
-3559.5188888888883
-3558.6022222222227



The list of best values average 

-3505.2200000000003
-3578.3399999999997
-3614.1200000000013
-3633.0599999999995
-3642.4800000000005
-3648.799999999999
-3654.0699999999997
-3658.690000000001
-3661.179999999998
-3663.059999999999
-3664.0999999999995
-3665.2299999999996
-3666.2299999999987
-3666.5699999999993
-3667.0699999999997
-3667.3299999999986
-3667.7099999999978
-3667.729999999999
-3668.149999999999
-3668.019999999999
-3667.7899999999986
-3668.2099999999987
-3668.3599999999988
-3668.289999999999
-3668.4699999999975
-3668.4599999999996
-3668.399999999999
-3668.449999999999
-3668.3999999999996
-3668.4199999999983
-3668.549999999999
-3668.5399999999986
-3668.4999999999986
-3668.4599999999978
-3668.5899999999992
-3668.6699999999996
-3668.609999999999
-3668.5199999999995
-3668.6299999999997
-3668.6299999999997
-3668.68
-3668.74
-3668.6299999999997
-3668.6599999999994
-3668.5999999999985
-3668.629999999999
-3668.6499999999983
-3668.599999999998
-3668.6699999999983
-3668.6299999999983
