----------Report of simulation of Quantum Parallel Tempering-----------
The number of considered Spin 53
The considered Annealing Duration 212
The considered Annealing Number 100
The considered T 1.0
The considered Gamma0 1.0
The considered Number Of Replica 3
The considered Number Of System 6
The solution found [ 1 -1 -1  1 -1 -1 -1 -1  1  1  1  1 -1 -1  1  1 -1  1 -1  1 -1 -1  1  1
  1  1  1 -1  1  1 -1  1 -1  1 -1  1 -1  1 -1  1 -1  1 -1  1  1 -1 -1 -1
 -1 -1 -1  1  1]
The value found -4017.0
The Success probability is 0.4
The average value is -4012.16
The total execution time is 488.4785301685333
The average time for execution is 4.884783067703247
The average time for all systems update is 0.02282736747894647
The average time for system update is 0.0037856398813379635
The average time for replica update is 0.0012613054641387748
The average time for spin update is 2.343187254444009e-05
The list of values found 

-4011.0
-4011.0
-4017.0
-4017.0
-4011.0
-4011.0
-4017.0
-3992.0
-4011.0
-4011.0
-4015.0
-4015.0
-4017.0
-4011.0
-4003.0
-4017.0
-4017.0
-3992.0
-4015.0
-4017.0
-4015.0
-4017.0
-4011.0
-4011.0
-4017.0
-4002.0
-4017.0
-4007.0
-3997.0
-4011.0
-4011.0
-4015.0
-4015.0
-4017.0
-4017.0
-4017.0
-4015.0
-4004.0
-4015.0
-4005.0
-4011.0
-4011.0
-4007.0
-4015.0
-4011.0
-4017.0
-4003.0
-4017.0
-4015.0
-4017.0
-4017.0
-4011.0
-4017.0
-4015.0
-4017.0
-4015.0
-4017.0
-4003.0
-4017.0
-3989.0
-4004.0
-4015.0
-3997.0
-4017.0
-4017.0
-4017.0
-4004.0
-4011.0
-4017.0
-4015.0
-4011.0
-4011.0
-4017.0
-4002.0
-4017.0
-4011.0
-4017.0
-4011.0
-4011.0
-4004.0
-4017.0
-4011.0
-4017.0
-4011.0
-4011.0
-4017.0
-4017.0
-4017.0
-4017.0
-4015.0
-4004.0
-4017.0
-4017.0
-4017.0
-4017.0
-4015.0
-4002.0
-4011.0
-4017.0
-4017.0



The list of values first execution 

-3617.222222222222
-3634.0
-3685.8333333333335
-3673.222222222222
-3673.1666666666665
-3701.777777777778
-3675.6666666666665
-3679.5555555555557
-3668.277777777778
-3681.8888888888887
-3631.5
-3639.8888888888887
-3659.6111111111113
-3660.1111111111113
-3684.722222222222
-3670.0555555555557
-3676.5555555555557
-3699.1111111111113
-3701.5
-3682.1111111111113
-3661.1666666666665
-3667.3888888888887
-3690.5555555555557
-3652.8888888888887
-3670.5
-3661.722222222222
-3669.222222222222
-3679.8888888888887
-3714.9444444444443
-3682.8888888888887
-3641.222222222222
-3695.5555555555557
-3714.3888888888887
-3685.5
-3683.3888888888887
-3666.0555555555557
-3670.5555555555557
-3659.1666666666665
-3673.3888888888887
-3665.6111111111113
-3666.0
-3648.3333333333335
-3638.4444444444443
-3653.3888888888887
-3665.1111111111113
-3678.8333333333335
-3696.8333333333335
-3683.1666666666665
-3679.777777777778
-3670.5
-3656.722222222222
-3692.5
-3684.0555555555557
-3681.8888888888887
-3686.3333333333335
-3659.277777777778
-3669.6111111111113
-3661.5
-3666.1666666666665
-3676.277777777778
-3675.8888888888887
-3673.9444444444443
-3676.9444444444443
-3691.3888888888887
-3688.3888888888887
-3681.722222222222
-3683.4444444444443
-3702.1111111111113
-3703.8888888888887
-3691.8888888888887
-3714.722222222222
-3700.3333333333335
-3666.277777777778
-3695.8333333333335
-3678.9444444444443
-3693.4444444444443
-3692.0
-3699.5555555555557
-3699.777777777778
-3689.222222222222
-3668.0
-3672.5
-3663.277777777778
-3693.3333333333335
-3685.3888888888887
-3670.0555555555557
-3659.277777777778
-3673.777777777778
-3676.777777777778
-3698.777777777778
-3692.1111111111113
-3682.5
-3658.1666666666665
-3659.8888888888887
-3702.8888888888887
-3663.0555555555557
-3696.6111111111113
-3675.1111111111113
-3677.1666666666665
-3664.222222222222
-3685.1111111111113
-3674.4444444444443
-3658.777777777778
-3668.8888888888887
-3638.222222222222
-3659.6666666666665
-3681.722222222222
-3676.5555555555557
-3674.277777777778
-3690.5
-3693.6666666666665
-3688.777777777778
-3689.777777777778
-3701.277777777778
-3707.3333333333335
-3691.8888888888887
-3669.6111111111113
-3672.6111111111113
-3699.8333333333335
-3678.1666666666665
-3682.0555555555557
-3687.6666666666665
-3686.6666666666665
-3679.6111111111113
-3674.6111111111113
-3680.8888888888887
-3669.722222222222
-3665.3888888888887
-3681.3333333333335
-3682.722222222222
-3661.5555555555557
-3679.0555555555557
-3675.4444444444443
-3697.0
-3693.1111111111113
-3688.5555555555557
-3682.4444444444443
-3707.3888888888887
-3689.222222222222
-3705.8888888888887
-3706.0555555555557
-3685.3333333333335
-3673.222222222222
-3696.3888888888887
-3688.3333333333335
-3696.5
-3689.6666666666665
-3673.277777777778
-3684.5
-3683.722222222222
-3644.6666666666665
-3659.4444444444443
-3711.1111111111113
-3703.8333333333335
-3691.277777777778
-3676.4444444444443
-3678.5
-3688.3888888888887
-3715.6666666666665
-3695.8333333333335
-3690.0555555555557
-3670.5555555555557
-3685.777777777778
-3664.5
-3694.3888888888887
-3657.1111111111113
-3659.3333333333335
-3685.8333333333335
-3666.1111111111113
-3664.0555555555557
-3654.6666666666665
-3691.9444444444443
-3660.6666666666665
-3669.1111111111113
-3669.6111111111113
-3673.722222222222
-3673.0555555555557
-3694.3333333333335
-3695.0
-3683.0555555555557
-3691.9444444444443
-3710.8333333333335
-3703.6666666666665
-3701.6666666666665
-3694.777777777778
-3693.9444444444443
-3684.0555555555557
-3668.6666666666665
-3662.3888888888887
-3683.3888888888887
-3674.9444444444443
-3697.0
-3698.0
-3678.777777777778
-3682.1111111111113
-3687.1666666666665
-3705.222222222222
-3687.4444444444443
-3668.0
-3658.277777777778
-3651.8888888888887
-3664.722222222222
-3676.222222222222
-3690.3333333333335
-3678.5
-3688.5555555555557
-3709.6111111111113
-3691.5
-3664.1666666666665
-3692.8333333333335
-3690.0
-3684.0555555555557



The list of best values first execution 

-3771.0
-3906.0
-3893.0
-3923.0
-3938.0
-3951.0
-3952.0
-3964.0
-3995.0
-3998.0
-4001.0
-3991.0
-3993.0
-4005.0
-4005.0
-4005.0
-4005.0
-4005.0
-4005.0
-4005.0
-4005.0
-4005.0
-4005.0
-4005.0
-4005.0
-4005.0
-4005.0
-4005.0
-4005.0
-4005.0
-4005.0
-4005.0
-4005.0
-4005.0
-4005.0
-4005.0
-4005.0
-4005.0
-4005.0
-4005.0
-4005.0
-4005.0
-4005.0
-4005.0
-4005.0
-4005.0
-4005.0
-4005.0
-4005.0
-4005.0
-4005.0
-4005.0
-4005.0
-4005.0
-4005.0
-4005.0
-4005.0
-4005.0
-4005.0
-4005.0
-4005.0
-4005.0
-4005.0
-4005.0
-4005.0
-4005.0
-4005.0
-4005.0
-4005.0
-4005.0
-4005.0
-4005.0
-4005.0
-4005.0
-4005.0
-4005.0
-4005.0
-4005.0
-3998.0
-4011.0
-4011.0
-4011.0
-4011.0
-4011.0
-4011.0
-4011.0
-4011.0
-4011.0
-4011.0
-4011.0
-4011.0
-4011.0
-4011.0
-4011.0
-4011.0
-4011.0
-4011.0
-4011.0
-4011.0
-4011.0
-4011.0
-4011.0
-4011.0
-4011.0
-4011.0
-4011.0
-4011.0
-4011.0
-4011.0
-4011.0
-4007.0
-4007.0
-4009.0
-4009.0
-4009.0
-4011.0
-4011.0
-4011.0
-4011.0
-4011.0
-4011.0
-4002.0
-4009.0
-4009.0
-4011.0
-4011.0
-4011.0
-4011.0
-4011.0
-4011.0
-4011.0
-4011.0
-4011.0
-4011.0
-4011.0
-4011.0
-4011.0
-4011.0
-4011.0
-4011.0
-4011.0
-4011.0
-4011.0
-4011.0
-4011.0
-4011.0
-4011.0
-4011.0
-4011.0
-4011.0
-4011.0
-4011.0
-4011.0
-4011.0
-4011.0
-4011.0
-4011.0
-4011.0
-4011.0
-4011.0
-4011.0
-4011.0
-4011.0
-4011.0
-4011.0
-4011.0
-4011.0
-4011.0
-4011.0
-4011.0
-4011.0
-4011.0
-4011.0
-4011.0
-4011.0
-4011.0
-4011.0
-4011.0
-4011.0
-4011.0
-4011.0
-4011.0
-4011.0
-4011.0
-4011.0
-4011.0
-4011.0
-4011.0
-4011.0
-4011.0
-4011.0
-4011.0
-4011.0
-4011.0
-4011.0
-4011.0
-4011.0
-4011.0
-4011.0
-4011.0
-4011.0
-4011.0
-4011.0
-4011.0
-4011.0
-4011.0
-4011.0
-4011.0
-4011.0
-4011.0
-4011.0
-4011.0



The list of values average 

-3624.280555555557
-3655.156666666665
-3669.0072222222216
-3673.51611111111
-3678.4950000000003
-3677.553333333333
-3678.9083333333333
-3681.4300000000003
-3682.762777777778
-3684.0122222222208
-3686.0094444444453
-3684.90777777778
-3685.079444444443
-3684.31
-3681.7388888888877
-3685.338888888891
-3684.3322222222205
-3682.647777777779
-3684.722222222223
-3684.3150000000005
-3684.648333333332
-3687.754444444444
-3684.201666666667
-3683.2283333333316
-3682.9722222222235
-3683.0572222222227
-3683.6233333333325
-3684.24611111111
-3682.6349999999975
-3680.9900000000002
-3683.464999999999
-3684.201666666667
-3683.9377777777777
-3684.7666666666673
-3684.278333333333
-3683.7922222222223
-3683.8038888888873
-3683.4466666666654
-3682.516666666666
-3682.606666666666
-3682.0227777777786
-3684.8766666666656
-3683.908888888887
-3682.9044444444444
-3684.5855555555554
-3686.01277777778
-3685.829444444446
-3686.2711111111125
-3684.758333333333
-3684.6333333333346
-3683.0649999999996
-3681.765
-3685.1161111111123
-3684.2811111111087
-3686.568333333333
-3684.000555555555
-3684.4850000000006
-3683.071666666668
-3684.1672222222223
-3684.1911111111117
-3684.845555555556
-3681.9272222222216
-3685.117777777778
-3684.8205555555564
-3686.2966666666675
-3684.39388888889
-3683.8661111111114
-3683.4133333333325
-3685.9455555555555
-3683.233333333335
-3685.1944444444443
-3683.9477777777774
-3684.552777777779
-3682.148333333332
-3681.1722222222224
-3683.042777777778
-3683.2555555555573
-3682.8738888888884
-3685.5005555555567
-3685.278888888888
-3683.754444444444
-3681.8261111111105
-3680.5472222222224
-3683.932222222224
-3683.9499999999994
-3682.59
-3682.0527777777784
-3686.0827777777768
-3686.012222222221
-3685.480555555557
-3685.1138888888886
-3682.570555555554
-3685.1155555555574
-3686.963888888891
-3687.3033333333333
-3685.8266666666677
-3686.002222222222
-3686.7522222222215
-3684.756666666668
-3684.516111111112
-3684.0411111111102
-3685.928333333332
-3682.1349999999998
-3680.2022222222217
-3683.902222222222
-3683.162222222223
-3683.308333333333
-3684.7816666666677
-3682.458333333334
-3683.277222222221
-3684.989444444444
-3683.0394444444446
-3684.2866666666678
-3687.415555555556
-3685.927222222221
-3683.727777777779
-3683.881111111111
-3682.244444444445
-3684.0822222222237
-3682.195
-3683.8016666666667
-3681.854444444445
-3682.976111111112
-3682.471111111111
-3684.971666666668
-3684.618888888888
-3684.8488888888896
-3682.4538888888883
-3683.589444444445
-3683.7677777777794
-3684.4061111111123
-3683.173888888889
-3682.637777777778
-3683.932222222222
-3684.3550000000005
-3681.5155555555557
-3682.1588888888878
-3685.7988888888895
-3685.654444444445
-3683.740555555556
-3684.864999999999
-3685.4138888888897
-3684.7550000000006
-3682.2611111111128
-3683.0549999999994
-3683.317777777779
-3684.913333333334
-3682.7849999999994
-3685.6116666666658
-3686.840555555554
-3685.605000000001
-3685.6161111111105
-3685.2211111111114
-3685.7749999999996
-3685.146666666668
-3684.9772222222214
-3686.0611111111107
-3685.0949999999993
-3682.8111111111116
-3680.814444444444
-3685.0355555555543
-3682.7611111111128
-3683.514444444444
-3682.880555555555
-3683.0561111111106
-3684.0783333333347
-3683.502222222222
-3684.32
-3683.014444444445
-3684.574999999999
-3685.0672222222242
-3686.4505555555565
-3684.999444444443
-3684.296666666668
-3683.966111111111
-3682.498888888888
-3680.7188888888872
-3685.3416666666676
-3687.0422222222223
-3684.9200000000014
-3683.4499999999994
-3686.249999999999
-3685.4327777777767
-3685.36388888889
-3683.7033333333325
-3687.1305555555546
-3685.825555555555
-3686.1200000000013
-3686.408333333332
-3683.9594444444447
-3682.43
-3684.8400000000006
-3683.2272222222214
-3682.1561111111114
-3683.1416666666655
-3682.730555555555
-3683.492222222225
-3683.615555555555
-3684.568333333334
-3685.9483333333337
-3685.1183333333333
-3688.712777777778
-3684.6261111111116
-3687.1394444444445
-3685.9383333333344
-3682.284444444446
-3684.3761111111107
-3685.628888888889
-3683.9011111111113
-3683.991111111112
-3685.9194444444447
-3685.2205555555556



The list of best values average 

-3840.590000000001
-3921.8899999999985
-3955.4700000000007
-3972.7200000000007
-3985.2000000000025
-3992.46
-3995.0100000000016
-3997.280000000001
-3999.380000000003
-4002.0500000000025
-4002.480000000002
-4002.770000000003
-4003.540000000003
-4003.4800000000027
-4004.2800000000034
-4004.760000000003
-4004.6700000000033
-4005.070000000003
-4005.2300000000027
-4005.2300000000027
-4005.5600000000027
-4005.6200000000026
-4005.750000000003
-4005.7300000000027
-4005.860000000003
-4006.000000000003
-4005.910000000003
-4006.4200000000033
-4006.430000000003
-4006.450000000003
-4006.470000000003
-4006.610000000003
-4007.2400000000034
-4007.790000000003
-4007.8300000000036
-4008.2000000000035
-4008.4200000000037
-4008.460000000003
-4008.580000000003
-4008.840000000003
-4009.120000000003
-4009.2900000000036
-4009.0900000000033
-4008.970000000003
-4009.1000000000035
-4009.300000000004
-4009.5400000000036
-4009.4800000000037
-4009.5100000000034
-4009.4500000000035
-4009.3900000000035
-4009.700000000003
-4009.760000000003
-4009.770000000003
-4010.0900000000033
-4010.0600000000036
-4010.1500000000037
-4010.1900000000032
-4010.0000000000036
-4010.290000000003
-4010.2500000000036
-4010.3800000000033
-4010.2200000000034
-4010.4200000000033
-4010.500000000003
-4010.4400000000032
-4010.4500000000035
-4010.410000000003
-4010.460000000003
-4010.570000000003
-4010.720000000003
-4010.780000000003
-4010.9200000000033
-4010.740000000003
-4010.720000000003
-4010.8300000000036
-4010.9700000000034
-4010.9300000000035
-4010.8500000000035
-4010.7900000000036
-4010.9700000000034
-4011.0800000000036
-4011.1300000000033
-4011.2100000000037
-4011.300000000004
-4011.210000000003
-4011.100000000004
-4011.2000000000035
-4011.290000000004
-4011.180000000004
-4011.2900000000036
-4011.240000000004
-4011.2000000000035
-4011.270000000003
-4011.300000000004
-4011.320000000004
-4011.090000000004
-4011.1100000000038
-4011.3300000000036
-4011.1600000000035
-4010.9200000000037
-4011.2900000000036
-4011.2700000000036
-4011.2900000000036
-4011.250000000004
-4011.2400000000034
-4011.340000000004
-4011.3100000000036
-4011.300000000004
-4011.260000000004
-4011.1700000000033
-4011.1900000000032
-4011.3100000000036
-4011.140000000003
-4011.280000000004
-4011.300000000004
-4011.1300000000033
-4011.250000000003
-4011.3000000000034
-4011.4100000000035
-4011.2100000000037
-4011.1700000000033
-4011.2200000000034
-4011.0800000000036
-4011.2900000000036
-4011.0800000000036
-4011.0800000000036
-4011.1000000000035
-4011.0700000000033
-4011.1500000000037
-4011.3500000000035
-4011.0900000000033
-4011.2200000000034
-4011.4000000000037
-4011.4000000000037
-4011.4500000000035
-4011.1800000000035
-4011.4100000000035
-4011.3500000000035
-4011.290000000003
-4011.120000000003
-4011.2200000000034
-4011.1100000000033
-4011.320000000004
-4011.2400000000034
-4011.3000000000034
-4011.0900000000033
-4011.1300000000033
-4011.1500000000033
-4011.2400000000034
-4011.4000000000033
-4011.3100000000036
-4011.290000000003
-4011.3400000000033
-4011.3800000000037
-4011.370000000003
-4011.210000000003
-4011.3400000000033
-4011.3600000000033
-4011.330000000003
-4011.3300000000036
-4011.3700000000035
-4011.2900000000036
-4011.3000000000034
-4011.4000000000033
-4011.4500000000035
-4011.4100000000035
-4011.4200000000033
-4011.5400000000036
-4011.4700000000034
-4011.320000000004
-4011.4500000000035
-4011.480000000003
-4011.6700000000033
-4011.6200000000035
-4011.5900000000033
-4011.6000000000035
-4011.4100000000035
-4011.6000000000035
-4011.5600000000036
-4011.7700000000036
-4011.500000000003
-4011.3500000000026
-4011.4400000000032
-4011.5500000000034
-4011.5000000000036
-4011.5300000000034
-4011.5600000000036
-4011.6500000000037
-4011.530000000004
-4011.250000000003
-4011.700000000004
-4011.760000000004
-4011.720000000004
-4011.6400000000035
-4011.6500000000037
-4011.720000000004
-4011.7100000000037
-4011.620000000004
-4011.700000000004
-4011.7300000000037
-4011.6700000000033
-4011.460000000003
-4011.6700000000037
-4011.7200000000034
-4011.6400000000035
-4011.6400000000035
-4011.7600000000034
-4011.780000000004
-4011.7300000000037
-4011.740000000004
-4011.8700000000035
