----------Report of simulation of Quantum Parallel Tempering - Population Annealing v1-----------
The number of considered Spin190
The considered Annealing Duration 760
The considered Annealing Number 100
The considered T 1.0
The considered Gamma0 1.0
The considered Number Of Replica 3
The considered Number Of System Tempering 3
The considered Number Of System Population 3
The solution found [ 1. -1.  1.  1. -1.  1.  1. -1. -1.  1. -1. -1.  1. -1. -1. -1. -1. -1.
 -1.  1.  1. -1. -1.  1.  1. -1. -1.  1. -1. -1. -1.  1. -1.  1.  1.  1.
  1.  1. -1.  1. -1. -1.  1.  1. -1. -1.  1. -1.  1.  1.  1. -1.  1. -1.
 -1.  1. -1. -1.  1. -1.  1.  1. -1.  1. -1.  1. -1. -1.  1. -1.  1. -1.
  1. -1.  1. -1.  1.  1. -1. -1.  1.  1. -1. -1.  1.  1. -1.  1. -1.  1.
 -1. -1. -1. -1. -1.  1. -1.  1.  1.  1.  1. -1.  1.  1. -1.  1.  1. -1.
  1. -1.  1. -1. -1.  1.  1. -1. -1.  1. -1. -1. -1. -1.  1.  1.  1. -1.
  1. -1. -1.  1. -1.  1.  1.  1. -1.  1.  1.  1. -1. -1.  1.  1. -1. -1.
 -1. -1.  1. -1. -1.  1.  1. -1.  1. -1. -1. -1. -1.  1.  1. -1.  1. -1.
  1.  1.  1.  1.  1. -1. -1. -1. -1.  1. -1.  1.  1. -1. -1.  1.  1. -1.
 -1.  1.  1.  1.  1. -1.  1.  1. -1.  1.]
The value found -48060.0
The Success probability is 0.19
The average value is -48046.8
The total execution time is 18541.364990234375
The average time for execution is 185.4136486673355
The average time for all systems update is 0.24390649847921572
The average time for system tempering update is 0.03812860223703217
The average time for system population update is 9827.680609941483
The average time for replica update is 0.01353832306255374
The average time for spin update is 7.099435819996874e-05
The list of values found 

-48053.0
-48054.0
-48048.0
-48050.0
-48054.0
-48035.0
-48048.0
-48060.0
-48048.0
-48048.0
-48054.0
-48050.0
-48054.0
-48060.0
-48035.0
-48037.0
-48050.0
-48054.0
-48035.0
-48054.0
-48048.0
-48060.0
-48060.0
-47963.0
-48054.0
-48054.0
-48048.0
-48048.0
-48054.0
-48060.0
-48048.0
-48026.0
-48054.0
-48054.0
-48026.0
-48050.0
-48060.0
-47980.0
-48060.0
-48060.0
-48054.0
-48048.0
-48048.0
-48054.0
-48060.0
-48054.0
-48053.0
-48058.0
-48054.0
-48060.0
-48019.0
-48036.0
-48050.0
-48050.0
-48050.0
-48060.0
-48054.0
-48054.0
-48054.0
-48050.0
-48019.0
-48019.0
-48054.0
-48060.0
-48054.0
-48048.0
-48060.0
-48048.0
-48048.0
-48060.0
-48033.0
-48048.0
-47996.0
-48048.0
-48054.0
-48050.0
-48054.0
-48060.0
-48050.0
-48050.0
-48050.0
-48026.0
-48050.0
-48048.0
-48060.0
-48048.0
-48054.0
-48060.0
-47996.0
-48050.0
-48050.0
-48048.0
-48035.0
-48034.0
-48060.0
-48035.0
-48060.0
-48050.0
-48035.0
-48050.0



The list of values first execution 

-45302.0
-45716.88888888889
-45876.666666666664
-45799.444444444445
-45851.27777777778
-45835.61111111111
-45870.166666666664
-45925.27777777778
-45942.444444444445
-45883.833333333336
-45957.11111111111
-45851.944444444445
-45882.38888888889
-45976.055555555555
-46030.61111111111
-45986.88888888889
-46003.5
-45957.5
-46090.555555555555
-46069.666666666664
-46050.833333333336
-46102.944444444445
-46161.555555555555
-46265.333333333336
-46327.72222222222
-46447.88888888889
-46317.944444444445
-46304.61111111111
-46383.22222222222
-46397.61111111111
-46447.055555555555
-46290.88888888889
-46477.166666666664
-46471.11111111111
-46481.0
-46465.0
-46495.22222222222
-46484.944444444445
-46531.666666666664
-46444.444444444445
-46522.88888888889
-46564.77777777778
-46529.666666666664
-46521.0
-46500.77777777778
-46450.27777777778
-46569.555555555555
-46556.055555555555
-46655.77777777778
-46561.166666666664
-46694.72222222222
-46744.333333333336
-46721.38888888889
-46563.22222222222
-46604.77777777778
-46633.88888888889
-46709.72222222222
-46710.055555555555
-46729.555555555555
-46671.333333333336
-46598.555555555555
-46725.0
-46743.88888888889
-46563.333333333336
-46713.666666666664
-46725.77777777778
-46774.77777777778
-46724.166666666664
-46755.944444444445
-46841.0
-46723.666666666664
-46749.444444444445
-46644.72222222222
-46770.88888888889
-46720.38888888889
-46796.38888888889
-46690.166666666664
-46800.22222222222
-46717.333333333336
-46668.444444444445
-46718.833333333336
-46671.77777777778
-46787.166666666664
-46707.11111111111
-46808.555555555555
-46830.77777777778
-46689.61111111111
-46795.333333333336
-46626.166666666664
-46663.11111111111
-46639.88888888889
-46646.88888888889
-46699.72222222222
-46832.61111111111
-46669.833333333336
-46745.5
-46719.166666666664
-46701.22222222222
-46909.61111111111
-46733.444444444445
-46823.555555555555
-46645.38888888889
-46774.833333333336
-46813.833333333336
-46814.666666666664
-46777.61111111111
-46851.22222222222
-46787.055555555555
-46694.61111111111
-46949.0
-46739.77777777778
-46811.77777777778
-46793.27777777778
-46820.833333333336
-46828.27777777778
-46677.5
-46731.333333333336
-46912.72222222222
-46907.666666666664
-46876.22222222222
-46833.5
-46820.666666666664
-46787.77777777778
-46739.0
-46829.555555555555
-46798.88888888889
-46757.333333333336
-46774.166666666664
-46742.333333333336
-46686.0
-46700.11111111111
-46752.333333333336
-46994.5
-46882.11111111111
-46913.944444444445
-46829.11111111111
-46858.77777777778
-46895.333333333336
-46829.38888888889
-46831.11111111111
-46799.22222222222
-46833.666666666664
-46931.0
-46849.444444444445
-46666.22222222222
-46866.22222222222
-46687.61111111111
-46868.11111111111
-46845.833333333336
-46785.27777777778
-46877.38888888889
-46707.555555555555
-46934.61111111111
-46810.944444444445
-46964.055555555555
-46913.61111111111
-46835.22222222222
-46839.555555555555
-46823.22222222222
-46803.555555555555
-46866.166666666664
-46714.555555555555
-46793.88888888889
-46804.88888888889
-46862.77777777778
-46777.72222222222
-46952.0
-46846.166666666664
-46901.444444444445
-46877.444444444445
-46882.38888888889
-46919.77777777778
-46889.72222222222
-46973.22222222222
-46818.944444444445
-47006.166666666664
-46834.22222222222
-46764.88888888889
-46848.166666666664
-46763.22222222222
-46920.055555555555
-46794.833333333336
-46846.38888888889
-46839.38888888889
-46907.61111111111
-46730.166666666664
-46898.5
-46658.27777777778
-46689.22222222222
-46837.22222222222
-46732.166666666664
-46913.166666666664
-46754.5
-46818.944444444445
-46739.444444444445
-46817.944444444445
-46920.5
-46755.666666666664
-46871.22222222222
-46850.72222222222
-46727.88888888889
-46681.0
-46899.555555555555
-46783.0
-46912.77777777778
-46771.38888888889
-46869.944444444445
-46972.38888888889
-46679.72222222222
-46894.444444444445
-46847.944444444445
-47007.944444444445
-46890.61111111111
-46872.61111111111
-46886.61111111111
-46859.38888888889
-46884.666666666664
-46858.444444444445
-46864.77777777778
-46817.77777777778
-46935.27777777778
-46864.88888888889
-46962.77777777778
-46934.333333333336
-46941.333333333336
-47019.61111111111
-47004.0
-46972.444444444445
-46979.61111111111
-46753.0
-46904.555555555555
-46773.333333333336
-46721.166666666664
-46649.833333333336
-46843.944444444445
-46838.0
-47018.444444444445
-46847.0
-46973.166666666664
-46944.166666666664
-46786.38888888889
-46980.333333333336
-46883.555555555555
-46901.77777777778
-46894.833333333336
-46963.555555555555
-46831.555555555555
-46782.88888888889
-46832.72222222222
-46735.88888888889
-46837.5
-46760.61111111111
-46755.333333333336
-46766.11111111111
-46868.38888888889
-46801.77777777778
-46889.444444444445
-46891.944444444445
-46845.77777777778
-46895.77777777778
-46892.5
-46957.38888888889
-46919.166666666664
-47001.72222222222
-47015.0
-47069.11111111111
-46818.77777777778
-46870.22222222222
-47000.833333333336
-46694.333333333336
-47000.666666666664
-46809.77777777778
-46968.38888888889
-46815.88888888889
-46774.833333333336
-46785.88888888889
-46700.5
-46887.555555555555
-46779.27777777778
-46848.77777777778
-46975.27777777778
-46936.333333333336
-46929.88888888889
-46953.11111111111
-46878.333333333336
-46812.055555555555
-46964.72222222222
-46738.333333333336
-46991.22222222222
-46890.77777777778
-46825.27777777778
-46842.61111111111
-46812.22222222222
-46856.333333333336
-46896.944444444445
-46963.11111111111
-46950.666666666664
-46932.555555555555
-46911.666666666664
-46836.055555555555
-46849.166666666664
-46902.38888888889
-46831.5
-46900.166666666664
-46853.5
-46796.88888888889
-46946.72222222222
-46762.0
-46948.88888888889
-46714.055555555555
-46784.11111111111
-46870.055555555555
-46890.5
-46896.72222222222
-46912.055555555555
-46919.61111111111
-46747.61111111111
-46839.055555555555
-46963.333333333336
-46956.0
-47041.22222222222
-46858.055555555555
-46926.555555555555
-46828.0
-46821.38888888889
-46859.22222222222
-46841.0
-46673.666666666664
-46704.944444444445
-46826.22222222222
-46712.5
-46750.333333333336
-46859.444444444445
-46801.5
-46819.88888888889
-46886.72222222222
-46929.444444444445
-46828.61111111111
-46952.27777777778
-46648.555555555555
-46839.77777777778
-46576.444444444445
-46906.88888888889
-46797.166666666664
-46845.944444444445
-46751.88888888889
-46865.833333333336
-46805.88888888889
-46776.444444444445
-46767.77777777778
-46692.444444444445
-46888.555555555555
-46726.666666666664
-47017.055555555555
-46837.77777777778
-46932.11111111111
-46836.77777777778
-46808.11111111111
-46973.61111111111
-46803.38888888889
-46780.055555555555
-46780.666666666664
-46782.77777777778
-46908.5
-46909.11111111111
-46831.5
-46813.22222222222
-46826.833333333336
-46755.444444444445
-46857.88888888889
-46758.555555555555
-46927.11111111111
-46683.38888888889
-46872.333333333336
-46973.944444444445
-46787.166666666664
-47005.444444444445
-46855.61111111111
-46929.61111111111
-46935.72222222222
-46974.77777777778
-46912.88888888889
-46845.72222222222
-46727.555555555555
-46836.333333333336
-46738.5
-46687.0
-46918.5
-46752.38888888889
-46834.055555555555
-46839.666666666664
-46837.444444444445
-46905.38888888889
-46770.166666666664
-46818.72222222222
-46821.22222222222
-46875.72222222222
-46837.0
-46879.833333333336
-46743.22222222222
-46814.166666666664
-46937.555555555555
-46839.38888888889
-46777.944444444445
-46782.38888888889
-46946.0
-46832.38888888889
-47046.72222222222
-46867.72222222222
-46991.666666666664
-46989.77777777778
-46919.555555555555
-46907.22222222222
-46812.38888888889
-46920.77777777778
-46810.88888888889
-46847.27777777778
-46649.333333333336
-46850.61111111111
-46798.27777777778
-46807.333333333336
-46781.333333333336
-46799.944444444445
-46865.166666666664
-46755.5
-46855.27777777778
-46753.444444444445
-46944.555555555555
-46846.333333333336
-46905.38888888889
-46917.333333333336
-46807.38888888889
-46921.0
-46855.77777777778
-46816.5
-46737.555555555555
-46842.166666666664
-46689.77777777778
-46835.27777777778
-46873.27777777778
-46817.11111111111
-46921.88888888889
-46816.055555555555
-46744.77777777778
-46875.88888888889
-46781.72222222222
-46985.88888888889
-46840.11111111111
-46899.77777777778
-46885.77777777778
-46990.166666666664
-46833.72222222222
-46937.88888888889
-46889.61111111111
-46810.22222222222
-46823.833333333336
-46645.22222222222
-46957.38888888889
-46814.88888888889
-46966.88888888889
-46774.77777777778
-46918.38888888889
-46780.22222222222
-46777.944444444445
-46722.833333333336
-46787.944444444445
-46837.61111111111
-46846.833333333336
-46891.555555555555
-46940.72222222222
-46948.11111111111
-47047.27777777778
-46697.27777777778
-46941.0
-46730.11111111111
-46866.333333333336
-46716.833333333336
-46860.27777777778
-46783.27777777778
-46884.27777777778
-46851.0
-46906.444444444445
-47000.11111111111
-46823.5
-46798.333333333336
-46846.444444444445
-47054.22222222222
-46919.333333333336
-46862.22222222222
-47031.833333333336
-46834.11111111111
-46767.72222222222
-46886.77777777778
-46949.944444444445
-46760.88888888889
-46911.666666666664
-46829.5
-46892.77777777778
-46969.88888888889
-46963.88888888889
-46966.77777777778
-46854.166666666664
-46836.77777777778
-46770.11111111111
-46985.11111111111
-46805.166666666664
-46952.444444444445
-46761.11111111111
-46942.38888888889
-46953.5
-46898.22222222222
-46850.555555555555
-47029.11111111111
-46839.333333333336
-46832.055555555555
-46817.166666666664
-46788.666666666664
-46871.22222222222
-46742.0
-46699.5
-46855.61111111111
-46827.5
-46924.444444444445
-46992.72222222222
-46869.27777777778
-46811.88888888889
-46813.444444444445
-46902.555555555555
-46769.5
-46890.833333333336
-46928.88888888889
-46812.0
-46853.11111111111
-46844.944444444445
-46802.77777777778
-46750.0
-46884.22222222222
-46837.333333333336
-46815.61111111111
-46858.11111111111
-47000.11111111111
-46851.38888888889
-46909.944444444445
-46805.833333333336
-46763.77777777778
-46821.11111111111
-46792.333333333336
-46887.055555555555
-46838.555555555555
-46895.88888888889
-46905.944444444445
-46897.0
-46995.0
-46901.0
-47070.555555555555
-46912.5
-46962.0
-46929.88888888889
-46966.77777777778
-46865.72222222222
-46747.166666666664
-46866.72222222222
-46759.38888888889
-46966.27777777778
-46870.833333333336
-46823.666666666664
-46830.27777777778
-46790.77777777778
-46892.5
-46903.333333333336
-46822.666666666664
-46831.88888888889
-46771.055555555555
-46774.72222222222
-46965.22222222222
-46918.666666666664
-46977.055555555555
-46936.61111111111
-46831.166666666664
-46915.38888888889
-46845.77777777778
-46975.944444444445
-46929.77777777778
-46849.0
-46789.27777777778
-46916.055555555555
-46945.88888888889
-46855.72222222222
-46852.555555555555
-46806.38888888889
-46884.833333333336
-46774.944444444445
-46848.333333333336
-46857.11111111111
-46943.444444444445
-46921.333333333336
-46896.38888888889
-46934.5
-46851.555555555555
-46898.77777777778
-46871.0
-46974.444444444445
-46914.166666666664
-46925.61111111111
-46927.11111111111
-46709.11111111111
-46875.27777777778
-46790.333333333336
-46747.666666666664
-46691.555555555555
-46839.22222222222
-46871.77777777778
-46913.61111111111
-46812.555555555555
-46936.77777777778
-46903.166666666664
-46861.833333333336
-46849.88888888889
-46851.944444444445
-46949.333333333336
-46925.055555555555
-46849.0
-46828.88888888889
-46818.27777777778
-46952.0
-46698.944444444445
-46883.055555555555
-46729.77777777778
-46819.5
-46845.055555555555
-46891.166666666664
-46971.38888888889
-46952.0
-46933.166666666664
-46905.72222222222
-47050.77777777778
-46923.88888888889
-46855.444444444445
-46884.333333333336
-46888.666666666664
-46807.22222222222
-46834.5
-46936.11111111111
-46773.88888888889
-46791.166666666664
-46785.444444444445
-46835.444444444445
-46752.0
-46713.22222222222
-46802.444444444445
-46817.38888888889
-46733.11111111111
-46793.72222222222
-46988.22222222222
-46788.944444444445
-46878.333333333336
-46819.0
-46885.27777777778
-46880.333333333336
-46767.22222222222
-46966.166666666664
-46874.38888888889
-46917.666666666664
-46867.166666666664
-46986.77777777778
-46800.22222222222
-46815.333333333336
-46767.055555555555
-46892.88888888889
-46898.833333333336
-46780.833333333336
-46982.5
-46792.944444444445
-46916.61111111111
-46872.77777777778
-46877.72222222222
-46884.444444444445
-46811.444444444445
-46923.555555555555
-46904.833333333336
-46868.27777777778
-46794.555555555555
-46767.333333333336
-46846.166666666664
-47034.72222222222
-46869.055555555555
-46997.11111111111
-46809.77777777778
-46790.38888888889
-46957.22222222222
-46760.72222222222
-46836.833333333336
-46806.88888888889
-46839.38888888889
-46897.055555555555
-46902.72222222222
-46783.833333333336
-46830.22222222222
-46721.444444444445
-46842.055555555555
-46813.166666666664
-46922.833333333336
-46910.055555555555
-46856.166666666664
-46905.61111111111
-46860.944444444445
-46909.27777777778
-46927.333333333336
-46780.11111111111
-46740.38888888889
-46685.11111111111
-46993.055555555555
-46791.11111111111
-46950.555555555555
-46888.22222222222
-46765.27777777778
-46947.61111111111
-46845.444444444445
-47000.666666666664
-46869.72222222222
-46963.055555555555
-46798.22222222222
-46929.444444444445
-46762.72222222222
-46952.444444444445
-46713.77777777778
-46783.5
-46831.38888888889
-46906.0
-46908.944444444445
-46744.61111111111
-46874.666666666664
-46858.22222222222
-46818.77777777778
-46890.666666666664
-46824.666666666664
-46973.944444444445
-46826.166666666664
-46923.77777777778
-46887.88888888889
-46941.333333333336
-46829.38888888889
-46986.61111111111
-46821.72222222222
-46910.444444444445
-46732.666666666664
-46762.666666666664
-47026.666666666664
-46786.444444444445
-46898.27777777778
-46737.5
-46779.88888888889
-46723.38888888889
-46810.22222222222
-46874.5
-46846.166666666664
-46925.333333333336
-46835.055555555555
-46808.944444444445
-46753.833333333336



The list of best values first execution 

-46929.0
-47351.0
-47508.0
-47736.0
-47757.0
-47799.0
-47834.0
-47845.0
-47769.0
-47848.0
-47873.0
-47883.0
-47862.0
-47911.0
-47900.0
-47900.0
-47943.0
-47945.0
-47895.0
-47927.0
-47904.0
-47880.0
-47939.0
-47939.0
-47919.0
-47924.0
-47926.0
-47901.0
-47924.0
-47926.0
-47926.0
-47926.0
-47940.0
-47938.0
-47921.0
-47940.0
-47938.0
-47921.0
-47940.0
-47943.0
-47926.0
-47906.0
-47948.0
-47926.0
-47938.0
-47943.0
-47922.0
-47952.0
-47943.0
-47926.0
-47940.0
-47946.0
-47940.0
-47922.0
-47943.0
-47929.0
-47929.0
-47934.0
-47949.0
-47952.0
-47952.0
-47935.0
-47933.0
-47952.0
-47952.0
-47952.0
-47929.0
-47940.0
-47956.0
-47964.0
-47931.0
-47940.0
-47956.0
-47956.0
-47974.0
-47940.0
-47956.0
-47956.0
-47931.0
-47940.0
-47956.0
-47956.0
-48002.0
-47989.0
-47959.0
-48008.0
-47977.0
-47940.0
-47971.0
-47956.0
-47931.0
-47952.0
-47953.0
-47956.0
-47954.0
-47984.0
-47956.0
-47963.0
-47952.0
-48011.0
-47984.0
-47991.0
-48008.0
-47992.0
-47952.0
-47960.0
-47978.0
-47988.0
-47961.0
-47972.0
-47961.0
-48013.0
-48016.0
-47993.0
-48011.0
-47989.0
-47983.0
-47993.0
-47972.0
-48018.0
-47968.0
-47968.0
-48021.0
-48031.0
-48019.0
-48026.0
-48053.0
-48017.0
-48001.0
-47993.0
-47980.0
-48018.0
-48026.0
-48016.0
-48033.0
-48033.0
-48037.0
-48007.0
-48018.0
-48016.0
-48024.0
-48020.0
-48037.0
-48007.0
-48019.0
-48019.0
-48019.0
-48017.0
-48025.0
-48029.0
-48021.0
-48022.0
-48043.0
-48029.0
-48013.0
-48019.0
-48017.0
-48011.0
-48015.0
-48017.0
-48023.0
-48007.0
-48029.0
-48029.0
-48012.0
-48037.0
-48015.0
-48009.0
-48002.0
-48018.0
-48026.0
-48021.0
-48016.0
-48015.0
-48008.0
-48004.0
-48014.0
-48022.0
-48043.0
-48029.0
-48020.0
-48020.0
-48028.0
-48024.0
-48023.0
-48024.0
-48026.0
-48043.0
-48018.0
-48043.0
-48013.0
-48043.0
-48046.0
-48034.0
-48021.0
-48016.0
-48034.0
-48021.0
-48017.0
-48025.0
-48020.0
-48026.0
-48022.0
-48027.0
-48027.0
-48024.0
-48026.0
-48023.0
-48037.0
-48037.0
-48037.0
-48031.0
-48026.0
-48019.0
-48019.0
-48019.0
-48019.0
-48029.0
-48030.0
-48033.0
-48033.0
-48043.0
-48021.0
-48014.0
-48023.0
-48031.0
-48037.0
-48037.0
-48024.0
-48017.0
-48025.0
-48017.0
-48026.0
-48021.0
-48033.0
-48021.0
-48024.0
-48022.0
-48026.0
-48026.0
-48022.0
-48025.0
-48032.0
-48033.0
-48025.0
-48026.0
-48027.0
-48022.0
-48024.0
-48021.0
-48023.0
-48023.0
-48030.0
-48022.0
-47990.0
-48020.0
-48025.0
-48025.0
-48031.0
-48043.0
-48029.0
-48029.0
-48031.0
-48031.0
-48029.0
-48029.0
-48029.0
-48024.0
-48032.0
-48041.0
-48022.0
-48025.0
-48028.0
-48028.0
-48024.0
-48024.0
-48029.0
-48029.0
-48031.0
-48024.0
-48028.0
-48029.0
-48024.0
-48024.0
-48032.0
-48029.0
-48029.0
-48025.0
-48028.0
-48028.0
-48028.0
-48028.0
-48028.0
-48031.0
-48029.0
-48029.0
-48031.0
-48029.0
-48025.0
-48024.0
-48024.0
-48024.0
-48024.0
-48024.0
-48024.0
-48024.0
-48015.0
-48019.0
-48025.0
-48025.0
-48030.0
-48019.0
-48017.0
-48030.0
-48031.0
-48031.0
-48035.0
-48035.0
-48026.0
-48026.0
-48023.0
-48020.0
-48022.0
-48025.0
-48024.0
-48024.0
-48024.0
-48016.0
-48022.0
-48022.0
-48025.0
-48028.0
-48028.0
-48030.0
-48030.0
-48030.0
-48032.0
-48026.0
-48029.0
-48030.0
-48030.0
-48028.0
-48029.0
-48029.0
-48029.0
-48028.0
-48029.0
-48031.0
-48030.0
-48029.0
-48031.0
-48042.0
-48029.0
-48029.0
-48029.0
-48037.0
-48037.0
-48037.0
-48037.0
-48037.0
-48037.0
-48028.0
-48026.0
-48026.0
-48024.0
-48026.0
-48032.0
-48030.0
-48032.0
-48037.0
-48037.0
-48037.0
-48032.0
-48027.0
-48029.0
-48020.0
-48033.0
-48024.0
-48029.0
-48024.0
-48026.0
-48024.0
-48032.0
-48023.0
-48024.0
-48026.0
-48026.0
-48026.0
-48026.0
-48026.0
-48026.0
-48025.0
-48025.0
-48025.0
-48032.0
-48024.0
-48031.0
-48031.0
-48031.0
-48031.0
-48035.0
-48037.0
-48035.0
-48035.0
-48037.0
-48037.0
-48037.0
-48037.0
-48037.0
-48037.0
-48037.0
-48037.0
-48037.0
-48037.0
-48037.0
-48037.0
-48037.0
-48037.0
-48037.0
-48037.0
-48037.0
-48037.0
-48037.0
-48037.0
-48037.0
-48037.0
-48037.0
-48037.0
-48035.0
-48035.0
-48035.0
-48037.0
-48035.0
-48035.0
-48035.0
-48035.0
-48035.0
-48035.0
-48035.0
-48035.0
-48035.0
-48035.0
-48037.0
-48037.0
-48037.0
-48037.0
-48037.0
-48037.0
-48037.0
-48037.0
-48037.0
-48037.0
-48037.0
-48037.0
-48037.0
-48037.0
-48037.0
-48037.0
-48037.0
-48037.0
-48037.0
-48037.0
-48037.0
-48037.0
-48037.0
-48037.0
-48037.0
-48037.0
-48037.0
-48037.0
-48037.0
-48037.0
-48037.0
-48037.0
-48037.0
-48037.0
-48037.0
-48037.0
-48037.0
-48037.0
-48037.0
-48037.0
-48037.0
-48037.0
-48037.0
-48035.0
-48035.0
-48035.0
-48035.0
-48035.0
-48035.0
-48035.0
-48035.0
-48035.0
-48037.0
-48035.0
-48035.0
-48035.0
-48035.0
-48037.0
-48037.0
-48035.0
-48035.0
-48035.0
-48037.0
-48035.0
-48035.0
-48035.0
-48035.0
-48035.0
-48037.0
-48035.0
-48035.0
-48035.0
-48035.0
-48035.0
-48035.0
-48035.0
-48035.0
-48035.0
-48035.0
-48035.0
-48035.0
-48037.0
-48037.0
-48035.0
-48035.0
-48035.0
-48035.0
-48035.0
-48035.0
-48035.0
-48035.0
-48035.0
-48035.0
-48035.0
-48035.0
-48035.0
-48035.0
-48035.0
-48035.0
-48035.0
-48035.0
-48035.0
-48035.0
-48035.0
-48035.0
-48035.0
-48035.0
-48035.0
-48035.0
-48035.0
-48035.0
-48035.0
-48037.0
-48037.0
-48035.0
-48035.0
-48035.0
-48035.0
-48035.0
-48035.0
-48035.0
-48035.0
-48035.0
-48035.0
-48035.0
-48037.0
-48037.0
-48035.0
-48035.0
-48035.0
-48035.0
-48035.0
-48035.0
-48035.0
-48035.0
-48035.0
-48035.0
-48035.0
-48035.0
-48035.0
-48035.0
-48035.0
-48035.0
-48035.0
-48035.0
-48035.0
-48035.0
-48035.0
-48035.0
-48035.0
-48035.0
-48035.0
-48035.0
-48035.0
-48035.0
-48035.0
-48035.0
-48035.0
-48035.0
-48035.0
-48035.0
-48035.0
-48035.0
-48035.0
-48035.0
-48035.0
-48035.0
-48026.0
-48035.0
-48035.0
-48035.0
-48037.0
-48035.0
-48028.0
-48028.0
-48028.0
-48035.0
-48035.0
-48035.0
-48035.0
-48035.0
-48035.0
-48035.0
-48035.0
-48035.0
-48035.0
-48035.0
-48035.0
-48035.0
-48035.0
-48035.0
-48035.0
-48035.0
-48035.0
-48035.0
-48035.0
-48035.0
-48035.0
-48035.0
-48035.0
-48035.0
-48035.0
-48035.0
-48035.0
-48035.0
-48035.0
-48035.0
-48035.0
-48035.0
-48035.0
-48035.0
-48035.0
-48035.0
-48035.0
-48035.0
-48035.0
-48035.0
-48035.0
-48035.0
-48035.0
-48037.0
-48035.0
-48035.0
-48035.0
-48035.0
-48035.0
-48035.0
-48037.0
-48035.0
-48035.0
-48035.0
-48035.0
-48035.0
-48037.0
-48035.0
-48035.0
-48035.0
-48035.0
-48035.0
-48035.0
-48035.0
-48035.0
-48035.0
-48035.0
-48037.0
-48035.0
-48035.0
-48035.0
-48035.0
-48035.0
-48035.0
-48035.0
-48035.0
-48035.0
-48035.0
-48035.0
-48035.0
-48035.0
-48035.0
-48035.0
-48035.0
-48035.0
-48035.0
-48035.0
-48035.0
-48035.0
-48035.0
-48035.0
-48035.0
-48035.0
-48035.0
-48035.0
-48035.0
-48035.0
-48035.0
-48035.0
-48035.0
-48035.0
-48035.0
-48037.0
-48037.0
-48035.0
-48035.0
-48035.0
-48035.0
-48035.0
-48035.0
-48035.0
-48035.0
-48035.0
-48035.0
-48035.0
-48035.0
-48035.0
-48035.0
-48035.0
-48035.0
-48035.0
-48035.0
-48035.0
-48035.0
-48037.0
-48035.0
-48035.0
-48035.0
-48035.0
-48035.0
-48035.0
-48035.0
-48035.0
-48035.0
-48035.0
-48035.0
-48035.0
-48035.0
-48035.0
-48035.0
-48035.0



The list of values average 

-45395.27222222224
-45568.121666666666
-45689.32222222223
-45733.52611111112
-45795.71055555558
-45805.73888888889
-45848.38944444442
-45867.49444444444
-45887.84388888888
-45905.95777777779
-45905.70388888891
-45938.175
-45945.5838888889
-45967.66
-45986.80333333334
-46008.89000000001
-46010.17777777775
-46029.936666666676
-46040.53555555555
-46071.10388888889
-46079.9138888889
-46103.51666666667
-46120.74055555555
-46136.715555555566
-46164.728888888865
-46176.60888888888
-46187.84055555556
-46209.32833333335
-46230.15277777778
-46235.865
-46260.14777777776
-46293.79833333332
-46306.70944444447
-46328.99833333333
-46352.74777777781
-46362.859444444446
-46363.986111111095
-46379.038888888856
-46402.67611111111
-46418.81277777778
-46443.79777777777
-46447.25777777781
-46456.241666666654
-46460.960555555546
-46483.42444444445
-46508.19333333332
-46515.39944444445
-46524.35666666667
-46526.324444444435
-46535.40111111112
-46526.88444444444
-46562.67722222222
-46576.5461111111
-46578.02444444443
-46586.91611111112
-46592.14944444443
-46616.34666666668
-46599.19500000001
-46618.263888888876
-46606.67611111109
-46638.627222222225
-46628.91611111112
-46650.009999999995
-46658.145555555566
-46665.04555555557
-46670.76222222221
-46665.977222222245
-46669.005555555545
-46663.52222222221
-46690.21333333333
-46698.00055555554
-46697.12777777777
-46704.80111111113
-46722.94611111111
-46718.28888888889
-46720.52777777777
-46705.31833333334
-46719.10444444445
-46717.451666666646
-46734.71388888891
-46730.79388888888
-46733.751666666685
-46738.508333333324
-46743.456666666665
-46743.270555555544
-46755.143333333326
-46751.97166666668
-46762.28944444446
-46765.343333333316
-46762.57277777779
-46758.18555555555
-46767.19888888887
-46770.53944444442
-46777.76499999998
-46766.429999999986
-46787.76722222222
-46776.235000000015
-46778.37833333332
-46786.13944444445
-46770.59333333334
-46774.834444444445
-46802.78944444444
-46788.86611111112
-46796.34333333335
-46804.22111111113
-46807.792222222226
-46817.82055555556
-46807.77388888891
-46810.99277777779
-46796.22111111109
-46785.76388888887
-46790.06777777779
-46804.20666666666
-46823.42555555555
-46818.59388888886
-46819.66666666668
-46817.48722222223
-46815.228333333325
-46830.48277777779
-46814.100555555575
-46825.40222222223
-46812.59388888888
-46813.79555555554
-46826.121111111126
-46815.07277777778
-46804.7688888889
-46822.66944444442
-46812.65555555553
-46807.064444444455
-46830.21722222223
-46818.18500000001
-46824.636666666665
-46825.94277777778
-46825.419444444444
-46831.82666666666
-46828.87333333332
-46845.98111111112
-46828.032222222246
-46828.76611111111
-46829.69222222222
-46823.872222222235
-46825.88000000001
-46835.41944444447
-46830.06888888887
-46841.80277777781
-46833.18555555556
-46836.838333333304
-46832.94999999998
-46829.58222222221
-46850.80000000001
-46864.13222222221
-46844.65666666669
-46842.68555555557
-46840.57833333334
-46839.4
-46836.242222222216
-46841.64055555555
-46844.632777777784
-46842.60055555557
-46845.60111111112
-46843.08000000002
-46830.491111111085
-46841.77000000001
-46849.652222222205
-46834.53833333332
-46840.90111111108
-46847.04000000002
-46837.7061111111
-46854.13944444444
-46845.57055555555
-46842.46166666668
-46846.258333333346
-46837.34777777778
-46850.257777777784
-46845.95555555557
-46845.770000000004
-46853.66166666667
-46837.30555555556
-46853.55111111113
-46831.02666666667
-46850.52888888888
-46849.18555555556
-46861.161111111105
-46855.788888888885
-46858.34333333333
-46847.547222222216
-46852.51444444444
-46852.74277777779
-46849.90500000002
-46845.916666666686
-46839.428888888884
-46857.99222222222
-46852.97666666667
-46844.53611111111
-46853.171666666654
-46837.42388888888
-46853.19611111111
-46850.28222222223
-46852.7461111111
-46846.114999999976
-46872.07944444445
-46845.44722222223
-46851.94055555558
-46832.08833333333
-46848.22500000002
-46845.507222222215
-46847.65055555557
-46854.98444444443
-46850.18166666666
-46862.812777777806
-46858.84833333331
-46859.948888888895
-46844.30277777776
-46842.54055555556
-46856.86944444443
-46853.67333333335
-46861.76444444445
-46851.28222222223
-46856.30055555554
-46855.809444444436
-46866.745555555586
-46848.65555555554
-46845.82555555558
-46854.04666666667
-46847.25944444443
-46858.834999999985
-46854.78444444446
-46859.57555555557
-46840.27
-46846.80166666667
-46851.939999999995
-46850.95388888888
-46855.521111111106
-46860.96277777779
-46863.56666666665
-46856.19388888889
-46854.31055555553
-46849.23500000002
-46857.030000000006
-46850.106111111134
-46839.36611111112
-46849.50222222221
-46856.70222222224
-46860.93166666666
-46853.07277777777
-46863.43055555553
-46852.03999999997
-46853.13000000001
-46861.77833333335
-46851.38888888888
-46841.47055555558
-46833.24444444444
-46856.04333333334
-46841.057222222225
-46847.39611111111
-46840.561111111114
-46843.732222222214
-46847.59944444444
-46839.947777777794
-46861.04833333334
-46847.41555555555
-46857.14111111111
-46846.58722222223
-46866.25166666669
-46853.74500000001
-46863.17222222224
-46849.20166666664
-46853.34777777777
-46856.945000000014
-46832.72722222221
-46850.45555555557
-46848.23666666665
-46855.11222222223
-46844.66611111111
-46844.73888888888
-46858.03666666666
-46854.32111111108
-46861.14277777778
-46851.04999999999
-46862.79444444444
-46855.25611111111
-46865.12944444444
-46869.363888888896
-46853.076111111106
-46857.46722222223
-46864.75833333333
-46851.98722222222
-46853.433888888896
-46862.71555555553
-46857.4477777778
-46856.01555555556
-46869.030555555575
-46857.12722222221
-46864.01833333333
-46852.83833333335
-46861.03388888889
-46857.495555555535
-46857.573333333334
-46867.01499999998
-46868.19611111112
-46863.54944444445
-46868.05166666667
-46856.719999999994
-46855.08333333333
-46867.13777777777
-46860.889999999985
-46862.69999999999
-46856.16666666666
-46863.738333333335
-46865.77944444446
-46854.4588888889
-46865.386666666665
-46861.92277777776
-46870.89611111112
-46850.341111111105
-46859.125
-46867.50722222222
-46845.96222222222
-46863.67388888888
-46855.40277777778
-46862.14277777778
-46860.87499999999
-46861.807222222225
-46859.71777777777
-46861.98888888888
-46848.629444444414
-46857.87611111111
-46857.17500000001
-46865.256666666646
-46868.238888888874
-46856.12499999997
-46865.228333333325
-46873.79722222224
-46853.05222222221
-46850.45166666667
-46845.909444444434
-46856.13055555555
-46856.79555555555
-46861.910555555565
-46858.689444444455
-46876.69666666665
-46847.652777777774
-46877.97222222222
-46882.85888888889
-46861.35999999999
-46873.20722222222
-46863.23777777779
-46851.350555555546
-46838.81611111107
-46853.761111111126
-46855.53833333333
-46865.49666666665
-46858.71166666667
-46880.009444444426
-46863.595555555534
-46856.01166666667
-46857.25166666667
-46841.898888888885
-46869.78111111109
-46866.14055555554
-46859.06444444443
-46870.450555555566
-46865.362777777795
-46856.822777777765
-46860.00888888888
-46865.21000000002
-46864.47111111112
-46860.53722222222
-46853.936666666676
-46860.738333333335
-46855.23222222222
-46861.45777777779
-46857.94222222222
-46863.327222222186
-46875.56611111111
-46860.95500000002
-46867.15999999999
-46851.64944444445
-46862.02555555556
-46858.68388888887
-46849.47555555556
-46865.17777777776
-46862.90222222222
-46848.61111111112
-46849.01166666669
-46846.516111111116
-46844.83611111112
-46849.597222222204
-46841.692777777775
-46857.215555555566
-46858.94055555555
-46850.92500000004
-46866.88055555555
-46846.53833333335
-46866.40722222223
-46844.57277777779
-46842.79999999999
-46857.28500000001
-46850.796666666654
-46849.69722222222
-46855.22166666666
-46865.60722222224
-46861.35777777779
-46862.3422222222
-46865.728333333354
-46870.51222222222
-46859.84055555555
-46862.74611111112
-46859.20777777777
-46854.98
-46873.18333333332
-46857.20722222223
-46865.95500000001
-46868.26944444445
-46863.195555555576
-46880.598333333335
-46856.433333333356
-46859.918333333335
-46867.75388888888
-46855.61722222223
-46850.91722222222
-46862.89166666666
-46855.17833333334
-46865.95166666665
-46858.49555555556
-46866.831666666636
-46862.78444444442
-46861.62444444443
-46875.73833333332
-46849.73722222223
-46875.24444444445
-46849.56000000003
-46870.007777777784
-46854.61333333333
-46857.045555555575
-46851.63888888888
-46858.06444444445
-46867.652222222234
-46858.102777777785
-46877.26333333334
-46860.551111111105
-46872.365555555516
-46867.75833333334
-46868.62444444444
-46873.2288888889
-46863.788333333345
-46870.79555555556
-46857.80833333332
-46873.48166666666
-46850.17888888889
-46864.6838888889
-46864.94499999999
-46854.98277777776
-46868.05944444444
-46861.53500000002
-46866.1338888889
-46853.43833333332
-46875.49000000003
-46847.81777777778
-46879.71888888889
-46866.07277777779
-46864.127777777794
-46867.97722222224
-46854.32611111109
-46857.28555555555
-46844.486666666664
-46862.63
-46853.76111111112
-46861.14555555555
-46860.67777777777
-46859.96222222224
-46859.456111111125
-46853.04944444447
-46860.46777777777
-46849.34222222223
-46864.948888888895
-46854.185000000005
-46863.69555555555
-46867.429444444424
-46864.28666666665
-46866.94
-46861.71055555556
-46878.87777777779
-46856.402777777774
-46878.86555555554
-46848.87222222222
-46858.327777777806
-46852.09277777779
-46867.70555555555
-46856.7833333333
-46844.842777777776
-46858.55666666667
-46840.96055555555
-46864.55722222221
-46847.41555555553
-46869.66666666667
-46868.827222222215
-46870.68833333332
-46861.563888888864
-46856.548888888894
-46872.121666666666
-46857.35277777779
-46873.50666666668
-46855.830555555556
-46867.52777777779
-46850.68500000001
-46869.61111111111
-46857.24166666668
-46852.417222222226
-46869.444444444445
-46869.27499999999
-46862.13888888888
-46867.9588888889
-46856.95333333335
-46863.198888888895
-46861.67388888888
-46857.54333333331
-46858.56944444444
-46860.37444444443
-46856.60944444445
-46854.19499999999
-46863.168333333335
-46868.32666666666
-46868.82444444444
-46864.49444444443
-46863.297777777785
-46860.22166666667
-46861.70166666668
-46849.577777777784
-46865.16388888891
-46852.45388888891
-46855.22444444445
-46861.05444444444
-46852.72055555556
-46875.746111111104
-46857.27666666669
-46867.304999999986
-46845.15333333332
-46860.29111111111
-46863.15611111112
-46856.0222222222
-46864.30722222221
-46849.79944444445
-46855.23611111112
-46853.81444444444
-46862.204444444455
-46851.74055555557
-46868.05444444445
-46878.74722222223
-46869.25722222223
-46864.14722222221
-46849.38833333333
-46876.727222222195
-46856.94611111111
-46869.87999999999
-46850.36777777777
-46860.14444444442
-46863.01666666667
-46872.89277777778
-46871.63777777779
-46866.40666666668
-46862.52000000001
-46857.89166666666
-46878.24444444443
-46860.782777777786
-46871.98555555556
-46863.35333333333
-46860.59944444445
-46856.31444444444
-46850.95277777778
-46870.98055555556
-46867.65111111109
-46873.33333333334
-46861.96000000002
-46861.59888888887
-46874.65055555555
-46860.19944444441
-46867.1088888889
-46869.066666666666
-46862.59833333335
-46852.810555555574
-46858.009999999995
-46865.499999999985
-46868.647777777776
-46857.211111111115
-46849.30777777779
-46882.09222222222
-46858.13000000003
-46865.86222222222
-46856.55333333332
-46870.03277777781
-46867.61111111112
-46858.90833333335
-46859.6
-46867.783333333355
-46862.85444444445
-46865.688888888886
-46874.12166666667
-46860.93611111112
-46868.48722222222
-46864.355555555536
-46865.46277777776
-46872.858333333315
-46852.97666666666
-46862.00055555557
-46869.622222222235
-46864.25055555555
-46875.37611111114
-46854.9277777778
-46878.60888888888
-46868.83166666666
-46863.457222222234
-46877.8172222222
-46870.16055555554
-46855.652777777796
-46873.07222222223
-46855.01666666666
-46859.15055555556
-46854.0072222222
-46836.55555555555
-46868.753888888874
-46841.80166666666
-46873.85388888888
-46859.10944444444
-46864.46611111111
-46882.02777777775
-46872.53166666666
-46863.137777777774
-46858.977777777756
-46848.87999999998
-46857.195555555576
-46860.124444444446
-46867.16555555556
-46883.52833333335
-46859.55611111112
-46870.66555555554
-46873.12444444442
-46848.47777777777
-46866.4461111111
-46839.20500000001
-46848.44500000001
-46862.06055555552
-46850.15388888888
-46862.01944444444
-46858.1
-46863.74555555554
-46855.30333333335
-46862.84944444442
-46851.837222222224
-46867.00666666669
-46862.24000000003
-46862.06944444447
-46870.716111111105
-46865.91222222224
-46879.4088888889
-46862.59444444444
-46864.22222222221
-46861.145
-46853.44166666666
-46855.523333333345
-46854.68
-46867.56611111111
-46861.29944444445
-46862.40555555555
-46871.203888888886
-46857.731666666696
-46859.128333333356
-46862.78055555555
-46862.38944444447
-46855.67833333332
-46864.04666666668
-46861.33277777778
-46856.80222222222
-46856.33333333334
-46850.873888888906
-46865.16499999999
-46854.513333333336
-46862.25111111112
-46857.39944444446
-46863.40666666665
-46866.04499999999
-46860.79000000001
-46846.37499999999
-46860.15611111111
-46859.560000000005
-46848.13499999998
-46866.44111111114
-46854.5761111111
-46865.329999999994
-46856.598888888875
-46862.19499999999
-46856.995000000024
-46863.15888888887
-46844.390555555554
-46851.30111111111
-46857.91055555556
-46848.50666666667
-46853.274444444454
-46856.32777777777
-46865.48333333333
-46862.12277777774
-46859.791666666664
-46870.44888888887
-46859.06944444444
-46868.503333333334
-46861.58333333336
-46859.38944444443
-46877.53666666668
-46864.20611111112
-46842.62500000001
-46860.61333333335
-46866.47388888888
-46863.47388888888
-46870.5311111111
-46870.39999999999
-46865.36999999999
-46866.843888888885
-46877.44722222224
-46875.77666666669
-46863.19611111114
-46859.24055555554
-46856.93555555555
-46876.2561111111
-46852.98944444445
-46879.74833333332
-46835.992777777785
-46872.12666666669
-46853.2277777778
-46861.251666666656
-46859.47444444445
-46850.98722222222
-46860.6111111111
-46851.21777777775
-46861.53388888889
-46856.40888888888
-46871.74333333335
-46860.16777777777
-46863.638333333314
-46863.486111111095
-46863.8111111111
-46871.495555555564
-46863.25222222222
-46872.1561111111
-46862.30388888889
-46855.896111111106
-46841.20500000001
-46858.118888888894
-46859.74777777778
-46855.700555555566
-46860.27611111111
-46854.69
-46846.30944444444
-46856.21777777777
-46855.52500000001
-46854.20888888888
-46864.09500000001
-46861.65944444446
-46859.27833333332
-46857.173888888894
-46855.533888888895



The list of best values average 

-46864.13-47343.11999999999-47548.97999999999-47650.17999999999-47717.789999999986-47759.48-47792.929999999986-47809.47-47823.23-47837.689999999995-47850.49-47852.65-47861.09999999999-47864.64000000001-47872.409999999996-47873.83999999996-47876.86999999999-47879.94-47886.14-47887.619999999995-47895.43000000001-47898.29-47901.65-47904.469999999994-47903.770000000004-47903.84999999997-47902.97999999998-47910.44-47909.64999999999-47910.520000000004-47913.23999999998-47914.28-47912.829999999994-47917.700000000004-47915.82000000001-47920.42000000003-47920.090000000004-47922.51-47922.499999999985-47923.94999999999-47922.07999999997-47921.959999999985-47922.020000000004-47923.53-47921.23999999998-47926.590000000004-47925.56000000001-47925.13999999999-47926.439999999995-47928.860000000015-47925.79999999999-47926.35999999999-47928.88999999997-47931.71999999999-47934.799999999996-47934.409999999996-47934.54-47936.64-47939.560000000005-47941.59999999999-47939.90999999999-47942.43999999997-47943.12999999998-47943.399999999994-47941.06-47947.11-47949.679999999986-47950.319999999985-47953.340000000004-47952.40999999998-47953.92-47956.399999999994-47954.88999999999-47956.779999999984-47958.139999999985-47957.409999999974-47957.48000000003-47960.44999999999-47963.960000000014-47967.539999999986-47970.340000000004-47972.3-47970.119999999995-47973.25-47972.659999999996-47978.42-47978.39-47981.990000000005-47984.72-47984.86000000001-47987.24999999999-47986.90999999999-47986.2-47989.520000000004-47993.319999999985-47993.259999999995-47992.41999999999-47992.74-47991.80000000002-47997.77000000001-48001.05-48001.25000000001-47999.37-48002.85-48003.469999999994-48006.28999999999-48006.119999999995-48009.490000000005-48010.369999999995-48008.76000000002-48007.21000000001-48009.92999999999-48012.80000000001-48012.74-48012.259999999995-48014.959999999985-48015.55-48015.109999999986-48014.869999999995-48017.75000000002-48016.92999999999-48018.12-48020.42-48018.24999999999-48018.44000000003-48019.890000000014-48021.240000000005-48019.62-48019.92999999999-48019.170000000006-48021.21000000001-48021.63-48024.93000000001-48025.15-48027.59-48024.37-48026.109999999986-48024.22-48022.34999999999-48023.12000000001-48025.659999999996-48027.00999999999-48027.50999999998-48026.82000000001-48028.43000000001-48026.91-48029.29999999999-48029.14000000001-48028.85999999999-48027.61999999999-48027.979999999996-48029.110000000015-48029.98999999999-48029.30999999998-48031.42-48031.57000000003-48029.929999999986-48029.24-48032.049999999996-48032.299999999996-48032.01000000002-48031.669999999984-48031.19-48031.729999999974-48031.63000000002-48035.13999999999-48035.100000000006-48034.69999999999-48032.989999999976-48035.35000000001-48034.56000000003-48034.36000000001-48033.76000000001-48034.85-48035.30999999998-48037.010000000024-48034.17000000001-48037.22999999998-48036.81999999999-48036.240000000005-48035.920000000006-48035.20000000001-48036.16000000003-48036.34000000001-48036.94-48037.65000000001-48036.110000000015-48037.21999999997-48037.93-48038.02999999999-48038.16-48037.36-48036.63000000004-48038.8-48038.32-48037.909999999996-48038.270000000004-48037.69999999999-48037.82000000002-48038.28999999999-48038.80000000001-48038.229999999996-48038.52-48039.29999999999-48038.920000000006-48038.670000000006-48037.92999999999-48039.17000000001-48038.35000000001-48038.94999999998-48039.539999999986-48040.1-48038.62-48039.38999999999-48040.88000000002-48040.79-48039.66-48040.29999999999-48040.55-48040.18000000001-48039.0-48038.94999999998-48039.020000000004-48039.49-48040.30000000002-48041.590000000004-48040.38999999999-48039.409999999996-48039.82000000001-48039.82000000001-48040.51-48040.460000000014-48040.28000000001-48040.40999999999-48039.850000000006-48039.68999999998-48040.08-48039.630000000005-48039.07-48040.40999999998-48039.53000000001-48039.97-48040.340000000004-48041.03-48040.98-48040.80999999998-48041.23999999999-48041.50000000001-48040.290000000015-48040.63000000001-48041.32000000002-48041.06-48040.7-48041.03-48041.08-48042.27-48041.63000000002-48042.13000000001-48041.29-48041.700000000026-48042.050000000025-48042.18-48041.96000000001-48042.10000000001-48041.98000000001-48041.600000000006-48041.89000000001-48041.84-48042.05-48041.290000000015-48041.61000000001-48041.59000000001-48041.31000000001-48041.74000000002-48042.14000000001-48040.98-48041.12000000002-48041.18000000001-48041.389999999985-48042.24000000001-48042.69000000001-48042.190000000024-48043.050000000025-48042.74000000001-48042.270000000004-48042.590000000004-48043.36-48042.76000000001-48043.23000000001-48042.36000000002-48043.50000000002-48043.91999999999-48043.42000000001-48043.480000000025-48043.19000000002-48043.180000000015-48043.49000000001-48043.69000000002-48043.43000000001-48043.44000000002-48043.63000000002-48043.77000000001-48043.020000000026-48042.69000000002-48043.080000000016-48043.350000000035-48043.01000000004-48043.09000000002-48043.170000000006-48043.46000000002-48043.01000000003-48043.33000000001-48042.71000000003-48043.430000000015-48043.96000000001-48043.76000000002-48043.92000000001-48043.810000000005-48043.03000000001-48043.25000000001-48043.19000000001-48044.03000000001-48043.56000000001-48043.30000000001-48043.48000000002-48043.579999999994-48043.02000000002-48043.469999999994-48043.75000000001-48044.00000000002-48043.7-48043.73-48043.75-48043.939999999995-48043.95000000001-48043.759999999995-48043.49999999999-48043.92-48043.770000000004-48043.4-48043.340000000004-48043.179999999986-48043.91000000001-48044.219999999994-48043.96000000001-48044.35-48043.609999999986-48044.209999999985-48043.850000000006-48044.1-48043.54-48044.35999999999-48044.439999999995-48043.93-48043.67-48043.880000000005-48044.37-48044.479999999996-48044.279999999984-48044.43-48044.58999999999-48044.340000000004-48044.4-48044.13000000001-48044.61-48044.84999999999-48044.45999999999-48044.57999999999-48044.76-48044.81999999999-48044.270000000004-48044.55-48044.44-48044.159999999996-48044.42-48044.60000000001-48044.61-48044.75-48044.140000000014-48044.39-48043.78000000001-48044.270000000004-48044.329999999994-48044.38999999999-48044.20000000002-48044.520000000004-48044.48-48044.189999999995-48044.30999999999-48044.77999999999-48044.25-48044.80999999999-48044.700000000004-48044.75-48044.75-48044.53-48044.36-48044.94999999999-48044.439999999995-48044.719999999994-48044.560000000005-48044.58999999999-48044.26-48044.94999999999-48044.829999999994-48044.24999999999-48044.16000000001-48044.51-48044.14-48044.429999999986-48044.33999999998-48044.479999999996-48044.38999999999-48044.59999999999-48044.27-48044.39-48044.329999999994-48044.68000000001-48044.21-48044.6-48044.770000000004-48044.610000000015-48044.22000000001-48044.530000000006-48044.48-48044.15000000001-48044.590000000004-48044.46000000001-48044.73999999999-48044.73000000001-48045.05999999999-48044.60999999999-48044.38-48044.48-48044.59-48044.32000000001-48044.67999999999-48044.270000000004-48044.46-48044.59000000001-48044.829999999994-48044.640000000014-48044.58-48044.520000000004-48044.799999999996-48044.70999999999-48044.69999999999-48044.69999999999-48044.71-48044.59999999999-48044.859999999986-48044.51999999999-48044.369999999995-48044.74-48044.80999999999-48044.89-48044.979999999996-48044.66-48044.87999999999-48044.939999999995-48044.89-48044.9-48045.079999999994-48044.57-48045.04999999999-48044.80999999999-48044.74999999999-48044.5-48044.919999999984-48044.729999999996-48045.159999999996-48044.869999999995-48044.759999999995-48044.81-48044.99999999999-48044.61-48044.969999999994-48044.92999999999-48044.789999999986-48044.8-48044.90999999999-48044.64-48044.87-48044.27000000001-48044.829999999994-48044.86999999999-48045.01999999999-48044.689999999995-48045.02999999999-48044.77999999999-48045.11-48044.9-48044.97-48044.689999999995-48045.18-48044.710000000014-48044.32-48044.909999999996-48045.03-48044.72-48045.05-48044.89-48044.850000000006-48044.92-48044.99999999999-48044.79-48044.99-48044.87000000002-48044.78999999999-48044.780000000006-48044.89-48044.81-48044.789999999986-48044.65999999999-48044.84-48044.299999999996-48044.95999999999-48044.81999999999-48045.03999999999-48044.79000000001-48044.939999999995-48044.619999999995-48044.270000000004-48044.84999999999-48045.07-48044.68-48044.850000000006-48044.780000000006-48044.829999999994-48044.229999999996-48044.85-48044.61-48045.079999999994-48044.9-48044.87999999999-48044.95-48045.17999999999-48044.86-48045.17-48045.090000000004-48045.060000000005-48045.11-48045.219999999994-48044.899999999994-48045.16999999999-48045.0-48044.98999999999-48044.97-48044.60999999999-48044.84-48045.17999999999-48045.00000000001-48045.079999999994-48044.88999999999-48045.18-48044.92-48045.06-48044.82-48045.26-48045.08-48045.18-48045.12000000001-48045.310000000005-48045.02000000001-48045.490000000005-48045.070000000014-48044.73-48045.24000000001-48045.46-48045.030000000006-48045.21000000001-48045.08-48045.229999999996-48045.21000000001-48045.280000000006-48044.93-48045.270000000004-48045.21000000001-48045.32000000001-48045.26000000001-48045.32-48045.25000000001-48045.48000000001-48045.09000000002-48045.58000000001-48045.43000000001-48044.890000000014-48045.200000000004-48045.520000000004-48045.23000000001-48045.42-48045.43000000001-48045.18000000001-48045.27000000001-48045.52-48045.18000000001-48045.560000000005-48045.32000000001-48045.310000000005-48045.41-48045.46-48045.11-48045.44-48045.310000000005-48045.29-48045.26000000002-48045.42-48045.07-48045.420000000006-48045.240000000005-48045.32999999999-48045.3-48045.00000000001-48045.17-48045.46-48045.23-48045.25-48045.280000000006-48045.48-48044.63000000002-48045.50000000001-48045.36000000001-48045.329999999994-48045.37000000001-48045.520000000004-48045.14000000001-48044.89000000001-48045.33000000001-48045.280000000006-48045.29-48045.280000000006-48045.270000000004-48045.42-48045.25000000001-48045.530000000006-48045.39000000001-48045.37-48045.25000000001-48045.520000000004-48045.22000000001-48045.53-48045.270000000004-48045.29000000001-48045.340000000004-48045.520000000004-48045.110000000015-48045.57000000001-48045.14000000001-48045.43-48045.30000000001-48045.380000000005-48045.32000000001-48045.51-48045.140000000014-48045.530000000006-48045.3-48045.36-48044.83000000001-48045.26-48045.080000000016-48045.41-48045.280000000006-48045.310000000005-48045.29000000001-48045.46-48045.23-48045.37-48045.31-48045.32-48045.41-48045.060000000005-48045.04-48045.47-48045.3-48045.29-48045.200000000004-48045.42-48045.12-48045.4-48045.240000000005-48045.369999999995-48045.3-48045.53-48045.13-48045.59-48045.35-48045.41999999999-48045.4-48045.48-48045.23-48045.42-48045.33-48045.43-48045.4-48045.479999999996-48045.2-48045.579999999994-48045.38-48045.23-48045.27000000001-48045.490000000005-48045.12-48045.590000000004-48045.450000000004-48045.42-48045.46000000001-48045.549999999996-48045.21000000001-48045.54-48045.390000000014-48045.36000000001-48045.28-48045.53000000001-48045.280000000006-48045.56-48045.420000000006-48045.33-48045.48-48045.48000000001-48045.240000000005-48045.590000000004-48045.330000000016-48045.39-48045.39000000001-48045.6-48045.29-48045.45000000001-48045.4-48045.49999999999-48045.310000000005-48045.240000000005-48045.21000000001-48044.90000000001-48044.490000000005-48045.079999999994-48044.83000000001-48045.19-48045.16-48045.1-48045.14000000001-48044.94000000001-48044.91-48044.96000000002-48044.96-48045.39000000001-48045.520000000004-48045.240000000005-48045.55-48045.32000000001-48044.89-48045.07000000001-48045.46-48044.69000000001-48044.93000000001-48045.31000000001-48044.84000000001-48045.27000000001-48045.520000000004-48045.280000000006-48045.25