----------Report of simulation of Quantum Parallel Tempering-----------
The number of considered Spin 203
The considered Annealing Duration 812
The considered Annealing Number 100
The considered T 1.0
The considered Gamma0 1.0
The considered Number Of Replica 3
The considered Number Of System 6
The solution found [ 1  1  1 -1  1 -1  1 -1 -1 -1 -1  1  1 -1 -1 -1  1 -1  1 -1 -1  1  1 -1
  1 -1  1 -1  1  1 -1  1  1  1 -1  1  1 -1  1 -1 -1  1 -1  1 -1 -1 -1  1
  1  1 -1 -1 -1 -1  1 -1 -1  1  1 -1 -1 -1 -1 -1 -1  1 -1 -1  1 -1  1 -1
 -1 -1  1  1  1 -1 -1  1  1  1 -1  1  1 -1  1 -1  1 -1 -1  1 -1  1  1  1
  1  1  1 -1 -1  1 -1 -1  1  1 -1 -1 -1  1 -1 -1  1  1  1 -1 -1 -1  1 -1
  1  1  1  1  1 -1  1 -1 -1  1  1 -1  1  1  1  1 -1 -1  1  1  1  1 -1 -1
  1 -1 -1  1  1  1 -1  1  1  1  1 -1 -1 -1  1 -1 -1 -1 -1 -1  1 -1  1  1
  1 -1  1 -1 -1 -1  1 -1 -1  1  1  1 -1  1 -1 -1 -1  1 -1  1  1  1 -1 -1
 -1 -1  1  1 -1  1  1 -1  1 -1 -1]
The value found -55024.0
The Success probability is 0.03
The average value is -54931.41
The total execution time is 20477.061121940613
The average time for execution is 204.7706097817421
The average time for all systems update is 0.2519709435854052
The average time for system update is 0.04197920826610869
The average time for replica update is 0.01399259841517144
The average time for spin update is 6.867022551046432e-05
The list of values found 

-55020.0
-54887.0
-54988.0
-54829.0
-54844.0
-54929.0
-54987.0
-54882.0
-54962.0
-54907.0
-55024.0
-54920.0
-54859.0
-54946.0
-55019.0
-54961.0
-54919.0
-54942.0
-54982.0
-54974.0
-55010.0
-54817.0
-54943.0
-54934.0
-54982.0
-55020.0
-54988.0
-54771.0
-54864.0
-54966.0
-54998.0
-54930.0
-54928.0
-54744.0
-54898.0
-54870.0
-54950.0
-54914.0
-54982.0
-54900.0
-54761.0
-54965.0
-54939.0
-54985.0
-54969.0
-54979.0
-54932.0
-54769.0
-54982.0
-54985.0
-54999.0
-54995.0
-54954.0
-54814.0
-54872.0
-54762.0
-54976.0
-54917.0
-54924.0
-54895.0
-54939.0
-55020.0
-54961.0
-54985.0
-54958.0
-54803.0
-54941.0
-54819.0
-55020.0
-54922.0
-54808.0
-54933.0
-54976.0
-55020.0
-54982.0
-54967.0
-54920.0
-54950.0
-54925.0
-54970.0
-54960.0
-54927.0
-54933.0
-54864.0
-54942.0
-55024.0
-54867.0
-54952.0
-54985.0
-54935.0
-54957.0
-54963.0
-54902.0
-54964.0
-54983.0
-54981.0
-54814.0
-55024.0
-54879.0
-54902.0



The list of values first execution 

-52081.333333333336
-52265.61111111111
-52402.444444444445
-52410.11111111111
-52545.666666666664
-52479.72222222222
-52455.833333333336
-52419.11111111111
-52454.944444444445
-52456.055555555555
-52384.77777777778
-52392.833333333336
-52361.11111111111
-52517.833333333336
-52341.055555555555
-52205.333333333336
-52287.88888888889
-52259.27777777778
-52306.88888888889
-52221.0
-52283.72222222222
-52274.27777777778
-52159.77777777778
-52114.333333333336
-52053.22222222222
-51993.833333333336
-52278.61111111111
-52205.444444444445
-52240.944444444445
-52109.333333333336
-52062.88888888889
-52024.444444444445
-52128.27777777778
-52054.555555555555
-52049.27777777778
-52051.5
-52050.555555555555
-51989.72222222222
-52115.0
-52078.72222222222
-52204.166666666664
-51977.61111111111
-52027.333333333336
-52123.88888888889
-52005.555555555555
-52163.166666666664
-52011.833333333336
-52179.555555555555
-52003.61111111111
-51977.77777777778
-51894.055555555555
-52059.833333333336
-52023.166666666664
-52068.055555555555
-52057.666666666664
-51931.944444444445
-52040.0
-52196.0
-51916.333333333336
-52000.88888888889
-52043.38888888889
-51913.166666666664
-51942.22222222222
-52007.444444444445
-51887.666666666664
-52149.166666666664
-51859.5
-51975.833333333336
-51986.27777777778
-51864.22222222222
-51952.88888888889
-51758.88888888889
-51966.5
-51859.77777777778
-51909.333333333336
-51942.944444444445
-51872.666666666664
-51901.11111111111
-51975.166666666664
-51957.444444444445
-51962.77777777778
-51715.27777777778
-51766.944444444445
-51830.555555555555
-51894.38888888889
-51782.0
-51937.833333333336
-52000.833333333336
-51973.11111111111
-51812.22222222222
-51908.61111111111
-52026.0
-52222.166666666664
-52043.5
-51800.0
-51994.833333333336
-51732.38888888889
-52009.61111111111
-52228.555555555555
-51813.5
-51976.88888888889
-51972.0
-51798.555555555555
-52029.0
-51868.38888888889
-51894.88888888889
-51928.0
-51654.88888888889
-51804.5
-51960.666666666664
-52048.5
-51881.61111111111
-51699.444444444445
-51927.055555555555
-51827.11111111111
-51898.38888888889
-51926.444444444445
-51635.77777777778
-51754.055555555555
-51793.5
-51887.11111111111
-51792.444444444445
-51721.38888888889
-51903.0
-51718.444444444445
-51796.88888888889
-51852.444444444445
-51930.88888888889
-52075.055555555555
-51842.055555555555
-51886.555555555555
-52093.055555555555
-51925.88888888889
-51975.5
-52060.055555555555
-51936.0
-51867.333333333336
-52038.72222222222
-51925.22222222222
-52258.0
-52083.27777777778
-51842.88888888889
-51949.5
-51721.72222222222
-52044.444444444445
-51870.055555555555
-51893.333333333336
-52036.055555555555
-51943.833333333336
-51806.88888888889
-51875.5
-51827.444444444445
-52066.38888888889
-51908.444444444445
-52098.27777777778
-51911.166666666664
-51906.555555555555
-52121.61111111111
-51927.11111111111
-51921.944444444445
-52055.72222222222
-51994.77777777778
-52087.166666666664
-51945.11111111111
-52044.38888888889
-51902.11111111111
-51985.055555555555
-51917.77777777778
-51987.27777777778
-51754.22222222222
-51766.38888888889
-51661.5
-51755.555555555555
-52089.11111111111
-51744.22222222222
-51828.444444444445
-52081.166666666664
-51941.333333333336
-51895.333333333336
-51918.72222222222
-51649.555555555555
-51839.11111111111
-51571.27777777778
-51885.27777777778
-51710.22222222222
-51872.944444444445
-51921.666666666664
-51951.22222222222
-52108.38888888889
-51868.11111111111
-51971.333333333336
-51863.666666666664
-51934.333333333336
-51787.38888888889
-52037.5
-52004.055555555555
-51971.27777777778
-51870.0
-51980.944444444445
-51955.61111111111
-52022.944444444445
-51857.88888888889
-51917.5
-52021.444444444445
-51793.055555555555
-51529.666666666664
-51767.72222222222
-51612.444444444445
-51786.555555555555
-51848.055555555555
-51904.055555555555
-52006.555555555555
-51822.944444444445
-51928.944444444445
-51619.055555555555
-51672.61111111111
-51975.77777777778
-51838.833333333336
-51803.22222222222
-51938.77777777778
-52040.11111111111
-51932.0
-51684.5
-51937.166666666664
-51844.72222222222
-51919.38888888889
-51847.833333333336
-51850.77777777778
-51790.166666666664
-51703.11111111111
-51905.333333333336
-51942.833333333336
-51791.88888888889
-52096.666666666664
-51824.38888888889
-52046.22222222222
-51982.333333333336
-51918.666666666664
-51736.555555555555
-52000.77777777778
-52031.666666666664
-52010.833333333336
-52078.77777777778
-52073.666666666664
-52166.5
-51806.444444444445
-51812.5
-51848.38888888889
-51770.666666666664
-51835.72222222222
-51856.444444444445
-52087.61111111111
-51897.88888888889
-52239.0
-52113.27777777778
-52023.444444444445
-52079.72222222222
-51826.5
-51969.72222222222
-51798.27777777778
-51760.833333333336
-52002.944444444445
-51768.0
-51954.38888888889
-51944.11111111111
-52039.444444444445
-51692.333333333336
-52065.77777777778
-52088.666666666664
-51790.27777777778
-52076.166666666664
-51711.61111111111
-51827.38888888889
-51865.5
-51812.38888888889
-51890.944444444445
-51917.0
-52001.666666666664
-51793.555555555555
-52046.833333333336
-52024.666666666664
-51885.27777777778
-52071.333333333336
-51980.27777777778
-52032.833333333336
-51977.72222222222
-51957.666666666664
-51883.055555555555
-51732.055555555555
-51939.833333333336
-51847.11111111111
-51631.833333333336
-51746.38888888889
-51785.61111111111
-51886.27777777778
-51968.77777777778
-51719.444444444445
-51923.333333333336
-51882.88888888889
-51689.88888888889
-51762.61111111111
-52082.333333333336
-51654.22222222222
-52232.88888888889
-51982.833333333336
-51982.0
-51850.833333333336
-51859.166666666664
-52073.88888888889
-52085.944444444445
-51989.72222222222
-51927.38888888889
-52018.5
-52128.22222222222
-52037.88888888889
-51953.72222222222
-51871.166666666664
-52142.166666666664
-51650.38888888889
-52290.38888888889
-51911.555555555555
-51885.61111111111
-51956.88888888889
-51871.166666666664
-51984.333333333336
-51889.555555555555
-52042.833333333336
-52069.61111111111
-51903.61111111111
-51868.944444444445
-51765.22222222222
-52013.61111111111
-52199.11111111111
-51868.11111111111
-52098.61111111111
-51948.38888888889
-51935.055555555555
-52095.444444444445
-52015.72222222222
-52274.333333333336
-52069.72222222222
-52151.22222222222
-52006.61111111111
-51896.055555555555
-51879.555555555555
-52015.77777777778
-52057.77777777778
-51984.77777777778
-51682.444444444445
-51845.27777777778
-51767.88888888889
-51780.444444444445
-51884.0
-51988.72222222222
-51937.88888888889
-51834.666666666664
-51942.11111111111
-51986.166666666664
-52060.444444444445
-51819.833333333336
-52132.72222222222
-51895.11111111111
-51899.72222222222
-51963.38888888889
-51854.72222222222
-52018.61111111111
-51873.11111111111
-51831.166666666664
-52044.38888888889
-51901.833333333336
-51903.0
-51837.61111111111
-51923.61111111111
-51949.833333333336
-52054.22222222222
-51821.5
-52063.166666666664
-51853.055555555555
-51802.333333333336
-52143.61111111111
-51683.944444444445
-52087.27777777778
-51979.444444444445
-52077.555555555555
-52160.055555555555
-51838.72222222222
-51955.055555555555
-51942.0
-51715.666666666664
-51776.22222222222
-51762.666666666664
-51882.88888888889
-51944.0
-51848.0
-52044.38888888889
-51812.27777777778
-51919.27777777778
-51904.166666666664
-51800.22222222222
-51835.27777777778
-51801.055555555555
-52182.333333333336
-52055.61111111111
-51938.166666666664
-51813.055555555555
-51957.555555555555
-51923.88888888889
-52030.333333333336
-51848.833333333336
-51986.833333333336
-51872.77777777778
-51878.0
-51884.555555555555
-51969.555555555555
-51961.666666666664
-51909.0
-51934.22222222222
-51910.166666666664
-51882.5
-52051.444444444445
-51851.38888888889
-51911.444444444445
-51943.61111111111
-51972.166666666664
-51930.61111111111
-51650.666666666664
-52001.944444444445
-51853.944444444445
-51846.333333333336
-51965.72222222222
-51813.944444444445
-51893.88888888889
-51902.333333333336
-51989.61111111111
-51822.333333333336
-51996.77777777778
-51817.11111111111
-52042.333333333336
-52003.72222222222
-52181.444444444445
-52080.833333333336
-51855.944444444445
-51776.833333333336
-51898.5
-52062.38888888889
-51981.666666666664
-51938.833333333336
-52148.27777777778
-51898.833333333336
-51989.27777777778
-51976.444444444445
-51752.833333333336
-51817.5
-51565.11111111111
-51671.944444444445
-51909.88888888889
-51854.555555555555
-52056.22222222222
-52014.27777777778
-52073.0
-51902.055555555555
-51983.166666666664
-51864.77777777778
-52021.88888888889
-51805.38888888889
-51703.944444444445
-51905.666666666664
-51925.5
-51938.88888888889
-52048.72222222222
-51707.333333333336
-52101.944444444445
-52004.555555555555
-51868.666666666664
-52006.166666666664
-51874.27777777778
-51957.61111111111
-51716.72222222222
-51779.944444444445
-51805.72222222222
-51785.61111111111
-51810.944444444445
-51845.27777777778
-51967.72222222222
-51799.666666666664
-52038.61111111111
-51684.166666666664
-51962.88888888889
-51892.27777777778
-51942.055555555555
-52094.72222222222
-51752.055555555555
-52051.0
-52050.38888888889
-51909.555555555555
-51950.833333333336
-51754.666666666664
-51770.77777777778
-51845.61111111111
-51939.77777777778
-51764.833333333336
-52021.055555555555
-52052.5
-52070.88888888889
-51933.5
-51996.444444444445
-51642.72222222222
-51977.666666666664
-51843.055555555555
-51803.72222222222
-52175.61111111111
-51903.38888888889
-51933.5
-51949.666666666664
-51931.444444444445
-52014.77777777778
-52048.77777777778
-52012.555555555555
-52095.22222222222
-51958.333333333336
-51930.555555555555
-51913.0
-51944.11111111111
-51908.11111111111
-51965.22222222222
-51908.27777777778
-51907.0
-52085.88888888889
-51974.38888888889
-52054.72222222222
-51924.833333333336
-52021.444444444445
-51916.77777777778
-52030.5
-51967.22222222222
-51899.38888888889
-51772.77777777778
-51721.833333333336
-51647.166666666664
-51628.11111111111
-51910.77777777778
-51892.555555555555
-51951.61111111111
-52137.166666666664
-51807.5
-51937.944444444445
-51918.22222222222
-51953.77777777778
-51947.0
-51717.666666666664
-51877.22222222222
-51946.61111111111
-51828.555555555555
-51928.666666666664
-52033.666666666664
-52090.22222222222
-52003.055555555555
-51940.61111111111
-51812.444444444445
-52026.333333333336
-52018.444444444445
-51807.61111111111
-52040.5
-51891.27777777778
-51939.77777777778
-52008.38888888889
-51824.944444444445
-52104.555555555555
-51570.944444444445
-51949.88888888889
-51859.38888888889
-51923.38888888889
-51800.666666666664
-51625.944444444445
-51938.333333333336
-51714.5
-51913.0
-51688.27777777778
-51704.88888888889
-51949.944444444445
-51886.0
-52098.555555555555
-51883.77777777778
-51881.27777777778
-52043.61111111111
-51952.555555555555
-51955.27777777778
-51988.555555555555
-51865.166666666664
-51913.61111111111
-52006.5
-51649.38888888889
-51847.22222222222
-51635.5
-51854.666666666664
-51923.166666666664
-51938.61111111111
-51837.5
-51852.333333333336
-51807.444444444445
-52080.0
-51830.77777777778
-52126.27777777778
-51814.555555555555
-51871.666666666664
-51938.27777777778
-51793.27777777778
-51999.38888888889
-52003.88888888889
-51767.0
-51899.72222222222
-51721.0
-51938.666666666664
-51790.22222222222
-51958.555555555555
-51806.944444444445
-51802.88888888889
-52118.555555555555
-51971.833333333336
-51956.38888888889
-52047.666666666664
-51767.88888888889
-51902.055555555555
-51730.38888888889
-51982.61111111111
-51899.833333333336
-51958.055555555555
-52129.77777777778
-52143.22222222222
-52032.0
-51939.22222222222
-51934.944444444445
-51974.72222222222
-51871.055555555555
-51954.77777777778
-51928.38888888889
-51883.333333333336
-51839.5
-51898.27777777778
-51961.22222222222
-51850.333333333336
-51943.88888888889
-51716.333333333336
-52090.27777777778
-51831.833333333336
-51820.88888888889
-51812.38888888889
-51746.22222222222
-51874.22222222222
-51826.88888888889
-51807.88888888889
-52150.666666666664
-51854.11111111111
-51967.11111111111
-52014.055555555555
-51948.555555555555
-51960.833333333336
-51796.555555555555
-51946.11111111111
-51996.833333333336
-51921.944444444445
-52061.5
-52011.27777777778
-52000.27777777778
-51920.166666666664
-52062.444444444445
-52002.38888888889
-52060.555555555555
-52110.88888888889
-51857.166666666664
-51851.77777777778
-51877.77777777778
-52144.444444444445
-51982.333333333336
-51862.77777777778
-51996.22222222222
-51820.666666666664
-52043.166666666664
-51953.77777777778
-51770.444444444445
-52028.22222222222
-51906.055555555555
-51931.88888888889
-52007.77777777778
-51725.61111111111
-51741.166666666664
-51974.72222222222
-51782.555555555555
-51925.0
-52036.22222222222
-51869.666666666664
-52016.555555555555
-51738.666666666664
-51877.555555555555
-51801.72222222222
-51785.666666666664
-51920.555555555555
-51797.5
-52045.666666666664
-51520.88888888889
-51985.833333333336
-51955.166666666664
-51749.833333333336
-52002.38888888889
-51898.944444444445
-52141.666666666664
-52025.055555555555
-51922.61111111111
-52026.22222222222
-51948.5
-51848.22222222222
-51690.77777777778
-51854.22222222222
-51634.72222222222
-52031.61111111111
-51829.11111111111
-51837.27777777778
-51801.055555555555
-51834.5
-52094.72222222222
-52029.0
-52032.61111111111
-51967.27777777778
-52139.833333333336
-51944.88888888889
-51905.0
-52085.22222222222
-51902.88888888889
-51959.88888888889
-51714.38888888889
-52037.38888888889
-51933.61111111111
-52135.333333333336
-52000.166666666664
-51876.61111111111
-51957.11111111111
-51902.666666666664
-51943.666666666664
-51810.72222222222
-51891.444444444445
-52023.944444444445
-51850.055555555555
-51919.61111111111
-51920.72222222222
-51848.833333333336
-52149.5
-51971.27777777778
-52210.22222222222
-51973.444444444445
-51778.055555555555
-52097.555555555555
-51880.5
-52122.22222222222
-51843.27777777778
-51966.666666666664
-51881.72222222222
-51799.5
-51660.666666666664
-51807.0
-52114.444444444445
-51686.38888888889
-51834.22222222222
-51758.11111111111
-51711.055555555555
-52069.38888888889
-51821.555555555555
-51795.555555555555
-51813.833333333336
-51959.11111111111
-51901.166666666664
-51881.72222222222
-52029.72222222222
-51937.77777777778
-51939.11111111111
-52023.0
-51787.38888888889
-51937.166666666664
-51779.166666666664
-51638.88888888889
-51877.27777777778
-51838.5
-51837.666666666664
-51993.27777777778
-51851.61111111111
-51921.833333333336
-51730.77777777778
-51864.38888888889
-51868.11111111111
-51877.27777777778
-51877.38888888889
-51674.5
-51707.555555555555
-51698.38888888889
-51990.22222222222
-51734.61111111111
-52034.0
-51761.055555555555
-51958.666666666664
-51778.0
-52020.555555555555
-51943.166666666664
-51727.666666666664
-51890.77777777778
-51860.27777777778
-51834.27777777778
-51828.166666666664
-51725.666666666664
-51973.333333333336
-51848.22222222222
-51856.833333333336
-51970.444444444445
-51953.88888888889



The list of best values first execution 

-54029.0
-54268.0
-54388.0
-54468.0
-54585.0
-54643.0
-54662.0
-54680.0
-54686.0
-54689.0
-54689.0
-54737.0
-54728.0
-54679.0
-54698.0
-54758.0
-54830.0
-54809.0
-54770.0
-54845.0
-54927.0
-54982.0
-54982.0
-54976.0
-54977.0
-54973.0
-54974.0
-54976.0
-54977.0
-54977.0
-54983.0
-54983.0
-54983.0
-54983.0
-54983.0
-54983.0
-54983.0
-54983.0
-54983.0
-54983.0
-54983.0
-54983.0
-54983.0
-54983.0
-54983.0
-54983.0
-54983.0
-54983.0
-54983.0
-54983.0
-54983.0
-54983.0
-54983.0
-54983.0
-54983.0
-54983.0
-54983.0
-54983.0
-54983.0
-54983.0
-54983.0
-54983.0
-54983.0
-54983.0
-54983.0
-54983.0
-54983.0
-54983.0
-54983.0
-54983.0
-54983.0
-54983.0
-54983.0
-54983.0
-54983.0
-54983.0
-54983.0
-54983.0
-54983.0
-54983.0
-54983.0
-54983.0
-54983.0
-54983.0
-54983.0
-54983.0
-54983.0
-54983.0
-54983.0
-54983.0
-54983.0
-54983.0
-54983.0
-54983.0
-54983.0
-54983.0
-54983.0
-54983.0
-54983.0
-54983.0
-54983.0
-54983.0
-54983.0
-54983.0
-54983.0
-54983.0
-54983.0
-54983.0
-54983.0
-54983.0
-54983.0
-54983.0
-54983.0
-54984.0
-54984.0
-55003.0
-55017.0
-54978.0
-55017.0
-55019.0
-55019.0
-55019.0
-55019.0
-55020.0
-55019.0
-55019.0
-55019.0
-55020.0
-55020.0
-55020.0
-55020.0
-55020.0
-55020.0
-55020.0
-55020.0
-55020.0
-55020.0
-55020.0
-55020.0
-55020.0
-55019.0
-55019.0
-55018.0
-55020.0
-55020.0
-55020.0
-55020.0
-55020.0
-55020.0
-55020.0
-55020.0
-55020.0
-55020.0
-55020.0
-55020.0
-55020.0
-55019.0
-55019.0
-55019.0
-55019.0
-55019.0
-55020.0
-55019.0
-55019.0
-55019.0
-55018.0
-55020.0
-55020.0
-55020.0
-55020.0
-55020.0
-55020.0
-55020.0
-55020.0
-55020.0
-55020.0
-55020.0
-55020.0
-55020.0
-55020.0
-55020.0
-55020.0
-55020.0
-55020.0
-55020.0
-55019.0
-55019.0
-55018.0
-55020.0
-55019.0
-55018.0
-55019.0
-55019.0
-55019.0
-55019.0
-55020.0
-55020.0
-55020.0
-55020.0
-55020.0
-55020.0
-55020.0
-55020.0
-55020.0
-55020.0
-55020.0
-55020.0
-55020.0
-55020.0
-55020.0
-55020.0
-55020.0
-55020.0
-55020.0
-55020.0
-55020.0
-55020.0
-55020.0
-55020.0
-55020.0
-55020.0
-55020.0
-55020.0
-55020.0
-55020.0
-55020.0
-55020.0
-55020.0
-55020.0
-55020.0
-55020.0
-55020.0
-55020.0
-55020.0
-55020.0
-55020.0
-55020.0
-55020.0
-55020.0
-55020.0
-55020.0
-55020.0
-55020.0
-55020.0
-55020.0
-55020.0
-55020.0
-55020.0
-55020.0
-55020.0
-55020.0
-55020.0
-55020.0
-55020.0
-55020.0
-55020.0
-55020.0
-55020.0
-55020.0
-55020.0
-55020.0
-55020.0
-55020.0
-55020.0
-55020.0
-55020.0
-55020.0
-55020.0
-55020.0
-55020.0
-55020.0
-55020.0
-55020.0
-55020.0
-55020.0
-55020.0
-55020.0
-55020.0
-55020.0
-55020.0
-55020.0
-55020.0
-55020.0
-55020.0
-55020.0
-55020.0
-55020.0
-55020.0
-55020.0
-55020.0
-55020.0
-55020.0
-55020.0
-55020.0
-55020.0
-55020.0
-55020.0
-55019.0
-55019.0
-55019.0
-55020.0
-55020.0
-55020.0
-55020.0
-55020.0
-55018.0
-55020.0
-55020.0
-55020.0
-55020.0
-55020.0
-55020.0
-55020.0
-55020.0
-55020.0
-55020.0
-55019.0
-55019.0
-55019.0
-55019.0
-55019.0
-55020.0
-55020.0
-55020.0
-55020.0
-55020.0
-55020.0
-55020.0
-55020.0
-55020.0
-55020.0
-55020.0
-55020.0
-55020.0
-55020.0
-55020.0
-55019.0
-55019.0
-55019.0
-55019.0
-55019.0
-55019.0
-55020.0
-55020.0
-55020.0
-55020.0
-55020.0
-55020.0
-55019.0
-55019.0
-55019.0
-55020.0
-55020.0
-55020.0
-55020.0
-55020.0
-55020.0
-55020.0
-55020.0
-55018.0
-55020.0
-55018.0
-55020.0
-55020.0
-55020.0
-55020.0
-55020.0
-55020.0
-55020.0
-55020.0
-55019.0
-55019.0
-55019.0
-55019.0
-55019.0
-55020.0
-55020.0
-55020.0
-55020.0
-55020.0
-55020.0
-55020.0
-55020.0
-55020.0
-55020.0
-55020.0
-55020.0
-55020.0
-55019.0
-55019.0
-55020.0
-55019.0
-55019.0
-55013.0
-55019.0
-55019.0
-55018.0
-55019.0
-55019.0
-55019.0
-55019.0
-55020.0
-55020.0
-55020.0
-55020.0
-55020.0
-55020.0
-55020.0
-55020.0
-55020.0
-55020.0
-55020.0
-55020.0
-55020.0
-55020.0
-55020.0
-55020.0
-55020.0
-55020.0
-55020.0
-55020.0
-55020.0
-55020.0
-55020.0
-55020.0
-55020.0
-55020.0
-55020.0
-55019.0
-55018.0
-55020.0
-55018.0
-55020.0
-55020.0
-55020.0
-55019.0
-55018.0
-55020.0
-55018.0
-55020.0
-55019.0
-55019.0
-55020.0
-55020.0
-55020.0
-55020.0
-55020.0
-55020.0
-55020.0
-55020.0
-55020.0
-55020.0
-55020.0
-55020.0
-55019.0
-55019.0
-55018.0
-55020.0
-55020.0
-55020.0
-55020.0
-55020.0
-55020.0
-55020.0
-55020.0
-55020.0
-55020.0
-55020.0
-55020.0
-55020.0
-55020.0
-55020.0
-55020.0
-55020.0
-55020.0
-55020.0
-55020.0
-55020.0
-55020.0
-55020.0
-55018.0
-55020.0
-55020.0
-55020.0
-55020.0
-55020.0
-55020.0
-55020.0
-55020.0
-55020.0
-55020.0
-55020.0
-55019.0
-55019.0
-55019.0
-55020.0
-55020.0
-55020.0
-55020.0
-55020.0
-55020.0
-55020.0
-55020.0
-55020.0
-55020.0
-55020.0
-55020.0
-55020.0
-55020.0
-55020.0
-55020.0
-55020.0
-55020.0
-55020.0
-55020.0
-55020.0
-55020.0
-55020.0
-55020.0
-55020.0
-55020.0
-55018.0
-55020.0
-55020.0
-55020.0
-55020.0
-55020.0
-55020.0
-55020.0
-55020.0
-55020.0
-55020.0
-55020.0
-55020.0
-55020.0
-55020.0
-55020.0
-55020.0
-55020.0
-55020.0
-55020.0
-55020.0
-55020.0
-55020.0
-55020.0
-55020.0
-55019.0
-55019.0
-55019.0
-55019.0
-55019.0
-55019.0
-55018.0
-55019.0
-55019.0
-55019.0
-55019.0
-55020.0
-55020.0
-55020.0
-55020.0
-55020.0
-55020.0
-55020.0
-55020.0
-55020.0
-55020.0
-55020.0
-55020.0
-55020.0
-55020.0
-55020.0
-55019.0
-55018.0
-55019.0
-55019.0
-55019.0
-55019.0
-55020.0
-55020.0
-55020.0
-55020.0
-55020.0
-55019.0
-55019.0
-55019.0
-55020.0
-55020.0
-55020.0
-55020.0
-55020.0
-55020.0
-55020.0
-55020.0
-55020.0
-55020.0
-55020.0
-55020.0
-55020.0
-55020.0
-55020.0
-55020.0
-55020.0
-55020.0
-55020.0
-55020.0
-55020.0
-55020.0
-55020.0
-55020.0
-55020.0
-55020.0
-55020.0
-55020.0
-55020.0
-55019.0
-55019.0
-55019.0
-55020.0
-55020.0
-55020.0
-55020.0
-55020.0
-55020.0
-55020.0
-55020.0
-55019.0
-55019.0
-55019.0
-55020.0
-55020.0
-55020.0
-55020.0
-55020.0
-55020.0
-55020.0
-55020.0
-55020.0
-55020.0
-55020.0
-55020.0
-55020.0
-55020.0
-55020.0
-55020.0
-55020.0
-55020.0
-55020.0
-55020.0
-55020.0
-55020.0
-55020.0
-55020.0
-55020.0
-55020.0
-55020.0
-55020.0
-55020.0
-55020.0
-55020.0
-55020.0
-55020.0
-55020.0
-55020.0
-55019.0
-55019.0
-55019.0
-55019.0
-55019.0
-55018.0
-55019.0
-55019.0
-55020.0
-55020.0
-55020.0
-55020.0
-55020.0
-55020.0
-55020.0
-55020.0
-55020.0
-55020.0
-55020.0
-55020.0
-55020.0
-55020.0
-55020.0
-55020.0
-55020.0
-55020.0
-55020.0
-55020.0
-55020.0
-55020.0
-55020.0
-55020.0
-55020.0
-55020.0
-55020.0
-55020.0
-55020.0
-55020.0
-55020.0
-55020.0
-55020.0
-55020.0
-55020.0
-55020.0
-55020.0
-55020.0
-55020.0
-55020.0
-55020.0
-55020.0
-55020.0
-55020.0
-55020.0
-55019.0
-55019.0
-55019.0
-55019.0
-55020.0
-55020.0
-55020.0
-55020.0
-55020.0
-55020.0
-55020.0
-55020.0
-55020.0
-55020.0
-55020.0
-55020.0
-55020.0
-55020.0
-55020.0
-55020.0
-55020.0
-55020.0
-55020.0
-55020.0
-55020.0
-55020.0
-55019.0
-55018.0
-55020.0
-55020.0
-55020.0
-55020.0
-55020.0
-55020.0
-55020.0
-55020.0
-55020.0
-55020.0
-55020.0
-55018.0
-55020.0
-55020.0
-55020.0
-55020.0
-55020.0
-55020.0
-55018.0
-55020.0
-55020.0
-55020.0
-55020.0
-55019.0
-55019.0
-55019.0
-55019.0
-55019.0
-55019.0
-55019.0
-55020.0
-55018.0
-55020.0
-55020.0
-55020.0
-55020.0
-55020.0
-55020.0
-55020.0
-55020.0
-55020.0
-55020.0
-55020.0
-55020.0
-55019.0
-55019.0
-55019.0
-55019.0
-55019.0
-55019.0
-55019.0
-55020.0
-55020.0
-55020.0
-55020.0
-55020.0
-55020.0
-55020.0
-55020.0
-55020.0
-55020.0
-55020.0
-55020.0
-55020.0
-55020.0
-55020.0
-55020.0



The list of values average 

-52068.69333333332
-52266.20444444446
-52372.62444444448
-52398.47611111113
-52403.768333333326
-52416.76722222222
-52414.887222222234
-52405.46777777781
-52391.01166666667
-52386.95777777778
-52379.08999999999
-52355.35611111113
-52336.81833333332
-52315.65055555554
-52281.16499999999
-52272.780555555546
-52245.33000000001
-52255.933333333305
-52185.597777777766
-52201.89055555555
-52160.68999999998
-52143.44444444445
-52148.73611111113
-52121.44499999999
-52114.665
-52071.19444444448
-52073.94388888888
-52057.08333333333
-52045.68722222221
-52019.61111111111
-52010.48777777778
-52035.3111111111
-51992.584444444416
-52009.36222222219
-51989.42444444444
-51967.82944444442
-51979.263888888905
-51938.928333333315
-51936.17277777777
-51914.29333333334
-51923.042777777795
-51940.831111111096
-51910.07444444444
-51928.661666666674
-51918.99555555556
-51927.020555555544
-51917.68055555555
-51914.28277777776
-51914.90944444444
-51917.43777777779
-51920.14444444447
-51919.39500000001
-51913.45666666664
-51911.26277777779
-51913.108333333315
-51904.7561111111
-51916.161111111105
-51907.92722222221
-51885.950555555566
-51911.38555555554
-51890.74611111111
-51920.94777777777
-51884.95777777778
-51917.69111111114
-51897.65388888888
-51906.755
-51904.04499999999
-51906.946111111116
-51919.19333333331
-51906.2711111111
-51901.303888888884
-51908.932777777794
-51908.62333333332
-51899.601111111115
-51891.795555555575
-51907.272222222244
-51904.67833333336
-51897.17444444447
-51897.933333333334
-51918.55333333333
-51898.64722222222
-51916.04166666666
-51904.04611111109
-51926.33166666669
-51908.339444444435
-51919.98777777781
-51940.00833333333
-51913.84555555556
-51907.77166666665
-51912.26222222224
-51879.24999999999
-51915.36444444444
-51911.64000000001
-51922.49388888891
-51923.441666666666
-51890.632777777784
-51909.848333333335
-51888.090555555595
-51923.09611111111
-51925.01666666667
-51916.691666666666
-51937.602777777785
-51907.73388888889
-51900.59277777779
-51925.43999999997
-51908.84055555553
-51889.49722222226
-51893.04944444443
-51909.86777777778
-51918.74722222223
-51889.85222222222
-51913.6538888889
-51902.517222222225
-51915.787222222214
-51908.548333333354
-51910.354444444456
-51924.80444444445
-51917.51388888892
-51902.17388888888
-51903.762222222234
-51899.18611111111
-51894.49388888889
-51899.78555555556
-51906.41944444445
-51907.51499999999
-51896.67666666668
-51911.765555555554
-51915.25055555555
-51912.25555555555
-51901.98333333334
-51899.08222222223
-51915.764444444445
-51900.969999999994
-51916.583888888905
-51906.399444444454
-51909.29111111112
-51923.61611111112
-51908.80277777778
-51919.53000000002
-51890.19777777778
-51909.487777777795
-51908.10277777775
-51899.704999999994
-51900.68611111109
-51920.44777777778
-51888.558888888874
-51909.72000000001
-51890.35222222224
-51895.36333333331
-51901.921666666654
-51899.06166666668
-51890.37833333334
-51906.29222222222
-51889.899444444476
-51900.390555555576
-51913.48166666668
-51919.60888888885
-51901.337777777786
-51891.58611111111
-51905.3088888889
-51897.00277777777
-51916.81222222223
-51893.91722222223
-51899.15777777776
-51884.679444444424
-51897.30833333334
-51887.5422222222
-51874.34777777777
-51904.20166666666
-51876.952222222215
-51897.40555555553
-51886.557222222225
-51907.68611111109
-51911.252777777794
-51903.87055555553
-51907.23277777776
-51910.74055555556
-51888.04166666668
-51911.63000000001
-51909.505
-51886.3088888889
-51887.12944444445
-51910.614444444465
-51881.62888888888
-51917.10611111112
-51915.31166666666
-51892.94500000001
-51915.573888888866
-51887.573888888895
-51904.033888888895
-51911.757777777784
-51902.27166666666
-51909.453333333324
-51892.322222222225
-51903.552222222206
-51899.39222222224
-51894.6322222222
-51886.979444444434
-51900.75777777777
-51909.48444444445
-51915.93388888889
-51917.02277777778
-51910.476111111144
-51904.198333333334
-51884.16666666665
-51899.61722222221
-51880.33500000002
-51887.14611111111
-51901.390555555554
-51903.91666666665
-51893.55777777776
-51913.49777777779
-51904.72833333333
-51899.36222222221
-51923.75777777776
-51921.38944444445
-51927.84277777779
-51902.93444444442
-51928.91722222218
-51917.179999999986
-51917.64166666666
-51913.177222222235
-51909.40222222224
-51900.312777777755
-51908.71333333333
-51907.616666666676
-51898.40555555554
-51920.18166666666
-51898.783333333355
-51897.87555555556
-51901.96888888889
-51903.99388888887
-51917.66055555558
-51883.674444444456
-51900.44055555556
-51887.60333333332
-51909.08888888891
-51906.895000000004
-51895.25499999998
-51907.89222222222
-51916.82611111111
-51905.91
-51917.90555555556
-51896.467777777776
-51903.53666666667
-51893.39111111111
-51906.020555555544
-51884.42666666666
-51906.64666666668
-51892.72055555553
-51912.08944444445
-51885.68833333334
-51898.926111111134
-51892.66166666669
-51898.03111111112
-51906.72111111109
-51885.33500000001
-51901.737777777795
-51887.27055555556
-51897.4188888889
-51899.23333333335
-51889.29444444446
-51902.738888888874
-51894.530555555546
-51909.532777777786
-51884.697777777765
-51888.830555555585
-51915.84499999998
-51896.34833333331
-51916.28666666668
-51921.27222222224
-51885.30833333333
-51896.72722222224
-51892.7961111111
-51905.09222222221
-51906.82555555555
-51893.41444444445
-51923.04055555556
-51906.47000000001
-51910.57777777779
-51898.45611111112
-51894.22777777778
-51904.174444444456
-51893.93944444441
-51908.18777777777
-51890.038333333345
-51895.05444444444
-51909.09222222222
-51897.72111111111
-51885.934444444436
-51883.26888888887
-51890.180555555526
-51886.154444444466
-51895.94111111111
-51905.12111111113
-51882.55111111112
-51908.18833333332
-51910.800555555565
-51885.508888888915
-51904.717222222236
-51868.21722222222
-51904.74444444447
-51893.64666666666
-51892.446111111116
-51916.518333333355
-51888.63388888889
-51884.173888888894
-51885.48000000001
-51900.491666666654
-51897.76722222221
-51893.02111111112
-51901.50388888888
-51896.41722222223
-51912.58277777778
-51943.888888888905
-51914.337222222195
-51953.12222222225
-51918.960000000014
-51904.770555555544
-51901.343888888885
-51890.82444444444
-51903.33111111114
-51905.17277777779
-51902.335
-51895.00333333331
-51913.10833333332
-51908.06499999999
-51908.89611111113
-51901.836666666684
-51926.88222222223
-51909.911666666674
-51908.07944444446
-51912.83111111112
-51886.4538888889
-51910.127222222174
-51895.19833333334
-51899.49833333332
-51909.745
-51918.63444444444
-51887.22777777779
-51903.26499999999
-51895.54500000002
-51879.90777777777
-51896.371666666644
-51883.75666666665
-51881.02333333334
-51913.67833333333
-51884.41944444445
-51911.2016666667
-51900.936111111114
-51901.82388888888
-51892.11611111113
-51915.71555555557
-51901.09611111113
-51892.094999999994
-51888.43222222223
-51903.90222222221
-51909.33277777777
-51911.24277777778
-51894.056111111095
-51937.04777777778
-51898.809444444436
-51889.82833333335
-51895.80444444446
-51893.14944444443
-51898.01611111111
-51875.69611111111
-51884.05611111112
-51888.5638888889
-51877.335555555546
-51878.577222222215
-51882.264444444445
-51900.99999999999
-51882.166111111095
-51894.79388888891
-51918.997777777775
-51907.634444444455
-51862.076111111106
-51894.016111111094
-51893.3611111111
-51886.75500000002
-51872.585
-51894.32111111111
-51900.2727777778
-51922.17
-51923.47944444443
-51909.57055555555
-51880.495555555564
-51888.12499999999
-51893.765
-51880.31055555556
-51900.00611111111
-51901.40388888888
-51897.00166666664
-51899.4961111111
-51902.363333333335
-51897.88444444445
-51918.37944444444
-51890.00611111112
-51894.388333333336
-51895.56888888893
-51914.24944444445
-51896.74055555556
-51893.6838888889
-51888.98000000001
-51894.311111111136
-51903.418888888846
-51899.64611111112
-51912.78055555557
-51885.1638888889
-51890.44944444447
-51914.759999999995
-51894.96666666665
-51889.326666666675
-51891.736111111124
-51917.25222222223
-51896.2522222222
-51908.433333333334
-51886.638333333314
-51893.20111111111
-51871.44611111112
-51874.217777777776
-51918.42333333333
-51898.025
-51926.22833333332
-51922.62333333332
-51921.004444444436
-51917.93055555556
-51899.36333333332
-51887.306666666664
-51913.2772222222
-51891.815555555535
-51915.96611111113
-51887.69444444442
-51901.54111111112
-51897.775
-51902.942222222206
-51894.55444444447
-51896.96499999998
-51920.586111111086
-51884.32444444444
-51908.57055555555
-51899.27388888891
-51880.58222222224
-51929.59666666664
-51899.62944444442
-51907.0322222222
-51920.34388888887
-51907.490000000005
-51884.48888888888
-51901.841666666645
-51903.1538888889
-51907.174999999996
-51882.81333333333
-51899.21444444444
-51883.83222222221
-51904.24333333332
-51906.32166666667
-51923.28166666667
-51898.01277777777
-51901.51944444443
-51887.1888888889
-51910.38500000001
-51887.668888888846
-51904.29166666666
-51912.09611111111
-51903.428333333315
-51890.506666666646
-51899.40166666665
-51891.76388888889
-51897.27833333336
-51902.900555555534
-51901.84722222221
-51901.86777777777
-51875.65111111111
-51933.762777777774
-51909.50444444447
-51911.02166666667
-51893.66555555556
-51920.02111111113
-51906.92500000001
-51894.80611111111
-51923.05388888891
-51896.86388888888
-51897.207777777774
-51912.96944444444
-51904.40166666667
-51909.90111111109
-51914.00055555556
-51897.82000000001
-51912.84166666668
-51916.57722222223
-51904.74333333334
-51924.028888888904
-51913.28888888891
-51891.604444444434
-51884.88722222223
-51902.181666666664
-51908.3677777778
-51900.64944444445
-51911.14000000003
-51904.78944444443
-51917.9711111111
-51918.86166666667
-51921.837777777786
-51919.705555555556
-51896.374444444446
-51907.29444444442
-51913.71444444444
-51891.12833333333
-51921.52722222221
-51902.61722222224
-51895.255000000005
-51917.694444444416
-51898.371666666666
-51929.673888888894
-51913.499444444446
-51925.630555555595
-51899.794444444466
-51899.05277777778
-51931.89444444444
-51902.7438888889
-51911.29833333332
-51921.3461111111
-51901.71722222221
-51901.956666666694
-51905.52999999999
-51923.49444444445
-51919.88444444446
-51903.726666666655
-51916.54777777779
-51915.134444444455
-51924.356666666645
-51926.1483333333
-51917.83944444446
-51922.041111111095
-51900.16666666669
-51904.30055555558
-51910.47777777777
-51908.15388888888
-51924.549444444405
-51907.37055555555
-51907.83666666668
-51905.52000000002
-51893.66777777777
-51892.78333333331
-51907.198888888895
-51904.41166666667
-51913.51166666668
-51882.373888888884
-51910.908333333326
-51909.15
-51908.240555555545
-51895.69277777778
-51908.313333333324
-51908.257777777784
-51916.39388888887
-51895.85777777777
-51903.935000000005
-51919.16055555556
-51887.18722222222
-51911.78444444445
-51918.43944444445
-51884.371111111104
-51903.06499999999
-51889.74333333334
-51906.68944444443
-51910.90055555556
-51883.19222222225
-51910.886666666665
-51919.741111111136
-51912.18
-51909.922222222245
-51909.36444444444
-51915.79833333331
-51904.55833333333
-51917.40944444447
-51894.8938888889
-51905.0122222222
-51908.178888888884
-51894.642222222225
-51925.0911111111
-51895.18222222222
-51915.23500000001
-51910.282777777786
-51910.11333333335
-51904.82277777779
-51904.59166666665
-51889.15166666666
-51912.68277777778
-51888.19611111112
-51921.406666666684
-51913.871666666666
-51919.40055555557
-51910.41777777778
-51906.71277777778
-51905.735
-51889.777777777745
-51915.302222222235
-51914.15333333334
-51917.75111111113
-51909.06944444446
-51912.94555555554
-51918.96000000001
-51924.091111111105
-51906.52222222222
-51912.2811111111
-51921.79166666667
-51925.97555555555
-51922.94499999998
-51911.840000000004
-51890.638333333336
-51917.896666666675
-51888.57277777777
-51881.65111111112
-51921.52388888888
-51892.48833333334
-51904.915555555555
-51900.6038888889
-51870.712777777764
-51869.36888888888
-51882.82777777777
-51884.55444444443
-51886.817777777775
-51897.855555555536
-51930.408333333326
-51904.62666666667
-51906.12000000001
-51889.17833333333
-51908.7638888889
-51907.519444444435
-51896.66833333334
-51894.662222222236
-51898.20722222221
-51903.147777777805
-51889.562777777785
-51903.72166666668
-51905.16388888886
-51909.85611111112
-51872.65666666666
-51903.31555555556
-51907.113888888896
-51909.24444444444
-51887.16499999998
-51864.08222222223
-51910.4777777778
-51882.54777777778
-51879.761111111126
-51902.30999999999
-51912.847222222226
-51911.892222222225
-51915.70500000001
-51918.72055555558
-51903.67333333332
-51902.950555555544
-51906.28666666668
-51895.61999999997
-51889.781111111115
-51891.12944444444
-51895.54944444444
-51907.68388888891
-51907.66277777779
-51910.803333333315
-51892.232777777775
-51910.32277777779
-51902.50555555554
-51907.7688888889
-51904.40444444444
-51901.29277777778
-51877.59555555557
-51896.52166666666
-51888.304444444446
-51891.653888888904
-51914.46388888888
-51871.13888888891
-51894.77333333333
-51903.64722222223
-51896.77055555554
-51905.95777777777
-51888.38222222224
-51903.60388888889
-51889.21777777778
-51907.68444444446
-51917.54166666664
-51875.92666666666
-51916.53111111111
-51893.96055555553
-51904.879444444414
-51913.823333333334
-51898.384444444455
-51909.08444444444
-51904.23388888889
-51933.47166666668
-51894.328333333324
-51890.21944444445
-51905.61388888889
-51901.95055555553
-51905.45277777776
-51896.76499999998
-51905.32611111109
-51917.02777777777
-51906.155555555604
-51906.416666666664
-51881.878333333334
-51908.17277777778
-51899.11888888888
-51906.54777777778
-51919.17444444445
-51912.51055555557
-51906.404999999984
-51907.31055555555
-51894.681111111124
-51886.73333333332
-51911.650555555534
-51898.22777777776
-51918.591111111105
-51898.815000000024
-51886.49277777778
-51921.98055555555
-51915.64999999997
-51923.32000000001
-51897.477222222224
-51907.40666666666
-51925.744999999995
-51901.83777777779
-51897.396111111135
-51925.203333333346
-51908.580555555556
-51918.08333333335
-51897.06500000001
-51912.58777777778
-51897.85111111109
-51898.757222222215
-51901.13444444444
-51896.838333333326
-51912.38777777779
-51905.33055555555
-51916.70444444444
-51925.73722222221
-51899.924999999996
-51935.176666666695
-51892.6888888889
-51919.659999999974
-51893.17777777778
-51895.212777777786
-51893.68666666668
-51916.27388888888
-51919.58555555553
-51915.045000000006
-51906.52666666667
-51909.91111111109
-51896.58277777779
-51891.8077777778
-51911.5
-51904.404444444444
-51905.92444444446
-51897.17111111111
-51897.89999999996
-51893.35388888888
-51900.67944444445
-51882.23111111112
-51885.92555555555
-51895.073888888866
-51866.33000000002
-51894.94722222221
-51896.88444444444
-51887.08611111111
-51884.57111111111
-51881.39666666667
-51893.15388888887
-51910.913333333345
-51909.196111111116
-51890.763333333365
-51884.837222222246
-51889.4011111111
-51908.470555555556
-51882.39833333333
-51902.47277777777
-51892.66166666666
-51917.176666666644
-51894.23388888889
-51893.72833333331
-51900.99000000001
-51898.10222222223
-51899.227222222224
-51887.2188888889
-51874.584999999985
-51890.83722222223
-51896.53388888888
-51912.63833333334
-51910.842222222214
-51905.353333333325
-51902.36833333333
-51896.838333333326
-51899.01944444447
-51902.315000000024
-51909.132222222215
-51888.50944444446
-51892.65944444441
-51903.604999999996
-51897.59500000004
-51890.59388888888
-51924.150555555556
-51914.0222222222
-51900.094444444454
-51899.69055555555
-51913.58666666667
-51914.376666666685
-51903.857777777775
-51879.903333333335
-51925.169444444466
-51900.58500000001



The list of best values average 

-53654.87000000002
-54204.909999999996
-54428.380000000005
-54554.76000000001
-54623.659999999996
-54670.00000000003
-54699.02
-54726.49000000001
-54746.49000000001
-54762.65
-54775.73000000003
-54788.07000000001
-54796.05000000002
-54803.17000000002
-54811.62000000001
-54815.44
-54817.68
-54828.35999999999
-54832.38999999999
-54835.910000000025
-54840.59999999999
-54844.45
-54847.78000000002
-54848.59999999998
-54852.46999999999
-54856.64999999997
-54858.76999999998
-54856.94999999998
-54860.95999999999
-54862.44000000002
-54863.100000000006
-54865.869999999995
-54867.26000000001
-54866.089999999975
-54867.76999999998
-54871.56999999997
-54872.45999999999
-54872.13999999999
-54871.00999999997
-54867.829999999965
-54873.28999999998
-54877.08999999998
-54879.31999999999
-54878.74999999998
-54878.59999999998
-54881.33999999998
-54880.15999999998
-54881.76000000001
-54880.359999999986
-54881.05999999998
-54885.28
-54883.64
-54885.56999999998
-54883.939999999995
-54885.96999999999
-54886.619999999995
-54885.240000000005
-54890.50999999997
-54888.21999999997
-54891.9
-54887.54999999998
-54892.46999999998
-54893.119999999966
-54892.63999999999
-54892.38999999997
-54893.11999999998
-54892.99000000001
-54893.08999999999
-54894.46999999999
-54895.689999999995
-54896.35
-54897.33999999999
-54895.71000000001
-54897.33
-54898.84999999998
-54899.65
-54898.909999999996
-54895.84000000001
-54900.45
-54900.29999999998
-54899.699999999975
-54898.26999999998
-54899.34999999999
-54899.81999999999
-54900.329999999994
-54901.04999999998
-54899.52999999998
-54902.34999999998
-54902.97999999998
-54902.219999999994
-54901.129999999976
-54904.439999999995
-54903.699999999975
-54905.30000000001
-54904.40999999998
-54902.85999999998
-54904.17999999999
-54903.369999999995
-54902.56
-54902.579999999994
-54905.359999999986
-54906.509999999995
-54904.61999999999
-54904.80999999998
-54903.93
-54905.00999999998
-54906.93999999998
-54906.68999999996
-54904.119999999966
-54907.72999999997
-54907.58999999995
-54906.459999999955
-54906.949999999975
-54905.40999999998
-54908.73999999997
-54908.059999999976
-54907.63999999996
-54905.839999999975
-54907.03999999997
-54908.669999999955
-54908.31999999998
-54907.07999999999
-54907.189999999966
-54907.60999999997
-54908.26999999997
-54906.02999999997
-54908.32999999998
-54908.09999999998
-54909.72999999998
-54907.239999999976
-54908.88999999999
-54909.179999999986
-54909.07999999999
-54909.659999999974
-54910.74999999998
-54907.69999999998
-54907.90999999997
-54908.97999999996
-54910.19999999997
-54910.06999999996
-54909.71999999996
-54909.13999999998
-54909.48999999996
-54910.44999999997
-54911.59999999997
-54908.75999999998
-54908.049999999974
-54908.83999999999
-54910.639999999985
-54909.83999999997
-54908.49999999998
-54910.529999999984
-54910.67999999997
-54909.09999999996
-54909.07999999998
-54910.95999999997
-54909.01999999999
-54910.69999999998
-54910.19999999998
-54910.72999999999
-54910.47999999999
-54910.219999999965
-54909.50999999998
-54911.379999999976
-54910.86999999999
-54909.71999999997
-54909.92999999999
-54910.79
-54910.83999999998
-54910.95
-54911.219999999994
-54912.21999999999
-54911.37999999999
-54912.209999999985
-54912.75999999998
-54911.60999999998
-54911.96999999997
-54909.40999999999
-54910.359999999964
-54911.70999999998
-54910.17999999997
-54910.20999999998
-54911.629999999976
-54910.72999999999
-54911.139999999985
-54911.42999999997
-54912.11999999997
-54911.27999999998
-54912.15999999997
-54911.49
-54911.42999999999
-54913.079999999965
-54910.729999999974
-54912.36999999997
-54911.929999999964
-54913.01999999998
-54912.41999999998
-54911.89999999996
-54912.01999999999
-54913.24
-54912.549999999996
-54912.01999999998
-54913.88999999998
-54912.92999999997
-54912.50999999998
-54913.75999999997
-54911.48999999999
-54914.239999999976
-54912.919999999984
-54912.479999999974
-54913.01999999998
-54914.06999999996
-54912.589999999975
-54912.12999999997
-54912.92999999998
-54915.069999999985
-54914.03999999998
-54914.429999999964
-54913.14999999999
-54914.810000000005
-54913.65
-54913.50999999999
-54913.80999999999
-54913.45
-54913.64
-54913.86999999999
-54914.06
-54914.36999999999
-54914.99999999998
-54914.51999999998
-54914.869999999995
-54915.94000000001
-54915.60999999999
-54913.71999999998
-54915.119999999995
-54914.22999999999
-54913.91999999998
-54913.82999999997
-54915.179999999986
-54914.65999999998
-54914.50999999999
-54912.95999999999
-54913.54999999998
-54914.379999999976
-54914.59999999999
-54914.059999999976
-54915.849999999984
-54914.28999999998
-54914.58999999998
-54915.54999999998
-54915.37999999998
-54915.51999999999
-54914.60999999997
-54915.90999999999
-54916.509999999995
-54914.39999999998
-54915.66999999999
-54915.66
-54915.929999999986
-54916.00999999998
-54915.949999999975
-54914.21999999998
-54914.96999999998
-54915.979999999996
-54915.52999999999
-54916.59999999999
-54914.689999999995
-54915.46999999999
-54916.68999999998
-54916.40999999997
-54916.94999999999
-54915.189999999995
-54917.810000000005
-54917.16999999998
-54916.63999999999
-54917.64999999998
-54916.48999999997
-54916.62999999996
-54917.50999999999
-54917.679999999986
-54918.959999999985
-54917.10999999998
-54915.929999999986
-54916.72999999999
-54916.659999999974
-54916.429999999986
-54917.39999999999
-54917.459999999985
-54916.74999999998
-54917.53999999999
-54917.319999999985
-54917.68999999998
-54917.709999999985
-54919.429999999986
-54916.48999999998
-54919.079999999994
-54919.06
-54918.779999999984
-54919.39999999997
-54920.679999999986
-54919.839999999975
-54920.28999999997
-54920.59999999998
-54920.159999999974
-54921.11
-54919.48999999999
-54919.90999999998
-54919.75999999999
-54919.40999999998
-54919.89999999998
-54919.909999999974
-54919.889999999985
-54918.05999999998
-54920.05999999997
-54919.769999999975
-54920.86999999997
-54920.64999999999
-54919.35999999999
-54920.229999999996
-54920.18999999998
-54919.94999999998
-54920.25999999999
-54919.719999999994
-54920.93999999997
-54920.44999999998
-54919.14999999998
-54920.05999999996
-54919.93999999998
-54920.23999999998
-54919.31999999998
-54920.77999999998
-54920.44999999998
-54920.36000000001
-54919.899999999994
-54919.92999999998
-54919.509999999995
-54920.14999999999
-54919.19999999999
-54920.31999999998
-54918.689999999995
-54920.79999999999
-54920.93
-54919.83999999998
-54920.01
-54920.9
-54920.07999999999
-54919.84
-54920.56999999999
-54920.08999999999
-54920.72999999998
-54920.02999999998
-54920.119999999995
-54920.20999999998
-54919.81999999997
-54919.60999999998
-54920.999999999985
-54920.139999999985
-54918.75999999999
-54920.539999999986
-54919.779999999984
-54920.72999999999
-54920.98999999998
-54920.32999999997
-54920.18999999999
-54920.359999999986
-54920.53999999998
-54919.82999999999
-54920.33999999998
-54920.43999999998
-54919.75999999997
-54920.10999999998
-54921.24999999998
-54920.29999999998
-54920.85999999997
-54920.52999999996
-54920.54999999998
-54921.48999999999
-54919.97999999998
-54919.639999999956
-54920.97999999999
-54921.249999999985
-54920.499999999985
-54921.089999999975
-54920.54999999998
-54920.729999999996
-54921.12999999998
-54920.09999999999
-54919.20999999997
-54920.58999999998
-54921.069999999985
-54919.98999999998
-54920.17999999998
-54920.18
-54921.40999999999
-54920.399999999994
-54921.03
-54920.599999999984
-54921.96999999999
-54921.23999999999
-54920.609999999986
-54920.89000000001
-54921.200000000004
-54920.25
-54921.33999999998
-54920.899999999994
-54921.599999999984
-54922.139999999985
-54921.359999999986
-54921.13999999996
-54920.88999999998
-54920.40999999998
-54921.739999999976
-54921.34999999997
-54920.629999999976
-54920.41999999998
-54922.029999999984
-54921.09999999998
-54919.91999999998
-54922.16999999998
-54920.799999999974
-54921.599999999984
-54921.94999999999
-54919.529999999984
-54921.62999999999
-54921.92999999998
-54921.13999999998
-54921.789999999964
-54921.35999999997
-54920.559999999976
-54920.969999999965
-54921.05999999996
-54921.27999999997
-54921.30999999999
-54921.70999999998
-54920.929999999986
-54920.48999999996
-54921.36999999997
-54920.589999999975
-54919.65999999996
-54922.70999999998
-54920.64999999997
-54920.499999999985
-54922.859999999964
-54922.33999999998
-54920.94999999997
-54922.50999999995
-54921.65999999998
-54923.10999999997
-54922.68999999997
-54921.30999999997
-54921.72999999997
-54922.839999999975
-54922.40999999998
-54921.40999999999
-54923.309999999976
-54922.09999999998
-54921.389999999985
-54922.11999999998
-54922.51999999998
-54921.22999999998
-54922.70999999997
-54921.739999999954
-54922.299999999974
-54922.58999999997
-54922.90999999997
-54922.25999999997
-54922.389999999956
-54923.03999999997
-54922.27999999998
-54923.599999999955
-54922.99999999996
-54920.71999999997
-54922.89999999997
-54923.20999999996
-54922.67999999998
-54923.329999999965
-54923.14999999997
-54922.61999999997
-54922.339999999975
-54923.48999999998
-54921.95999999996
-54922.49999999996
-54923.51999999997
-54921.52999999997
-54923.52999999998
-54923.63999999996
-54922.609999999964
-54923.27999999996
-54923.29999999997
-54923.35999999998
-54923.14999999997
-54922.719999999965
-54923.219999999965
-54924.07999999998
-54923.999999999985
-54923.94999999999
-54923.74999999997
-54922.89999999999
-54923.12999999998
-54923.96999999998
-54924.25999999997
-54922.79999999996
-54923.10999999997
-54924.809999999976
-54923.79999999997
-54923.85999999997
-54924.36999999997
-54924.08999999997
-54922.879999999976
-54924.56999999998
-54923.71999999998
-54922.75999999996
-54924.10999999998
-54924.38999999997
-54923.799999999974
-54925.08999999996
-54923.969999999965
-54924.07999999998
-54924.96999999999
-54924.819999999985
-54924.039999999986
-54924.349999999984
-54924.709999999985
-54923.99999999999
-54925.53
-54924.79999999999
-54925.03
-54925.369999999995
-54925.139999999985
-54925.96999999999
-54925.44999999998
-54925.249999999985
-54925.23999999999
-54926.0
-54923.749999999985
-54925.65999999999
-54924.75999999999
-54924.85999999999
-54925.60999999997
-54925.27999999998
-54924.789999999986
-54925.49999999998
-54925.26999999999
-54925.349999999984
-54925.43999999999
-54925.39999999998
-54923.939999999966
-54925.14999999999
-54925.689999999966
-54924.78999999998
-54926.16999999997
-54924.88999999997
-54925.029999999984
-54925.52999999998
-54925.68999999998
-54925.36999999998
-54924.31999999997
-54925.43999999998
-54925.05999999999
-54925.11999999999
-54925.619999999966
-54924.87999999996
-54924.729999999974
-54924.14999999997
-54924.64999999997
-54925.219999999965
-54924.469999999965
-54925.24999999997
-54925.90999999998
-54925.719999999965
-54924.88999999996
-54925.43999999999
-54925.39999999997
-54925.86999999997
-54925.04999999997
-54926.15999999997
-54925.11999999997
-54925.05999999996
-54925.909999999974
-54926.15999999997
-54926.269999999975
-54925.42999999996
-54925.57999999997
-54926.51999999998
-54926.11999999998
-54925.45999999997
-54925.07999999999
-54926.19999999997
-54925.85999999998
-54925.739999999976
-54925.33999999999
-54925.69999999998
-54925.71999999998
-54926.219999999994
-54925.709999999985
-54925.44999999999
-54926.71999999998
-54925.489999999976
-54925.389999999985
-54925.70999999998
-54925.53999999997
-54925.589999999975
-54925.549999999974
-54925.79999999996
-54925.48999999998
-54926.05999999997
-54926.09999999998
-54925.94999999998
-54925.80999999996
-54926.33999999995
-54926.119999999966
-54926.37999999996
-54925.38999999997
-54925.80999999998
-54926.13999999997
-54925.299999999974
-54925.51999999998
-54925.98999999998
-54925.64999999999
-54925.82999999998
-54926.43999999997
-54925.299999999974
-54926.17999999998
-54925.349999999984
-54925.989999999976
-54925.60999999998
-54926.699999999975
-54925.10999999997
-54925.809999999976
-54926.13999999996
-54926.25999999997
-54925.56999999998
-54926.059999999976
-54925.33999999996
-54925.689999999966
-54926.74999999997
-54925.17999999998
-54925.55999999996
-54926.12999999997
-54925.93999999997
-54925.759999999995
-54926.029999999984
-54925.829999999994
-54925.539999999986
-54926.199999999975
-54925.19999999998
-54925.289999999986
-54926.779999999984
-54926.35999999997
-54925.41999999999
-54925.97999999998
-54925.459999999985
-54925.79999999999
-54925.769999999975
-54925.29999999998
-54926.20999999997
-54925.76999999999
-54925.69999999997
-54926.17999999998
-54926.159999999974
-54926.10999999997
-54924.86999999997
-54926.43999999996
-54926.01999999995
-54924.81999999997
-54925.18999999997
-54926.70999999997
-54926.23999999996
-54925.419999999984
-54925.93999999997
-54925.67999999998
-54925.76999999996
-54925.41999999996
-54925.279999999955
-54926.52999999997
-54925.439999999966
-54925.25999999997
-54925.65999999997
-54925.239999999976
-54925.639999999985
-54925.939999999966
-54925.74999999995
-54925.24999999997
-54925.77999999996
-54926.51999999997
-54926.33999999997
-54926.51999999997
-54925.42999999997
-54925.70999999998
-54926.21999999998
-54924.22999999997
-54924.539999999986
-54925.92999999998
-54924.559999999954
-54925.77
-54925.66999999998
-54924.629999999954
-54924.92999999997
-54925.969999999965
-54924.349999999984
-54925.26999999998
-54925.90999999996
-54925.979999999974
-54925.549999999974
-54925.07999999998
-54925.08999999997
-54925.25999999998
-54926.43
-54926.06999999998
-54925.16999999997
-54926.27
-54925.50999999997
-54926.50999999998
-54926.95999999998
-54926.39999999999
-54926.27999999999
-54926.96999999999
-54926.18999999998
-54926.69999999998
-54926.719999999994
-54925.89999999998
-54925.76999999998
-54925.78999999998
-54926.20999999997
-54926.83999999998
-54925.96999999997
-54926.32999999998
-54926.43999999998
-54925.79999999998
-54925.67999999997
-54926.42999999998
-54925.55999999997
-54925.67999999998
-54926.47999999998
-54925.91999999998
-54926.029999999984
-54927.01999999999
-54926.69999999998
-54925.59999999998
-54925.97999999999
-54926.88999999996
-54926.119999999966
-54926.43999999997
-54926.55999999997
-54925.33999999997
-54925.44999999997
-54926.18999999997
-54925.93999999998
-54925.28999999998
-54926.02999999997
-54926.30999999996
-54924.75999999998
-54926.749999999985
-54926.44999999998
-54924.78999999998
-54925.75999999998
-54925.57999999997
-54925.50999999996
-54926.979999999974
-54924.60999999997
-54926.16999999998
-54926.04999999997
-54926.40999999998
-54926.44999999998
-54927.10999999998
-54926.549999999974
-54926.75999999998
-54926.17999999998
-54925.71999999997
-54926.98999999996
-54925.39999999998
-54925.909999999974
-54926.96999999997
-54926.759999999966
-54925.53999999997
-54927.47999999995
-54926.539999999964
-54926.72999999996
-54927.71999999997
-54927.209999999985
-54925.73999999998
-54926.209999999955
-54927.04999999998
-54925.35999999998
-54927.25999999996
-54925.69999999996
-54925.90999999998
-54927.22999999997
-54926.25999999997
-54925.91999999996
-54926.83999999997
-54926.299999999974
-54925.83999999997
-54926.50999999997
-54925.69999999996
-54926.76999999997
-54926.549999999974
-54926.55999999996
-54926.74999999998
-54927.92999999998
-54927.88999999997
-54926.79999999996
-54926.47999999998
-54927.13999999998
-54927.63999999997
-54926.82999999997
-54926.88999999997
-54927.58999999998
-54927.38999999997
-54926.53999999997
-54927.22999999997
-54926.91999999997
