----------Report of simulation of Quantum Parallel Tempering-----------
The number of considered Spin 49
The considered Annealing Duration 196
The considered Annealing Number 100
The considered T 1.0
The considered Gamma0 1.0
The considered Number Of Replica 3
The considered Number Of System 6
The solution found [-1  1  1 -1 -1 -1 -1 -1 -1  1  1  1  1 -1 -1 -1  1  1  1 -1 -1  1  1 -1
  1 -1 -1  1  1  1  1  1  1 -1  1 -1 -1  1  1 -1 -1 -1  1  1  1 -1 -1 -1
 -1]
The value found -3342.0
The Success probability is 0.32
The average value is -3332.12
The total execution time is 387.9921751022339
The average time for execution is 3.8799200105667113
The average time for all systems update is 0.019587573725350048
The average time for system update is 0.0032462169402310637
The average time for replica update is 0.0010815137131414175
The average time for spin update is 2.170720221051967e-05
The list of values found 

-3337.0
-3314.0
-3322.0
-3337.0
-3342.0
-3326.0
-3342.0
-3325.0
-3342.0
-3337.0
-3342.0
-3322.0
-3342.0
-3342.0
-3337.0
-3314.0
-3337.0
-3314.0
-3317.0
-3325.0
-3337.0
-3342.0
-3342.0
-3322.0
-3337.0
-3337.0
-3342.0
-3314.0
-3337.0
-3313.0
-3325.0
-3337.0
-3342.0
-3337.0
-3321.0
-3326.0
-3342.0
-3322.0
-3342.0
-3326.0
-3337.0
-3337.0
-3322.0
-3325.0
-3313.0
-3337.0
-3326.0
-3342.0
-3337.0
-3337.0
-3337.0
-3316.0
-3337.0
-3342.0
-3342.0
-3325.0
-3321.0
-3337.0
-3337.0
-3337.0
-3342.0
-3322.0
-3325.0
-3342.0
-3321.0
-3325.0
-3325.0
-3342.0
-3321.0
-3342.0
-3342.0
-3337.0
-3342.0
-3337.0
-3342.0
-3342.0
-3337.0
-3322.0
-3319.0
-3342.0
-3321.0
-3342.0
-3342.0
-3322.0
-3337.0
-3322.0
-3342.0
-3321.0
-3325.0
-3342.0
-3342.0
-3308.0
-3326.0
-3322.0
-3337.0
-3337.0
-3326.0
-3342.0
-3342.0
-3342.0



The list of values first execution 

-2993.6111111111113
-3003.1666666666665
-3049.6666666666665
-3053.0555555555557
-3052.8333333333335
-3046.5555555555557
-3035.3888888888887
-3038.777777777778
-3047.4444444444443
-3020.5
-3045.5
-3057.5
-3052.0555555555557
-3043.3888888888887
-3060.4444444444443
-3061.9444444444443
-3038.1111111111113
-3060.0
-3092.6111111111113
-3091.3333333333335
-3064.8333333333335
-3069.6666666666665
-3082.0
-3064.0555555555557
-3060.9444444444443
-3071.5555555555557
-3064.1111111111113
-3063.722222222222
-3045.3333333333335
-3057.8888888888887
-3085.777777777778
-3081.1666666666665
-3069.722222222222
-3056.8888888888887
-3026.1111111111113
-3050.0
-3053.3333333333335
-3047.5555555555557
-3041.8888888888887
-3050.8888888888887
-3059.9444444444443
-3053.722222222222
-3062.722222222222
-3049.222222222222
-3034.3333333333335
-3028.777777777778
-3064.777777777778
-3051.1111111111113
-3053.6666666666665
-3053.4444444444443
-3053.277777777778
-3019.222222222222
-3036.9444444444443
-3042.222222222222
-3049.5555555555557
-3043.8333333333335
-3035.5
-3044.3888888888887
-3045.4444444444443
-3041.277777777778
-3046.4444444444443
-3052.8888888888887
-3047.8888888888887
-3074.4444444444443
-3048.8888888888887
-3044.5
-3056.277777777778
-3060.6666666666665
-3079.222222222222
-3064.722222222222
-3066.222222222222
-3073.8333333333335
-3042.722222222222
-3058.222222222222
-3060.277777777778
-3040.777777777778
-3042.6666666666665
-3049.6666666666665
-3027.777777777778
-3060.3888888888887
-3077.3333333333335
-3051.4444444444443
-3060.6111111111113
-3087.1111111111113
-3060.8333333333335
-3049.3888888888887
-3051.9444444444443
-3052.8333333333335
-3062.9444444444443
-3059.0
-3057.4444444444443
-3037.722222222222
-3055.6666666666665
-3060.1666666666665
-3038.4444444444443
-3057.277777777778
-3053.722222222222
-3063.1111111111113
-3046.8333333333335
-3054.3333333333335
-3042.277777777778
-3012.777777777778
-3067.722222222222
-3065.5555555555557
-3070.0
-3061.1666666666665
-3069.6666666666665
-3045.8888888888887
-3051.9444444444443
-3040.6111111111113
-3033.3888888888887
-3058.222222222222
-3044.3333333333335
-3054.777777777778
-3044.8888888888887
-3044.8888888888887
-3032.6111111111113
-3044.1111111111113
-3043.0
-3038.9444444444443
-3030.222222222222
-3073.8333333333335
-3067.1666666666665
-3054.4444444444443
-3054.777777777778
-3063.8888888888887
-3059.4444444444443
-3051.6666666666665
-3052.8888888888887
-3065.0
-3055.3333333333335
-3048.6666666666665
-3055.5555555555557
-3073.277777777778
-3069.5555555555557
-3073.1111111111113
-3078.6111111111113
-3090.8333333333335
-3073.222222222222
-3060.0555555555557
-3067.1666666666665
-3071.8888888888887
-3074.5
-3046.5
-3050.277777777778
-3069.4444444444443
-3064.8333333333335
-3053.777777777778
-3060.277777777778
-3056.1666666666665
-3068.0555555555557
-3048.277777777778
-3056.5
-3052.777777777778
-3063.777777777778
-3063.4444444444443
-3076.722222222222
-3042.222222222222
-3017.8333333333335
-3066.9444444444443
-3061.6666666666665
-3047.777777777778
-3064.5
-3031.6111111111113
-3028.1666666666665
-3069.1111111111113
-3070.3333333333335
-3066.222222222222
-3037.3888888888887
-3042.3333333333335
-3074.9444444444443
-3043.1666666666665
-3053.9444444444443
-3061.6666666666665
-3054.0555555555557
-3037.1111111111113
-3052.5555555555557
-3049.277777777778
-3071.1666666666665
-3066.1666666666665
-3067.4444444444443
-3096.9444444444443
-3050.1666666666665
-3040.1111111111113
-3026.9444444444443
-3038.6666666666665
-3034.777777777778
-3048.8888888888887
-3051.0555555555557
-3073.3888888888887
-3054.222222222222
-3075.6666666666665
-3037.6666666666665
-3043.9444444444443
-3056.1111111111113
-3062.277777777778



The list of best values first execution 

-3161.0
-3180.0
-3259.0
-3322.0
-3323.0
-3325.0
-3321.0
-3325.0
-3321.0
-3321.0
-3321.0
-3319.0
-3333.0
-3337.0
-3333.0
-3337.0
-3337.0
-3337.0
-3337.0
-3337.0
-3337.0
-3337.0
-3337.0
-3337.0
-3337.0
-3337.0
-3337.0
-3337.0
-3337.0
-3337.0
-3337.0
-3337.0
-3337.0
-3337.0
-3337.0
-3337.0
-3337.0
-3337.0
-3337.0
-3337.0
-3337.0
-3337.0
-3337.0
-3337.0
-3337.0
-3337.0
-3337.0
-3337.0
-3337.0
-3337.0
-3337.0
-3337.0
-3337.0
-3337.0
-3337.0
-3337.0
-3337.0
-3337.0
-3337.0
-3337.0
-3337.0
-3337.0
-3337.0
-3337.0
-3337.0
-3337.0
-3337.0
-3337.0
-3337.0
-3337.0
-3337.0
-3337.0
-3337.0
-3337.0
-3337.0
-3337.0
-3337.0
-3337.0
-3337.0
-3337.0
-3337.0
-3337.0
-3337.0
-3337.0
-3337.0
-3337.0
-3337.0
-3337.0
-3337.0
-3337.0
-3337.0
-3337.0
-3337.0
-3337.0
-3337.0
-3337.0
-3337.0
-3333.0
-3337.0
-3337.0
-3337.0
-3337.0
-3317.0
-3337.0
-3337.0
-3337.0
-3325.0
-3325.0
-3327.0
-3337.0
-3337.0
-3337.0
-3337.0
-3337.0
-3337.0
-3337.0
-3337.0
-3337.0
-3337.0
-3337.0
-3337.0
-3337.0
-3337.0
-3337.0
-3337.0
-3337.0
-3337.0
-3337.0
-3337.0
-3337.0
-3337.0
-3337.0
-3337.0
-3337.0
-3337.0
-3337.0
-3337.0
-3337.0
-3337.0
-3333.0
-3337.0
-3337.0
-3337.0
-3337.0
-3337.0
-3333.0
-3337.0
-3337.0
-3337.0
-3337.0
-3337.0
-3337.0
-3337.0
-3337.0
-3337.0
-3337.0
-3337.0
-3337.0
-3337.0
-3337.0
-3337.0
-3337.0
-3337.0
-3337.0
-3337.0
-3337.0
-3337.0
-3337.0
-3337.0
-3337.0
-3337.0
-3337.0
-3337.0
-3337.0
-3337.0
-3337.0
-3337.0
-3337.0
-3337.0
-3337.0
-3337.0
-3337.0
-3337.0
-3337.0
-3337.0
-3337.0
-3337.0
-3337.0
-3337.0
-3337.0
-3337.0
-3337.0
-3337.0
-3337.0
-3337.0
-3337.0



The list of values average 

-2999.4377777777772
-3028.711111111111
-3039.296666666666
-3045.883333333334
-3049.119444444444
-3050.3966666666665
-3051.70611111111
-3054.2427777777775
-3054.27
-3053.4216666666657
-3052.853333333333
-3053.0488888888876
-3051.3149999999987
-3054.06777777778
-3052.5105555555565
-3053.8572222222224
-3053.7927777777786
-3053.926666666666
-3052.280555555556
-3054.360000000001
-3054.4172222222223
-3055.6027777777786
-3055.5494444444444
-3055.9961111111106
-3055.721666666667
-3056.7922222222237
-3055.917222222222
-3050.948888888889
-3053.066111111111
-3055.400555555556
-3054.263888888888
-3053.0527777777775
-3055.6949999999993
-3053.4349999999977
-3054.409444444442
-3053.614444444445
-3055.396666666667
-3055.6522222222206
-3052.6244444444446
-3054.481666666666
-3057.183333333331
-3055.4872222222216
-3055.329444444445
-3057.4805555555567
-3057.0538888888887
-3054.401666666667
-3052.9233333333327
-3053.1955555555555
-3056.147777777778
-3056.917777777777
-3056.3066666666664
-3055.0627777777786
-3056.021111111111
-3052.298888888888
-3052.5199999999995
-3054.0477777777774
-3056.357777777778
-3053.1927777777787
-3051.3127777777772
-3052.8300000000004
-3055.498888888888
-3056.6038888888897
-3055.308333333333
-3053.9155555555553
-3054.0599999999995
-3055.287777777779
-3055.970555555555
-3053.073888888888
-3053.5077777777774
-3053.4277777777784
-3054.005555555556
-3053.6594444444445
-3054.951111111111
-3054.841111111111
-3052.663333333333
-3055.4116666666673
-3052.9172222222237
-3055.0572222222227
-3056.1444444444433
-3055.8516666666665
-3054.7349999999997
-3054.5288888888895
-3055.907777777776
-3053.9883333333332
-3054.8300000000013
-3055.3461111111114
-3054.7216666666673
-3056.258333333334
-3055.5116666666663
-3053.3427777777765
-3055.2105555555536
-3052.8955555555553
-3053.7627777777775
-3054.0438888888893
-3051.9761111111097
-3051.6294444444443
-3052.3577777777773
-3056.7233333333334
-3054.8399999999992
-3054.2777777777765
-3053.1438888888893
-3054.47
-3053.868888888888
-3054.1305555555546
-3053.782777777778
-3053.565555555556
-3052.8750000000005
-3053.618333333334
-3051.7538888888903
-3052.2166666666676
-3052.029444444445
-3055.865555555555
-3055.142222222223
-3054.2483333333334
-3054.2255555555557
-3055.1994444444445
-3055.457777777777
-3056.7305555555554
-3055.197777777777
-3055.8844444444435
-3054.2455555555557
-3052.7494444444437
-3051.674444444445
-3054.8072222222213
-3055.960555555556
-3055.563333333334
-3055.7294444444447
-3053.4233333333336
-3055.4638888888867
-3055.936111111112
-3054.5927777777783
-3055.0288888888904
-3054.7483333333344
-3057.1400000000003
-3054.3783333333326
-3054.71388888889
-3053.2422222222217
-3055.820555555556
-3053.879444444443
-3052.4583333333335
-3054.3950000000013
-3057.7866666666664
-3056.7088888888884
-3055.835
-3056.5350000000008
-3056.591666666666
-3056.6177777777766
-3055.55611111111
-3055.889444444447
-3056.443333333334
-3056.9938888888896
-3056.822222222221
-3055.5600000000004
-3053.273888888889
-3053.6200000000017
-3052.9383333333344
-3054.4711111111114
-3055.7933333333326
-3052.9983333333307
-3054.341666666668
-3052.9249999999975
-3055.2361111111113
-3057.012777777777
-3056.945555555556
-3056.0805555555567
-3055.4072222222208
-3056.2
-3055.6216666666683
-3054.491666666667
-3055.838333333333
-3054.660555555557
-3053.9416666666666
-3056.8022222222226
-3055.318888888889
-3054.732777777777
-3051.977777777779
-3054.768333333333
-3055.084444444443
-3055.048888888887
-3057.0172222222227
-3053.81388888889
-3054.451666666666
-3052.462777777778
-3049.9355555555544
-3051.9888888888872
-3053.929444444445
-3055.8044444444445
-3055.288333333333
-3054.9105555555557
-3055.0694444444434
-3055.833333333332
-3056.7594444444435
-3054.152222222222
-3053.0899999999992
-3054.002777777779
-3056.347777777777



The list of best values average 

-3190.59
-3249.4400000000005
-3278.889999999999
-3298.1600000000008
-3306.37
-3312.620000000001
-3315.58
-3319.4599999999996
-3320.689999999999
-3323.4700000000007
-3323.3899999999985
-3324.769999999999
-3325.969999999999
-3326.4099999999985
-3326.2799999999984
-3326.6799999999985
-3327.629999999999
-3327.819999999999
-3328.289999999999
-3328.799999999999
-3328.6099999999988
-3329.1599999999994
-3329.319999999999
-3328.9599999999987
-3329.249999999999
-3328.9699999999984
-3329.019999999998
-3329.0099999999984
-3329.1599999999976
-3328.9199999999987
-3329.1699999999983
-3329.3099999999986
-3329.5899999999983
-3329.9199999999983
-3329.969999999999
-3330.1499999999983
-3330.1699999999983
-3330.069999999998
-3330.179999999998
-3329.9499999999985
-3330.2699999999986
-3330.0399999999977
-3330.2299999999987
-3330.5099999999984
-3330.609999999998
-3330.449999999998
-3330.319999999998
-3330.5099999999984
-3330.4299999999985
-3330.6299999999983
-3330.6099999999988
-3330.5599999999986
-3330.3799999999987
-3330.3299999999986
-3330.6599999999985
-3330.329999999998
-3330.5299999999984
-3330.749999999998
-3330.7199999999984
-3330.6699999999983
-3330.839999999999
-3330.689999999999
-3330.749999999999
-3330.4299999999985
-3330.5499999999984
-3330.4799999999987
-3330.509999999999
-3330.5499999999984
-3330.749999999999
-3330.4999999999986
-3330.7099999999987
-3330.939999999999
-3330.889999999999
-3330.749999999999
-3330.8599999999988
-3330.7699999999986
-3330.779999999999
-3330.6199999999994
-3330.649999999999
-3330.659999999999
-3330.929999999999
-3330.899999999999
-3330.949999999999
-3330.869999999999
-3330.9099999999994
-3330.999999999999
-3330.989999999999
-3330.9499999999985
-3330.6299999999983
-3330.879999999999
-3330.8499999999995
-3330.7799999999993
-3330.879999999999
-3330.709999999999
-3330.919999999999
-3330.989999999999
-3331.1199999999994
-3331.0899999999992
-3330.709999999999
-3330.989999999999
-3331.219999999999
-3330.909999999999
-3330.899999999999
-3331.1199999999994
-3331.159999999999
-3331.169999999999
-3330.999999999999
-3330.7699999999986
-3331.039999999999
-3331.049999999999
-3331.069999999999
-3331.339999999999
-3331.2899999999986
-3331.2199999999984
-3331.3199999999993
-3331.379999999999
-3331.3599999999988
-3331.029999999999
-3331.3499999999985
-3331.4399999999987
-3331.479999999999
-3331.399999999999
-3331.469999999999
-3331.419999999999
-3331.2099999999987
-3331.2099999999987
-3331.3599999999988
-3331.349999999999
-3331.409999999999
-3331.209999999999
-3331.529999999999
-3331.589999999999
-3331.489999999999
-3331.399999999999
-3331.519999999998
-3331.589999999999
-3331.5399999999986
-3331.339999999999
-3331.539999999999
-3331.4299999999994
-3331.599999999999
-3331.4799999999987
-3331.5799999999986
-3331.6199999999985
-3331.4599999999987
-3331.489999999999
-3331.689999999999
-3331.5699999999993
-3331.5499999999993
-3331.639999999999
-3331.589999999999
-3331.619999999999
-3331.519999999999
-3331.6199999999994
-3330.9299999999985
-3331.3299999999995
-3331.479999999999
-3331.5899999999992
-3331.5699999999993
-3331.4599999999987
-3331.499999999999
-3331.479999999999
-3331.589999999999
-3331.329999999999
-3331.459999999999
-3331.6899999999996
-3331.639999999999
-3331.5199999999995
-3331.669999999999
-3331.719999999999
-3331.689999999999
-3331.7199999999993
-3331.679999999999
-3331.619999999999
-3331.649999999999
-3331.649999999999
-3331.779999999999
-3331.689999999999
-3331.769999999999
-3331.709999999999
-3331.609999999999
-3331.629999999999
-3331.779999999999
-3331.6699999999987
-3331.8499999999995
-3331.8199999999993
-3331.789999999999
-3331.6199999999994
-3331.6999999999994
-3331.869999999999
-3331.839999999999
-3331.619999999999
-3331.859999999999
-3331.8199999999993
-3331.8699999999994
-3331.8299999999995
