----------Report of simulation of Quantum Parallel Tempering-----------
The number of considered Spin 182
The considered Annealing Duration 728
The considered Annealing Number 100
The considered T 1.0
The considered Gamma0 1.0
The considered Number Of Replica 3
The considered Number Of System 6
The solution found [ 1 -1 -1 -1 -1 -1 -1 -1 -1  1  1 -1  1  1 -1 -1 -1  1 -1  1 -1 -1 -1  1
  1 -1  1 -1  1  1 -1 -1 -1  1 -1  1 -1 -1  1 -1 -1  1  1  1  1  1 -1 -1
 -1  1 -1  1 -1  1  1  1 -1 -1  1 -1  1 -1 -1 -1 -1  1  1  1  1  1  1 -1
  1  1  1 -1 -1  1 -1 -1  1  1 -1  1  1  1  1 -1  1 -1  1 -1 -1 -1 -1  1
  1 -1 -1 -1  1  1 -1 -1 -1 -1  1 -1  1 -1  1 -1  1 -1  1  1  1  1  1  1
 -1 -1  1  1  1  1 -1 -1 -1 -1  1 -1 -1 -1  1 -1  1 -1 -1 -1  1  1  1  1
  1  1  1 -1 -1  1 -1  1 -1  1 -1 -1 -1 -1  1  1  1 -1  1  1 -1  1 -1 -1
 -1 -1  1  1 -1  1  1  1  1  1  1 -1  1 -1]
The value found -44083.0
The Success probability is 0.06
The average value is -44022.17
The total execution time is 13452.422848463058
The average time for execution is 134.52422733545302
The average time for all systems update is 0.18461246211450177
The average time for system update is 0.030754391585950887
The average time for replica update is 0.0102510808952271
The average time for spin update is 5.608759158267417e-05
The list of values found 

-44070.0
-44045.0
-43968.0
-44047.0
-43999.0
-44045.0
-44058.0
-44054.0
-44059.0
-44018.0
-44055.0
-44023.0
-44013.0
-44083.0
-44045.0
-43942.0
-44017.0
-44038.0
-44029.0
-44062.0
-44038.0
-44002.0
-44044.0
-44057.0
-44000.0
-43983.0
-44002.0
-44083.0
-44034.0
-44043.0
-44083.0
-44083.0
-44019.0
-43978.0
-44013.0
-44065.0
-44029.0
-44017.0
-44007.0
-43987.0
-44038.0
-44002.0
-44016.0
-44053.0
-44024.0
-43962.0
-44070.0
-43968.0
-43994.0
-44032.0
-43913.0
-44016.0
-43926.0
-44037.0
-44083.0
-43985.0
-43993.0
-43991.0
-43992.0
-43989.0
-44054.0
-44009.0
-44015.0
-44065.0
-44019.0
-44048.0
-44026.0
-43917.0
-44032.0
-44058.0
-43906.0
-44083.0
-44023.0
-44010.0
-44045.0
-44014.0
-44076.0
-44039.0
-43954.0
-44057.0
-44036.0
-44029.0
-44021.0
-43912.0
-44057.0
-43985.0
-44074.0
-44006.0
-44058.0
-44046.0
-43966.0
-43963.0
-44040.0
-44016.0
-44072.0
-44054.0
-44057.0
-44016.0
-44053.0
-43985.0



The list of values first execution 

-41662.11111111111
-41833.055555555555
-41926.944444444445
-41932.555555555555
-41974.666666666664
-41888.833333333336
-41888.38888888889
-41860.22222222222
-41787.555555555555
-41912.61111111111
-41884.055555555555
-41837.833333333336
-41819.22222222222
-41832.055555555555
-41747.27777777778
-41806.944444444445
-41730.166666666664
-41748.0
-41796.88888888889
-41651.166666666664
-41673.055555555555
-41500.5
-41425.666666666664
-41600.27777777778
-41706.944444444445
-41583.055555555555
-41733.27777777778
-41529.0
-41680.22222222222
-41682.72222222222
-41689.38888888889
-41585.166666666664
-41568.11111111111
-41558.22222222222
-41495.555555555555
-41424.166666666664
-41660.166666666664
-41496.444444444445
-41412.22222222222
-41743.0
-41313.0
-41555.833333333336
-41558.055555555555
-41520.77777777778
-41671.0
-41416.0
-41603.166666666664
-41480.38888888889
-41623.944444444445
-41552.166666666664
-41703.555555555555
-41536.666666666664
-41196.444444444445
-41407.444444444445
-41541.11111111111
-41569.055555555555
-41609.166666666664
-41485.833333333336
-41586.444444444445
-41594.5
-41409.833333333336
-41468.055555555555
-41511.833333333336
-41476.11111111111
-41583.666666666664
-41644.5
-41654.055555555555
-41568.833333333336
-41621.833333333336
-41715.555555555555
-41562.333333333336
-41732.38888888889
-41446.88888888889
-41396.333333333336
-41520.444444444445
-41224.666666666664
-41664.77777777778
-41493.27777777778
-41564.444444444445
-41521.944444444445
-41539.27777777778
-41503.333333333336
-41423.11111111111
-41651.444444444445
-41622.833333333336
-41500.333333333336
-41508.88888888889
-41428.833333333336
-41600.666666666664
-41565.0
-41633.11111111111
-41682.0
-41678.77777777778
-41594.77777777778
-41517.166666666664
-41579.055555555555
-41632.444444444445
-41519.22222222222
-41614.833333333336
-41572.444444444445
-41504.0
-41670.5
-41492.22222222222
-41658.72222222222
-41649.944444444445
-41578.333333333336
-41460.333333333336
-41545.22222222222
-41393.77777777778
-41545.833333333336
-41433.5
-41432.666666666664
-41349.11111111111
-41520.055555555555
-41516.055555555555
-41581.22222222222
-41430.22222222222
-41567.27777777778
-41485.5
-41774.666666666664
-41552.61111111111
-41722.166666666664
-41609.666666666664
-41539.61111111111
-41648.22222222222
-41562.555555555555
-41519.22222222222
-41443.11111111111
-41439.88888888889
-41479.61111111111
-41619.72222222222
-41735.666666666664
-41479.944444444445
-41556.944444444445
-41677.11111111111
-41516.61111111111
-41412.0
-41601.055555555555
-41445.72222222222
-41669.555555555555
-41604.61111111111
-41589.11111111111
-41530.72222222222
-41715.72222222222
-41571.555555555555
-41583.055555555555
-41682.666666666664
-41349.22222222222
-41500.77777777778
-41405.444444444445
-41514.5
-41644.88888888889
-41385.11111111111
-41628.666666666664
-41474.944444444445
-41538.72222222222
-41546.38888888889
-41487.666666666664
-41468.27777777778
-41483.5
-41536.61111111111
-41502.27777777778
-41507.944444444445
-41461.5
-41419.77777777778
-41619.5
-41416.72222222222
-41315.88888888889
-41657.88888888889
-41363.166666666664
-41638.11111111111
-41555.055555555555
-41603.444444444445
-41441.833333333336
-41370.11111111111
-41414.11111111111
-41637.72222222222
-41540.666666666664
-41443.944444444445
-41568.11111111111
-41644.72222222222
-41657.055555555555
-41646.22222222222
-41691.666666666664
-41599.38888888889
-41728.27777777778
-41541.38888888889
-41561.833333333336
-41607.333333333336
-41312.77777777778
-41540.38888888889
-41442.055555555555
-41669.444444444445
-41702.61111111111
-41644.055555555555
-41707.88888888889
-41556.444444444445
-41658.0
-41502.555555555555
-41592.833333333336
-41528.055555555555
-41585.61111111111
-41663.61111111111
-41683.77777777778
-41693.27777777778
-41552.77777777778
-41589.61111111111
-41578.555555555555
-41575.833333333336
-41483.055555555555
-41401.055555555555
-41668.444444444445
-41751.11111111111
-41531.5
-41680.5
-41559.38888888889
-41459.72222222222
-41371.166666666664
-41361.166666666664
-41490.833333333336
-41467.333333333336
-41514.166666666664
-41499.5
-41446.944444444445
-41499.11111111111
-41464.166666666664
-41502.38888888889
-41540.77777777778
-41406.333333333336
-41634.055555555555
-41458.555555555555
-41403.61111111111
-41666.5
-41514.944444444445
-41494.555555555555
-41519.5
-41487.88888888889
-41760.166666666664
-41610.61111111111
-41660.61111111111
-41647.555555555555
-41494.22222222222
-41664.444444444445
-41458.944444444445
-41605.0
-41610.055555555555
-41617.833333333336
-41486.444444444445
-41436.27777777778
-41454.5
-41471.27777777778
-41595.055555555555
-41545.333333333336
-41586.27777777778
-41672.555555555555
-41547.38888888889
-41585.944444444445
-41361.77777777778
-41509.38888888889
-41473.166666666664
-41455.333333333336
-41618.72222222222
-41565.555555555555
-41563.22222222222
-41472.11111111111
-41590.38888888889
-41550.88888888889
-41271.666666666664
-41627.444444444445
-41496.11111111111
-41529.88888888889
-41600.27777777778
-41450.166666666664
-41584.166666666664
-41436.61111111111
-41494.27777777778
-41584.77777777778
-41397.88888888889
-41456.11111111111
-41396.0
-41474.833333333336
-41468.27777777778
-41642.88888888889
-41473.055555555555
-41401.5
-41645.38888888889
-41681.0
-41545.77777777778
-41586.555555555555
-41418.22222222222
-41356.166666666664
-41469.38888888889
-41375.944444444445
-41558.27777777778
-41415.444444444445
-41596.88888888889
-41635.27777777778
-41534.88888888889
-41357.333333333336
-41611.666666666664
-41541.666666666664
-41593.5
-41567.666666666664
-41380.72222222222
-41550.555555555555
-41344.944444444445
-41377.72222222222
-41559.944444444445
-41469.166666666664
-41700.444444444445
-41577.666666666664
-41436.61111111111
-41618.555555555555
-41392.27777777778
-41523.833333333336
-41419.11111111111
-41538.166666666664
-41420.833333333336
-41529.055555555555
-41651.88888888889
-41406.0
-41491.833333333336
-41564.27777777778
-41614.055555555555
-41712.11111111111
-41470.11111111111
-41581.944444444445
-41541.5
-41517.0
-41458.27777777778
-41460.0
-41356.444444444445
-41440.27777777778
-41459.22222222222
-41450.88888888889
-41456.5
-41537.944444444445
-41444.555555555555
-41600.22222222222
-41512.944444444445
-41374.055555555555
-41360.0
-41353.444444444445
-41537.166666666664
-41662.11111111111
-41599.77777777778
-41456.27777777778
-41454.055555555555
-41575.166666666664
-41461.333333333336
-41385.555555555555
-41495.555555555555
-41581.88888888889
-41525.444444444445
-41432.333333333336
-41563.5
-41566.5
-41327.27777777778
-41405.833333333336
-41427.166666666664
-41512.055555555555
-41582.72222222222
-41620.27777777778
-41666.055555555555
-41610.444444444445
-41582.666666666664
-41586.88888888889
-41562.833333333336
-41373.555555555555
-41683.77777777778
-41511.72222222222
-41472.11111111111
-41615.0
-41355.555555555555
-41597.055555555555
-41588.38888888889
-41357.5
-41669.5
-41628.555555555555
-41531.61111111111
-41668.055555555555
-41541.61111111111
-41521.944444444445
-41386.38888888889
-41280.27777777778
-41455.555555555555
-41538.833333333336
-41697.444444444445
-41622.77777777778
-41586.444444444445
-41625.88888888889
-41433.0
-41668.22222222222
-41448.444444444445
-41703.0
-41544.833333333336
-41602.11111111111
-41543.555555555555
-41488.833333333336
-41534.11111111111
-41538.944444444445
-41480.22222222222
-41622.555555555555
-41778.11111111111
-41685.666666666664
-41728.944444444445
-41624.22222222222
-41525.444444444445
-41697.72222222222
-41507.555555555555
-41570.333333333336
-41451.666666666664
-41400.333333333336
-41541.88888888889
-41516.61111111111
-41569.38888888889
-41431.555555555555
-41501.38888888889
-41695.61111111111
-41538.11111111111
-41479.27777777778
-41383.666666666664
-41383.944444444445
-41369.38888888889
-41597.0
-41445.5
-41307.0
-41445.72222222222
-41468.38888888889
-41508.38888888889
-41694.88888888889
-41490.166666666664
-41651.88888888889
-41516.666666666664
-41421.0
-41565.5
-41521.055555555555
-41430.0
-41407.72222222222
-41445.444444444445
-41426.22222222222
-41419.77777777778
-41631.27777777778
-41562.666666666664
-41521.72222222222
-41629.166666666664
-41444.72222222222
-41464.833333333336
-41569.666666666664
-41519.944444444445
-41335.055555555555
-41636.88888888889
-41474.11111111111
-41542.11111111111
-41479.77777777778
-41540.61111111111
-41580.72222222222
-41521.22222222222
-41595.166666666664
-41463.38888888889
-41543.0
-41530.944444444445
-41513.11111111111
-41475.61111111111
-41497.38888888889
-41464.22222222222
-41572.38888888889
-41482.61111111111
-41572.833333333336
-41639.22222222222
-41430.0
-41635.055555555555
-41607.61111111111
-41665.22222222222
-41648.166666666664
-41777.27777777778
-41725.38888888889
-41619.0
-41584.88888888889
-41376.61111111111
-41601.444444444445
-41457.444444444445
-41512.055555555555
-41422.5
-41582.38888888889
-41363.72222222222
-41505.333333333336
-41589.27777777778
-41561.055555555555
-41647.944444444445
-41400.77777777778
-41517.166666666664
-41511.27777777778
-41510.0
-41525.5
-41560.27777777778
-41545.61111111111
-41463.944444444445
-41576.555555555555
-41621.555555555555
-41609.444444444445
-41533.38888888889
-41587.0
-41445.88888888889
-41462.333333333336
-41481.27777777778
-41501.833333333336
-41518.333333333336
-41611.055555555555
-41428.555555555555
-41518.833333333336
-41338.555555555555
-41570.61111111111
-41546.27777777778
-41495.555555555555
-41684.833333333336
-41674.88888888889
-41659.333333333336
-41410.61111111111
-41362.055555555555
-41560.27777777778
-41582.166666666664
-41765.444444444445
-41322.61111111111
-41545.77777777778
-41553.22222222222
-41580.27777777778
-41288.88888888889
-41516.333333333336
-41610.0
-41717.11111111111
-41582.333333333336
-41612.77777777778
-41535.61111111111
-41619.833333333336
-41400.944444444445
-41449.666666666664
-41381.38888888889
-41427.88888888889
-41494.61111111111
-41323.166666666664
-41415.61111111111
-41398.38888888889
-41482.166666666664
-41519.61111111111
-41572.22222222222
-41638.944444444445
-41419.88888888889
-41528.666666666664
-41414.166666666664
-41316.5
-41390.27777777778
-41285.27777777778
-41704.555555555555
-41538.61111111111
-41636.27777777778
-41494.27777777778
-41391.833333333336
-41571.77777777778
-41215.833333333336
-41589.0
-41373.833333333336
-41641.833333333336
-41452.0
-41486.5
-41613.61111111111
-41234.666666666664
-41447.833333333336
-41572.27777777778
-41441.38888888889
-41419.555555555555
-41512.0
-41693.88888888889
-41457.055555555555
-41493.77777777778
-41616.555555555555
-41348.944444444445
-41454.38888888889
-41504.555555555555
-41526.77777777778
-41529.333333333336
-41617.11111111111
-41477.555555555555
-41512.555555555555
-41560.166666666664
-41329.166666666664
-41506.11111111111
-41518.833333333336
-41543.38888888889
-41484.555555555555
-41601.555555555555
-41560.27777777778
-41497.666666666664
-41453.61111111111
-41392.22222222222
-41381.055555555555
-41622.61111111111
-41448.27777777778
-41360.444444444445
-41353.77777777778
-41598.72222222222
-41492.88888888889
-41345.5
-41544.38888888889
-41479.77777777778
-41471.666666666664
-41543.055555555555
-41476.22222222222
-41649.22222222222
-41469.555555555555
-41388.666666666664
-41601.88888888889
-41526.77777777778
-41496.333333333336
-41455.0
-41522.22222222222
-41424.555555555555
-41592.11111111111
-41501.5
-41420.555555555555
-41746.77777777778
-41483.055555555555
-41601.88888888889
-41396.333333333336
-41408.833333333336
-41627.22222222222
-41359.22222222222
-41436.27777777778
-41432.0
-41465.77777777778
-41514.11111111111
-41473.27777777778
-41459.333333333336
-41418.27777777778
-41614.27777777778
-41598.22222222222
-41612.166666666664
-41477.055555555555
-41454.61111111111
-41483.27777777778
-41592.944444444445
-41432.666666666664
-41651.0
-41460.5
-41472.88888888889
-41696.0
-41476.77777777778
-41514.88888888889
-41382.11111111111
-41538.555555555555
-41503.444444444445
-41578.11111111111
-41490.11111111111
-41524.38888888889
-41643.0
-41379.88888888889
-41579.555555555555
-41428.88888888889
-41465.055555555555
-41563.833333333336
-41502.055555555555
-41761.055555555555
-41507.27777777778
-41744.11111111111
-41625.833333333336
-41528.944444444445
-41647.77777777778
-41467.444444444445
-41780.444444444445
-41472.444444444445
-41651.666666666664
-41448.38888888889
-41624.944444444445
-41486.555555555555
-41452.5
-41542.055555555555
-41597.5
-41471.333333333336
-41566.555555555555
-41694.944444444445
-41687.77777777778
-41593.11111111111
-41618.444444444445
-41571.72222222222
-41722.61111111111
-41431.5
-41570.333333333336
-41577.666666666664
-41639.444444444445
-41548.166666666664
-41601.055555555555
-41397.944444444445
-41439.833333333336
-41598.77777777778
-41592.944444444445
-41470.166666666664
-41478.77777777778
-41564.0
-41399.666666666664
-41485.166666666664
-41481.833333333336
-41686.666666666664
-41506.0
-41559.166666666664
-41613.833333333336
-41521.11111111111
-41574.61111111111
-41483.5
-41362.5
-41522.88888888889
-41645.61111111111
-41566.11111111111
-41809.166666666664
-41535.77777777778
-41667.444444444445
-41640.61111111111
-41507.5
-41579.77777777778
-41437.27777777778
-41634.555555555555
-41489.61111111111
-41663.166666666664
-41567.0
-41464.944444444445
-41571.11111111111
-41246.055555555555
-41621.61111111111
-41540.055555555555



The list of best values first execution 

-42858.0
-43536.0
-43642.0
-43648.0
-43718.0
-43837.0
-43911.0
-44029.0
-44032.0
-44007.0
-44069.0
-44028.0
-44070.0
-44070.0
-44061.0
-44026.0
-44030.0
-44069.0
-44069.0
-44069.0
-44041.0
-44057.0
-44057.0
-44057.0
-44069.0
-44069.0
-44069.0
-44036.0
-44057.0
-44057.0
-44069.0
-44069.0
-44069.0
-44069.0
-44069.0
-44069.0
-44069.0
-44069.0
-44069.0
-44069.0
-44069.0
-44069.0
-44069.0
-44069.0
-44069.0
-44069.0
-44069.0
-44069.0
-44069.0
-44069.0
-44069.0
-44069.0
-44069.0
-44069.0
-44069.0
-44069.0
-44069.0
-44069.0
-44069.0
-44069.0
-44069.0
-44069.0
-44069.0
-44069.0
-44069.0
-44069.0
-44069.0
-44069.0
-44069.0
-44069.0
-44069.0
-44069.0
-44069.0
-44069.0
-44069.0
-44069.0
-44069.0
-44069.0
-44069.0
-44069.0
-44069.0
-44069.0
-44069.0
-44069.0
-44069.0
-44069.0
-44069.0
-44069.0
-44069.0
-44069.0
-44069.0
-44069.0
-44069.0
-44069.0
-44069.0
-44069.0
-44069.0
-44069.0
-44069.0
-44069.0
-44069.0
-44069.0
-44069.0
-44069.0
-44069.0
-44069.0
-44069.0
-44069.0
-44069.0
-44069.0
-44069.0
-44069.0
-44069.0
-44069.0
-44069.0
-44069.0
-44069.0
-44069.0
-44069.0
-44069.0
-44070.0
-44070.0
-44070.0
-44070.0
-44070.0
-44070.0
-44070.0
-44070.0
-44070.0
-44070.0
-44070.0
-44070.0
-44070.0
-44070.0
-44070.0
-44070.0
-44070.0
-44070.0
-44070.0
-44070.0
-44070.0
-44070.0
-44070.0
-44070.0
-44070.0
-44070.0
-44070.0
-44070.0
-44070.0
-44070.0
-44070.0
-44070.0
-44070.0
-44070.0
-44070.0
-44070.0
-44070.0
-44070.0
-44070.0
-44070.0
-44070.0
-44070.0
-44070.0
-44070.0
-44070.0
-44070.0
-44070.0
-44070.0
-44070.0
-44070.0
-44070.0
-44070.0
-44070.0
-44070.0
-44070.0
-44070.0
-44070.0
-44070.0
-44070.0
-44070.0
-44070.0
-44070.0
-44070.0
-44070.0
-44070.0
-44070.0
-44070.0
-44070.0
-44070.0
-44070.0
-44070.0
-44070.0
-44070.0
-44070.0
-44070.0
-44070.0
-44070.0
-44070.0
-44070.0
-44070.0
-44070.0
-44070.0
-44070.0
-44070.0
-44070.0
-44070.0
-44070.0
-44070.0
-44070.0
-44070.0
-44070.0
-44070.0
-44070.0
-44070.0
-44070.0
-44070.0
-44070.0
-44070.0
-44070.0
-44070.0
-44070.0
-44070.0
-44070.0
-44070.0
-44070.0
-44070.0
-44070.0
-44070.0
-44070.0
-44070.0
-44070.0
-44070.0
-44070.0
-44070.0
-44070.0
-44070.0
-44070.0
-44070.0
-44070.0
-44070.0
-44070.0
-44070.0
-44070.0
-44070.0
-44070.0
-44070.0
-44070.0
-44070.0
-44070.0
-44070.0
-44070.0
-44070.0
-44070.0
-44070.0
-44070.0
-44070.0
-44070.0
-44070.0
-44070.0
-44070.0
-44070.0
-44070.0
-44070.0
-44070.0
-44070.0
-44070.0
-44070.0
-44070.0
-44070.0
-44070.0
-44070.0
-44070.0
-44070.0
-44070.0
-44070.0
-44070.0
-44070.0
-44070.0
-44070.0
-44070.0
-44070.0
-44070.0
-44070.0
-44070.0
-44070.0
-44070.0
-44070.0
-44070.0
-44070.0
-44070.0
-44070.0
-44070.0
-44070.0
-44070.0
-44070.0
-44070.0
-44070.0
-44070.0
-44070.0
-44070.0
-44070.0
-44070.0
-44070.0
-44070.0
-44070.0
-44070.0
-44070.0
-44070.0
-44070.0
-44070.0
-44070.0
-44070.0
-44070.0
-44070.0
-44070.0
-44070.0
-44070.0
-44070.0
-44070.0
-44070.0
-44070.0
-44070.0
-44070.0
-44070.0
-44070.0
-44070.0
-44070.0
-44070.0
-44070.0
-44070.0
-44070.0
-44070.0
-44070.0
-44070.0
-44070.0
-44070.0
-44070.0
-44070.0
-44070.0
-44070.0
-44070.0
-44070.0
-44070.0
-44070.0
-44070.0
-44070.0
-44070.0
-44070.0
-44070.0
-44070.0
-44070.0
-44070.0
-44070.0
-44070.0
-44070.0
-44061.0
-44069.0
-44069.0
-44069.0
-44069.0
-44069.0
-44069.0
-44069.0
-44069.0
-44069.0
-44069.0
-44069.0
-44069.0
-44069.0
-44069.0
-44069.0
-44069.0
-44069.0
-44069.0
-44069.0
-44069.0
-44069.0
-44069.0
-44069.0
-44069.0
-44069.0
-44069.0
-44069.0
-44069.0
-44069.0
-44069.0
-44069.0
-44069.0
-44069.0
-44069.0
-44069.0
-44069.0
-44069.0
-44069.0
-44069.0
-44069.0
-44069.0
-44069.0
-44069.0
-44069.0
-44069.0
-44069.0
-44069.0
-44069.0
-44069.0
-44069.0
-44069.0
-44069.0
-44069.0
-44069.0
-44069.0
-44069.0
-44069.0
-44069.0
-44069.0
-44069.0
-44069.0
-44069.0
-44069.0
-44069.0
-44069.0
-44069.0
-44069.0
-44069.0
-44069.0
-44069.0
-44069.0
-44069.0
-44069.0
-44069.0
-44069.0
-44069.0
-44069.0
-44069.0
-44069.0
-44069.0
-44069.0
-44069.0
-44069.0
-44069.0
-44069.0
-44069.0
-44069.0
-44069.0
-44069.0
-44069.0
-44069.0
-44069.0
-44069.0
-44069.0
-44069.0
-44069.0
-44069.0
-44069.0
-44069.0
-44069.0
-44069.0
-44069.0
-44069.0
-44069.0
-44069.0
-44069.0
-44069.0
-44069.0
-44069.0
-44069.0
-44069.0
-44069.0
-44069.0
-44069.0
-44069.0
-44069.0
-44069.0
-44069.0
-44069.0
-44069.0
-44069.0
-44069.0
-44069.0
-44069.0
-44069.0
-44069.0
-44069.0
-44069.0
-44069.0
-44069.0
-44069.0
-44069.0
-44069.0
-44069.0
-44069.0
-44069.0
-44069.0
-44069.0
-44069.0
-44069.0
-44069.0
-44069.0
-44069.0
-44069.0
-44069.0
-44069.0
-44069.0
-44069.0
-44069.0
-44069.0
-44069.0
-44069.0
-44069.0
-44069.0
-44069.0
-44069.0
-44069.0
-44069.0
-44069.0
-44069.0
-44069.0
-44069.0
-44069.0
-44069.0
-44069.0
-44069.0
-44069.0
-44069.0
-44069.0
-44069.0
-44069.0
-44069.0
-44069.0
-44069.0
-44069.0
-44069.0
-44069.0
-44069.0
-44069.0
-44069.0
-44069.0
-44069.0
-44069.0
-44069.0
-44069.0
-44069.0
-44069.0
-44069.0
-44069.0
-44069.0
-44069.0
-44069.0
-44069.0
-44069.0
-44069.0
-44069.0
-44069.0
-44069.0
-44069.0
-44069.0
-44069.0
-44069.0
-44069.0
-44069.0
-44069.0
-44069.0
-44069.0
-44069.0
-44069.0
-44069.0
-44069.0
-44069.0
-44069.0
-44069.0
-44069.0
-44069.0
-44069.0
-44069.0
-44069.0
-44069.0
-44069.0
-44069.0
-44069.0
-44069.0
-44069.0
-44069.0
-44069.0
-44069.0
-44069.0
-44069.0
-44069.0
-44069.0
-44069.0
-44069.0
-44069.0
-44069.0
-44069.0
-44069.0
-44069.0
-44069.0
-44069.0
-44069.0
-44069.0
-44069.0
-44069.0
-44069.0
-44069.0
-44069.0
-44069.0
-44069.0
-44069.0
-44069.0
-44069.0
-44069.0
-44069.0
-44069.0
-44069.0
-44069.0
-44069.0
-44069.0
-44069.0
-44069.0
-44069.0
-44069.0
-44069.0
-44069.0
-44069.0
-44069.0
-44069.0
-44069.0
-44069.0
-44069.0
-44069.0
-44069.0
-44069.0
-44069.0
-44069.0
-44069.0
-44069.0
-44069.0
-44069.0
-44069.0
-44069.0
-44069.0
-44069.0
-44069.0
-44069.0
-44069.0
-44069.0
-44069.0
-44069.0
-44069.0
-44069.0
-44069.0
-44069.0
-44069.0
-44069.0
-44069.0
-44069.0
-44069.0
-44069.0
-44069.0
-44069.0
-44069.0
-44069.0
-44069.0
-44069.0
-44069.0
-44069.0
-44069.0
-44069.0
-44069.0
-44069.0
-44069.0
-44069.0
-44069.0
-44069.0
-44069.0
-44069.0
-44069.0
-44069.0
-44069.0
-44069.0
-44069.0
-44069.0
-44069.0
-44069.0
-44069.0
-44069.0
-44069.0
-44069.0
-44069.0
-44069.0
-44069.0
-44069.0
-44069.0
-44069.0
-44069.0
-44069.0
-44069.0
-44069.0
-44069.0
-44069.0
-44069.0
-44069.0
-44069.0
-44069.0
-44069.0
-44069.0
-44069.0
-44069.0
-44069.0
-44069.0
-44069.0
-44069.0
-44069.0
-44069.0
-44069.0
-44069.0
-44069.0
-44069.0
-44069.0
-44069.0
-44069.0
-44069.0
-44069.0
-44069.0
-44069.0
-44069.0
-44069.0
-44069.0
-44069.0



The list of values average 

-41623.59166666665
-41790.4
-41884.20055555558
-41907.669999999984
-41922.475
-41922.75444444445
-41923.96055555555
-41911.146666666675
-41910.196111111116
-41896.01
-41882.97055555557
-41867.97666666666
-41861.796111111114
-41842.65444444446
-41846.6788888889
-41824.236666666664
-41805.767222222225
-41794.3188888889
-41762.176111111105
-41741.22222222222
-41720.043888888875
-41713.03999999999
-41707.08222222223
-41703.30055555555
-41683.680555555555
-41668.426111111105
-41647.17333333336
-41630.97222222222
-41632.156111111086
-41615.35333333334
-41617.79777777777
-41604.45333333332
-41600.55666666666
-41593.175
-41576.25944444443
-41574.54722222222
-41578.15333333333
-41573.03611111111
-41559.74999999999
-41556.69111111112
-41548.039444444454
-41540.92888888889
-41556.0211111111
-41540.21944444446
-41548.25
-41524.70888888889
-41543.911111111105
-41537.083888888876
-41514.546111111114
-41529.52944444443
-41528.911666666674
-41542.77444444446
-41546.08499999999
-41536.29888888888
-41542.987777777795
-41530.08777777779
-41538.70611111112
-41508.452777777784
-41530.176666666666
-41518.04888888888
-41513.72277777776
-41530.08000000001
-41512.079444444425
-41520.44333333333
-41500.8861111111
-41519.93944444444
-41509.13555555556
-41520.91555555556
-41520.15166666669
-41511.193333333336
-41506.4938888889
-41502.294444444444
-41518.00666666667
-41517.94333333333
-41525.595555555534
-41500.1238888889
-41521.84444444446
-41525.688333333324
-41509.57611111109
-41534.28
-41520.24111111111
-41529.23111111113
-41505.05111111111
-41516.956111111125
-41508.96722222223
-41507.45388888891
-41528.060555555545
-41528.5861111111
-41514.925
-41521.854999999996
-41533.93111111111
-41517.76722222224
-41517.788333333316
-41517.21833333332
-41529.22611111109
-41519.73444444443
-41523.021111111106
-41503.12222222222
-41508.121666666644
-41494.89666666666
-41517.606111111134
-41511.68777777778
-41507.49666666669
-41505.44444444447
-41519.751666666656
-41519.63166666666
-41509.33722222221
-41519.32055555556
-41502.804444444446
-41498.725555555546
-41510.54722222222
-41491.72388888887
-41504.65944444445
-41493.72444444445
-41512.51499999999
-41522.98111111113
-41505.27833333334
-41510.27611111112
-41510.00555555555
-41502.34888888889
-41507.68
-41509.22555555556
-41518.92277777776
-41532.861111111124
-41490.59666666666
-41515.00888888889
-41515.2472222222
-41518.58
-41526.79000000001
-41509.79055555558
-41529.13777777779
-41505.09499999999
-41529.945555555554
-41512.83611111112
-41518.289444444454
-41509.70777777778
-41497.950000000004
-41526.06444444444
-41511.11722222224
-41518.25166666667
-41509.02166666667
-41519.28388888888
-41531.193333333336
-41499.61055555557
-41500.03555555557
-41510.09111111113
-41518.63388888888
-41517.540555555555
-41508.797222222216
-41528.03833333333
-41544.655
-41532.46388888891
-41523.4088888889
-41530.6488888889
-41537.37277777778
-41517.89166666667
-41505.11166666667
-41515.66222222222
-41513.95944444445
-41500.775555555556
-41507.508888888886
-41490.19777777779
-41516.79777777777
-41496.29222222223
-41504.880000000005
-41523.57111111111
-41519.544444444444
-41531.42777777779
-41521.726111111115
-41514.31055555556
-41505.026666666665
-41530.41555555555
-41507.61
-41506.806666666685
-41512.546666666676
-41496.99944444443
-41526.765555555554
-41518.52444444447
-41507.037222222236
-41512.74944444444
-41506.22166666667
-41498.847222222204
-41490.2972222222
-41509.37555555557
-41508.62333333332
-41517.322777777794
-41524.64722222222
-41505.226111111115
-41531.22833333335
-41509.79444444444
-41512.646111111135
-41525.60555555555
-41510.526111111096
-41505.2338888889
-41504.05999999999
-41521.76888888888
-41517.738333333335
-41512.55222222221
-41509.20555555554
-41514.71222222223
-41512.02333333335
-41518.45055555555
-41511.4133333333
-41519.69555555557
-41507.95111111109
-41516.294444444444
-41518.16611111113
-41492.21222222222
-41520.24222222221
-41488.187222222245
-41505.101111111115
-41516.67833333331
-41502.359999999986
-41521.426666666666
-41508.7461111111
-41518.25888888889
-41514.200000000004
-41526.281666666655
-41520.39666666665
-41520.639444444445
-41513.773333333345
-41506.92055555555
-41506.89777777776
-41513.163333333345
-41527.56444444445
-41527.13444444444
-41506.14444444444
-41509.59333333332
-41516.49888888889
-41521.75888888887
-41532.02333333333
-41519.75611111109
-41534.51055555554
-41502.67611111112
-41518.65111111111
-41503.243888888894
-41518.16611111111
-41518.027777777774
-41514.51444444443
-41506.892777777786
-41524.675555555565
-41519.762777777774
-41518.04944444448
-41505.49499999997
-41520.08055555558
-41509.83111111111
-41524.38777777779
-41507.328333333346
-41525.41833333333
-41504.57611111111
-41512.228888888894
-41528.487222222226
-41507.67333333335
-41527.069444444445
-41516.7088888889
-41515.001666666634
-41524.95055555555
-41520.341666666674
-41497.78333333333
-41523.65111111112
-41503.884999999995
-41531.22500000003
-41529.86166666669
-41515.10833333334
-41514.91722222219
-41530.30722222222
-41522.802222222206
-41497.20388888889
-41503.87944444445
-41512.64333333335
-41530.531666666655
-41501.32499999999
-41514.246111111126
-41512.49333333332
-41510.1538888889
-41511.12000000001
-41522.55166666669
-41523.57333333332
-41521.48444444442
-41519.144999999975
-41503.80333333333
-41508.10555555556
-41512.22277777777
-41510.99833333334
-41505.16555555556
-41532.45611111112
-41498.648888888885
-41521.79555555553
-41506.10666666666
-41528.04388888891
-41511.73888888888
-41511.390555555554
-41501.211111111115
-41497.36555555553
-41510.28722222221
-41505.67944444443
-41504.74833333334
-41512.960555555546
-41513.33777777776
-41519.19222222222
-41501.06777777776
-41517.28888888889
-41503.656111111086
-41523.88555555555
-41497.80333333333
-41506.01222222221
-41513.30888888889
-41500.15166666666
-41495.60777777776
-41492.428333333344
-41515.29944444445
-41515.043333333306
-41511.50277777779
-41523.9161111111
-41503.552222222206
-41515.49555555555
-41501.21666666665
-41500.82111111111
-41516.03833333332
-41496.67166666665
-41501.55555555556
-41500.188888888886
-41518.1038888889
-41503.27055555553
-41513.95722222221
-41519.175
-41517.902222222205
-41525.24444444442
-41515.052777777775
-41510.6138888889
-41517.46777777776
-41516.18277777779
-41517.52944444445
-41521.18444444443
-41525.284999999996
-41535.49444444446
-41535.29111111112
-41545.67111111111
-41536.668333333335
-41523.782222222224
-41513.81277777776
-41514.82833333334
-41492.763333333336
-41490.88333333334
-41522.034999999996
-41501.82888888888
-41532.15388888888
-41516.43388888888
-41522.41444444445
-41505.473888888904
-41511.35055555555
-41515.44833333334
-41505.34944444445
-41514.65222222222
-41501.42777777779
-41511.534444444456
-41504.98222222223
-41496.185555555545
-41492.59388888886
-41504.09777777777
-41516.908333333326
-41511.33000000001
-41523.380000000005
-41511.05666666664
-41499.84611111111
-41514.55277777779
-41519.24277777778
-41539.497777777775
-41520.84777777777
-41522.95333333334
-41509.67388888888
-41529.25500000001
-41540.45
-41509.01277777778
-41511.36500000002
-41519.28777777777
-41507.84555555556
-41519.51944444442
-41507.700555555544
-41516.892777777786
-41506.92611111113
-41505.71388888887
-41524.001111111116
-41520.55944444444
-41507.953888888864
-41507.34611111111
-41495.65833333334
-41514.70833333334
-41528.15666666666
-41526.82666666668
-41524.095
-41507.83333333332
-41509.043333333335
-41500.43611111111
-41525.46555555556
-41498.77999999999
-41515.6761111111
-41502.103888888916
-41510.08611111114
-41499.13555555555
-41486.51388888892
-41503.17611111112
-41514.78166666666
-41517.197222222225
-41525.72611111113
-41532.9238888889
-41517.07
-41506.88222222221
-41520.05944444446
-41517.834444444445
-41516.418888888904
-41515.74555555555
-41513.44666666668
-41503.45222222224
-41524.433888888874
-41527.27166666667
-41505.877777777765
-41502.98777777779
-41512.692222222235
-41505.66388888889
-41493.575555555544
-41518.80222222222
-41511.64944444444
-41509.685000000005
-41522.73944444443
-41535.22222222222
-41508.96888888888
-41513.45111111111
-41515.540555555555
-41532.499999999985
-41516.30111111113
-41512.50722222223
-41509.91944444445
-41516.136666666665
-41496.42
-41507.63111111111
-41513.665
-41525.55777777779
-41508.96333333333
-41535.42722222221
-41494.677222222206
-41532.04611111112
-41506.786111111134
-41498.67444444444
-41522.2722222222
-41497.83833333333
-41515.731111111105
-41511.18500000001
-41522.06444444445
-41513.82166666666
-41520.388888888876
-41543.80222222222
-41520.031111111086
-41528.66222222222
-41524.65611111112
-41526.98111111111
-41508.87833333332
-41504.69944444444
-41534.876111111116
-41519.211111111115
-41543.34333333331
-41538.3488888889
-41522.06722222222
-41520.92888888889
-41517.4027777778
-41522.87944444446
-41522.16277777779
-41519.99111111112
-41509.00888888887
-41542.14944444445
-41517.51499999998
-41533.89722222221
-41529.34333333335
-41521.994999999995
-41523.887222222205
-41526.25499999999
-41518.63777777776
-41515.66777777775
-41533.023333333345
-41516.052777777775
-41515.966666666645
-41522.23722222222
-41502.74944444446
-41516.53111111111
-41518.909999999996
-41509.00833333332
-41518.89833333333
-41506.11444444446
-41518.08222222221
-41502.70833333333
-41514.219444444454
-41511.415000000015
-41511.01500000001
-41499.26833333334
-41511.94999999999
-41499.33444444444
-41512.0411111111
-41528.30000000002
-41535.81277777778
-41509.10777777779
-41505.1661111111
-41504.624444444446
-41516.207777777774
-41525.836666666626
-41525.91222222222
-41521.36055555555
-41522.60277777777
-41508.23111111112
-41499.304444444446
-41528.489444444436
-41526.92111111112
-41501.13499999999
-41511.868888888894
-41518.13666666667
-41517.337777777764
-41514.02166666667
-41518.85055555556
-41496.31499999999
-41528.94499999999
-41514.25166666665
-41526.60555555555
-41527.81555555555
-41504.63333333333
-41529.253888888896
-41508.99500000002
-41521.823333333334
-41525.026111111125
-41525.25944444446
-41516.96388888889
-41512.03333333331
-41530.558888888896
-41522.12222222223
-41538.628333333334
-41519.901111111125
-41532.23833333333
-41522.624444444446
-41506.42055555554
-41517.683333333356
-41504.32833333333
-41514.530555555575
-41527.37722222221
-41515.40777777777
-41520.778888888904
-41498.168888888875
-41527.27166666666
-41512.28388888888
-41513.55388888888
-41530.89166666666
-41502.01666666669
-41542.39166666668
-41527.96388888889
-41524.83444444443
-41511.114444444436
-41514.113333333335
-41509.03055555555
-41500.26222222222
-41504.802222222206
-41524.72277777779
-41512.80944444445
-41511.555
-41518.245555555564
-41503.95166666664
-41526.75666666666
-41538.48111111111
-41526.0466666667
-41520.435000000005
-41501.691666666666
-41527.11166666668
-41508.640000000014
-41509.950555555566
-41528.441666666666
-41509.67222222224
-41512.79055555557
-41505.63666666666
-41523.67444444444
-41519.49166666667
-41505.42666666667
-41523.402777777774
-41518.61222222223
-41509.45999999999
-41498.97333333333
-41500.3938888889
-41498.42333333334
-41495.686666666676
-41525.53833333332
-41497.1811111111
-41505.143333333326
-41507.875000000015
-41502.88555555556
-41517.44444444443
-41518.86555555557
-41513.89000000001
-41523.607222222214
-41513.57055555555
-41527.13944444446
-41517.68777777777
-41522.76888888891
-41527.11277777778
-41506.840000000026
-41514.012777777774
-41511.797777777785
-41530.98888888889
-41509.43055555557
-41507.335555555546
-41526.90888888889
-41509.867222222216
-41509.29444444442
-41506.187777777785
-41515.73555555553
-41512.91833333333
-41515.94833333334
-41527.45833333334
-41516.62111111114
-41521.35888888889
-41518.343333333345
-41523.91055555555
-41506.50833333333
-41516.35055555555
-41513.27388888888
-41503.84944444446
-41527.39666666665
-41506.610555555555
-41528.25222222224
-41519.82944444445
-41507.08999999998
-41510.88277777777
-41494.45444444443
-41516.956666666694
-41490.5638888889
-41504.191111111104
-41509.907222222224
-41506.8533333333
-41502.50388888887
-41498.07555555555
-41525.57722222221
-41513.13944444444
-41508.38777777777
-41513.99388888891
-41510.6822222222
-41522.96277777777
-41521.99944444444
-41530.017777777764
-41518.33111111111
-41518.58055555555
-41528.17055555555
-41520.59388888889
-41521.39000000001
-41524.47499999999
-41530.45999999999
-41523.74
-41516.07222222222
-41510.830555555556
-41522.10111111111
-41514.378888888874
-41511.974444444444
-41522.34500000001
-41508.16944444444
-41516.82666666666
-41493.03944444443
-41508.37055555557
-41509.23388888891
-41505.27666666666
-41509.96388888891
-41513.413888888885
-41507.67277777778
-41503.17777777778
-41514.69222222223
-41509.263333333336
-41520.21222222222
-41496.869444444426
-41506.033888888895
-41512.25555555557
-41528.373888888906
-41514.88777777777
-41498.15333333333
-41511.76388888888
-41497.998333333315
-41489.0361111111
-41520.443888888905
-41517.151666666665
-41510.74555555558
-41529.0388888889
-41532.16444444445
-41510.506111111106
-41510.80555555557
-41492.126666666656
-41513.626666666656
-41517.175
-41504.125000000015
-41499.852222222224
-41509.250000000015
-41517.58333333333
-41515.04944444448
-41529.35222222222
-41515.85888888889
-41527.887777777774
-41499.95555555556
-41505.544999999984
-41506.87444444446
-41509.340000000026
-41512.229999999996
-41510.41
-41515.72055555552
-41524.895
-41508.328333333346
-41521.06777777779
-41508.42277777778
-41515.91722222221
-41500.39722222224
-41510.63222222222
-41506.88222222222
-41502.76611111113
-41528.18444444444
-41497.7722222222
-41534.06944444445
-41512.695
-41535.32888888889
-41533.928888888906
-41517.30888888888
-41531.37111111111
-41495.276111111096
-41518.19666666667
-41527.54222222224
-41520.24444444445
-41506.56944444444
-41486.59222222222
-41522.04777777781
-41483.928888888906



The list of best values average 

-42987.930000000015
-43439.740000000005
-43632.30000000002
-43722.209999999985
-43777.46999999998
-43815.110000000015
-43846.850000000006
-43867.69
-43883.100000000006
-43895.26999999999
-43906.880000000005
-43916.060000000005
-43922.63999999999
-43929.469999999994
-43937.28
-43938.34000000002
-43941.939999999995
-43949.38999999999
-43951.11000000001
-43954.44999999999
-43956.149999999994
-43956.890000000014
-43959.5
-43963.049999999996
-43963.689999999995
-43967.66999999999
-43973.71
-43972.850000000006
-43974.400000000016
-43975.91
-43977.47
-43977.83
-43976.579999999994
-43975.779999999984
-43978.14000000001
-43979.63000000001
-43978.35
-43981.680000000015
-43982.95
-43984.78999999999
-43983.36999999999
-43982.11999999999
-43983.420000000006
-43986.75
-43986.12999999999
-43984.889999999985
-43986.939999999995
-43988.18
-43988.83000000001
-43987.09
-43988.31
-43987.96
-43989.44999999999
-43990.03
-43989.620000000024
-43992.049999999996
-43994.07000000001
-43990.58000000001
-43993.729999999996
-43993.85
-43992.329999999994
-43990.94999999999
-43993.74999999999
-43994.509999999995
-43992.26999999999
-43994.58
-43994.83999999999
-43994.1
-43995.17999999999
-43995.35
-43995.57999999997
-43998.55000000001
-43997.02999999999
-43996.42999999999
-43997.95999999999
-43998.39000000001
-43996.81999999999
-43998.23
-43999.14
-43999.22000000001
-44001.00000000001
-43998.79999999999
-43999.65000000001
-44002.19000000001
-44001.63
-44000.409999999996
-44003.00000000001
-44002.79000000001
-44001.409999999996
-44002.52999999999
-44003.91
-44001.29000000001
-44004.310000000005
-44004.420000000006
-44003.590000000004
-44004.15
-44002.979999999996
-44002.57000000001
-44005.62
-44004.77
-44003.36
-44003.889999999985
-44006.71999999998
-44003.65000000001
-44002.47999999999
-44004.159999999996
-44003.56999999999
-44003.78999999999
-44004.49
-44003.020000000004
-44005.78
-44003.37
-44001.68000000001
-44003.950000000004
-44004.73999999999
-44003.450000000004
-44003.88000000001
-44004.71
-44003.72
-44004.90999999999
-44005.679999999986
-44005.29999999999
-44003.55999999999
-44003.80999999999
-44005.59
-44005.259999999995
-44005.02
-44004.81
-44005.299999999996
-44006.359999999986
-44007.22000000001
-44005.4
-44007.479999999996
-44005.5
-44006.700000000004
-44005.40999999999
-44006.57000000001
-44004.45999999998
-44008.02000000001
-44008.169999999984
-44007.82999999999
-44006.83999999999
-44007.54000000001
-44007.669999999984
-44006.129999999976
-44008.39
-44007.3
-44007.22
-44007.87000000001
-44006.209999999985
-44008.19
-44008.030000000006
-44007.979999999996
-44007.759999999995
-44008.899999999994
-44007.33999999999
-44006.799999999996
-44007.22000000001
-44008.28999999999
-44009.93
-44008.490000000005
-44009.43999999999
-44008.15000000001
-44008.16999999999
-44008.43000000001
-44008.53999999999
-44007.49999999999
-44007.74
-44008.439999999995
-44010.21
-44008.47999999999
-44009.07
-44008.719999999994
-44008.04000000001
-44009.159999999996
-44008.780000000006
-44007.9
-44009.13
-44009.549999999996
-44008.149999999994
-44009.46
-44009.85
-44009.27
-44009.39999999999
-44009.54
-44009.93999999998
-44008.43000000001
-44009.02
-44008.80000000001
-44009.77999999999
-44008.98999999999
-44008.47
-44009.86
-44009.24999999999
-44010.64
-44010.020000000004
-44009.799999999996
-44008.51999999999
-44010.10000000001
-44011.12
-44007.47
-44009.31999999999
-44010.11000000001
-44008.42999999999
-44010.44
-44010.840000000004
-44008.69000000002
-44009.930000000015
-44010.159999999996
-44010.24000000001
-44011.03999999999
-44010.44
-44009.560000000005
-44010.08000000001
-44011.12999999999
-44010.91000000001
-44010.47999999999
-44011.38000000001
-44010.649999999994
-44011.630000000005
-44011.670000000006
-44009.46000000001
-44011.72000000001
-44013.009999999995
-44011.21000000002
-44010.540000000015
-44011.47000000001
-44011.25000000001
-44011.99000000001
-44011.39999999999
-44011.0
-44011.100000000006
-44012.22999999999
-44009.799999999996
-44010.45000000001
-44009.170000000006
-44010.29
-44009.88
-44011.21
-44010.02000000001
-44010.31000000001
-44007.99000000002
-44011.420000000006
-44009.95000000001
-44009.63000000001
-44010.37000000001
-44010.79
-44009.58000000001
-44010.13999999999
-44009.2
-44010.62000000001
-44010.32000000001
-44009.719999999994
-44009.170000000006
-44010.130000000005
-44010.44000000001
-44010.57
-44010.600000000006
-44010.65
-44011.880000000005
-44011.810000000005
-44011.09000000001
-44010.990000000005
-44010.140000000014
-44009.02
-44009.9
-44009.64
-44010.57000000001
-44010.509999999995
-44010.39
-44011.159999999996
-44010.63
-44009.170000000006
-44009.87
-44012.06
-44009.409999999996
-44011.41999999999
-44011.159999999996
-44010.259999999995
-44008.66
-44009.37000000001
-44011.14000000001
-44011.17
-44010.49
-44010.68
-44011.979999999996
-44010.55
-44011.01000000001
-44011.96
-44012.48000000001
-44011.28
-44012.21
-44010.02
-44011.53999999999
-44011.44000000001
-44010.55000000001
-44010.93999999998
-44013.340000000004
-44010.570000000014
-44011.0
-44012.159999999996
-44012.92000000001
-44011.130000000005
-44011.450000000004
-44012.530000000006
-44012.52
-44011.54000000001
-44011.369999999995
-44010.95
-44013.41999999999
-44011.39
-44011.319999999985
-44011.05999999998
-44013.20999999999
-44011.869999999995
-44013.58000000001
-44013.119999999995
-44013.29999999999
-44012.49000000001
-44012.500000000015
-44013.26
-44012.89000000001
-44013.27
-44013.7
-44013.88999999999
-44012.86
-44011.50999999998
-44013.219999999994
-44013.84
-44013.83
-44012.08999999999
-44012.729999999996
-44014.259999999995
-44014.08
-44011.63
-44011.86
-44012.56
-44014.36
-44013.36999999999
-44012.600000000006
-44012.07
-44013.19000000001
-44014.21000000001
-44012.66000000001
-44013.560000000005
-44013.72
-44013.280000000006
-44013.560000000005
-44012.130000000005
-44013.140000000014
-44014.46
-44015.30000000002
-44012.28999999999
-44013.99000000001
-44014.41000000001
-44014.54000000002
-44013.78
-44014.470000000016
-44013.48000000001
-44012.47
-44014.06000000001
-44015.58000000001
-44015.01
-44015.12000000001
-44014.19
-44015.170000000006
-44014.1
-44012.79
-44013.42999999999
-44014.1
-44014.9
-44014.58000000001
-44014.360000000015
-44014.83
-44014.21
-44015.7
-44012.9
-44013.360000000015
-44014.090000000004
-44014.950000000004
-44013.94
-44015.43000000001
-44014.64
-44014.810000000005
-44013.88999999999
-44015.02000000001
-44013.909999999996
-44014.759999999995
-44014.24000000002
-44014.08
-44015.22
-44014.11000000001
-44012.66
-44015.590000000004
-44013.27000000001
-44015.060000000005
-44013.590000000004
-44014.64000000001
-44013.030000000006
-44014.12999999999
-44014.43000000001
-44014.780000000006
-44012.710000000014
-44013.94000000001
-44013.69
-44013.990000000005
-44014.12000000002
-44014.83999999999
-44013.170000000006
-44013.850000000006
-44013.89000000001
-44013.98000000001
-44013.649999999994
-44015.40000000001
-44014.15000000001
-44014.040000000015
-44013.64
-44014.64
-44013.91000000001
-44014.28000000001
-44013.97
-44014.09000000001
-44013.22000000001
-44014.280000000006
-44013.46
-44013.570000000014
-44014.860000000015
-44014.650000000016
-44012.930000000015
-44015.66000000002
-44014.320000000014
-44012.98000000001
-44013.150000000016
-44015.53000000001
-44013.58000000001
-44014.53000000001
-44014.51
-44014.65000000001
-44015.06000000002
-44013.18000000001
-44013.76
-44015.01000000001
-44014.55
-44013.63000000001
-44013.19000000001
-44015.970000000016
-44012.74000000001
-44015.49000000002
-44013.640000000014
-44013.69
-44014.37
-44014.08
-44014.57000000001
-44014.81000000002
-44013.650000000016
-44014.280000000006
-44014.05
-44014.47000000001
-44013.05
-44015.66000000001
-44015.25
-44014.28999999999
-44015.21000000001
-44015.23000000001
-44014.170000000006
-44015.47000000001
-44015.53
-44014.87000000002
-44013.990000000005
-44015.880000000005
-44014.130000000005
-44014.37
-44014.37000000001
-44014.15000000001
-44014.12000000001
-44015.41
-44013.91000000001
-44011.659999999996
-44014.71
-44014.81999999999
-44014.19
-44012.78
-44014.899999999994
-44015.369999999995
-44013.15000000001
-44012.03999999999
-44015.009999999995
-44014.80000000002
-44013.46000000001
-44013.340000000004
-44015.07
-44013.37
-44014.21000000001
-44013.740000000005
-44014.950000000004
-44015.520000000004
-44014.28000000001
-44014.93999999999
-44015.16000000002
-44015.73
-44014.030000000006
-44014.1
-44014.05
-44015.95000000001
-44013.99000000001
-44014.770000000004
-44015.44
-44015.22000000001
-44013.87000000001
-44015.16
-44016.020000000004
-44015.53
-44013.99
-44014.119999999995
-44015.210000000014
-44016.21000000001
-44014.39000000001
-44015.09
-44015.810000000005
-44015.75000000001
-44014.27000000001
-44015.450000000004
-44015.22000000001
-44015.28000000001
-44013.19000000001
-44015.11
-44015.24000000001
-44015.97000000001
-44016.140000000014
-44016.390000000014
-44014.96000000001
-44016.29000000001
-44015.58
-44014.200000000004
-44015.960000000014
-44015.710000000014
-44014.76000000002
-44015.369999999995
-44015.07
-44014.35000000001
-44014.60000000001
-44015.78
-44015.58000000001
-44014.75000000001
-44015.350000000006
-44015.06999999999
-44015.47
-44016.15000000001
-44014.08000000001
-44015.56
-44016.55
-44014.75
-44015.09
-44015.51999999999
-44014.689999999995
-44015.18
-44014.58999999999
-44014.95999999999
-44016.99
-44015.450000000004
-44014.909999999996
-44014.740000000005
-44015.84999999999
-44015.219999999994
-44015.76999999999
-44015.50999999999
-44015.02
-44015.8
-44015.63
-44015.05999999998
-44016.24
-44014.83
-44015.34
-44015.009999999995
-44015.689999999995
-44015.00000000001
-44015.69
-44015.52
-44015.3
-44015.30000000001
-44016.24
-44015.63999999999
-44015.33
-44014.89
-44015.44
-44016.5
-44015.84000000001
-44015.34
-44016.420000000006
-44015.36000000001
-44016.649999999994
-44015.29000000001
-44016.12
-44016.15999999999
-44016.3
-44015.56
-44014.61000000001
-44016.57
-44015.89000000001
-44015.520000000004
-44015.79000000001
-44015.44
-44016.270000000004
-44016.200000000004
-44016.73
-44014.85
-44015.31000000001
-44015.59999999999
-44016.08
-44016.119999999995
-44015.31
-44014.84
-44015.82000000001
-44015.969999999994
-44015.58
-44015.469999999994
-44016.11
-44015.670000000006
-44015.780000000006
-44014.35
-44015.40000000001
-44015.94000000001
-44015.84000000001
-44015.94000000001
-44016.080000000016
-44015.48999999999
-44016.32000000001
-44015.59000000002
-44015.75
-44015.619999999995
-44016.360000000015
-44016.2
-44014.64
-44015.66000000001
-44016.689999999995
-44015.80999999999
-44016.55000000001
-44016.56999999999
-44016.590000000004
-44015.04000000002
-44016.06
-44015.85
-44016.070000000014
-44016.11000000001
-44016.130000000005
-44015.890000000014
-44015.65
-44016.68
-44015.86000000001
-44016.06
-44016.310000000005
-44015.50000000002
-44016.420000000006
-44016.11
-44015.79
-44015.71000000001
-44016.31
-44016.020000000004
-44016.58
-44016.680000000015
-44015.44
-44015.77
-44015.57
-44016.71000000001
-44015.310000000005
-44016.08
-44014.70000000001
-44015.649999999994
-44016.18000000001
-44016.490000000005
-44016.62
-44016.93000000001
-44016.450000000004
-44016.19
-44016.340000000004
-44015.43
-44016.100000000006
-44015.7
-44015.780000000006
-44016.520000000004
-44016.479999999996
-44016.31
-44016.200000000004
-44017.26999999998
-44016.71
-44016.61000000001
-44017.04000000001
-44016.52
-44016.57000000001
-44017.25999999999
-44017.00999999999
-44017.28
-44017.04
-44015.399999999994
-44016.590000000004
-44016.94
-44017.259999999995
-44016.289999999986
-44017.45
-44016.56999999999
-44015.91
-44017.240000000005
-44017.52
-44017.079999999994
-44017.58999999999
-44017.799999999996
-44017.11
-44016.96
-44017.76
-44017.04
-44017.789999999986
-44016.18000000001
-44017.549999999996
-44017.869999999995
-44017.59999999999
-44016.88999999999
-44018.280000000006
-44017.75
-44017.05999999999
-44018.409999999996
-44017.87
-44016.87000000001
-44017.04999999998
-44017.32000000001
-44017.299999999996
-44017.280000000006
-44017.68000000001
-44017.51999999999
