----------Report of simulation of Quantum Parallel Tempering - Population Annealing v1-----------
The number of considered Spin84
The considered Annealing Duration 336
The considered Annealing Number 100
The considered T 1.0
The considered Gamma0 1.0
The considered Number Of Replica 3
The considered Number Of System Tempering 3
The considered Number Of System Population 3
The solution found [ 1.  1.  1.  1. -1. -1. -1.  1.  1. -1.  1. -1.  1. -1.  1. -1.  1. -1.
  1. -1. -1.  1. -1. -1.  1.  1.  1.  1. -1. -1. -1. -1.  1. -1. -1. -1.
  1.  1.  1. -1. -1.  1. -1. -1.  1. -1.  1. -1.  1.  1. -1. -1. -1.  1.
 -1. -1.  1. -1. -1. -1.  1. -1. -1.  1. -1. -1.  1.  1.  1.  1. -1.  1.
  1.  1. -1.  1.  1. -1.  1.  1.  1. -1.  1.  1.]
The value found -9554.0
The Success probability is 0.85
The average value is -9553.72
The total execution time is 1825.8714761734009
The average time for execution is 18.25871253490448
The average time for all systems update is 0.05424849338474728
The average time for system tempering update is 0.008855401211314732
The average time for system population update is 919.3410625457764
The average time for replica update is 0.002995305206015627
The average time for spin update is 3.528183892568253e-05
The list of values found 

-9554.0
-9552.0
-9554.0
-9554.0
-9552.0
-9554.0
-9554.0
-9554.0
-9554.0
-9552.0
-9554.0
-9554.0
-9554.0
-9554.0
-9554.0
-9554.0
-9554.0
-9554.0
-9554.0
-9552.0
-9552.0
-9554.0
-9554.0
-9554.0
-9554.0
-9554.0
-9554.0
-9554.0
-9554.0
-9554.0
-9554.0
-9554.0
-9552.0
-9554.0
-9554.0
-9552.0
-9552.0
-9554.0
-9552.0
-9554.0
-9554.0
-9554.0
-9554.0
-9554.0
-9554.0
-9554.0
-9552.0
-9554.0
-9554.0
-9554.0
-9554.0
-9554.0
-9554.0
-9554.0
-9554.0
-9554.0
-9554.0
-9554.0
-9554.0
-9554.0
-9554.0
-9554.0
-9554.0
-9554.0
-9554.0
-9554.0
-9554.0
-9554.0
-9554.0
-9554.0
-9554.0
-9554.0
-9554.0
-9554.0
-9554.0
-9554.0
-9552.0
-9554.0
-9554.0
-9554.0
-9554.0
-9554.0
-9554.0
-9554.0
-9554.0
-9554.0
-9554.0
-9552.0
-9554.0
-9554.0
-9554.0
-9553.0
-9554.0
-9553.0
-9554.0
-9554.0
-9554.0
-9554.0
-9552.0
-9554.0



The list of values first execution 

-8798.944444444445
-8782.5
-8875.5
-8919.055555555555
-8919.166666666666
-8927.055555555555
-8903.888888888889
-8897.722222222223
-8921.111111111111
-8920.555555555555
-8919.888888888889
-8916.777777777777
-8961.555555555555
-8974.444444444445
-8998.666666666666
-9025.388888888889
-9009.277777777777
-8994.055555555555
-9036.055555555555
-9044.388888888889
-9016.333333333334
-9062.111111111111
-9079.611111111111
-9090.333333333334
-9071.611111111111
-9100.333333333334
-9107.833333333334
-9129.388888888889
-9126.388888888889
-9121.722222222223
-9153.0
-9142.722222222223
-9140.0
-9165.222222222223
-9204.0
-9194.222222222223
-9208.333333333334
-9226.222222222223
-9223.944444444445
-9227.222222222223
-9209.555555555555
-9224.777777777777
-9210.444444444445
-9223.611111111111
-9169.888888888889
-9185.777777777777
-9170.277777777777
-9199.166666666666
-9213.0
-9223.833333333334
-9257.944444444445
-9239.5
-9241.0
-9216.666666666666
-9214.0
-9205.888888888889
-9236.111111111111
-9236.944444444445
-9209.222222222223
-9225.777777777777
-9240.555555555555
-9212.555555555555
-9223.111111111111
-9255.277777777777
-9281.277777777777
-9267.722222222223
-9241.5
-9251.166666666666
-9247.333333333334
-9244.055555555555
-9254.388888888889
-9228.444444444445
-9228.333333333334
-9220.277777777777
-9242.444444444445
-9265.777777777777
-9272.444444444445
-9240.0
-9267.277777777777
-9276.333333333334
-9255.222222222223
-9262.888888888889
-9258.555555555555
-9229.777777777777
-9258.5
-9216.222222222223
-9245.333333333334
-9255.555555555555
-9255.388888888889
-9260.5
-9258.333333333334
-9296.388888888889
-9277.277777777777
-9287.333333333334
-9244.833333333334
-9243.833333333334
-9243.944444444445
-9215.833333333334
-9268.277777777777
-9241.166666666666
-9284.111111111111
-9289.444444444445
-9274.111111111111
-9273.666666666666
-9291.888888888889
-9265.333333333334
-9250.555555555555
-9249.888888888889
-9257.555555555555
-9261.111111111111
-9234.333333333334
-9236.055555555555
-9247.333333333334
-9274.166666666666
-9280.277777777777
-9238.611111111111
-9267.5
-9229.833333333334
-9251.277777777777
-9251.111111111111
-9263.833333333334
-9257.944444444445
-9198.111111111111
-9245.0
-9224.111111111111
-9254.111111111111
-9260.388888888889
-9255.444444444445
-9256.333333333334
-9242.777777777777
-9205.888888888889
-9267.166666666666
-9266.166666666666
-9237.333333333334
-9273.166666666666
-9270.277777777777
-9253.222222222223
-9247.277777777777
-9282.166666666666
-9271.5
-9253.277777777777
-9278.611111111111
-9242.944444444445
-9250.944444444445
-9250.666666666666
-9250.5
-9262.666666666666
-9242.5
-9260.611111111111
-9220.055555555555
-9233.388888888889
-9256.722222222223
-9271.888888888889
-9245.888888888889
-9251.611111111111
-9269.333333333334
-9278.0
-9260.888888888889
-9267.222222222223
-9269.111111111111
-9261.944444444445
-9263.777777777777
-9235.888888888889
-9233.888888888889
-9246.222222222223
-9257.777777777777
-9257.0
-9257.777777777777
-9272.555555555555
-9254.888888888889
-9268.0
-9294.777777777777
-9244.555555555555
-9240.111111111111
-9255.111111111111
-9249.166666666666
-9274.555555555555
-9293.277777777777
-9278.666666666666
-9274.777777777777
-9247.833333333334
-9266.944444444445
-9274.611111111111
-9263.5
-9270.166666666666
-9260.444444444445
-9259.5
-9271.0
-9271.944444444445
-9261.055555555555
-9250.0
-9272.111111111111
-9273.166666666666
-9273.388888888889
-9245.5
-9266.222222222223
-9256.222222222223
-9228.5
-9256.944444444445
-9260.388888888889
-9237.611111111111
-9276.0
-9253.777777777777
-9245.611111111111
-9259.5
-9279.722222222223
-9210.722222222223
-9256.666666666666
-9243.777777777777
-9236.944444444445
-9251.555555555555
-9247.055555555555
-9249.888888888889
-9260.388888888889
-9214.666666666666
-9256.722222222223
-9220.722222222223
-9200.666666666666
-9220.055555555555
-9251.833333333334
-9288.444444444445
-9236.388888888889
-9226.5
-9243.611111111111
-9250.277777777777
-9261.666666666666
-9227.277777777777
-9245.222222222223
-9209.611111111111
-9226.944444444445
-9224.944444444445
-9232.888888888889
-9256.388888888889
-9260.444444444445
-9266.333333333334
-9238.444444444445
-9270.666666666666
-9268.277777777777
-9246.666666666666
-9250.333333333334
-9238.833333333334
-9222.277777777777
-9220.833333333334
-9201.0
-9184.111111111111
-9212.444444444445
-9210.888888888889
-9220.777777777777
-9209.388888888889
-9252.0
-9255.777777777777
-9255.722222222223
-9256.833333333334
-9268.833333333334
-9267.833333333334
-9261.388888888889
-9222.0
-9213.277777777777
-9244.944444444445
-9260.0
-9215.944444444445
-9252.611111111111
-9245.5
-9229.388888888889
-9252.777777777777
-9266.0
-9236.166666666666
-9248.888888888889
-9278.277777777777
-9259.222222222223
-9253.666666666666
-9287.444444444445
-9314.722222222223
-9276.722222222223
-9263.833333333334
-9273.333333333334
-9217.388888888889
-9229.277777777777
-9246.444444444445
-9218.222222222223
-9230.833333333334
-9274.833333333334
-9244.944444444445
-9231.277777777777
-9258.388888888889
-9276.0
-9242.222222222223
-9251.444444444445
-9251.777777777777
-9279.944444444445
-9232.055555555555
-9202.388888888889
-9244.944444444445
-9217.5
-9245.333333333334
-9225.388888888889
-9256.611111111111
-9273.277777777777
-9271.333333333334
-9274.0
-9244.0
-9262.222222222223
-9223.722222222223
-9223.944444444445
-9236.444444444445
-9222.555555555555
-9215.055555555555
-9213.888888888889
-9219.0
-9214.277777777777
-9260.944444444445
-9228.666666666666
-9215.222222222223
-9261.555555555555
-9251.277777777777
-9239.833333333334
-9245.888888888889
-9219.277777777777
-9249.222222222223
-9206.388888888889
-9219.388888888889
-9221.722222222223
-9209.166666666666
-9169.0
-9235.277777777777
-9243.0
-9228.777777777777
-9222.222222222223
-9260.777777777777
-9231.333333333334
-9224.5
-9241.611111111111
-9234.111111111111
-9203.888888888889
-9233.055555555555
-9229.888888888889



The list of best values first execution 

-9301.0
-9398.0
-9461.0
-9487.0
-9552.0
-9554.0
-9553.0
-9554.0
-9553.0
-9554.0
-9554.0
-9553.0
-9554.0
-9552.0
-9553.0
-9554.0
-9553.0
-9554.0
-9552.0
-9554.0
-9554.0
-9553.0
-9554.0
-9554.0
-9552.0
-9553.0
-9552.0
-9554.0
-9554.0
-9553.0
-9554.0
-9552.0
-9554.0
-9554.0
-9554.0
-9554.0
-9553.0
-9552.0
-9553.0
-9554.0
-9552.0
-9554.0
-9554.0
-9554.0
-9554.0
-9553.0
-9554.0
-9552.0
-9550.0
-9554.0
-9554.0
-9554.0
-9552.0
-9553.0
-9554.0
-9552.0
-9553.0
-9554.0
-9553.0
-9554.0
-9554.0
-9552.0
-9553.0
-9554.0
-9552.0
-9552.0
-9554.0
-9554.0
-9554.0
-9552.0
-9553.0
-9554.0
-9554.0
-9552.0
-9553.0
-9554.0
-9552.0
-9553.0
-9552.0
-9554.0
-9553.0
-9554.0
-9552.0
-9554.0
-9552.0
-9554.0
-9552.0
-9553.0
-9554.0
-9552.0
-9554.0
-9554.0
-9554.0
-9553.0
-9554.0
-9552.0
-9554.0
-9553.0
-9554.0
-9554.0
-9552.0
-9554.0
-9552.0
-9553.0
-9554.0
-9552.0
-9553.0
-9554.0
-9554.0
-9553.0
-9554.0
-9554.0
-9552.0
-9553.0
-9552.0
-9554.0
-9553.0
-9554.0
-9552.0
-9553.0
-9554.0
-9552.0
-9554.0
-9552.0
-9554.0
-9552.0
-9554.0
-9554.0
-9552.0
-9553.0
-9554.0
-9554.0
-9552.0
-9554.0
-9552.0
-9553.0
-9554.0
-9554.0
-9554.0
-9554.0
-9554.0
-9552.0
-9554.0
-9553.0
-9552.0
-9554.0
-9553.0
-9554.0
-9554.0
-9553.0
-9554.0
-9552.0
-9554.0
-9554.0
-9553.0
-9552.0
-9554.0
-9552.0
-9554.0
-9554.0
-9552.0
-9554.0
-9554.0
-9553.0
-9554.0
-9554.0
-9552.0
-9554.0
-9554.0
-9553.0
-9554.0
-9553.0
-9554.0
-9554.0
-9554.0
-9553.0
-9554.0
-9553.0
-9552.0
-9554.0
-9553.0
-9554.0
-9553.0
-9554.0
-9554.0
-9554.0
-9550.0
-9552.0
-9554.0
-9553.0
-9554.0
-9552.0
-9554.0
-9552.0
-9554.0
-9552.0
-9553.0
-9554.0
-9552.0
-9554.0
-9552.0
-9553.0
-9554.0
-9553.0
-9554.0
-9553.0
-9552.0
-9554.0
-9553.0
-9552.0
-9554.0
-9553.0
-9552.0
-9554.0
-9552.0
-9554.0
-9554.0
-9554.0
-9554.0
-9552.0
-9552.0
-9552.0
-9552.0
-9552.0
-9552.0
-9552.0
-9553.0
-9554.0
-9553.0
-9552.0
-9554.0
-9553.0
-9552.0
-9552.0
-9553.0
-9554.0
-9553.0
-9554.0
-9554.0
-9553.0
-9552.0
-9554.0
-9554.0
-9553.0
-9554.0
-9553.0
-9554.0
-9553.0
-9554.0
-9554.0
-9554.0
-9552.0
-9554.0
-9554.0
-9553.0
-9554.0
-9553.0
-9554.0
-9553.0
-9554.0
-9552.0
-9553.0
-9552.0
-9554.0
-9554.0
-9552.0
-9554.0
-9552.0
-9553.0
-9552.0
-9554.0
-9552.0
-9554.0
-9553.0
-9554.0
-9554.0
-9552.0
-9553.0
-9552.0
-9554.0
-9552.0
-9553.0
-9554.0
-9553.0
-9552.0
-9554.0
-9553.0
-9554.0
-9554.0
-9552.0
-9554.0
-9552.0
-9554.0
-9554.0
-9553.0
-9554.0
-9554.0
-9554.0
-9552.0
-9553.0
-9554.0
-9554.0
-9553.0
-9554.0
-9552.0
-9554.0
-9552.0
-9553.0
-9554.0
-9553.0
-9554.0
-9553.0
-9554.0
-9553.0
-9554.0
-9553.0
-9554.0
-9554.0
-9553.0
-9554.0
-9552.0
-9554.0
-9554.0
-9553.0
-9554.0
-9553.0
-9552.0
-9554.0
-9553.0
-9554.0
-9553.0
-9554.0
-9552.0
-9553.0
-9554.0
-9554.0



The list of values average 

-8736.694444444443
-8806.537777777776
-8842.733888888886
-8864.323888888885
-8887.061666666665
-8900.116666666667
-8912.308333333332
-8927.38944444445
-8939.690555555555
-8947.589444444442
-8962.154999999999
-8973.666666666666
-8985.363333333335
-9000.03777777778
-9005.722222222223
-9017.633333333331
-9022.10222222222
-9036.535555555554
-9049.569999999998
-9058.673333333336
-9068.148888888893
-9073.557222222222
-9087.011666666669
-9097.629444444445
-9106.74222222222
-9116.885555555553
-9126.92611111111
-9133.713333333331
-9140.515555555556
-9146.542777777779
-9153.375555555554
-9158.635555555555
-9166.275555555558
-9172.710555555554
-9178.741111111116
-9182.772777777778
-9187.535555555556
-9192.402222222227
-9191.20611111111
-9200.069444444442
-9201.771111111111
-9205.019444444442
-9202.282777777775
-9208.814444444442
-9209.474444444444
-9207.832777777774
-9210.722777777784
-9212.581111111112
-9214.647222222222
-9220.937777777777
-9226.850555555555
-9222.049999999996
-9221.238333333331
-9224.604444444443
-9227.112222222224
-9224.218888888887
-9227.858888888888
-9228.858888888892
-9231.579999999998
-9227.949444444446
-9228.225
-9230.340000000004
-9230.991666666663
-9233.175555555554
-9233.882222222222
-9234.769999999997
-9235.567777777771
-9234.955555555554
-9236.105
-9239.044444444444
-9235.132222222222
-9237.88888888889
-9237.805555555558
-9240.642777777777
-9241.123888888887
-9240.148888888885
-9239.435555555554
-9241.950000000003
-9240.672777777774
-9243.551666666668
-9238.48611111111
-9239.944444444449
-9244.436111111116
-9242.796666666669
-9243.46333333333
-9244.175555555557
-9245.674444444441
-9242.619999999995
-9244.462777777775
-9244.58611111111
-9247.001666666669
-9246.022777777775
-9246.990555555552
-9245.626666666663
-9241.721111111116
-9244.169999999998
-9245.151666666668
-9245.066666666668
-9248.500000000004
-9245.33222222222
-9246.371111111113
-9246.201111111111
-9247.27333333333
-9248.055555555557
-9246.309444444443
-9247.159999999996
-9250.044444444447
-9250.29388888889
-9250.64722222222
-9245.27166666666
-9248.506111111112
-9251.63722222222
-9251.231111111108
-9247.697777777777
-9249.739444444442
-9250.16222222222
-9247.64611111111
-9248.244999999999
-9248.354444444443
-9250.314444444446
-9244.274444444442
-9248.557222222225
-9246.27333333333
-9245.306111111115
-9246.089444444448
-9245.501666666667
-9250.712222222226
-9251.95388888889
-9253.65611111111
-9250.72
-9251.399999999994
-9251.625555555556
-9251.404444444446
-9250.37888888889
-9250.028888888894
-9247.004444444443
-9242.328333333335
-9248.373333333331
-9245.830555555562
-9245.440555555555
-9249.770555555553
-9249.24444444444
-9245.958888888892
-9250.065555555551
-9249.216111111113
-9249.422777777774
-9248.281666666666
-9249.250555555549
-9249.222777777779
-9247.67388888889
-9245.273333333336
-9246.33777777778
-9246.245555555555
-9247.081111111109
-9246.958333333328
-9248.82722222222
-9250.369444444446
-9249.185000000003
-9249.32055555556
-9247.324444444439
-9248.25611111111
-9250.75888888889
-9248.327777777778
-9250.508888888888
-9249.168333333335
-9246.993333333332
-9250.32222222222
-9246.331666666665
-9252.285555555552
-9251.013333333329
-9251.386666666667
-9255.177222222224
-9251.388333333334
-9248.534444444445
-9250.667222222219
-9250.730555555552
-9250.438888888884
-9250.13722222222
-9248.833333333332
-9252.791666666668
-9249.591111111109
-9249.138333333334
-9252.193888888887
-9249.304999999998
-9246.507777777777
-9251.096111111112
-9249.379999999997
-9248.869999999999
-9246.765555555558
-9246.53611111111
-9249.18166666667
-9250.296666666667
-9252.413333333332
-9251.795555555555
-9252.335555555555
-9251.831111111112
-9253.23388888889
-9252.121111111112
-9251.215555555555
-9250.081666666665
-9255.436666666665
-9253.447222222223
-9250.730555555558
-9250.800000000001
-9249.935555555552
-9249.655555555559
-9251.521111111111
-9245.689999999999
-9248.46222222222
-9249.69388888889
-9248.882777777777
-9248.199444444448
-9248.608333333332
-9252.176666666672
-9252.320555555556
-9249.461111111108
-9248.687777777777
-9250.73388888889
-9250.79444444444
-9254.564444444444
-9249.73611111111
-9252.699999999995
-9249.030555555551
-9250.00888888889
-9254.320555555558
-9248.12722222222
-9249.15611111111
-9250.785000000005
-9252.373333333337
-9251.216666666669
-9251.210555555557
-9250.021666666671
-9250.396111111113
-9248.918888888888
-9252.007777777777
-9250.874444444447
-9251.282222222226
-9251.890000000003
-9254.275555555552
-9252.324444444446
-9248.150000000001
-9251.195555555556
-9253.73
-9249.02388888889
-9248.825000000006
-9250.628333333334
-9249.272777777778
-9249.16888888889
-9249.300555555556
-9249.987222222226
-9252.285555555554
-9250.311111111112
-9251.683333333334
-9247.33111111111
-9254.294999999996
-9249.356111111116
-9248.401666666667
-9250.698333333334
-9250.43055555556
-9253.650555555554
-9252.72833333333
-9251.916111111112
-9253.424444444447
-9252.18944444445
-9252.357222222217
-9251.691666666664
-9248.027777777776
-9248.89
-9249.36611111111
-9250.72055555556
-9247.578333333331
-9247.229444444445
-9249.024444444445
-9250.207222222225
-9248.43444444444
-9252.153888888892
-9249.120555555555
-9253.853333333336
-9253.018888888893
-9252.876666666669
-9250.660555555562
-9252.394999999995
-9252.455
-9253.699444444446
-9252.272222222224
-9250.391111111112
-9249.235000000002
-9247.451111111113
-9248.477222222218
-9250.952777777775
-9252.833333333336
-9247.303888888891
-9251.902777777777
-9249.841666666667
-9250.912777777776
-9253.93388888889
-9252.114444444442
-9253.511666666669
-9254.351111111111
-9252.538333333334
-9250.619444444445
-9254.309444444441
-9253.604444444445
-9250.319999999996
-9251.08166666667
-9248.141666666663
-9251.75944444444
-9249.80888888889
-9249.284444444442
-9246.438333333328
-9250.487222222222
-9250.187777777777
-9252.089444444442
-9250.53055555555
-9252.01388888889
-9253.692222222222
-9254.539999999999
-9254.836666666664
-9253.299444444441
-9253.146666666664
-9252.045555555556
-9251.253333333332
-9250.648333333336
-9249.24777777778
-9250.648888888883
-9250.877777777774
-9254.439444444442
-9254.593333333334
-9255.86888888889
-9250.956111111109
-9254.537222222221
-9253.926666666668
-9252.869999999999
-9251.002777777772
-9249.022222222222
-9251.586111111108



The list of best values average 

-9171.779999999997-9329.3-9395.719999999998-9438.729999999994-9461.960000000001-9476.36-9488.4-9492.430000000002-9499.899999999996-9505.76-9510.4-9511.749999999998-9515.159999999998-9517.650000000003-9518.409999999998-9519.910000000002-9521.200000000003-9523.200000000003-9523.720000000005-9524.710000000001-9524.330000000002-9525.620000000004-9526.420000000004-9526.570000000002-9526.28-9528.010000000002-9528.120000000003-9528.570000000002-9530.350000000004-9530.370000000003-9532.970000000005-9533.770000000004-9532.800000000005-9533.510000000006-9534.630000000006-9536.850000000006-9537.370000000006-9540.270000000004-9539.020000000002-9539.520000000004-9540.92000000001-9542.830000000004-9542.680000000004-9544.080000000007-9543.010000000006-9543.680000000004-9544.330000000007-9544.49-9545.720000000003-9545.330000000005-9545.100000000004-9546.870000000008-9547.620000000006-9547.250000000004-9547.070000000005-9548.040000000003-9547.690000000008-9548.700000000006-9548.070000000005-9548.730000000005-9548.060000000009-9548.830000000007-9549.630000000008-9549.570000000003-9549.370000000006-9549.210000000008-9550.29000000001-9550.410000000005-9551.190000000008-9551.570000000007-9551.520000000006-9551.460000000005-9551.490000000005-9551.450000000008-9551.560000000007-9551.580000000005-9551.640000000007-9552.010000000006-9551.990000000009-9551.920000000007-9552.250000000007-9551.940000000008-9552.430000000013-9552.59000000001-9552.190000000008-9552.440000000008-9552.330000000007-9552.310000000009-9552.48000000001-9552.050000000003-9552.280000000008-9552.50000000001-9552.28000000001-9552.62000000001-9552.47000000001-9552.730000000009-9552.730000000007-9552.670000000007-9552.620000000008-9552.760000000006-9552.590000000007-9552.590000000002-9552.310000000007-9552.590000000007-9552.600000000011-9552.710000000008-9552.800000000008-9552.76000000001-9552.92000000001-9552.730000000007-9552.670000000007-9552.710000000008-9552.71000000001-9552.900000000007-9552.93000000001-9552.93000000001-9553.080000000009-9552.960000000008-9552.700000000008-9552.630000000008-9552.71000000001-9552.94000000001-9552.75000000001-9553.040000000008-9553.000000000011-9552.980000000007-9553.080000000009-9553.00000000001-9552.980000000007-9553.04000000001-9552.960000000008-9553.170000000006-9553.000000000007-9553.120000000008-9553.00000000001-9553.130000000008-9552.990000000009-9553.140000000009-9553.18000000001-9553.22000000001-9553.19000000001-9553.240000000009-9553.240000000009-9553.300000000008-9553.28000000001-9553.04000000001-9553.190000000008-9553.190000000008-9553.150000000007-9553.19000000001-9553.25000000001-9553.200000000008-9553.28000000001-9553.270000000008-9553.130000000008-9553.080000000005-9553.300000000008-9553.38000000001-9553.22000000001-9553.310000000009-9553.27000000001-9553.27000000001-9553.31000000001-9553.280000000008-9553.35000000001-9553.230000000009-9553.230000000007-9553.180000000008-9553.240000000009-9553.26000000001-9553.400000000009-9553.350000000008-9553.31000000001-9553.25000000001-9553.320000000009-9553.38000000001-9553.400000000009-9553.38000000001-9553.320000000009-9553.350000000008-9553.300000000008-9553.240000000007-9553.290000000008-9553.330000000007-9553.260000000007-9553.260000000006-9553.28000000001-9553.250000000007-9553.27000000001-9553.300000000007-9553.210000000008-9553.280000000006-9553.31000000001-9553.32000000001-9553.320000000007-9553.300000000008-9553.400000000009-9553.30000000001-9553.390000000009-9553.410000000009-9553.270000000008-9553.420000000011-9553.340000000011-9553.44000000001-9553.430000000008-9553.27000000001-9553.26000000001-9553.39000000001-9553.34000000001-9553.280000000008-9553.31000000001-9553.44000000001-9553.34000000001-9553.470000000008-9553.390000000009-9553.42000000001-9553.420000000007-9553.36000000001-9553.410000000009-9553.380000000006-9553.38000000001-9553.330000000007-9553.37000000001-9553.35000000001-9553.380000000008-9553.34000000001-9553.390000000009-9553.380000000008-9553.34000000001-9553.350000000008-9553.42000000001-9553.34000000001-9553.360000000008-9553.350000000008-9553.360000000006-9553.370000000008-9553.370000000008-9553.400000000009-9553.400000000009-9553.400000000009-9553.450000000008-9553.400000000009-9553.410000000009-9553.450000000008-9553.43000000001-9553.360000000008-9553.380000000008-9553.450000000008-9553.450000000008-9553.400000000009-9553.470000000008-9553.400000000009-9553.46000000001-9553.370000000008-9553.390000000009-9553.300000000007-9553.320000000007-9553.470000000008-9553.330000000007-9553.390000000007-9553.420000000011-9553.390000000009-9553.340000000007-9553.400000000007-9553.35000000001-9553.350000000008-9553.370000000008-9553.380000000008-9553.42000000001-9553.320000000009-9553.360000000008-9553.390000000009-9553.390000000009-9553.410000000007-9553.39000000001-9553.490000000009-9553.42000000001-9553.46000000001-9553.45000000001-9553.49000000001-9553.470000000008-9553.390000000009-9553.35000000001-9553.460000000008-9553.380000000008-9553.400000000009-9553.410000000009-9553.480000000009-9553.46000000001-9553.480000000009-9553.460000000008-9553.400000000009-9553.480000000009-9553.44000000001-9553.410000000009-9553.410000000009-9553.380000000006-9553.400000000009-9553.390000000007-9553.360000000008-9553.430000000008-9553.360000000008-9553.380000000008-9553.370000000008-9553.460000000008-9553.410000000007-9553.410000000007-9553.430000000008-9553.420000000007-9553.380000000008-9553.480000000009-9553.380000000006-9553.360000000008-9553.44000000001-9553.450000000008-9553.410000000007-9553.440000000008-9553.400000000009-9553.460000000008-9553.450000000008-9553.400000000009-9553.450000000008-9553.390000000007-9553.460000000008-9553.43000000001-9553.480000000009-9553.480000000009-9553.460000000008-9553.500000000007-9553.460000000008-9553.430000000008-9553.42000000001-9553.410000000009-9553.42000000001-9553.460000000008-9553.470000000008