----------Report of simulation of Quantum Parallel Tempering - Population Annealing v2-----------
The number of considered Spin77
The considered Annealing Duration 308
The considered Annealing Number 100
The considered T 1.0
The considered Gamma0 1.0
The considered Number Of Replica 3
The considered Number Of System Tempering 3
The considered Number Of System Population 3
The solution found [-1. -1.  1.  1.  1.  1. -1.  1. -1.  1.  1. -1. -1.  1. -1.  1. -1. -1.
 -1. -1.  1.  1. -1.  1. -1.  1. -1. -1.  1. -1.  1.  1.  1.  1. -1. -1.
  1.  1.  1.  1. -1.  1. -1. -1. -1.  1. -1. -1. -1. -1.  1. -1. -1. -1.
 -1.  1.  1.  1. -1. -1.  1.  1.  1.  1. -1. -1.  1.  1. -1. -1.  1. -1.
 -1.  1.  1.  1.  1.]
The value found -8299.0
The Success probability is 0.91
The average value is -8298.37
The total execution time is 1371.4546320438385
The average time for execution is 13.714543557167053
The average time for all systems update is 0.04443683286765953
The average time for system tempering update is 0.007531477550923566
The average time for system population update is 661.8584561347961
The average time for replica update is 0.0024483570215677974
The average time for spin update is 3.143112561738517e-05
The list of values found 

-8299.0
-8299.0
-8299.0
-8299.0
-8299.0
-8299.0
-8299.0
-8299.0
-8299.0
-8299.0
-8299.0
-8299.0
-8299.0
-8299.0
-8299.0
-8299.0
-8299.0
-8299.0
-8299.0
-8299.0
-8292.0
-8299.0
-8299.0
-8292.0
-8299.0
-8299.0
-8299.0
-8299.0
-8299.0
-8299.0
-8299.0
-8299.0
-8299.0
-8299.0
-8299.0
-8299.0
-8292.0
-8299.0
-8299.0
-8299.0
-8299.0
-8299.0
-8299.0
-8299.0
-8299.0
-8299.0
-8299.0
-8299.0
-8299.0
-8299.0
-8292.0
-8299.0
-8299.0
-8299.0
-8299.0
-8299.0
-8299.0
-8299.0
-8299.0
-8299.0
-8292.0
-8299.0
-8299.0
-8299.0
-8299.0
-8299.0
-8299.0
-8299.0
-8299.0
-8299.0
-8299.0
-8299.0
-8299.0
-8292.0
-8299.0
-8299.0
-8299.0
-8299.0
-8299.0
-8299.0
-8299.0
-8299.0
-8299.0
-8292.0
-8299.0
-8299.0
-8299.0
-8299.0
-8299.0
-8299.0
-8299.0
-8299.0
-8299.0
-8299.0
-8299.0
-8292.0
-8292.0
-8299.0
-8299.0
-8299.0



The list of values first execution 

-7551.0
-7581.722222222223
-7648.388888888889
-7660.111111111111
-7655.888888888889
-7699.055555555556
-7729.888888888889
-7758.777777777777
-7726.333333333333
-7761.222222222223
-7739.0
-7766.222222222223
-7753.333333333333
-7835.055555555556
-7840.166666666667
-7818.388888888889
-7908.722222222223
-7885.0
-7902.888888888889
-7905.833333333333
-7898.555555555556
-7887.5
-7896.833333333333
-7911.666666666667
-7916.222222222223
-7952.111111111111
-7912.444444444444
-7917.777777777777
-7936.111111111111
-7958.888888888889
-7943.166666666667
-7955.055555555556
-7966.333333333333
-7937.0
-7935.666666666667
-7939.833333333333
-7948.277777777777
-7929.611111111111
-7968.777777777777
-7968.666666666667
-7993.055555555556
-7990.333333333333
-7971.722222222223
-7966.277777777777
-7952.722222222223
-7965.555555555556
-7974.555555555556
-7983.5
-7995.833333333333
-7973.777777777777
-7968.666666666667
-7962.888888888889
-7995.333333333333
-8009.222222222223
-8008.333333333333
-8015.277777777777
-8035.444444444444
-8039.833333333333
-8033.444444444444
-8018.833333333333
-8011.722222222223
-8014.277777777777
-8024.833333333333
-8007.611111111111
-8005.722222222223
-8008.333333333333
-7999.722222222223
-8001.722222222223
-8026.611111111111
-8019.222222222223
-7975.277777777777
-8021.611111111111
-8020.388888888889
-8021.388888888889
-8020.333333333333
-8012.722222222223
-8004.555555555556
-7995.777777777777
-8022.666666666667
-8020.666666666667
-8051.444444444444
-7990.722222222223
-8011.5
-8042.333333333333
-8005.444444444444
-8030.0
-8045.388888888889
-8037.888888888889
-8024.444444444444
-8035.111111111111
-8056.055555555556
-8031.222222222223
-8032.166666666667
-8034.055555555556
-8051.777777777777
-8048.5
-8047.333333333333
-8046.055555555556
-8009.444444444444
-8005.833333333333
-8019.833333333333
-8021.666666666667
-8021.0
-7994.222222222223
-8003.777777777777
-7996.833333333333
-8018.722222222223
-8032.388888888889
-8057.888888888889
-8022.722222222223
-8074.444444444444
-7995.944444444444
-8001.555555555556
-8022.333333333333
-8042.555555555556
-8044.277777777777
-7989.166666666667
-8027.666666666667
-8011.277777777777
-7982.666666666667
-7993.722222222223
-8044.277777777777
-8025.666666666667
-8025.5
-8017.277777777777
-8022.333333333333
-8051.888888888889
-7998.166666666667
-8048.722222222223
-8007.444444444444
-8031.722222222223
-8024.0
-8040.5
-8012.555555555556
-7977.111111111111
-8043.055555555556
-7997.888888888889
-8034.333333333333
-8035.277777777777
-8077.722222222223
-8053.888888888889
-8053.888888888889
-8030.888888888889
-8038.777777777777
-7990.722222222223
-8004.444444444444
-8017.055555555556
-7992.833333333333
-8044.5
-8020.0
-8032.555555555556
-8064.388888888889
-8024.333333333333
-7964.888888888889
-8007.0
-8030.777777777777
-7989.333333333333
-8036.111111111111
-7975.333333333333
-8011.388888888889
-8020.888888888889
-7996.111111111111
-8033.222222222223
-8046.055555555556
-8054.388888888889
-8067.0
-8056.333333333333
-7995.777777777777
-8044.666666666667
-8051.388888888889
-8041.5
-8039.333333333333
-8064.777777777777
-8018.277777777777
-8021.833333333333
-8029.888888888889
-8006.611111111111
-8040.111111111111
-8046.666666666667
-8021.666666666667
-8013.222222222223
-8025.666666666667
-8050.333333333333
-8055.111111111111
-8040.111111111111
-8034.666666666667
-8052.833333333333
-7993.111111111111
-8020.0
-8058.055555555556
-8002.611111111111
-8015.055555555556
-8036.444444444444
-7984.222222222223
-8005.222222222223
-8009.055555555556
-8047.166666666667
-8006.777777777777
-8023.777777777777
-8013.777777777777
-8005.111111111111
-8005.277777777777
-8023.222222222223
-8014.611111111111
-8036.555555555556
-7997.222222222223
-7971.388888888889
-8051.833333333333
-8018.666666666667
-8008.944444444444
-8008.611111111111
-8019.555555555556
-8001.277777777777
-7987.722222222223
-8020.055555555556
-7944.666666666667
-8006.611111111111
-8039.222222222223
-8023.777777777777
-8012.0
-7991.722222222223
-8045.444444444444
-8012.666666666667
-8051.611111111111
-8011.611111111111
-8033.166666666667
-8030.888888888889
-8026.166666666667
-8034.833333333333
-8046.611111111111
-8020.555555555556
-8026.388888888889
-8054.611111111111
-8047.333333333333
-8051.277777777777
-8008.611111111111
-8038.833333333333
-8045.111111111111
-8031.777777777777
-8032.944444444444
-8020.611111111111
-8012.222222222223
-8028.611111111111
-7972.888888888889
-8025.277777777777
-8039.944444444444
-8028.166666666667
-8006.166666666667
-7989.388888888889
-8005.611111111111
-8027.222222222223
-7975.5
-8014.611111111111
-8001.555555555556
-8045.388888888889
-8030.666666666667
-8023.444444444444
-8025.833333333333
-8029.111111111111
-8015.722222222223
-8027.722222222223
-8043.5
-8027.444444444444
-8030.333333333333
-7982.166666666667
-8047.0
-8014.833333333333
-8040.0
-8033.388888888889
-8009.166666666667
-8042.166666666667
-8041.277777777777
-8056.777777777777
-8026.111111111111
-8010.166666666667
-8031.666666666667
-8050.722222222223
-8036.333333333333
-8026.166666666667
-8003.444444444444
-8002.777777777777
-8033.666666666667
-8041.055555555556
-8023.666666666667
-8028.444444444444
-8044.722222222223
-8027.388888888889
-8028.277777777777
-8055.888888888889
-8009.0
-8031.722222222223
-8054.5
-8013.277777777777
-8024.888888888889
-8054.333333333333
-8049.333333333333
-8071.166666666667
-8049.166666666667
-8057.055555555556
-8030.833333333333
-8039.166666666667
-8020.333333333333
-8044.166666666667
-8002.888888888889
-8045.166666666667
-8038.0
-8045.611111111111
-8052.555555555556



The list of best values first execution 

-7857.0
-8042.0
-8181.0
-8194.0
-8184.0
-8207.0
-8207.0
-8219.0
-8228.0
-8231.0
-8241.0
-8241.0
-8241.0
-8241.0
-8241.0
-8241.0
-8241.0
-8241.0
-8241.0
-8241.0
-8241.0
-8241.0
-8241.0
-8241.0
-8241.0
-8241.0
-8241.0
-8241.0
-8241.0
-8241.0
-8241.0
-8241.0
-8241.0
-8241.0
-8241.0
-8255.0
-8241.0
-8241.0
-8241.0
-8241.0
-8241.0
-8241.0
-8241.0
-8241.0
-8253.0
-8254.0
-8268.0
-8283.0
-8283.0
-8274.0
-8249.0
-8253.0
-8299.0
-8261.0
-8299.0
-8299.0
-8299.0
-8299.0
-8299.0
-8299.0
-8299.0
-8299.0
-8299.0
-8299.0
-8299.0
-8299.0
-8299.0
-8299.0
-8299.0
-8299.0
-8299.0
-8299.0
-8299.0
-8299.0
-8299.0
-8299.0
-8299.0
-8290.0
-8288.0
-8299.0
-8299.0
-8299.0
-8299.0
-8299.0
-8299.0
-8299.0
-8299.0
-8299.0
-8299.0
-8299.0
-8299.0
-8299.0
-8299.0
-8299.0
-8299.0
-8299.0
-8299.0
-8299.0
-8299.0
-8299.0
-8299.0
-8299.0
-8299.0
-8299.0
-8299.0
-8299.0
-8299.0
-8299.0
-8299.0
-8299.0
-8299.0
-8299.0
-8299.0
-8299.0
-8299.0
-8299.0
-8299.0
-8299.0
-8299.0
-8299.0
-8299.0
-8299.0
-8299.0
-8299.0
-8299.0
-8299.0
-8299.0
-8299.0
-8299.0
-8299.0
-8299.0
-8299.0
-8299.0
-8299.0
-8299.0
-8299.0
-8299.0
-8299.0
-8299.0
-8299.0
-8299.0
-8299.0
-8299.0
-8299.0
-8299.0
-8299.0
-8299.0
-8299.0
-8299.0
-8299.0
-8299.0
-8299.0
-8299.0
-8299.0
-8299.0
-8299.0
-8299.0
-8299.0
-8299.0
-8299.0
-8299.0
-8299.0
-8299.0
-8299.0
-8299.0
-8299.0
-8299.0
-8299.0
-8299.0
-8299.0
-8299.0
-8299.0
-8299.0
-8299.0
-8299.0
-8299.0
-8299.0
-8299.0
-8299.0
-8299.0
-8299.0
-8299.0
-8299.0
-8299.0
-8299.0
-8299.0
-8299.0
-8299.0
-8299.0
-8299.0
-8299.0
-8299.0
-8299.0
-8299.0
-8299.0
-8299.0
-8299.0
-8299.0
-8299.0
-8299.0
-8299.0
-8299.0
-8299.0
-8299.0
-8299.0
-8299.0
-8299.0
-8299.0
-8299.0
-8299.0
-8299.0
-8299.0
-8299.0
-8299.0
-8299.0
-8299.0
-8299.0
-8299.0
-8299.0
-8299.0
-8299.0
-8299.0
-8299.0
-8299.0
-8299.0
-8299.0
-8299.0
-8299.0
-8299.0
-8299.0
-8299.0
-8299.0
-8299.0
-8299.0
-8299.0
-8299.0
-8299.0
-8299.0
-8299.0
-8299.0
-8299.0
-8299.0
-8299.0
-8299.0
-8299.0
-8299.0
-8299.0
-8299.0
-8299.0
-8299.0
-8299.0
-8299.0
-8299.0
-8299.0
-8299.0
-8299.0
-8299.0
-8299.0
-8299.0
-8299.0
-8299.0
-8299.0
-8299.0
-8299.0
-8299.0
-8299.0
-8299.0
-8299.0
-8299.0
-8299.0
-8299.0
-8299.0
-8299.0
-8299.0
-8299.0
-8299.0
-8299.0
-8299.0
-8299.0
-8299.0
-8299.0
-8299.0
-8299.0
-8299.0
-8299.0
-8299.0
-8299.0
-8299.0
-8299.0
-8299.0
-8299.0
-8299.0
-8299.0
-8299.0
-8299.0
-8299.0
-8299.0
-8299.0
-8299.0
-8299.0
-8299.0
-8299.0
-8299.0
-8299.0
-8299.0
-8299.0
-8299.0
-8299.0



The list of values average 

-7563.7988888888885
-7625.698333333333
-7660.72222222222
-7677.479999999998
-7697.62166666667
-7712.883888888886
-7728.845000000002
-7740.487222222222
-7751.975555555555
-7764.696666666668
-7772.546666666663
-7787.960555555557
-7796.5999999999985
-7809.492777777778
-7814.482777777778
-7828.69277777778
-7842.96777777778
-7853.461666666665
-7862.045555555553
-7871.400555555556
-7882.414444444445
-7893.435
-7903.989999999996
-7909.181111111114
-7915.716111111114
-7921.813888888886
-7928.536111111112
-7937.972777777773
-7943.075555555555
-7948.4044444444435
-7953.829444444446
-7956.756666666666
-7961.720555555556
-7968.423333333333
-7972.849444444443
-7975.32722222222
-7975.53722222222
-7978.843333333337
-7982.6927777777755
-7987.448333333332
-7990.646666666663
-7989.267222222224
-7992.26888888889
-7996.25388888889
-7998.99722222222
-8001.178333333331
-8005.7522222222215
-8002.728333333334
-8004.41277777778
-8006.139444444444
-8005.8022222222235
-8007.393888888885
-8009.685555555558
-8011.83166666667
-8010.005
-8011.354444444445
-8010.522222222223
-8018.336111111113
-8017.76722222222
-8018.1383333333315
-8019.2233333333315
-8021.618333333333
-8017.7727777777745
-8016.558888888886
-8018.920000000002
-8019.49
-8019.7105555555545
-8018.26277777778
-8021.082222222222
-8024.7616666666645
-8024.298888888886
-8023.503333333333
-8023.369444444443
-8028.608888888886
-8023.886111111112
-8024.7716666666665
-8023.927777777781
-8022.328333333335
-8025.32722222222
-8023.610000000001
-8024.904999999998
-8023.691666666666
-8027.384999999998
-8025.201666666664
-8025.913333333332
-8026.394444444445
-8030.367777777782
-8024.340555555557
-8027.355555555557
-8029.923333333336
-8028.043333333331
-8027.358333333334
-8030.561666666665
-8026.55833333333
-8029.695555555553
-8029.856666666667
-8028.628333333332
-8029.267222222222
-8028.790555555555
-8028.151666666664
-8029.222777777778
-8028.474444444442
-8027.033333333335
-8028.352777777778
-8025.636111111109
-8028.11388888889
-8027.552222222221
-8028.397777777781
-8028.100555555557
-8028.760000000002
-8025.081111111109
-8027.523333333333
-8025.306666666673
-8030.421666666669
-8026.662777777779
-8027.30277777778
-8026.120000000001
-8024.753333333335
-8028.411111111107
-8027.976111111111
-8028.866111111112
-8028.257777777775
-8030.162777777778
-8029.957222222219
-8030.792777777772
-8031.756111111114
-8031.038333333334
-8031.930000000001
-8028.234444444439
-8028.943888888891
-8025.721666666667
-8032.539444444445
-8030.145
-8029.968333333333
-8028.399444444447
-8031.245555555553
-8031.92722222222
-8029.347777777779
-8033.469444444445
-8033.115
-8028.541666666662
-8028.753888888888
-8028.142222222225
-8027.882222222219
-8027.712777777777
-8028.625000000003
-8026.065000000001
-8030.01611111111
-8028.117222222222
-8027.757222222222
-8027.362777777777
-8027.544999999998
-8028.20888888889
-8029.156666666667
-8029.125000000001
-8029.794999999999
-8032.043333333332
-8028.959444444447
-8027.8644444444435
-8027.839999999997
-8029.498888888886
-8031.250000000002
-8029.563333333335
-8032.744999999997
-8030.988333333332
-8031.4161111111125
-8032.9883333333355
-8029.77111111111
-8030.553333333332
-8029.91611111111
-8032.076666666665
-8027.507777777781
-8030.388333333332
-8029.954444444445
-8031.506666666664
-8032.7316666666675
-8031.117777777778
-8029.14722222222
-8029.626666666667
-8032.990555555554
-8029.324444444444
-8029.757777777775
-8031.573333333335
-8034.9066666666695
-8031.840555555556
-8026.857777777778
-8032.933888888888
-8030.581111111111
-8030.216666666665
-8031.453888888889
-8031.741111111112
-8030.527777777774
-8035.9577777777795
-8031.214444444447
-8032.542222222223
-8034.77722222222
-8031.341666666667
-8034.193888888886
-8030.815000000001
-8030.882222222224
-8030.0422222222205
-8031.0516666666645
-8029.616666666666
-8031.101111111112
-8030.00277777778
-8034.5377777777785
-8029.969444444448
-8026.526666666666
-8028.4255555555565
-8031.0427777777795
-8032.179444444443
-8031.056111111108
-8030.55
-8030.570555555557
-8028.245000000003
-8030.2077777777795
-8029.880000000001
-8029.546666666663
-8030.005555555559
-8030.402222222223
-8028.975555555552
-8030.493888888887
-8031.977777777783
-8028.419999999999
-8032.431111111111
-8032.08777777778
-8031.770555555552
-8027.498888888891
-8032.058333333335
-8030.353888888889
-8029.738888888893
-8033.673888888889
-8031.039444444443
-8031.16111111111
-8031.50111111111
-8034.47611111111
-8031.550555555553
-8029.008333333335
-8029.111666666665
-8027.998333333333
-8031.364444444446
-8028.8166666666675
-8029.877222222224
-8028.690000000002
-8029.217777777777
-8028.986666666666
-8030.538333333332
-8029.219444444448
-8033.246666666666
-8033.4488888888845
-8027.810555555554
-8030.232222222225
-8030.37611111111
-8030.846111111113
-8034.448333333328
-8030.683333333334
-8035.444444444444
-8030.221111111108
-8030.760555555555
-8029.625000000002
-8029.9005555555605
-8032.447777777777
-8028.731666666666
-8026.906666666669
-8029.097777777778
-8028.286111111106
-8032.947222222224
-8033.61222222222
-8030.467222222224
-8032.150555555557
-8031.552222222223
-8032.248333333331
-8033.655555555555
-8033.200555555556
-8031.984444444449
-8031.465555555554
-8032.381111111114
-8029.858888888888
-8032.176666666665
-8032.297222222221
-8030.027222222221
-8030.19888888889
-8032.905555555559
-8033.141111111109
-8035.69388888889
-8035.380555555555
-8033.180000000001
-8029.721111111111
-8035.829444444448
-8031.642222222219
-8032.134999999998
-8030.775555555556
-8029.272777777776
-8031.6600000000035
-8029.958333333333
-8033.408888888888
-8034.344999999998
-8028.884444444444
-8029.448333333334
-8029.80777777778
-8030.705555555555
-8031.058333333334
-8033.07222222222
-8032.268888888887
-8030.592777777778
-8029.494999999999
-8033.2155555555555
-8032.388333333334



The list of best values average 

-7969.07
-8111.579999999999
-8172.3899999999985
-8208.829999999998
-8229.609999999997
-8241.039999999999
-8251.249999999996
-8255.149999999998
-8258.929999999997
-8260.079999999996
-8266.849999999995
-8266.989999999996
-8269.439999999997
-8270.399999999994
-8271.149999999996
-8270.719999999994
-8272.459999999995
-8273.679999999995
-8273.669999999996
-8274.809999999996
-8275.919999999995
-8277.369999999994
-8277.349999999993
-8277.759999999995
-8278.629999999996
-8278.419999999996
-8279.449999999997
-8280.109999999993
-8280.259999999995
-8280.439999999993
-8281.139999999994
-8280.129999999996
-8281.549999999994
-8281.599999999995
-8282.519999999995
-8282.939999999997
-8281.449999999995
-8283.649999999994
-8283.329999999994
-8285.119999999992
-8285.739999999994
-8286.829999999994
-8285.63999999999
-8285.689999999995
-8288.099999999993
-8288.209999999994
-8290.159999999993
-8290.289999999992
-8290.51999999999
-8290.529999999992
-8290.54999999999
-8290.859999999991
-8292.889999999992
-8292.34999999999
-8293.27999999999
-8293.169999999991
-8294.41999999999
-8294.829999999989
-8293.56999999999
-8294.319999999989
-8294.28999999999
-8295.05999999999
-8295.899999999989
-8295.38999999999
-8295.11999999999
-8295.909999999987
-8295.829999999989
-8296.319999999989
-8296.049999999988
-8296.389999999989
-8296.05999999999
-8296.469999999988
-8296.469999999988
-8296.509999999987
-8296.639999999989
-8296.789999999988
-8296.859999999988
-8296.569999999989
-8296.849999999988
-8297.149999999989
-8297.229999999989
-8297.399999999989
-8297.27999999999
-8297.549999999987
-8297.779999999988
-8297.569999999987
-8297.429999999988
-8297.549999999987
-8297.599999999986
-8297.509999999987
-8297.679999999988
-8297.589999999987
-8297.439999999988
-8297.609999999988
-8297.459999999986
-8297.309999999987
-8297.649999999987
-8297.389999999989
-8297.379999999988
-8297.569999999987
-8297.379999999988
-8297.889999999987
-8297.669999999987
-8297.599999999988
-8297.619999999988
-8297.849999999988
-8297.939999999988
-8297.879999999988
-8297.929999999988
-8297.729999999987
-8297.849999999988
-8297.929999999988
-8297.979999999987
-8297.849999999988
-8297.679999999988
-8297.659999999987
-8297.679999999988
-8297.829999999987
-8297.929999999988
-8297.899999999987
-8297.699999999986
-8297.859999999988
-8297.849999999988
-8297.819999999987
-8297.859999999988
-8297.819999999987
-8297.899999999987
-8297.749999999987
-8297.849999999988
-8298.009999999987
-8297.999999999987
-8297.989999999987
-8297.969999999987
-8297.829999999987
-8297.949999999988
-8297.969999999987
-8297.989999999987
-8297.919999999987
-8297.929999999988
-8297.939999999988
-8297.919999999987
-8298.009999999987
-8297.979999999987
-8297.829999999987
-8297.929999999988
-8297.979999999987
-8297.709999999988
-8297.859999999988
-8297.849999999988
-8297.919999999987
-8298.019999999988
-8297.939999999988
-8297.989999999987
-8298.009999999987
-8297.979999999987
-8297.889999999987
-8297.919999999987
-8297.779999999988
-8297.739999999987
-8297.989999999987
-8297.989999999987
-8297.969999999987
-8297.999999999987
-8297.869999999988
-8297.859999999988
-8297.919999999987
-8298.019999999988
-8298.019999999988
-8298.019999999988
-8297.989999999987
-8297.999999999987
-8297.829999999987
-8297.939999999988
-8297.939999999988
-8298.009999999987
-8298.019999999988
-8297.819999999987
-8297.989999999987
-8297.989999999987
-8297.989999999987
-8297.909999999987
-8297.999999999987
-8298.009999999987
-8297.989999999987
-8297.999999999987
-8297.919999999987
-8297.989999999987
-8297.919999999987
-8297.929999999988
-8297.829999999987
-8298.009999999987
-8298.019999999988
-8298.019999999988
-8298.009999999987
-8297.929999999988
-8297.809999999987
-8297.999999999987
-8298.009999999987
-8298.009999999987
-8297.999999999987
-8297.989999999987
-8297.989999999987
-8298.009999999987
-8298.009999999987
-8298.009999999987
-8298.009999999987
-8297.999999999987
-8298.009999999987
-8297.999999999987
-8297.899999999987
-8297.849999999988
-8297.989999999987
-8297.999999999987
-8297.989999999987
-8297.989999999987
-8297.999999999987
-8298.009999999987
-8297.919999999987
-8297.979999999987
-8297.999999999987
-8298.019999999988
-8297.999999999987
-8298.009999999987
-8297.999999999987
-8297.809999999989
-8297.999999999987
-8297.909999999987
-8297.899999999989
-8297.989999999987
-8298.009999999987
-8298.009999999987
-8298.009999999987
-8297.979999999987
-8297.989999999987
-8298.019999999988
-8297.999999999987
-8297.979999999987
-8297.979999999987
-8297.899999999987
-8297.949999999988
-8298.009999999987
-8297.989999999987
-8297.929999999988
-8297.839999999987
-8298.019999999988
-8297.989999999987
-8297.999999999987
-8297.999999999987
-8298.019999999988
-8298.019999999988
-8298.009999999987
-8298.019999999988
-8297.999999999987
-8297.859999999988
-8297.929999999988
-8297.999999999987
-8297.989999999987
-8297.939999999988
-8297.999999999987
-8298.009999999987
-8297.999999999987
-8298.019999999988
-8298.009999999987
-8298.019999999988
-8298.009999999987
-8298.009999999987
-8297.949999999988
-8298.009999999987
-8297.999999999987
-8298.019999999988
-8297.999999999987
-8298.009999999987
-8298.019999999988
-8298.019999999988
-8297.999999999987
-8298.009999999987
-8298.019999999988
-8298.009999999987
-8297.999999999987
-8297.999999999987
-8297.929999999988
-8297.839999999987
-8298.009999999987
-8298.009999999987
-8297.929999999988
-8298.009999999987
-8298.009999999987
-8298.019999999988
-8297.999999999987
-8297.999999999987
-8297.919999999987
-8297.939999999988
-8297.839999999987
-8297.869999999988
-8297.969999999987
-8298.009999999987
-8298.009999999987
-8297.929999999988
-8297.809999999987
-8297.819999999987
-8298.009999999987
-8297.999999999987
-8297.989999999987
-8297.909999999987
-8297.949999999988
-8297.999999999987
-8298.019999999988
-8298.019999999988
