----------Report of simulation of Quantum Parallel Tempering - Population Annealing v2-----------
The number of considered Spin116
The considered Annealing Duration 464
The considered Annealing Number 100
The considered T 1.0
The considered Gamma0 1.0
The considered Number Of Replica 3
The considered Number Of System Tempering 3
The considered Number Of System Population 3
The solution found [-1. -1.  1. -1.  1.  1.  1.  1. -1.  1. -1. -1. -1. -1. -1. -1.  1. -1.
 -1.  1.  1.  1. -1. -1. -1. -1.  1. -1.  1.  1. -1. -1.  1. -1. -1.  1.
  1.  1. -1. -1. -1. -1.  1.  1. -1.  1.  1.  1. -1.  1.  1. -1.  1. -1.
  1.  1.  1. -1. -1.  1.  1.  1. -1.  1.  1. -1. -1.  1.  1.  1. -1.  1.
  1. -1.  1.  1. -1.  1.  1. -1.  1.  1.  1. -1.  1. -1.  1. -1. -1.  1.
 -1.  1.  1. -1.  1. -1. -1. -1. -1. -1.  1. -1. -1. -1.  1.  1.  1. -1.
 -1.  1.  1. -1. -1.  1. -1.  1.]
The value found -18301.0
The Success probability is 0.36
The average value is -18294.57
The total execution time is 3684.0489683151245
The average time for execution is 36.84048691511154
The average time for all systems update is 0.07920226443430473
The average time for system tempering update is 0.013416060640894133
The average time for system population update is 1793.1381299495697
The average time for replica update is 0.004382365429024587
The average time for spin update is 3.747725706217248e-05
The list of values found 

-18301.0
-18301.0
-18297.0
-18297.0
-18301.0
-18297.0
-18285.0
-18301.0
-18275.0
-18292.0
-18301.0
-18297.0
-18267.0
-18297.0
-18297.0
-18297.0
-18301.0
-18297.0
-18297.0
-18280.0
-18297.0
-18301.0
-18297.0
-18297.0
-18301.0
-18297.0
-18301.0
-18301.0
-18301.0
-18301.0
-18286.0
-18301.0
-18297.0
-18294.0
-18301.0
-18297.0
-18301.0
-18286.0
-18301.0
-18275.0
-18293.0
-18271.0
-18297.0
-18275.0
-18297.0
-18301.0
-18265.0
-18297.0
-18295.0
-18301.0
-18301.0
-18297.0
-18297.0
-18275.0
-18301.0
-18301.0
-18297.0
-18301.0
-18297.0
-18297.0
-18297.0
-18301.0
-18286.0
-18301.0
-18286.0
-18297.0
-18297.0
-18301.0
-18301.0
-18297.0
-18301.0
-18301.0
-18297.0
-18297.0
-18295.0
-18285.0
-18280.0
-18297.0
-18286.0
-18301.0
-18297.0
-18301.0
-18294.0
-18301.0
-18301.0
-18284.0
-18297.0
-18301.0
-18297.0
-18297.0
-18285.0
-18301.0
-18275.0
-18294.0
-18297.0
-18301.0
-18301.0
-18297.0
-18268.0
-18297.0



The list of values first execution 

-16964.333333333332
-17127.055555555555
-17163.38888888889
-17153.88888888889
-17190.61111111111
-17189.88888888889
-17196.555555555555
-17202.61111111111
-17332.444444444445
-17324.11111111111
-17369.277777777777
-17378.055555555555
-17328.333333333332
-17370.055555555555
-17397.944444444445
-17458.944444444445
-17483.666666666668
-17503.722222222223
-17409.666666666668
-17498.666666666668
-17443.055555555555
-17519.11111111111
-17515.944444444445
-17511.277777777777
-17529.055555555555
-17497.333333333332
-17600.722222222223
-17534.555555555555
-17651.222222222223
-17614.166666666668
-17649.666666666668
-17689.333333333332
-17629.055555555555
-17674.222222222223
-17592.11111111111
-17625.444444444445
-17717.38888888889
-17681.777777777777
-17624.0
-17650.166666666668
-17654.444444444445
-17681.222222222223
-17729.833333333332
-17736.11111111111
-17710.777777777777
-17768.5
-17725.944444444445
-17778.0
-17707.944444444445
-17724.055555555555
-17753.166666666668
-17717.166666666668
-17753.055555555555
-17733.944444444445
-17771.555555555555
-17757.88888888889
-17720.666666666668
-17774.444444444445
-17668.277777777777
-17727.277777777777
-17729.38888888889
-17696.5
-17691.555555555555
-17682.333333333332
-17705.61111111111
-17693.5
-17741.777777777777
-17735.333333333332
-17781.222222222223
-17715.833333333332
-17700.88888888889
-17767.333333333332
-17712.666666666668
-17787.0
-17753.055555555555
-17775.444444444445
-17759.555555555555
-17753.61111111111
-17759.5
-17770.722222222223
-17704.722222222223
-17638.555555555555
-17780.722222222223
-17742.555555555555
-17727.444444444445
-17737.61111111111
-17791.61111111111
-17769.944444444445
-17709.61111111111
-17747.444444444445
-17828.5
-17714.833333333332
-17815.333333333332
-17812.38888888889
-17763.055555555555
-17806.833333333332
-17772.833333333332
-17794.666666666668
-17793.88888888889
-17779.11111111111
-17785.38888888889
-17705.833333333332
-17807.38888888889
-17791.777777777777
-17796.38888888889
-17757.166666666668
-17798.38888888889
-17785.722222222223
-17750.833333333332
-17792.777777777777
-17771.944444444445
-17791.722222222223
-17749.833333333332
-17742.555555555555
-17776.5
-17765.166666666668
-17730.166666666668
-17797.055555555555
-17806.666666666668
-17793.277777777777
-17808.11111111111
-17815.38888888889
-17824.666666666668
-17816.222222222223
-17827.38888888889
-17847.88888888889
-17787.166666666668
-17810.5
-17801.166666666668
-17843.5
-17764.555555555555
-17768.61111111111
-17755.055555555555
-17800.38888888889
-17781.88888888889
-17807.666666666668
-17799.666666666668
-17792.333333333332
-17771.833333333332
-17781.88888888889
-17783.277777777777
-17839.277777777777
-17764.11111111111
-17686.222222222223
-17692.88888888889
-17830.5
-17732.944444444445
-17804.555555555555
-17799.444444444445
-17727.833333333332
-17801.88888888889
-17766.055555555555
-17753.277777777777
-17816.944444444445
-17710.444444444445
-17748.0
-17746.666666666668
-17762.333333333332
-17699.666666666668
-17750.88888888889
-17778.333333333332
-17734.777777777777
-17698.333333333332
-17818.777777777777
-17801.944444444445
-17801.333333333332
-17771.11111111111
-17795.666666666668
-17782.38888888889
-17766.5
-17854.277777777777
-17819.5
-17771.055555555555
-17756.5
-17750.444444444445
-17771.5
-17669.277777777777
-17777.277777777777
-17804.5
-17805.5
-17774.61111111111
-17799.166666666668
-17757.11111111111
-17707.277777777777
-17785.944444444445
-17825.61111111111
-17752.166666666668
-17771.444444444445
-17760.666666666668
-17752.222222222223
-17731.777777777777
-17785.5
-17821.166666666668
-17753.11111111111
-17676.666666666668
-17804.055555555555
-17751.333333333332
-17817.555555555555
-17820.5
-17736.277777777777
-17803.722222222223
-17785.833333333332
-17777.166666666668
-17799.555555555555
-17786.333333333332
-17810.61111111111
-17861.11111111111
-17813.38888888889
-17800.88888888889
-17817.444444444445
-17743.666666666668
-17836.5
-17774.777777777777
-17781.555555555555
-17728.222222222223
-17794.88888888889
-17734.38888888889
-17723.555555555555
-17782.833333333332
-17757.88888888889
-17804.11111111111
-17814.277777777777
-17800.222222222223
-17779.333333333332
-17758.277777777777
-17770.666666666668
-17723.944444444445
-17805.666666666668
-17799.777777777777
-17870.722222222223
-17802.0
-17764.777777777777
-17752.61111111111
-17768.944444444445
-17713.277777777777
-17778.11111111111
-17799.11111111111
-17708.277777777777
-17720.555555555555
-17755.777777777777
-17786.88888888889
-17743.277777777777
-17742.722222222223
-17776.777777777777
-17715.277777777777
-17795.777777777777
-17767.38888888889
-17783.11111111111
-17756.61111111111
-17767.555555555555
-17762.277777777777
-17724.88888888889
-17765.88888888889
-17780.944444444445
-17830.055555555555
-17769.555555555555
-17803.61111111111
-17775.833333333332
-17743.944444444445
-17757.88888888889
-17803.722222222223
-17812.333333333332
-17796.333333333332
-17821.722222222223
-17821.11111111111
-17822.777777777777
-17815.722222222223
-17775.5
-17761.444444444445
-17741.88888888889
-17758.222222222223
-17768.11111111111
-17815.833333333332
-17748.833333333332
-17751.166666666668
-17733.777777777777
-17730.38888888889
-17709.11111111111
-17798.944444444445
-17762.944444444445
-17776.833333333332
-17828.333333333332
-17771.222222222223
-17821.88888888889
-17751.055555555555
-17807.11111111111
-17781.61111111111
-17717.5
-17771.11111111111
-17784.555555555555
-17772.333333333332
-17766.0
-17777.5
-17777.88888888889
-17780.555555555555
-17786.61111111111
-17795.222222222223
-17786.88888888889
-17752.777777777777
-17770.777777777777
-17743.61111111111
-17726.055555555555
-17772.333333333332
-17807.166666666668
-17799.555555555555
-17834.333333333332
-17825.333333333332
-17805.222222222223
-17772.0
-17748.833333333332
-17760.88888888889
-17757.333333333332
-17766.11111111111
-17789.444444444445
-17748.88888888889
-17805.11111111111
-17741.61111111111
-17774.5
-17748.0
-17798.777777777777
-17762.055555555555
-17787.277777777777
-17774.166666666668
-17757.5
-17796.61111111111
-17763.333333333332
-17802.0
-17763.277777777777
-17794.555555555555
-17757.277777777777
-17788.777777777777
-17816.944444444445
-17784.166666666668
-17793.0
-17759.555555555555
-17665.0
-17720.5
-17735.944444444445
-17730.666666666668
-17743.722222222223
-17756.38888888889
-17773.333333333332
-17769.88888888889
-17724.38888888889
-17771.88888888889
-17746.222222222223
-17757.11111111111
-17794.444444444445
-17788.444444444445
-17816.61111111111
-17768.61111111111
-17784.444444444445
-17745.5
-17740.944444444445
-17786.833333333332
-17777.833333333332
-17787.88888888889
-17777.88888888889
-17758.666666666668
-17733.277777777777
-17772.944444444445
-17766.5
-17765.5
-17713.333333333332
-17689.61111111111
-17774.0
-17675.444444444445
-17768.944444444445
-17780.444444444445
-17699.222222222223
-17691.833333333332
-17742.333333333332
-17695.555555555555
-17754.722222222223
-17749.333333333332
-17732.666666666668
-17760.11111111111
-17786.333333333332
-17800.38888888889
-17716.833333333332
-17743.11111111111
-17759.222222222223
-17741.833333333332
-17747.444444444445
-17732.944444444445
-17753.11111111111
-17697.11111111111
-17769.944444444445
-17733.11111111111
-17715.0
-17820.444444444445
-17682.11111111111
-17745.5
-17728.944444444445
-17746.61111111111
-17789.222222222223
-17862.722222222223
-17832.555555555555
-17808.277777777777
-17742.944444444445
-17726.555555555555
-17772.88888888889
-17757.11111111111
-17845.166666666668
-17809.5
-17826.61111111111
-17801.722222222223
-17725.444444444445
-17772.055555555555
-17740.333333333332
-17759.555555555555
-17750.666666666668
-17746.833333333332
-17690.38888888889
-17734.055555555555
-17707.555555555555
-17780.833333333332
-17801.777777777777
-17765.833333333332
-17723.11111111111
-17772.166666666668
-17796.833333333332
-17791.88888888889
-17784.833333333332
-17776.277777777777
-17750.88888888889
-17755.333333333332
-17800.722222222223
-17787.38888888889
-17822.0
-17760.833333333332
-17786.88888888889
-17781.333333333332
-17813.11111111111
-17760.666666666668
-17755.11111111111
-17748.444444444445
-17757.722222222223
-17780.88888888889
-17708.38888888889
-17800.833333333332
-17755.277777777777
-17756.38888888889
-17776.5
-17834.222222222223
-17784.444444444445
-17821.444444444445
-17746.777777777777
-17781.11111111111
-17766.277777777777
-17756.444444444445
-17803.055555555555
-17730.11111111111
-17726.0
-17655.555555555555
-17702.777777777777
-17575.38888888889
-17769.722222222223
-17738.333333333332
-17752.88888888889
-17731.11111111111
-17724.222222222223
-17802.055555555555
-17749.166666666668



The list of best values first execution 

-17619.0
-17862.0
-18027.0
-18093.0
-18161.0
-18187.0
-18160.0
-18207.0
-18211.0
-18231.0
-18215.0
-18218.0
-18200.0
-18227.0
-18227.0
-18200.0
-18237.0
-18242.0
-18242.0
-18242.0
-18242.0
-18242.0
-18242.0
-18217.0
-18236.0
-18242.0
-18242.0
-18242.0
-18242.0
-18242.0
-18242.0
-18242.0
-18242.0
-18242.0
-18242.0
-18242.0
-18242.0
-18242.0
-18242.0
-18242.0
-18242.0
-18242.0
-18256.0
-18242.0
-18242.0
-18242.0
-18244.0
-18284.0
-18268.0
-18265.0
-18271.0
-18242.0
-18267.0
-18270.0
-18280.0
-18261.0
-18263.0
-18257.0
-18242.0
-18249.0
-18257.0
-18248.0
-18262.0
-18271.0
-18268.0
-18284.0
-18257.0
-18284.0
-18264.0
-18294.0
-18254.0
-18282.0
-18295.0
-18295.0
-18295.0
-18281.0
-18295.0
-18295.0
-18282.0
-18295.0
-18295.0
-18295.0
-18295.0
-18295.0
-18295.0
-18295.0
-18295.0
-18295.0
-18295.0
-18295.0
-18295.0
-18295.0
-18295.0
-18295.0
-18295.0
-18295.0
-18295.0
-18295.0
-18295.0
-18295.0
-18295.0
-18295.0
-18295.0
-18295.0
-18295.0
-18295.0
-18295.0
-18295.0
-18295.0
-18295.0
-18295.0
-18295.0
-18295.0
-18295.0
-18295.0
-18295.0
-18295.0
-18295.0
-18301.0
-18301.0
-18301.0
-18295.0
-18295.0
-18295.0
-18295.0
-18295.0
-18295.0
-18296.0
-18295.0
-18295.0
-18295.0
-18295.0
-18295.0
-18296.0
-18296.0
-18296.0
-18295.0
-18296.0
-18295.0
-18296.0
-18296.0
-18296.0
-18296.0
-18296.0
-18301.0
-18295.0
-18295.0
-18296.0
-18295.0
-18296.0
-18295.0
-18296.0
-18296.0
-18296.0
-18296.0
-18297.0
-18296.0
-18296.0
-18295.0
-18296.0
-18295.0
-18296.0
-18296.0
-18296.0
-18296.0
-18296.0
-18296.0
-18296.0
-18296.0
-18296.0
-18295.0
-18296.0
-18295.0
-18295.0
-18295.0
-18295.0
-18295.0
-18295.0
-18295.0
-18296.0
-18296.0
-18295.0
-18297.0
-18297.0
-18297.0
-18297.0
-18297.0
-18295.0
-18295.0
-18297.0
-18297.0
-18297.0
-18297.0
-18297.0
-18297.0
-18297.0
-18297.0
-18297.0
-18297.0
-18297.0
-18297.0
-18297.0
-18297.0
-18297.0
-18297.0
-18297.0
-18297.0
-18295.0
-18295.0
-18295.0
-18295.0
-18296.0
-18296.0
-18297.0
-18295.0
-18295.0
-18295.0
-18296.0
-18296.0
-18296.0
-18296.0
-18296.0
-18296.0
-18296.0
-18296.0
-18296.0
-18296.0
-18296.0
-18295.0
-18296.0
-18296.0
-18295.0
-18296.0
-18296.0
-18295.0
-18296.0
-18296.0
-18295.0
-18296.0
-18295.0
-18297.0
-18295.0
-18296.0
-18296.0
-18296.0
-18296.0
-18296.0
-18296.0
-18296.0
-18295.0
-18295.0
-18295.0
-18295.0
-18295.0
-18295.0
-18295.0
-18295.0
-18295.0
-18295.0
-18295.0
-18295.0
-18295.0
-18295.0
-18295.0
-18295.0
-18295.0
-18295.0
-18295.0
-18295.0
-18295.0
-18295.0
-18295.0
-18295.0
-18295.0
-18295.0
-18295.0
-18295.0
-18295.0
-18295.0
-18301.0
-18301.0
-18301.0
-18301.0
-18301.0
-18301.0
-18301.0
-18301.0
-18301.0
-18301.0
-18301.0
-18301.0
-18301.0
-18301.0
-18301.0
-18301.0
-18301.0
-18301.0
-18295.0
-18301.0
-18301.0
-18301.0
-18301.0
-18301.0
-18301.0
-18301.0
-18301.0
-18301.0
-18301.0
-18301.0
-18301.0
-18301.0
-18301.0
-18301.0
-18301.0
-18301.0
-18301.0
-18301.0
-18301.0
-18301.0
-18301.0
-18301.0
-18301.0
-18301.0
-18301.0
-18301.0
-18301.0
-18301.0
-18301.0
-18301.0
-18301.0
-18301.0
-18301.0
-18301.0
-18301.0
-18301.0
-18301.0
-18301.0
-18301.0
-18301.0
-18301.0
-18301.0
-18301.0
-18301.0
-18301.0
-18301.0
-18301.0
-18301.0
-18301.0
-18301.0
-18301.0
-18301.0
-18301.0
-18301.0
-18301.0
-18301.0
-18301.0
-18301.0
-18301.0
-18301.0
-18301.0
-18301.0
-18301.0
-18301.0
-18301.0
-18301.0
-18301.0
-18301.0
-18301.0
-18301.0
-18301.0
-18301.0
-18301.0
-18301.0
-18301.0
-18301.0
-18301.0
-18301.0
-18301.0
-18301.0
-18301.0
-18301.0
-18301.0
-18301.0
-18301.0
-18301.0
-18301.0
-18301.0
-18301.0
-18301.0
-18301.0
-18301.0
-18301.0
-18301.0
-18301.0
-18301.0
-18301.0
-18301.0
-18301.0
-18301.0
-18301.0
-18301.0
-18301.0
-18301.0
-18301.0
-18295.0
-18295.0
-18295.0
-18295.0
-18295.0
-18295.0
-18295.0
-18295.0
-18295.0
-18295.0
-18295.0
-18295.0
-18295.0
-18295.0
-18295.0
-18295.0
-18295.0
-18295.0
-18295.0
-18295.0
-18295.0
-18295.0
-18295.0
-18295.0
-18295.0
-18295.0
-18295.0
-18295.0
-18295.0
-18295.0
-18295.0
-18295.0
-18295.0
-18295.0
-18295.0
-18295.0
-18295.0
-18295.0
-18295.0
-18295.0
-18295.0
-18295.0
-18295.0
-18295.0
-18295.0
-18295.0
-18295.0
-18295.0
-18295.0
-18295.0
-18295.0
-18295.0
-18295.0
-18295.0
-18295.0
-18295.0
-18295.0
-18295.0
-18295.0
-18295.0



The list of values average 

-17008.74500000001
-17107.716666666664
-17166.704999999994
-17198.00777777778
-17224.196111111116
-17246.43388888888
-17261.298888888894
-17277.001666666663
-17290.210555555564
-17313.806666666682
-17335.18833333334
-17343.564444444444
-17361.002777777787
-17373.84722222222
-17385.453333333335
-17400.148888888896
-17409.647222222222
-17426.589999999993
-17440.80333333334
-17459.69444444444
-17470.318888888887
-17478.07611111111
-17490.906666666662
-17501.739444444454
-17517.36666666666
-17521.590000000007
-17537.21277777778
-17549.56555555556
-17562.572222222225
-17569.218333333338
-17582.023333333334
-17593.904444444448
-17596.241666666665
-17601.263888888894
-17612.004444444436
-17619.86833333333
-17622.653888888897
-17635.945
-17636.46277777778
-17642.37555555556
-17648.85
-17661.63944444444
-17660.98222222222
-17672.47388888889
-17675.551111111112
-17678.544999999995
-17685.388888888887
-17684.850555555557
-17693.047777777774
-17697.286111111112
-17703.707777777778
-17706.135555555553
-17702.506666666664
-17706.650555555552
-17706.378888888885
-17715.731666666677
-17710.78444444443
-17716.797222222234
-17717.31
-17721.25444444444
-17732.14944444444
-17721.54499999999
-17728.602222222216
-17723.07944444445
-17725.716666666667
-17730.919444444455
-17731.320555555554
-17730.796666666665
-17739.90944444444
-17741.672777777778
-17737.525
-17744.568888888898
-17740.07333333334
-17738.367222222227
-17743.12
-17738.72333333333
-17744.425555555557
-17743.74611111112
-17749.02555555556
-17746.586666666666
-17744.596666666665
-17747.492777777785
-17744.629444444447
-17747.621111111115
-17745.52444444444
-17749.78833333333
-17746.802777777768
-17755.137777777767
-17752.718888888885
-17753.61666666667
-17751.182777777776
-17755.911666666667
-17753.152777777777
-17755.736666666668
-17754.99222222222
-17758.85444444444
-17756.748333333333
-17757.353888888883
-17758.01333333333
-17757.643888888895
-17760.650555555563
-17762.913333333338
-17761.530555555557
-17762.801666666666
-17760.408333333333
-17755.85777777778
-17758.143333333344
-17750.151666666665
-17761.279444444444
-17760.765000000003
-17754.388333333336
-17760.122222222228
-17759.0111111111
-17758.47055555555
-17763.565000000006
-17760.564444444437
-17761.590555555562
-17761.131666666668
-17759.09277777778
-17760.11555555556
-17756.69444444443
-17765.388333333336
-17767.193333333325
-17766.429444444442
-17762.116111111103
-17755.466666666667
-17760.387222222223
-17760.030555555557
-17757.526666666665
-17761.786111111112
-17763.50999999999
-17763.061111111107
-17766.946111111098
-17761.086111111104
-17762.63166666667
-17764.61444444444
-17765.978888888876
-17770.338333333337
-17769.17277777779
-17770.850555555553
-17765.743333333336
-17762.751666666674
-17762.478888888883
-17763.639444444452
-17765.579444444436
-17767.281111111115
-17764.399444444447
-17766.006666666668
-17767.003888888885
-17765.40555555556
-17765.46777777778
-17765.95722222222
-17766.013333333332
-17770.821111111112
-17766.67111111111
-17767.451666666668
-17767.177222222224
-17766.812222222226
-17760.25055555555
-17769.854999999996
-17764.457222222205
-17760.938333333335
-17761.046111111114
-17758.832777777785
-17766.247777777786
-17765.809444444436
-17768.19944444445
-17763.54222222222
-17764.546111111118
-17764.347777777777
-17764.421111111118
-17767.026666666665
-17761.14222222222
-17763.195000000007
-17768.98444444445
-17769.326666666668
-17769.76111111111
-17762.878888888896
-17769.202777777777
-17761.230555555558
-17765.235000000004
-17760.561666666665
-17766.45277777778
-17767.213333333344
-17774.355555555558
-17770.005000000005
-17772.84555555555
-17766.93777777778
-17765.483888888884
-17768.57000000001
-17761.706666666665
-17771.7
-17768.682777777776
-17770.21833333333
-17767.66166666666
-17770.962777777786
-17774.089999999993
-17769.09555555556
-17774.364444444444
-17773.56722222222
-17772.339444444453
-17767.90055555556
-17770.16388888889
-17768.875000000007
-17771.603333333343
-17769.39888888889
-17765.402777777777
-17770.49055555555
-17763.972222222215
-17768.93222222223
-17767.85833333334
-17773.986111111102
-17769.173333333336
-17773.724444444437
-17770.444444444438
-17767.622777777775
-17767.316666666673
-17765.551111111112
-17772.582777777774
-17768.90111111111
-17768.199444444428
-17765.593888888885
-17769.04555555556
-17770.246111111108
-17772.971666666665
-17774.65944444444
-17763.26
-17770.07666666666
-17764.67055555555
-17766.690000000002
-17765.062777777766
-17770.641666666666
-17768.08222222222
-17768.96722222222
-17771.83555555555
-17765.127777777776
-17769.90944444445
-17766.356666666667
-17767.875000000004
-17767.58277777778
-17771.578888888896
-17762.96333333333
-17766.283333333336
-17767.655000000006
-17763.388888888887
-17767.998888888887
-17764.980555555558
-17773.213333333337
-17763.9
-17768.851666666676
-17768.97611111112
-17769.87611111111
-17770.905555555557
-17765.078333333335
-17762.039444444454
-17762.350000000006
-17766.91222222222
-17759.878888888885
-17769.254444444443
-17760.795000000002
-17764.736111111113
-17767.265555555554
-17764.80277777778
-17767.295555555553
-17762.86388888889
-17761.789444444446
-17757.57222222222
-17766.40111111111
-17758.340000000004
-17763.302777777786
-17758.941111111108
-17758.073888888885
-17764.37222222222
-17758.23388888889
-17760.07388888889
-17761.825555555544
-17762.521666666664
-17761.517222222217
-17763.105555555558
-17765.66666666667
-17763.026666666665
-17764.698333333326
-17761.263888888887
-17762.59055555556
-17763.825555555555
-17768.002222222214
-17760.631111111106
-17764.601666666666
-17761.29
-17768.062222222215
-17764.974444444444
-17753.798333333336
-17765.925
-17764.001666666667
-17763.32333333333
-17767.03166666667
-17762.42777777778
-17770.84055555556
-17763.362777777787
-17767.947222222218
-17766.119444444445
-17760.830555555553
-17763.79722222223
-17765.73555555555
-17766.639444444445
-17761.59722222222
-17762.405555555557
-17763.23333333333
-17759.576111111106
-17763.73944444444
-17764.76388888889
-17764.624444444446
-17764.185555555567
-17762.742222222223
-17764.723333333335
-17761.88833333333
-17766.505555555555
-17768.745000000003
-17768.03
-17769.296111111107
-17764.575
-17766.980555555558
-17761.59777777778
-17770.023888888893
-17766.584444444445
-17763.23444444443
-17767.76888888889
-17773.797222222223
-17776.230000000003
-17768.52944444444
-17771.70888888889
-17760.66833333333
-17763.816111111108
-17759.64222222222
-17765.568333333333
-17758.255000000005
-17763.866666666672
-17766.45111111111
-17766.788333333334
-17764.723333333328
-17764.469444444454
-17771.113333333335
-17767.06944444444
-17767.646111111113
-17769.233888888895
-17760.70666666666
-17763.062222222215
-17759.835555555557
-17756.51944444444
-17766.735555555555
-17764.996666666666
-17761.736666666664
-17759.32
-17757.448333333334
-17764.161666666667
-17761.44388888889
-17764.653888888894
-17765.493333333332
-17765.32888888889
-17768.127222222225
-17762.92777777778
-17765.613888888896
-17768.698333333334
-17763.668333333328
-17763.246111111108
-17764.327777777773
-17766.075000000004
-17761.216111111113
-17761.820555555554
-17759.316111111115
-17771.78388888889
-17767.258888888886
-17768.047222222212
-17765.502777777787
-17759.246666666662
-17762.573888888895
-17760.863888888885
-17762.539444444443
-17766.710000000003
-17762.66833333333
-17765.543333333335
-17761.358333333337
-17763.57111111111
-17764.544444444447
-17764.056111111106
-17755.632777777773
-17766.922222222216
-17765.29555555556
-17763.605555555554
-17764.62777777778
-17763.930000000004
-17769.39888888889
-17760.81666666667
-17767.624444444446
-17759.884444444437
-17764.614444444444
-17762.330555555553
-17762.214444444446
-17764.855555555565
-17767.751666666678
-17765.151666666665
-17762.017777777775
-17763.73833333333
-17762.702777777784
-17762.237777777777
-17761.478333333336
-17759.33166666667
-17757.493888888886
-17758.51444444445
-17761.65666666667
-17757.414444444454
-17774.018888888888
-17758.308333333334
-17765.663888888892
-17764.51055555555
-17762.27055555555
-17764.677222222213
-17761.628333333334
-17760.977777777774
-17756.249999999996
-17768.04555555555
-17759.153888888886
-17767.335
-17762.047222222216
-17766.885000000006
-17769.20277777778
-17763.94277777778
-17766.586111111108
-17760.62
-17769.40111111111
-17759.38111111112
-17767.37555555556
-17761.166111111113
-17765.87277777778
-17765.25222222223
-17758.120555555553
-17762.40055555555
-17757.19888888888
-17760.62388888888
-17756.992222222227
-17762.07444444444
-17763.8
-17764.71888888888
-17758.761111111115
-17758.555000000004
-17760.00833333333
-17760.332222222212
-17768.655000000006
-17764.80611111111
-17768.47722222222
-17763.338888888888
-17763.741111111107
-17763.546666666665
-17763.114444444444
-17763.072777777783
-17759.910555555558
-17762.07777777778
-17766.08833333333
-17765.005
-17767.46555555556
-17765.102222222227
-17764.60722222222
-17763.381111111117
-17758.80055555555



The list of best values average 

-17725.07
-17967.600000000006
-18066.600000000002
-18122.39
-18152.480000000003
-18176.300000000007
-18189.04
-18197.61
-18203.170000000002
-18212.729999999996
-18216.84
-18221.889999999996
-18224.02999999999
-18224.959999999995
-18227.320000000003
-18228.070000000003
-18232.729999999996
-18235.280000000002
-18235.949999999997
-18233.829999999998
-18236.899999999998
-18238.529999999995
-18240.25
-18240.039999999997
-18240.53
-18242.54
-18242.620000000003
-18243.45
-18244.100000000002
-18244.519999999997
-18243.56
-18244.48
-18244.990000000005
-18246.130000000005
-18244.990000000005
-18246.289999999997
-18246.65
-18247.72
-18249.850000000002
-18247.58
-18246.460000000003
-18249.239999999998
-18250.349999999995
-18250.55999999999
-18251.519999999993
-18252.229999999996
-18252.89
-18254.49
-18254.210000000003
-18256.52
-18257.710000000003
-18257.41
-18257.99
-18257.72
-18260.350000000002
-18262.63
-18262.760000000006
-18264.67
-18262.759999999995
-18265.590000000004
-18265.399999999998
-18265.99
-18269.32
-18268.450000000004
-18269.840000000004
-18271.02
-18270.04
-18272.54
-18273.910000000003
-18274.440000000006
-18274.03
-18274.459999999992
-18272.74
-18274.92
-18274.86
-18275.01
-18275.359999999993
-18275.170000000002
-18276.60999999999
-18276.2
-18274.569999999996
-18276.860000000004
-18276.129999999994
-18278.269999999997
-18278.479999999996
-18277.7
-18277.600000000006
-18277.569999999996
-18277.88
-18279.779999999995
-18279.160000000003
-18279.229999999996
-18279.249999999993
-18278.839999999997
-18279.799999999996
-18281.460000000006
-18279.99999999999
-18281.6
-18282.139999999996
-18280.519999999997
-18281.019999999997
-18281.339999999997
-18281.47
-18280.679999999997
-18281.729999999996
-18281.47999999999
-18282.06
-18282.479999999996
-18282.609999999997
-18283.229999999996
-18283.49
-18283.229999999996
-18283.620000000003
-18282.870000000006
-18283.090000000004
-18284.449999999993
-18284.459999999992
-18283.709999999992
-18283.439999999995
-18284.66
-18284.049999999992
-18284.420000000002
-18283.959999999995
-18283.43
-18283.219999999994
-18283.579999999994
-18282.87999999999
-18282.94999999999
-18282.109999999993
-18281.459999999995
-18282.129999999994
-18282.879999999994
-18282.449999999993
-18282.549999999996
-18283.87999999999
-18283.11999999999
-18283.299999999992
-18281.479999999992
-18281.62
-18281.869999999995
-18281.679999999993
-18281.93999999999
-18282.19
-18282.519999999997
-18283.459999999995
-18282.359999999986
-18282.819999999996
-18282.489999999987
-18283.099999999984
-18283.319999999992
-18284.029999999988
-18283.539999999997
-18284.01999999999
-18285.02999999999
-18285.1
-18284.98
-18285.659999999993
-18284.489999999994
-18284.749999999993
-18283.999999999996
-18284.189999999995
-18284.329999999994
-18284.099999999995
-18284.84999999999
-18284.549999999996
-18284.46
-18284.73
-18284.889999999996
-18283.949999999997
-18283.059999999998
-18283.72999999999
-18283.789999999994
-18283.569999999992
-18283.819999999992
-18283.17
-18283.859999999997
-18283.739999999998
-18284.17
-18284.26
-18284.499999999996
-18284.27999999999
-18283.609999999997
-18283.549999999996
-18284.229999999996
-18283.64
-18283.64
-18283.060000000005
-18282.989999999998
-18283.14
-18283.18
-18282.769999999997
-18283.27999999999
-18282.849999999995
-18281.149999999994
-18281.609999999997
-18281.39
-18281.55999999999
-18281.75999999999
-18281.42999999999
-18281.739999999994
-18282.24999999999
-18282.639999999996
-18282.32999999999
-18282.159999999985
-18281.949999999993
-18282.329999999987
-18281.829999999987
-18281.71999999999
-18282.52999999999
-18282.069999999992
-18281.93999999999
-18281.63999999999
-18282.01999999999
-18281.999999999993
-18282.09999999999
-18282.039999999994
-18282.52999999999
-18282.85999999999
-18282.589999999993
-18282.34999999999
-18282.659999999993
-18282.879999999994
-18282.549999999996
-18281.709999999992
-18281.729999999992
-18282.049999999992
-18281.629999999986
-18281.50999999999
-18282.169999999987
-18281.819999999996
-18281.279999999995
-18281.31999999999
-18281.14999999999
-18281.21999999999
-18281.049999999996
-18281.57999999999
-18281.45999999999
-18281.429999999986
-18279.379999999986
-18279.769999999986
-18279.56999999999
-18279.819999999992
-18279.38999999999
-18278.65999999999
-18279.069999999992
-18279.30999999999
-18279.53999999999
-18279.809999999987
-18279.70999999999
-18279.66999999999
-18279.519999999993
-18279.92999999999
-18279.78999999999
-18279.699999999993
-18279.549999999992
-18279.689999999995
-18279.719999999994
-18279.97999999999
-18279.87999999999
-18279.769999999986
-18279.759999999987
-18279.60999999999
-18279.339999999986
-18279.38999999999
-18279.41999999999
-18279.51999999999
-18279.33999999999
-18279.359999999986
-18279.129999999983
-18278.99999999999
-18278.939999999988
-18279.279999999984
-18278.859999999986
-18279.069999999985
-18279.06999999999
-18278.939999999988
-18278.53999999999
-18278.15999999999
-18278.469999999987
-18278.939999999988
-18278.709999999985
-18279.04999999999
-18278.939999999988
-18279.07999999999
-18279.189999999988
-18279.079999999987
-18279.219999999987
-18279.29999999999
-18279.429999999986
-18279.249999999985
-18279.079999999987
-18279.56999999999
-18279.22999999999
-18279.51999999999
-18279.359999999986
-18279.469999999987
-18279.349999999988
-18279.099999999984
-18278.599999999988
-18278.639999999985
-18278.87999999999
-18278.92999999999
-18278.43999999999
-18278.60999999999
-18278.359999999986
-18278.499999999985
-18278.58999999999
-18278.659999999993
-18278.459999999992
-18278.72999999999
-18278.219999999994
-18278.16999999999
-18278.62999999999
-18278.449999999997
-18278.519999999993
-18278.48999999999
-18278.439999999995
-18278.459999999992
-18278.579999999994
-18278.539999999994
-18278.52999999999
-18278.52999999999
-18278.299999999992
-18278.389999999992
-18278.119999999988
-18278.259999999987
-18278.06999999999
-18278.24999999999
-18278.29999999999
-18278.32999999999
-18278.16999999999
-18278.46999999999
-18278.619999999984
-18278.579999999987
-18278.799999999992
-18278.749999999993
-18278.74999999999
-18278.849999999988
-18278.81999999999
-18278.87999999999
-18278.84999999999
-18278.989999999987
-18278.49999999999
-18278.939999999988
-18278.479999999992
-18278.56999999999
-18278.56999999999
-18278.87999999999
-18278.459999999995
-18278.519999999993
-18278.539999999994
-18278.49999999999
-18278.269999999993
-18278.22999999999
-18278.49999999999
-18278.16999999999
-18278.17999999999
-18278.089999999993
-18278.26999999999
-18278.159999999985
-18278.069999999992
-18278.10999999999
-18278.309999999987
-18277.72999999999
-18278.06999999999
-18278.15999999999
-18277.92999999999
-18278.01999999999
-18278.069999999985
-18277.99999999999
-18278.339999999993
-18278.15999999999
-18277.909999999993
-18277.459999999992
-18277.70999999999
-18277.489999999994
-18277.449999999993
-18277.47999999999
-18277.46999999999
-18276.58999999999
-18276.74999999999
-18276.64999999999
-18276.50999999999
-18276.66999999999
-18276.649999999987
-18276.80999999999
-18276.809999999987
-18276.77999999999
-18276.69999999999
-18276.80999999999
-18276.959999999992
-18277.009999999995
-18276.91999999999
-18276.949999999993
-18276.299999999992
-18276.34999999999
-18276.36999999999
-18276.459999999992
-18276.219999999994
-18276.499999999993
-18276.379999999994
-18276.319999999992
-18276.449999999993
-18276.47999999999
-18276.609999999993
-18276.159999999993
-18276.25999999999
-18276.04999999999
-18276.209999999992
-18276.05999999999
-18276.21999999999
-18276.01999999999
-18275.93999999999
-18275.919999999995
-18275.129999999986
-18275.249999999993
-18275.21999999999
-18275.24999999999
-18275.349999999984
-18275.379999999986
-18275.209999999992
-18275.349999999988
-18275.31999999999
-18275.389999999985
-18275.37999999999
-18275.41999999999
-18275.32999999999
-18274.80999999999
-18274.37999999999
-18274.469999999994
-18274.34999999999
-18274.43999999999
-18274.59999999999
-18274.25999999999
-18274.449999999997
-18274.589999999993
-18274.359999999993
-18274.43999999999
-18274.53999999999
-18274.32999999999
-18274.129999999994
-18274.099999999988
-18274.16999999999
-18273.78999999999
-18273.43999999999
-18273.729999999992
-18273.659999999993
-18273.559999999994
-18273.989999999994
-18273.93999999999
-18273.74999999999
-18273.739999999987
-18273.669999999995
-18273.96999999999
-18274.03999999999
-18273.959999999995
-18273.75999999999
-18273.989999999994
-18273.80999999999
-18274.009999999995
-18274.079999999994
-18274.079999999998
-18274.179999999997
-18274.199999999997
