----------Report of simulation of Quantum Population Annealing-----------
The number of considered Spin 176
The considered Annealing Duration 704
The considered Annealing Number 100
The considered T 1.0
The considered Gamma0 1.0
The considered Number Of Replica 3
The considered Number Of System 6
The solution found [-1. -1. -1. -1. -1. -1. -1.  1.  1. -1. -1. -1.  1.  1.  1.  1.  1.  1.
  1. -1.  1.  1. -1. -1. -1.  1.  1.  1. -1.  1. -1. -1. -1.  1. -1.  1.
 -1.  1. -1.  1.  1.  1. -1.  1. -1. -1. -1.  1. -1.  1.  1. -1. -1. -1.
 -1.  1.  1. -1. -1. -1.  1. -1. -1.  1. -1.  1. -1.  1. -1. -1. -1.  1.
  1.  1. -1. -1. -1.  1. -1. -1.  1. -1. -1. -1. -1.  1.  1.  1. -1. -1.
 -1. -1.  1.  1.  1.  1.  1.  1. -1.  1.  1. -1.  1.  1. -1.  1.  1.  1.
 -1.  1.  1.  1.  1. -1. -1. -1. -1.  1.  1. -1.  1. -1.  1.  1.  1.  1.
 -1.  1. -1. -1.  1.  1. -1.  1.  1.  1.  1.  1.  1. -1.  1. -1.  1.  1.
  1.  1.  1. -1. -1.  1. -1. -1. -1.  1.  1. -1.  1. -1.  1.  1. -1. -1.
 -1. -1. -1. -1. -1.  1.  1. -1.  1.  1. -1. -1. -1. -1.]
The value found -41296.0
The Success probability is 0.11
The average value is -41278.45
The total execution time is 11826.153725385666
The average time for execution is 118.26153589963913
The average time for all systems update is 0.1679321318322962
The average time for system update is 0.027973685136459994
The average time for replica update is 0.009324194632959788
The average time for spin update is 5.275475327032417e-05
The list of values found 

-41269.0
-41270.0
-41264.0
-41287.0
-41289.0
-41284.0
-41290.0
-41287.0
-41273.0
-41274.0
-41296.0
-41287.0
-41286.0
-41286.0
-41279.0
-41286.0
-41275.0
-41286.0
-41287.0
-41277.0
-41269.0
-41271.0
-41277.0
-41284.0
-41269.0
-41269.0
-41277.0
-41284.0
-41264.0
-41279.0
-41296.0
-41266.0
-41277.0
-41296.0
-41257.0
-41296.0
-41286.0
-41286.0
-41296.0
-41296.0
-41266.0
-41296.0
-41269.0
-41271.0
-41296.0
-41269.0
-41286.0
-41279.0
-41252.0
-41287.0
-41284.0
-41287.0
-41286.0
-41264.0
-41286.0
-41274.0
-41286.0
-41277.0
-41277.0
-41286.0
-41284.0
-41260.0
-41287.0
-41286.0
-41286.0
-41277.0
-41269.0
-41266.0
-41296.0
-41257.0
-41269.0
-41264.0
-41269.0
-41296.0
-41287.0
-41286.0
-41287.0
-41277.0
-41284.0
-41277.0
-41259.0
-41286.0
-41279.0
-41275.0
-41287.0
-41269.0
-41259.0
-41277.0
-41286.0
-41284.0
-41296.0
-41269.0
-41277.0
-41277.0
-41260.0
-41277.0
-41266.0
-41262.0
-41254.0
-41277.0



The list of values first execution 

-38638.22222222222
-38708.444444444445
-38863.166666666664
-39010.166666666664
-39039.444444444445
-39036.88888888889
-38976.333333333336
-39130.22222222222
-39215.444444444445
-39362.77777777778
-39278.833333333336
-39282.61111111111
-39400.77777777778
-39387.0
-39392.61111111111
-39504.27777777778
-39387.666666666664
-39540.944444444445
-39561.77777777778
-39683.0
-39685.27777777778
-39778.61111111111
-39929.72222222222
-39893.444444444445
-39976.88888888889
-40006.666666666664
-40059.22222222222
-40024.88888888889
-40114.77777777778
-40278.833333333336
-40223.555555555555
-40086.72222222222
-40237.11111111111
-40378.833333333336
-40399.61111111111
-40361.38888888889
-40465.38888888889
-40399.5
-40382.333333333336
-40426.944444444445
-40555.38888888889
-40632.72222222222
-40619.444444444445
-40576.88888888889
-40671.0
-40654.555555555555
-40656.5
-40687.666666666664
-40645.444444444445
-40760.38888888889
-40788.11111111111
-40794.27777777778
-40788.77777777778
-40813.055555555555
-40880.555555555555
-40862.944444444445
-40876.166666666664
-40858.11111111111
-40862.27777777778
-40886.88888888889
-40917.11111111111
-40932.5
-40939.666666666664
-40871.055555555555
-40909.77777777778
-40956.5
-40988.77777777778
-40944.166666666664
-40979.055555555555
-41007.77777777778
-41021.444444444445
-41001.944444444445
-41017.72222222222
-40987.77777777778
-41012.166666666664
-41037.5
-41049.0
-41042.38888888889
-41082.833333333336
-41056.27777777778
-41069.61111111111
-41093.61111111111
-41083.61111111111
-41082.77777777778
-41093.055555555555
-41086.833333333336
-41089.333333333336
-41103.11111111111
-41102.72222222222
-41114.22222222222
-41085.666666666664
-41085.77777777778
-41087.444444444445
-41064.61111111111
-41085.0
-41071.5
-41089.055555555555
-41084.555555555555
-41095.833333333336
-41111.22222222222
-41082.22222222222
-41104.055555555555
-41144.38888888889
-41124.833333333336
-41144.055555555555
-41125.77777777778
-41118.11111111111
-41151.555555555555
-41141.666666666664
-41139.77777777778
-41141.0
-41154.833333333336
-41165.27777777778
-41156.61111111111
-41129.72222222222
-41153.22222222222
-41167.555555555555
-41166.27777777778
-41181.77777777778
-41181.77777777778
-41198.666666666664
-41163.72222222222
-41168.666666666664
-41182.833333333336
-41198.22222222222
-41187.666666666664
-41201.555555555555
-41220.833333333336
-41219.666666666664
-41211.444444444445
-41210.22222222222
-41179.77777777778
-41202.11111111111
-41208.333333333336
-41209.333333333336
-41212.0
-41218.0
-41215.944444444445
-41217.166666666664
-41231.555555555555
-41226.055555555555
-41228.72222222222
-41208.944444444445
-41208.61111111111
-41209.444444444445
-41226.055555555555
-41228.0
-41205.38888888889
-41205.444444444445
-41214.27777777778
-41217.666666666664
-41204.666666666664
-41217.61111111111
-41216.38888888889
-41215.5
-41223.38888888889
-41224.666666666664
-41218.555555555555
-41232.61111111111
-41227.27777777778
-41224.333333333336
-41217.555555555555
-41222.88888888889
-41218.38888888889
-41200.444444444445
-41219.5
-41220.27777777778
-41225.833333333336
-41217.833333333336
-41222.77777777778
-41221.444444444445
-41220.0
-41231.38888888889
-41221.166666666664
-41194.0
-41197.72222222222
-41217.77777777778
-41229.77777777778
-41232.0
-41235.166666666664
-41243.944444444445
-41251.166666666664
-41247.055555555555
-41257.77777777778
-41247.61111111111
-41243.055555555555
-41248.88888888889
-41242.166666666664
-41256.38888888889
-41258.666666666664
-41255.833333333336
-41247.11111111111
-41242.22222222222
-41246.055555555555
-41243.833333333336
-41247.5
-41257.944444444445
-41258.27777777778
-41255.0
-41254.055555555555
-41255.77777777778
-41249.61111111111
-41254.72222222222
-41253.22222222222
-41259.11111111111
-41257.055555555555
-41252.27777777778
-41258.444444444445
-41258.944444444445
-41261.166666666664
-41253.333333333336
-41252.27777777778
-41258.61111111111
-41254.27777777778
-41252.88888888889
-41257.555555555555
-41255.38888888889
-41255.944444444445
-41255.77777777778
-41257.5
-41260.5
-41257.5
-41259.444444444445
-41259.22222222222
-41261.444444444445
-41258.77777777778
-41255.88888888889
-41257.0
-41255.61111111111
-41260.555555555555
-41257.38888888889
-41257.166666666664
-41258.555555555555
-41246.88888888889
-41259.444444444445
-41252.333333333336
-41249.666666666664
-41255.666666666664
-41254.333333333336
-41258.11111111111
-41257.5
-41259.11111111111
-41256.0
-41259.833333333336
-41259.27777777778
-41260.055555555555
-41259.0
-41261.72222222222
-41259.61111111111
-41257.77777777778
-41260.333333333336
-41259.61111111111
-41261.38888888889
-41261.11111111111
-41261.27777777778
-41260.666666666664
-41262.055555555555
-41260.666666666664
-41259.833333333336
-41258.61111111111
-41258.5
-41260.333333333336
-41262.77777777778
-41260.555555555555
-41261.555555555555
-41256.11111111111
-41260.77777777778
-41261.22222222222
-41261.333333333336
-41260.055555555555
-41261.38888888889
-41260.61111111111
-41262.0
-41261.88888888889
-41261.333333333336
-41262.38888888889
-41261.11111111111
-41262.27777777778
-41263.444444444445
-41260.5
-41259.72222222222
-41262.61111111111
-41261.666666666664
-41260.944444444445
-41260.77777777778
-41259.555555555555
-41261.11111111111
-41260.444444444445
-41259.77777777778
-41260.22222222222
-41261.5
-41261.333333333336
-41264.11111111111
-41260.72222222222
-41263.88888888889
-41262.166666666664
-41260.72222222222
-41260.166666666664
-41263.444444444445
-41258.88888888889
-41263.5
-41262.666666666664
-41262.944444444445
-41262.5
-41263.72222222222
-41263.27777777778
-41264.0
-41261.5
-41263.166666666664
-41263.27777777778
-41261.88888888889
-41262.77777777778
-41264.166666666664
-41263.444444444445
-41263.666666666664
-41260.38888888889
-41256.666666666664
-41259.444444444445
-41260.88888888889
-41261.22222222222
-41262.38888888889
-41263.11111111111
-41262.77777777778
-41263.22222222222
-41263.944444444445
-41263.27777777778
-41256.833333333336
-41258.38888888889
-41262.38888888889
-41263.22222222222
-41263.555555555555
-41262.833333333336
-41263.0
-41262.38888888889
-41263.72222222222
-41261.944444444445
-41261.27777777778
-41261.72222222222
-41263.555555555555
-41262.555555555555
-41263.055555555555
-41263.5
-41262.555555555555
-41262.27777777778
-41263.444444444445
-41263.22222222222
-41263.333333333336
-41263.166666666664
-41261.77777777778
-41261.22222222222
-41261.055555555555
-41258.27777777778
-41259.833333333336
-41263.11111111111
-41260.444444444445
-41261.88888888889
-41261.833333333336
-41263.22222222222
-41262.72222222222
-41263.5
-41263.555555555555
-41262.88888888889
-41263.055555555555
-41262.11111111111
-41262.944444444445
-41263.055555555555
-41263.88888888889
-41263.22222222222
-41263.61111111111
-41263.444444444445
-41264.5
-41262.666666666664
-41262.27777777778
-41263.88888888889
-41262.055555555555
-41261.27777777778
-41260.444444444445
-41261.72222222222
-41263.11111111111
-41263.77777777778
-41262.166666666664
-41262.88888888889
-41263.166666666664
-41262.166666666664
-41262.333333333336
-41263.166666666664
-41263.38888888889
-41263.0
-41263.055555555555
-41263.444444444445
-41262.0
-41262.944444444445
-41264.38888888889
-41264.444444444445
-41263.555555555555
-41263.27777777778
-41263.333333333336
-41263.0
-41260.555555555555
-41261.88888888889
-41261.27777777778
-41262.22222222222
-41263.166666666664
-41261.833333333336
-41263.27777777778
-41263.11111111111
-41264.166666666664
-41263.38888888889
-41264.166666666664
-41263.27777777778
-41263.444444444445
-41263.88888888889
-41263.77777777778
-41263.22222222222
-41263.27777777778
-41263.38888888889
-41262.5
-41263.0
-41261.666666666664
-41252.72222222222
-41261.166666666664
-41261.77777777778
-41263.666666666664
-41264.0
-41263.833333333336
-41263.944444444445
-41263.72222222222
-41263.61111111111
-41263.77777777778
-41264.22222222222
-41264.055555555555
-41263.27777777778
-41263.333333333336
-41258.72222222222
-41256.88888888889
-41257.88888888889
-41258.944444444445
-41261.5
-41262.77777777778
-41263.27777777778
-41263.61111111111
-41264.055555555555
-41264.11111111111
-41264.0
-41264.11111111111
-41263.5
-41263.166666666664
-41263.555555555555
-41261.333333333336
-41262.61111111111
-41264.055555555555
-41263.333333333336
-41264.11111111111
-41264.666666666664
-41264.0
-41263.77777777778
-41263.166666666664
-41263.055555555555
-41263.88888888889
-41263.944444444445
-41263.833333333336
-41264.055555555555
-41263.61111111111
-41264.0
-41263.88888888889
-41263.5
-41263.72222222222
-41263.22222222222
-41263.555555555555
-41263.944444444445
-41264.166666666664
-41264.166666666664
-41264.38888888889
-41263.666666666664
-41263.444444444445
-41263.166666666664
-41263.555555555555
-41263.666666666664
-41263.166666666664
-41263.555555555555
-41263.555555555555
-41263.77777777778
-41263.444444444445
-41263.666666666664
-41263.72222222222
-41264.11111111111
-41264.11111111111
-41263.72222222222
-41264.055555555555
-41264.055555555555
-41264.055555555555
-41263.77777777778
-41264.38888888889
-41264.055555555555
-41262.88888888889
-41262.944444444445
-41263.0
-41263.333333333336
-41263.22222222222
-41263.944444444445
-41263.666666666664
-41263.88888888889
-41263.72222222222
-41264.333333333336
-41264.333333333336
-41263.72222222222
-41263.944444444445
-41262.944444444445
-41263.333333333336
-41262.833333333336
-41263.055555555555
-41263.22222222222
-41263.666666666664
-41264.0
-41264.11111111111
-41264.0
-41264.055555555555
-41264.166666666664
-41264.27777777778
-41263.72222222222
-41263.555555555555
-41263.61111111111
-41263.61111111111
-41264.0
-41263.555555555555
-41264.27777777778
-41263.833333333336
-41263.72222222222
-41264.166666666664
-41264.27777777778
-41264.444444444445
-41264.22222222222
-41264.38888888889
-41264.0
-41263.833333333336
-41263.27777777778
-41263.0
-41264.11111111111
-41264.11111111111
-41264.38888888889
-41264.22222222222
-41263.944444444445
-41263.833333333336
-41264.444444444445
-41264.5
-41264.0
-41264.055555555555
-41264.055555555555
-41264.27777777778
-41264.444444444445
-41264.166666666664
-41264.27777777778
-41264.11111111111
-41264.11111111111
-41264.38888888889
-41264.0
-41264.22222222222
-41264.166666666664
-41263.944444444445
-41264.61111111111
-41264.333333333336
-41264.333333333336
-41264.166666666664
-41264.27777777778
-41264.555555555555
-41263.944444444445
-41264.22222222222
-41264.444444444445
-41264.38888888889
-41264.055555555555
-41263.555555555555
-41264.11111111111
-41264.166666666664
-41263.555555555555
-41263.88888888889
-41264.166666666664
-41264.666666666664
-41264.0
-41263.666666666664
-41263.944444444445
-41264.38888888889
-41264.666666666664
-41264.22222222222
-41264.055555555555
-41263.88888888889
-41263.5
-41264.0
-41263.77777777778
-41264.555555555555
-41264.166666666664
-41263.88888888889
-41263.666666666664
-41264.333333333336
-41264.444444444445
-41264.27777777778
-41264.444444444445
-41264.666666666664
-41264.444444444445
-41264.27777777778
-41264.0
-41264.333333333336
-41264.166666666664
-41263.666666666664
-41263.61111111111
-41263.72222222222
-41263.833333333336
-41263.666666666664
-41264.0
-41263.22222222222
-41262.944444444445
-41263.5
-41263.11111111111
-41263.88888888889
-41264.333333333336
-41264.11111111111
-41264.11111111111
-41264.333333333336
-41264.333333333336
-41263.88888888889
-41264.333333333336
-41264.333333333336
-41263.944444444445
-41263.88888888889
-41264.333333333336
-41264.11111111111
-41264.333333333336
-41263.88888888889
-41264.333333333336
-41264.333333333336
-41264.333333333336
-41264.333333333336
-41264.333333333336
-41264.333333333336
-41264.11111111111
-41264.11111111111
-41264.333333333336
-41263.88888888889
-41264.11111111111
-41264.11111111111
-41264.333333333336
-41264.11111111111
-41263.88888888889
-41264.333333333336
-41264.11111111111
-41264.333333333336
-41264.333333333336
-41264.333333333336
-41264.333333333336
-41264.333333333336
-41264.333333333336
-41264.11111111111
-41264.333333333336
-41264.333333333336
-41264.333333333336
-41264.11111111111
-41264.11111111111
-41264.333333333336
-41264.11111111111
-41264.333333333336
-41263.88888888889
-41264.333333333336
-41263.88888888889
-41264.333333333336
-41264.333333333336
-41264.11111111111
-41264.11111111111
-41264.333333333336
-41264.333333333336
-41264.333333333336
-41264.11111111111
-41264.055555555555
-41264.333333333336
-41263.944444444445
-41264.11111111111
-41264.333333333336
-41264.11111111111
-41264.333333333336
-41264.333333333336
-41264.333333333336
-41264.11111111111
-41264.333333333336
-41264.11111111111
-41264.333333333336
-41263.88888888889
-41264.11111111111
-41264.11111111111
-41264.333333333336
-41264.333333333336
-41264.333333333336
-41264.333333333336
-41264.333333333336
-41264.333333333336
-41264.333333333336
-41264.333333333336
-41264.333333333336
-41264.333333333336
-41264.333333333336
-41264.11111111111
-41264.11111111111
-41264.333333333336
-41264.333333333336
-41264.333333333336
-41264.11111111111
-41264.333333333336



The list of best values first execution 

-39198.0
-39356.0
-39243.0
-39330.0
-39266.0
-39228.0
-39384.0
-39396.0
-39589.0
-39663.0
-39557.0
-39550.0
-39833.0
-39659.0
-39781.0
-39741.0
-39959.0
-39925.0
-40009.0
-40043.0
-40270.0
-40150.0
-40344.0
-40261.0
-40316.0
-40368.0
-40382.0
-40465.0
-40485.0
-40446.0
-40602.0
-40516.0
-40790.0
-40817.0
-40729.0
-40740.0
-40737.0
-40725.0
-40792.0
-40692.0
-40881.0
-40951.0
-41004.0
-40883.0
-40975.0
-41085.0
-40934.0
-40915.0
-40900.0
-40966.0
-41040.0
-41161.0
-41024.0
-41029.0
-41078.0
-41000.0
-41097.0
-41034.0
-40985.0
-40994.0
-41072.0
-41091.0
-41083.0
-41058.0
-41087.0
-41147.0
-41125.0
-41135.0
-41161.0
-41175.0
-41158.0
-41113.0
-41124.0
-41068.0
-41130.0
-41186.0
-41153.0
-41156.0
-41163.0
-41195.0
-41166.0
-41188.0
-41176.0
-41196.0
-41198.0
-41257.0
-41181.0
-41176.0
-41217.0
-41256.0
-41254.0
-41168.0
-41181.0
-41180.0
-41212.0
-41189.0
-41170.0
-41155.0
-41219.0
-41207.0
-41189.0
-41239.0
-41232.0
-41193.0
-41237.0
-41213.0
-41201.0
-41221.0
-41225.0
-41229.0
-41221.0
-41241.0
-41229.0
-41212.0
-41195.0
-41223.0
-41218.0
-41216.0
-41230.0
-41243.0
-41241.0
-41224.0
-41236.0
-41242.0
-41246.0
-41244.0
-41249.0
-41249.0
-41265.0
-41265.0
-41240.0
-41248.0
-41248.0
-41243.0
-41246.0
-41248.0
-41247.0
-41246.0
-41262.0
-41263.0
-41262.0
-41258.0
-41242.0
-41244.0
-41242.0
-41253.0
-41253.0
-41245.0
-41236.0
-41255.0
-41255.0
-41257.0
-41255.0
-41235.0
-41244.0
-41245.0
-41253.0
-41264.0
-41265.0
-41247.0
-41269.0
-41246.0
-41248.0
-41248.0
-41248.0
-41260.0
-41251.0
-41254.0
-41244.0
-41248.0
-41247.0
-41260.0
-41269.0
-41269.0
-41251.0
-41251.0
-41259.0
-41260.0
-41269.0
-41269.0
-41269.0
-41269.0
-41269.0
-41269.0
-41269.0
-41269.0
-41269.0
-41269.0
-41265.0
-41269.0
-41269.0
-41269.0
-41269.0
-41265.0
-41269.0
-41269.0
-41269.0
-41269.0
-41269.0
-41269.0
-41269.0
-41269.0
-41269.0
-41269.0
-41269.0
-41269.0
-41269.0
-41269.0
-41269.0
-41269.0
-41269.0
-41269.0
-41269.0
-41265.0
-41265.0
-41269.0
-41269.0
-41269.0
-41269.0
-41269.0
-41269.0
-41269.0
-41269.0
-41269.0
-41269.0
-41269.0
-41269.0
-41269.0
-41265.0
-41269.0
-41269.0
-41269.0
-41269.0
-41269.0
-41269.0
-41264.0
-41267.0
-41269.0
-41269.0
-41269.0
-41269.0
-41269.0
-41269.0
-41269.0
-41269.0
-41269.0
-41269.0
-41269.0
-41269.0
-41269.0
-41269.0
-41269.0
-41269.0
-41269.0
-41269.0
-41269.0
-41269.0
-41269.0
-41269.0
-41269.0
-41269.0
-41269.0
-41269.0
-41269.0
-41269.0
-41269.0
-41269.0
-41269.0
-41269.0
-41269.0
-41269.0
-41269.0
-41269.0
-41269.0
-41269.0
-41269.0
-41269.0
-41269.0
-41269.0
-41269.0
-41269.0
-41269.0
-41269.0
-41269.0
-41269.0
-41269.0
-41269.0
-41269.0
-41269.0
-41269.0
-41269.0
-41269.0
-41269.0
-41269.0
-41269.0
-41269.0
-41269.0
-41269.0
-41269.0
-41269.0
-41269.0
-41269.0
-41269.0
-41269.0
-41269.0
-41269.0
-41269.0
-41269.0
-41269.0
-41269.0
-41269.0
-41269.0
-41269.0
-41269.0
-41269.0
-41269.0
-41269.0
-41269.0
-41269.0
-41269.0
-41269.0
-41269.0
-41269.0
-41269.0
-41269.0
-41269.0
-41269.0
-41269.0
-41269.0
-41269.0
-41269.0
-41269.0
-41269.0
-41269.0
-41269.0
-41269.0
-41269.0
-41269.0
-41269.0
-41269.0
-41269.0
-41269.0
-41269.0
-41269.0
-41269.0
-41269.0
-41269.0
-41269.0
-41269.0
-41269.0
-41269.0
-41269.0
-41269.0
-41269.0
-41269.0
-41269.0
-41269.0
-41269.0
-41269.0
-41269.0
-41269.0
-41269.0
-41269.0
-41269.0
-41269.0
-41269.0
-41269.0
-41269.0
-41269.0
-41269.0
-41269.0
-41269.0
-41269.0
-41269.0
-41269.0
-41269.0
-41269.0
-41269.0
-41269.0
-41269.0
-41269.0
-41269.0
-41269.0
-41269.0
-41269.0
-41269.0
-41269.0
-41269.0
-41269.0
-41269.0
-41269.0
-41269.0
-41269.0
-41269.0
-41269.0
-41269.0
-41269.0
-41269.0
-41269.0
-41269.0
-41269.0
-41269.0
-41269.0
-41269.0
-41269.0
-41269.0
-41269.0
-41269.0
-41269.0
-41269.0
-41269.0
-41269.0
-41269.0
-41269.0
-41269.0
-41269.0
-41269.0
-41269.0
-41269.0
-41269.0
-41269.0
-41269.0
-41269.0
-41269.0
-41269.0
-41269.0
-41269.0
-41269.0
-41269.0
-41269.0
-41269.0
-41269.0
-41269.0
-41269.0
-41269.0
-41269.0
-41269.0
-41269.0
-41269.0
-41269.0
-41269.0
-41269.0
-41269.0
-41269.0
-41269.0
-41269.0
-41269.0
-41269.0
-41269.0
-41269.0
-41269.0
-41269.0
-41269.0
-41269.0
-41269.0
-41269.0
-41269.0
-41269.0
-41269.0
-41269.0
-41269.0
-41269.0
-41269.0
-41269.0
-41269.0
-41269.0
-41269.0
-41269.0
-41269.0
-41269.0
-41269.0
-41269.0
-41269.0
-41269.0
-41269.0
-41269.0
-41269.0
-41269.0
-41269.0
-41269.0
-41269.0
-41269.0
-41269.0
-41269.0
-41269.0
-41269.0
-41269.0
-41269.0
-41269.0
-41269.0
-41269.0
-41269.0
-41269.0
-41269.0
-41269.0
-41269.0
-41269.0
-41269.0
-41269.0
-41269.0
-41269.0
-41269.0
-41269.0
-41269.0
-41269.0
-41269.0
-41269.0
-41269.0
-41269.0
-41269.0
-41269.0
-41269.0
-41269.0
-41269.0
-41269.0
-41269.0
-41269.0
-41269.0
-41269.0
-41269.0
-41269.0
-41269.0
-41269.0
-41269.0
-41269.0
-41269.0
-41269.0
-41269.0
-41269.0
-41269.0
-41269.0
-41269.0
-41269.0
-41269.0
-41269.0
-41269.0
-41269.0
-41269.0
-41269.0
-41269.0
-41269.0
-41269.0
-41269.0
-41269.0
-41269.0
-41269.0
-41269.0
-41269.0
-41269.0
-41269.0
-41269.0
-41269.0
-41269.0
-41269.0
-41269.0
-41269.0
-41269.0
-41269.0
-41269.0
-41269.0
-41269.0
-41269.0
-41269.0
-41269.0
-41269.0
-41269.0
-41269.0
-41269.0
-41269.0
-41269.0
-41269.0
-41269.0
-41269.0
-41269.0
-41269.0
-41269.0
-41269.0
-41269.0
-41269.0
-41269.0
-41269.0
-41269.0
-41269.0
-41269.0
-41269.0
-41269.0
-41269.0
-41269.0
-41269.0
-41269.0
-41269.0
-41269.0
-41269.0
-41269.0
-41269.0
-41269.0
-41269.0
-41269.0
-41269.0
-41269.0
-41269.0
-41269.0
-41269.0
-41269.0
-41269.0
-41269.0
-41269.0
-41269.0
-41269.0
-41269.0
-41269.0
-41269.0
-41269.0
-41269.0
-41269.0
-41269.0
-41269.0
-41269.0
-41269.0
-41269.0
-41269.0
-41269.0
-41269.0
-41269.0
-41269.0
-41269.0
-41269.0
-41269.0
-41269.0
-41269.0
-41269.0
-41269.0
-41269.0
-41269.0
-41269.0
-41269.0
-41269.0
-41269.0
-41269.0
-41269.0
-41269.0
-41269.0
-41269.0
-41269.0
-41269.0
-41269.0
-41269.0
-41269.0
-41269.0
-41269.0
-41269.0
-41269.0
-41269.0
-41269.0
-41269.0
-41269.0
-41269.0
-41269.0
-41269.0
-41269.0
-41269.0
-41269.0
-41269.0
-41269.0
-41269.0
-41269.0
-41269.0
-41269.0
-41269.0
-41269.0
-41269.0
-41269.0
-41269.0
-41269.0
-41269.0
-41269.0
-41269.0
-41269.0
-41269.0
-41269.0
-41269.0
-41269.0
-41269.0
-41269.0
-41269.0
-41269.0
-41269.0
-41269.0
-41269.0
-41269.0
-41269.0
-41269.0
-41269.0
-41269.0
-41269.0
-41269.0
-41269.0
-41269.0
-41269.0
-41269.0
-41269.0
-41269.0
-41269.0
-41269.0



The list of values average 

-38674.322777777765
-38784.311666666654
-38868.509444444455
-38916.546666666654
-38967.502777777794
-39016.28666666667
-39080.52500000001
-39139.880000000005
-39180.7727777778
-39236.9977777778
-39275.29666666666
-39323.05444444443
-39370.84166666666
-39424.948888888866
-39470.26555555555
-39505.98111111113
-39542.94555555555
-39598.899444444454
-39650.31333333333
-39699.36611111111
-39754.16222222219
-39802.744999999995
-39844.216666666674
-39888.857222222236
-39932.632777777784
-39981.84111111111
-40023.29999999999
-40055.74055555558
-40105.84222222223
-40148.24111111111
-40183.925555555565
-40220.056666666664
-40260.161111111134
-40303.84555555556
-40340.762222222256
-40383.522777777776
-40405.00222222221
-40442.243333333325
-40465.63222222221
-40498.98000000001
-40537.895
-40565.893333333304
-40584.66722222222
-40610.217222222236
-40626.06000000002
-40652.894444444464
-40674.273888888885
-40698.86055555556
-40717.69222222221
-40738.751666666656
-40753.945
-40771.55388888892
-40785.83833333333
-40805.671666666676
-40824.41555555555
-40839.075
-40855.88833333333
-40870.75500000001
-40884.33944444446
-40896.29277777777
-40905.641111111116
-40919.24611111111
-40932.85611111109
-40944.308333333334
-40950.983333333344
-40961.20500000001
-40969.83777777777
-40978.47388888889
-40987.47166666666
-40997.17777777778
-41005.92388888887
-41014.26888888889
-41021.308333333334
-41032.73944444443
-41039.34277777776
-41048.5961111111
-41054.372222222235
-41059.95055555553
-41068.12388888886
-41074.146111111106
-41078.354999999996
-41084.67833333331
-41085.88166666667
-41092.446111111094
-41099.49444444443
-41103.8638888889
-41104.36555555555
-41106.80444444446
-41112.29277777778
-41116.12333333334
-41117.01111111112
-41121.77555555556
-41125.91444444446
-41132.23666666668
-41135.94944444444
-41137.42277777777
-41139.48722222223
-41145.786111111105
-41148.560555555545
-41148.81277777778
-41154.01999999999
-41157.74444444444
-41160.94333333335
-41159.26000000001
-41164.561111111114
-41165.862222222226
-41166.795
-41170.7822222222
-41172.03333333336
-41174.02888888888
-41173.89111111111
-41175.67944444443
-41179.61111111112
-41183.030555555546
-41185.518333333326
-41186.888888888876
-41188.68333333334
-41189.9061111111
-41190.93000000001
-41192.306666666685
-41194.8061111111
-41195.037222222214
-41197.835
-41197.6611111111
-41199.23833333332
-41200.67611111113
-41203.19444444443
-41204.81277777777
-41205.775
-41206.522222222244
-41208.43166666664
-41210.001111111094
-41210.96111111111
-41212.34777777778
-41213.58722222221
-41213.94
-41213.66
-41215.560000000005
-41216.32944444447
-41216.44333333334
-41216.06944444442
-41218.80888888888
-41218.81777777778
-41220.38833333334
-41222.429444444446
-41223.790555555555
-41224.18555555557
-41223.84666666666
-41224.143333333355
-41226.55222222224
-41226.77444444444
-41228.6411111111
-41229.54888888891
-41229.83277777779
-41229.866666666676
-41229.492777777785
-41229.22277777777
-41229.9138888889
-41231.51555555557
-41231.58388888887
-41232.691666666666
-41233.302777777804
-41234.672222222245
-41234.73722222222
-41236.197777777794
-41235.97555555554
-41235.436666666654
-41235.916666666664
-41235.88388888888
-41236.951111111135
-41237.45388888888
-41237.91833333334
-41238.877222222225
-41240.41666666667
-41239.80444444442
-41239.35555555555
-41240.97111111111
-41241.03444444445
-41241.76444444443
-41242.66222222222
-41243.65000000001
-41243.79944444446
-41242.823888888895
-41244.220555555556
-41243.441666666644
-41243.74500000001
-41244.33222222224
-41244.63555555557
-41245.30777777776
-41245.6588888889
-41246.46666666667
-41245.4988888889
-41246.90222222222
-41246.02444444443
-41246.734999999986
-41246.08888888889
-41246.377777777765
-41247.11611111109
-41246.6261111111
-41247.67333333332
-41247.55
-41248.09555555556
-41248.27277777776
-41248.31111111111
-41250.448888888895
-41249.48111111112
-41250.556666666635
-41249.78666666665
-41249.695
-41250.20055555556
-41250.94
-41250.374999999985
-41250.77888888889
-41250.61666666666
-41251.78555555555
-41251.89222222223
-41252.59944444444
-41253.412777777776
-41252.97277777778
-41252.34111111113
-41253.53166666668
-41253.70055555557
-41253.64333333335
-41254.219999999994
-41254.06666666666
-41253.7
-41254.04000000001
-41254.439999999995
-41254.2038888889
-41254.67277777774
-41253.94555555556
-41254.38777777779
-41254.08388888888
-41253.79999999998
-41254.26833333334
-41253.466111111105
-41254.55222222221
-41254.19444444444
-41254.248888888884
-41254.87888888892
-41255.1261111111
-41255.428333333344
-41254.83611111112
-41255.004444444436
-41254.95111111109
-41255.6538888889
-41256.42888888888
-41256.62055555556
-41255.98444444444
-41256.15666666667
-41256.73944444446
-41256.99166666666
-41257.09888888889
-41256.59
-41256.928888888884
-41257.175
-41257.6561111111
-41257.84500000001
-41258.079999999994
-41257.636111111126
-41257.47777777778
-41257.74388888887
-41257.43944444444
-41258.03722222222
-41257.83944444444
-41258.19000000003
-41258.491111111114
-41258.41888888888
-41259.025555555534
-41259.096666666686
-41258.883333333324
-41258.99999999999
-41259.31666666667
-41259.053888888884
-41259.56444444446
-41259.56666666667
-41259.72333333332
-41259.525
-41260.15833333333
-41259.85555555556
-41260.29944444445
-41260.5938888889
-41260.26777777781
-41260.43611111113
-41260.3377777778
-41259.96666666665
-41259.92555555554
-41260.40666666668
-41260.57833333335
-41260.5511111111
-41260.586111111115
-41260.903888888904
-41260.54944444445
-41260.63388888888
-41260.86055555557
-41261.00222222222
-41261.22777777778
-41261.03611111111
-41260.89666666666
-41260.772777777776
-41260.92944444445
-41261.01722222221
-41261.049444444434
-41261.35444444442
-41261.20388888888
-41261.16222222221
-41261.34333333334
-41261.61
-41261.768888888866
-41262.0438888889
-41261.7761111111
-41261.713888888895
-41261.436111111114
-41261.44166666666
-41261.723333333335
-41261.67055555554
-41261.50999999998
-41261.444444444445
-41261.708333333336
-41261.57777777779
-41261.63055555558
-41261.76666666667
-41261.96777777778
-41262.07555555556
-41262.27166666665
-41262.25555555552
-41261.98111111114
-41262.21333333334
-41262.60166666667
-41262.39944444444
-41262.45944444444
-41262.97
-41262.92722222222
-41262.664999999986
-41262.81888888891
-41262.794444444444
-41262.793333333335
-41262.69333333334
-41263.118333333325
-41262.54166666667
-41262.79999999998
-41263.20888888889
-41262.736666666635
-41263.19000000002
-41263.48722222223
-41263.24777777778
-41263.29611111113
-41263.407222222224
-41263.796666666654
-41263.50611111111
-41263.36277777778
-41262.9961111111
-41263.624444444424
-41263.49333333332
-41263.421111111114
-41263.28222222223
-41263.36833333333
-41263.5322222222
-41263.48500000001
-41263.43222222221
-41263.442222222235
-41263.53777777778
-41263.658333333326
-41263.47722222221
-41263.87444444445
-41263.52611111111
-41264.077777777784
-41263.715555555566
-41263.58833333333
-41263.69055555556
-41263.5261111111
-41263.81388888888
-41264.10777777779
-41263.98555555557
-41263.60277777776
-41263.79611111111
-41263.95666666667
-41263.949444444435
-41264.18333333334
-41263.96444444446
-41264.08111111114
-41263.96722222223
-41263.98722222223
-41263.930000000015
-41263.982222222236
-41263.91666666668
-41263.855555555565
-41263.65277777778
-41263.95222222224
-41263.91555555557
-41264.191666666666
-41264.146666666675
-41263.97888888889
-41264.10999999999
-41264.093888888885
-41264.19222222222
-41264.2272222222
-41263.95055555557
-41264.15055555557
-41263.92111111113
-41264.10277777778
-41264.098888888875
-41264.322222222225
-41264.33277777775
-41264.27555555554
-41264.30222222222
-41264.339444444464
-41264.36833333334
-41264.33611111109
-41264.41055555554
-41264.175
-41264.36722222222
-41264.49999999999
-41264.35555555556
-41264.44888888887
-41264.55777777778
-41264.51444444446
-41264.421666666676
-41264.44166666669
-41264.301111111134
-41264.38666666666
-41264.18555555555
-41264.51611111112
-41264.41555555556
-41264.63166666667
-41264.572222222225
-41264.78833333332
-41264.63999999998
-41264.66888888888
-41264.727222222224
-41264.64277777777
-41264.60444444443
-41264.68555555557
-41264.76888888889
-41264.64944444445
-41264.89777777777
-41264.59333333332
-41264.737777777795
-41264.85944444444
-41264.84444444444
-41264.68666666665
-41264.80999999998
-41264.73555555555
-41264.94777777777
-41264.72888888889
-41264.601111111115
-41264.4661111111
-41264.30166666666
-41264.811666666654
-41264.688888888886
-41264.82277777777
-41264.81722222223
-41265.075555555544
-41264.84222222222
-41264.84666666666
-41264.802222222235
-41264.93555555556
-41264.87777777777
-41264.63888888888
-41264.72722222222
-41264.84722222222
-41264.79333333333
-41264.74277777778
-41264.80388888889
-41264.88166666666
-41264.979999999996
-41264.996666666666
-41265.00444444443
-41264.94388888889
-41265.04833333332
-41265.086111111115
-41265.15055555558
-41264.99444444444
-41264.97722222222
-41265.145555555544
-41265.2377777778
-41265.099444444444
-41265.05111111113
-41265.0538888889
-41265.21722222223
-41265.15833333335
-41265.31055555555
-41265.09111111112
-41265.058888888896
-41265.036666666696
-41265.11555555555
-41265.13222222222
-41264.944444444445
-41265.14333333331
-41265.025
-41264.83666666668
-41265.00222222222
-41265.186666666654
-41265.32722222223
-41265.25111111111
-41265.17
-41265.23111111111
-41265.340555555566
-41265.33444444443
-41265.34166666668
-41265.29000000001
-41265.282777777764
-41265.448888888895
-41265.37277777782
-41265.37111111112
-41265.36111111113
-41265.35666666667
-41265.46
-41265.300555555536
-41265.26666666668
-41265.15111111113
-41265.362777777766
-41265.32388888887
-41265.179444444446
-41265.142777777764
-41265.2788888889
-41265.26222222222
-41265.33999999998
-41265.24
-41265.499444444446
-41265.30055555554
-41265.342777777776
-41265.39777777776
-41265.284444444434
-41265.209444444445
-41265.11055555556
-41265.32222222223
-41265.383888888886
-41265.399999999994
-41265.356111111105
-41265.343333333316
-41265.47611111109
-41265.498888888906
-41265.50555555555
-41265.44
-41265.26222222221
-41265.494999999995
-41265.53111111111
-41265.50444444444
-41265.42999999999
-41265.55888888888
-41265.62888888889
-41265.338888888895
-41265.48444444445
-41265.49222222221
-41265.42666666669
-41265.40888888889
-41265.44722222223
-41265.46111111113
-41265.35499999999
-41265.366111111136
-41265.44055555556
-41265.40444444444
-41265.62611111112
-41265.47499999999
-41265.50444444444
-41265.47166666668
-41265.41666666665
-41265.409999999996
-41265.5661111111
-41265.565555555535
-41265.56
-41265.52555555555
-41265.53111111112
-41265.459999999985
-41265.59499999999
-41265.545
-41265.63555555556
-41265.51888888888
-41265.52166666664
-41265.45777777778
-41265.63833333333
-41265.60388888891
-41265.701111111106
-41265.70944444446
-41265.66499999999
-41265.647222222215
-41265.59166666666
-41265.57666666667
-41265.51888888889
-41265.68833333332
-41265.39388888887
-41265.641111111094
-41265.57722222222
-41265.710555555546
-41265.63888888889
-41265.81666666665
-41265.65833333332
-41265.783888888895
-41265.889444444445
-41265.775
-41265.79222222223
-41265.77444444443
-41265.864444444436
-41265.78388888888
-41265.73611111112
-41265.77777777778
-41265.62833333333
-41265.75277777777
-41265.7822222222
-41265.71111111112
-41265.77277777776
-41265.81333333332
-41265.64055555554
-41265.75111111111
-41265.72499999997
-41265.63444444444
-41265.68111111112
-41265.72666666665
-41265.68222222223
-41265.759999999995
-41265.82444444445
-41265.75833333334
-41265.80444444443
-41265.79277777777
-41265.77333333332
-41265.82277777777
-41265.79333333333
-41265.86777777777
-41265.88777777779
-41265.917222222226
-41265.867777777785
-41265.85611111112
-41265.8211111111
-41265.82888888888
-41265.745000000024
-41265.79611111111
-41265.715555555544
-41265.86555555556
-41265.75777777776
-41265.71111111111
-41265.73444444445
-41265.84555555555
-41265.82166666667
-41265.73277777779
-41265.80888888891
-41265.851666666684
-41265.83166666667
-41265.81833333334
-41265.755000000005
-41265.76555555556
-41265.87222222222
-41265.84333333335
-41265.811111111114
-41265.909999999996
-41265.773888888885
-41265.89055555555
-41265.806111111124
-41265.9561111111
-41265.87999999999
-41265.932777777765
-41265.89055555555
-41265.89000000001
-41265.81888888889
-41265.85888888889
-41265.845555555556
-41265.89833333333
-41265.92555555554
-41265.82333333333
-41265.82333333332
-41265.88166666666
-41265.88
-41265.73166666668
-41265.84222222221
-41265.80777777778
-41265.63944444443
-41265.743888888894
-41265.789999999986
-41265.77277777777
-41265.76277777778
-41265.823333333334
-41265.82944444444
-41265.866111111114
-41265.78111111111
-41265.90611111111
-41265.834444444445
-41265.791111111095
-41265.88333333334
-41265.98833333331
-41265.905
-41265.773888888885
-41265.74555555556
-41265.83111111108
-41265.87777777779
-41265.90222222222
-41265.87111111112
-41265.8511111111
-41265.839444444435
-41265.712222222224
-41265.7938888889
-41265.77722222222
-41265.763333333314
-41265.66999999999
-41265.68944444443
-41265.69611111111
-41265.733888888884
-41265.77555555554
-41265.630000000005
-41265.77888888888
-41265.77166666667
-41265.68666666667
-41265.51222222222
-41265.55444444443
-41265.62944444443



The list of best values average 

-39107.02999999998
-39182.53
-39227.33
-39269.4
-39322.85999999998
-39394.68
-39444.4
-39499.01000000001
-39551.24
-39620.179999999986
-39622.960000000014
-39701.3
-39739.82
-39799.95999999999
-39831.740000000005
-39869.600000000006
-39905.040000000015
-39958.409999999996
-39993.030000000006
-40052.94000000001
-40125.450000000004
-40168.25000000001
-40205.880000000005
-40251.05
-40280.64999999999
-40340.090000000004
-40358.329999999994
-40401.55999999998
-40445.42999999999
-40490.85999999999
-40523.240000000005
-40553.38999999999
-40603.48000000001
-40618.48999999999
-40645.54
-40689.070000000014
-40716.27
-40745.880000000005
-40776.02999999999
-40799.40999999998
-40830.64000000001
-40848.12999999999
-40857.220000000016
-40872.850000000006
-40897.35000000001
-40917.079999999994
-40922.930000000015
-40949.72999999999
-40966.68
-40974.28000000002
-40985.37
-40990.24
-41016.32999999999
-41032.380000000005
-41037.42999999999
-41048.77000000001
-41057.03999999999
-41066.26
-41078.91999999998
-41089.720000000016
-41095.77
-41097.939999999995
-41116.67
-41125.23999999997
-41124.640000000014
-41137.77999999999
-41142.53
-41152.53999999999
-41152.060000000005
-41157.13
-41160.45000000001
-41161.70999999999
-41168.25999999999
-41175.52
-41174.97000000001
-41189.77999999999
-41191.58
-41186.159999999996
-41198.73999999998
-41197.250000000015
-41204.63999999999
-41207.13
-41205.92
-41209.57999999999
-41216.48999999999
-41216.11000000001
-41217.229999999996
-41213.330000000016
-41217.36000000001
-41217.74999999999
-41220.99
-41223.02
-41223.48999999999
-41225.95000000001
-41232.93
-41233.82
-41231.62000000001
-41234.659999999996
-41235.53
-41238.60000000001
-41238.89999999999
-41241.009999999995
-41243.100000000006
-41241.75999999999
-41243.37
-41240.77999999998
-41242.15
-41244.310000000005
-41246.69
-41246.770000000004
-41245.48999999998
-41246.76000000001
-41249.149999999994
-41250.41999999999
-41251.79999999998
-41253.23999999999
-41253.299999999996
-41252.24999999999
-41252.82
-41253.32
-41255.41
-41255.37
-41257.13000000001
-41255.81999999999
-41257.16999999998
-41257.29
-41258.92999999998
-41259.069999999985
-41259.33000000001
-41258.72000000001
-41259.48
-41260.08999999998
-41261.919999999984
-41261.05999999999
-41261.91
-41261.94999999999
-41261.57000000001
-41262.619999999995
-41264.23999999998
-41262.659999999996
-41264.35999999998
-41263.19999999999
-41263.01
-41262.74999999999
-41264.97999999999
-41263.81999999998
-41265.96000000001
-41266.34
-41264.08999999999
-41266.4
-41266.329999999994
-41266.51
-41267.179999999986
-41266.57000000002
-41266.49
-41266.81999999998
-41266.19
-41266.639999999985
-41267.86999999999
-41266.90999999999
-41268.13
-41267.759999999995
-41268.58
-41267.58999999998
-41268.01999999998
-41268.990000000005
-41268.299999999996
-41268.889999999985
-41269.04999999999
-41268.959999999985
-41268.86
-41269.740000000005
-41269.61999999997
-41270.66999999998
-41271.39999999998
-41269.649999999965
-41269.56999999997
-41270.39999999997
-41269.489999999976
-41271.10999999998
-41270.43999999998
-41270.099999999984
-41270.759999999966
-41271.439999999995
-41270.849999999984
-41271.150000000016
-41270.27999999997
-41270.61999999999
-41270.41999999999
-41271.09999999997
-41270.999999999985
-41271.04999999999
-41271.54999999998
-41270.51999999998
-41270.599999999984
-41270.90999999998
-41270.749999999985
-41271.43999999999
-41271.189999999995
-41270.42999999999
-41270.90999999998
-41272.18999999998
-41272.289999999964
-41271.19999999997
-41272.10999999997
-41272.49999999998
-41272.67999999997
-41272.69999999997
-41271.459999999985
-41272.00999999999
-41272.76999999999
-41272.31999999998
-41272.46
-41272.469999999994
-41272.33999999998
-41273.23
-41272.84
-41273.18999999999
-41272.299999999974
-41271.87999999999
-41272.31999999999
-41272.59
-41273.19999999998
-41272.77
-41272.78999999999
-41273.38999999999
-41273.27999999999
-41272.99
-41272.72999999999
-41273.069999999985
-41273.08999999999
-41272.77999999999
-41272.77999999999
-41272.25999999999
-41272.65999999999
-41271.679999999986
-41272.96999999998
-41273.0
-41272.64999999999
-41272.45999999999
-41273.22999999999
-41273.10999999998
-41272.79999999998
-41273.10999999997
-41273.03999999998
-41273.67999999998
-41274.029999999984
-41274.26999999999
-41274.34999999999
-41273.57
-41274.1
-41273.109999999986
-41273.72
-41274.32
-41273.54
-41273.58000000001
-41273.58999999999
-41273.50999999998
-41274.09999999998
-41274.21999999999
-41273.62999999998
-41273.09999999999
-41273.42
-41273.689999999995
-41273.63999999999
-41273.28999999999
-41273.33999999998
-41273.57000000001
-41273.75999999999
-41273.89
-41274.05999999998
-41273.90999999999
-41273.729999999996
-41273.709999999985
-41273.86999999998
-41273.499999999985
-41273.78999999998
-41273.859999999986
-41273.609999999986
-41273.449999999975
-41274.19999999998
-41274.359999999986
-41274.279999999984
-41273.96999999998
-41273.86999999998
-41273.94999999998
-41274.049999999974
-41274.00999999999
-41273.359999999986
-41274.04
-41274.16
-41273.56999999998
-41273.94999999999
-41273.83999999999
-41273.54999999999
-41273.84
-41273.939999999995
-41274.37999999999
-41273.74999999999
-41273.939999999995
-41274.079999999994
-41273.86999999998
-41273.959999999985
-41274.04999999999
-41273.83999999998
-41273.97999999998
-41273.779999999984
-41273.899999999994
-41273.92999999998
-41273.99999999997
-41273.699999999975
-41274.18999999998
-41273.71999999999
-41273.72999999999
-41273.82999999999
-41274.11999999999
-41274.12999999998
-41273.82999999998
-41273.89999999999
-41274.079999999994
-41273.999999999985
-41273.999999999985
-41273.98
-41274.42
-41274.27999999999
-41274.289999999986
-41274.069999999985
-41274.329999999994
-41274.46999999999
-41273.819999999985
-41274.279999999984
-41274.20999999998
-41274.28999999997
-41274.32999999999
-41274.199999999975
-41274.1
-41274.30999999999
-41274.06999999998
-41274.31999999999
-41274.04999999998
-41274.059999999976
-41274.32999999997
-41273.91999999998
-41274.04999999998
-41274.299999999974
-41274.24999999997
-41274.26999999998
-41274.33999999997
-41274.389999999985
-41274.51999999998
-41274.39999999998
-41274.039999999986
-41274.29999999998
-41274.27999999998
-41274.54999999999
-41274.57999999997
-41274.33999999998
-41274.27999999997
-41274.06999999998
-41274.16999999998
-41274.26999999999
-41274.129999999976
-41274.27999999998
-41274.09999999998
-41274.30999999997
-41274.19999999997
-41274.31999999996
-41273.879999999976
-41274.21999999998
-41274.34999999998
-41274.409999999974
-41274.35999999998
-41274.25999999999
-41274.209999999985
-41274.26999999999
-41274.359999999986
-41274.40999999998
-41274.30999999999
-41274.21
-41274.29999999998
-41274.36999999999
-41274.319999999985
-41274.289999999986
-41274.359999999986
-41274.21999999999
-41274.40999999998
-41274.449999999975
-41274.50999999998
-41274.559999999976
-41274.27999999998
-41274.39999999998
-41274.37999999998
-41274.429999999986
-41274.37999999998
-41274.46999999997
-41274.159999999974
-41274.34999999998
-41273.88999999997
-41274.32999999997
-41274.279999999984
-41274.319999999985
-41273.97999999998
-41274.15999999999
-41274.299999999974
-41274.069999999985
-41274.019999999975
-41274.049999999974
-41273.99999999998
-41274.11999999997
-41274.04999999998
-41274.129999999976
-41274.239999999976
-41274.18999999997
-41274.14999999998
-41274.29999999998
-41274.36999999997
-41274.309999999976
-41274.289999999986
-41274.12999999999
-41274.219999999994
-41274.109999999986
-41274.22999999999
-41274.33999999998
-41274.16999999998
-41274.36999999998
-41274.30999999998
-41274.39999999998
-41273.96999999998
-41274.389999999985
-41274.319999999985
-41274.42999999998
-41274.48999999998
-41274.37999999998
-41274.43999999998
-41274.23999999998
-41274.38999999998
-41274.33999999998
-41274.379999999976
-41274.27999999998
-41274.33999999998
-41274.17999999998
-41274.37999999998
-41274.309999999976
-41274.40999999998
-41274.389999999985
-41274.23999999998
-41274.00999999998
-41274.049999999974
-41274.41999999998
-41274.389999999985
-41274.55999999998
-41274.31999999998
-41274.31999999998
-41274.25999999998
-41274.42999999998
-41274.56999999998
-41274.429999999986
-41274.54999999998
-41274.14999999997
-41274.33999999998
-41274.38999999998
-41274.53999999998
-41274.26999999998
-41274.429999999986
-41274.379999999976
-41274.76999999998
-41274.61999999997
-41274.699999999975
-41274.629999999976
-41274.629999999976
-41274.57999999997
-41274.659999999974
-41274.47999999998
-41274.629999999976
-41274.50999999998
-41274.67999999998
-41274.68999999998
-41274.74999999998
-41274.77999999998
-41274.78999999998
-41274.66999999998
-41274.78999999998
-41274.659999999974
-41274.71999999998
-41274.78999999998
-41274.61999999998
-41274.659999999974
-41274.61999999997
-41274.769999999975
-41274.62999999998
-41274.71999999997
-41274.60999999997
-41274.629999999976
-41274.819999999985
-41274.70999999998
-41274.81999999998
-41274.639999999985
-41274.71999999999
-41274.55999999998
-41274.71999999999
-41274.669999999984
-41274.75999999999
-41274.61999999998
-41274.76999999999
-41274.53999999998
-41274.61999999998
-41274.56999999998
-41274.76999999998
-41274.57999999998
-41274.64999999999
-41274.64999999999
-41274.569999999985
-41274.639999999985
-41274.499999999985
-41274.499999999985
-41274.599999999984
-41274.599999999984
-41274.58999999998
-41274.71999999998
-41274.65999999998
-41274.549999999974
-41274.68999999998
-41274.629999999976
-41274.68999999997
-41274.61999999998
-41274.779999999984
-41274.82999999999
-41274.74999999999
-41274.83999999999
-41274.65999999998
-41274.639999999985
-41274.65999999998
-41274.749999999985
-41274.65999999998
-41274.639999999985
-41274.69999999998
-41274.849999999984
-41274.76999999998
-41274.80999999998
-41274.72999999998
-41274.669999999984
-41274.71999999999
-41274.70999999999
-41274.859999999986
-41274.69999999998
-41274.719999999994
-41274.56999999999
-41274.66999999999
-41274.55999999999
-41274.609999999986
-41274.55999999999
-41274.709999999985
-41274.68999999999
-41274.82999999999
-41274.71999999998
-41274.80999999998
-41274.58999999999
-41274.61999999999
-41274.78999999999
-41274.689999999995
-41274.66999999999
-41274.77999999999
-41274.73999999998
-41274.79
-41274.78999999999
-41274.74
-41274.69
-41274.83999999999
-41274.719999999994
-41274.729999999996
-41274.649999999994
-41274.729999999996
-41274.52999999999
-41274.70999999999
-41274.48999999999
-41274.65999999999
-41274.65999999999
-41274.76999999998
-41274.75999999999
-41274.64999999999
-41274.86999999999
-41274.50999999999
-41274.86999999999
-41274.749999999985
-41274.72999999999
-41274.67999999999
-41274.709999999985
-41274.71999999999
-41274.759999999995
-41274.929999999986
-41274.75999999999
-41274.77999999999
-41274.55999999999
-41274.63999999999
-41274.68999999999
-41274.539999999986
-41274.74999999999
-41274.54999999999
-41274.67999999999
-41274.539999999986
-41274.69999999999
-41274.539999999986
-41274.72999999999
-41274.43999999999
-41274.689999999995
-41274.51999999998
-41274.70999999999
-41274.64999999999
-41274.73999999998
-41274.64999999998
-41274.749999999985
-41274.55999999998
-41274.73999999999
-41274.58999999998
-41274.76999999999
-41274.55999999998
-41274.65999999999
-41274.46999999999
-41274.67999999999
-41274.70999999999
-41274.68999999999
-41274.62999999999
-41274.73999999999
-41274.54999999999
-41274.64999999998
-41274.52999999998
-41274.709999999985
-41274.48999999998
-41274.71999999999
-41274.49999999998
-41274.69999999998
-41274.64999999999
-41274.61999999999
-41274.73999999998
-41274.52999999998
-41274.62999999998
-41274.69999999998
-41274.64999999998
-41274.47999999998
-41274.459999999985
-41274.72999999998
-41274.64999999999
-41274.69999999998
-41274.599999999984
-41274.86999999998
-41274.749999999985
-41274.76999999999
-41274.58999999999
-41274.65999999998
-41274.58999999999
-41274.709999999985
-41274.66999999999
-41274.71999999998
-41274.75999999999
-41274.67999999998
-41274.76999999998
-41274.68999999998
-41274.61999999999
-41274.609999999986
-41274.569999999985
-41274.53999999998
-41274.64999999999
-41274.65999999999
-41274.669999999984
-41274.639999999985
-41274.48999999998
-41274.569999999985
-41274.54999999998
-41274.669999999984
-41274.55999999998
-41274.68999999998
-41274.57999999997
-41274.62999999998
-41274.519999999975
-41274.69999999999
-41274.629999999976
-41274.64999999998
-41274.50999999998
-41274.599999999984
-41274.50999999998
-41274.42999999998
-41274.459999999985
-41274.429999999986
-41274.49999999998
-41274.62999999998
-41274.49999999998
-41274.51999999998
-41274.51999999998
-41274.49999999998
-41274.51999999998
-41274.48999999998
-41274.49999999998
-41274.48999999998
-41274.51999999998
-41274.37999999998
-41274.47999999998
-41274.539999999986
-41274.52999999998
-41274.629999999976
-41274.54999999998
-41274.46999999999
-41274.50999999999
-41274.42999999998
-41274.559999999976
