----------Report of simulation of Quantum Parallel Tempering - Population Annealing v2-----------
The number of considered Spin70
The considered Annealing Duration 280
The considered Annealing Number 100
The considered T 1.0
The considered Gamma0 1.0
The considered Number Of Replica 3
The considered Number Of System Tempering 3
The considered Number Of System Population 3
The solution found [ 1.  1.  1. -1.  1.  1.  1. -1. -1. -1.  1.  1. -1. -1.  1. -1. -1.  1.
 -1.  1. -1.  1. -1.  1. -1.  1.  1.  1.  1. -1. -1.  1.  1.  1. -1. -1.
  1.  1. -1.  1. -1. -1. -1.  1. -1.  1. -1.  1. -1. -1. -1.  1.  1. -1.
 -1. -1. -1.  1.  1.  1. -1. -1.  1.  1.  1. -1.  1. -1.  1. -1.]
The value found -6823.0
The Success probability is 0.76
The average value is -6821.46
The total execution time is 1050.8610241413116
The average time for execution is 10.508608026504517
The average time for all systems update is 0.03744237225396293
The average time for system tempering update is 0.0063584892778169545
The average time for system population update is 504.7309582233429
The average time for replica update is 0.002060452120171653
The average time for spin update is 2.9065566545441037e-05
The list of values found 

-6815.0
-6823.0
-6823.0
-6823.0
-6823.0
-6823.0
-6823.0
-6823.0
-6823.0
-6823.0
-6823.0
-6823.0
-6819.0
-6823.0
-6823.0
-6823.0
-6823.0
-6823.0
-6815.0
-6819.0
-6816.0
-6820.0
-6823.0
-6823.0
-6815.0
-6823.0
-6823.0
-6823.0
-6823.0
-6823.0
-6823.0
-6823.0
-6816.0
-6816.0
-6823.0
-6823.0
-6816.0
-6823.0
-6823.0
-6823.0
-6823.0
-6823.0
-6823.0
-6823.0
-6823.0
-6816.0
-6823.0
-6823.0
-6823.0
-6823.0
-6816.0
-6823.0
-6823.0
-6823.0
-6823.0
-6823.0
-6823.0
-6823.0
-6815.0
-6823.0
-6823.0
-6823.0
-6823.0
-6816.0
-6819.0
-6823.0
-6823.0
-6823.0
-6823.0
-6819.0
-6823.0
-6823.0
-6823.0
-6816.0
-6815.0
-6823.0
-6823.0
-6815.0
-6823.0
-6823.0
-6823.0
-6820.0
-6823.0
-6823.0
-6823.0
-6823.0
-6823.0
-6823.0
-6823.0
-6816.0
-6823.0
-6823.0
-6823.0
-6823.0
-6816.0
-6823.0
-6823.0
-6816.0
-6816.0
-6823.0



The list of values first execution 

-6166.222222222223
-6246.555555555556
-6277.777777777777
-6344.722222222223
-6316.777777777777
-6322.944444444444
-6335.888888888889
-6364.111111111111
-6395.555555555556
-6369.222222222223
-6421.611111111111
-6391.888888888889
-6419.055555555556
-6414.833333333333
-6429.333333333333
-6408.277777777777
-6429.055555555556
-6456.111111111111
-6480.5
-6474.666666666667
-6459.666666666667
-6501.222222222223
-6484.555555555556
-6520.944444444444
-6529.666666666667
-6526.0
-6496.444444444444
-6521.444444444444
-6490.277777777777
-6513.166666666667
-6527.944444444444
-6549.5
-6552.444444444444
-6519.722222222223
-6547.555555555556
-6558.166666666667
-6515.833333333333
-6538.833333333333
-6524.833333333333
-6544.166666666667
-6546.666666666667
-6569.611111111111
-6547.888888888889
-6544.777777777777
-6557.777777777777
-6571.666666666667
-6559.777777777777
-6567.111111111111
-6584.111111111111
-6586.611111111111
-6570.388888888889
-6584.611111111111
-6563.722222222223
-6577.777777777777
-6592.5
-6592.555555555556
-6577.611111111111
-6567.333333333333
-6588.666666666667
-6596.0
-6558.888888888889
-6564.555555555556
-6576.277777777777
-6580.777777777777
-6587.722222222223
-6592.333333333333
-6593.444444444444
-6577.388888888889
-6578.944444444444
-6573.444444444444
-6580.111111111111
-6590.277777777777
-6566.277777777777
-6571.5
-6581.722222222223
-6589.611111111111
-6582.0
-6585.222222222223
-6601.833333333333
-6585.166666666667
-6591.666666666667
-6570.111111111111
-6588.277777777777
-6597.277777777777
-6588.333333333333
-6595.833333333333
-6597.666666666667
-6593.388888888889
-6591.5
-6563.666666666667
-6593.722222222223
-6591.555555555556
-6582.111111111111
-6604.111111111111
-6604.277777777777
-6592.388888888889
-6565.388888888889
-6561.555555555556
-6582.0
-6578.166666666667
-6590.722222222223
-6598.611111111111
-6594.0
-6588.333333333333
-6568.5
-6585.388888888889
-6614.444444444444
-6601.944444444444
-6586.722222222223
-6591.388888888889
-6597.722222222223
-6579.666666666667
-6582.888888888889
-6588.444444444444
-6582.222222222223
-6596.0
-6600.444444444444
-6585.222222222223
-6576.555555555556
-6576.444444444444
-6563.833333333333
-6560.611111111111
-6583.222222222223
-6572.611111111111
-6595.333333333333
-6582.722222222223
-6586.333333333333
-6593.666666666667
-6594.888888888889
-6589.888888888889
-6572.277777777777
-6578.222222222223
-6549.444444444444
-6551.944444444444
-6551.5
-6580.111111111111
-6615.0
-6563.611111111111
-6589.277777777777
-6578.777777777777
-6597.722222222223
-6586.944444444444
-6599.333333333333
-6599.833333333333
-6587.166666666667
-6589.333333333333
-6615.777777777777
-6606.555555555556
-6567.777777777777
-6591.444444444444
-6557.444444444444
-6577.833333333333
-6587.666666666667
-6605.055555555556
-6600.166666666667
-6608.166666666667
-6580.555555555556
-6566.833333333333
-6616.611111111111
-6608.333333333333
-6611.611111111111
-6587.444444444444
-6598.111111111111
-6598.777777777777
-6587.777777777777
-6613.666666666667
-6577.388888888889
-6596.333333333333
-6577.666666666667
-6582.333333333333
-6610.166666666667
-6582.888888888889
-6592.111111111111
-6599.055555555556
-6597.055555555556
-6577.277777777777
-6600.611111111111
-6612.777777777777
-6578.388888888889
-6595.666666666667
-6600.0
-6564.555555555556
-6569.833333333333
-6574.5
-6604.333333333333
-6566.666666666667
-6586.0
-6593.611111111111
-6586.111111111111
-6580.944444444444
-6579.944444444444
-6582.055555555556
-6586.5
-6592.555555555556
-6604.277777777777
-6608.666666666667
-6580.333333333333
-6569.166666666667
-6572.055555555556
-6592.277777777777
-6577.722222222223
-6588.666666666667
-6593.277777777777
-6588.111111111111
-6575.388888888889
-6592.111111111111
-6593.333333333333
-6611.5
-6606.833333333333
-6602.222222222223
-6602.888888888889
-6598.222222222223
-6604.277777777777
-6610.388888888889
-6613.111111111111
-6608.166666666667
-6612.166666666667
-6609.111111111111
-6594.888888888889
-6608.722222222223
-6613.222222222223
-6567.722222222223
-6570.722222222223
-6580.055555555556
-6594.166666666667
-6622.277777777777
-6581.888888888889
-6582.222222222223
-6590.055555555556
-6574.166666666667
-6583.166666666667
-6586.833333333333
-6574.166666666667
-6589.388888888889
-6585.833333333333
-6567.5
-6597.333333333333
-6571.888888888889
-6573.5
-6588.0
-6554.666666666667
-6595.888888888889
-6584.388888888889
-6612.944444444444
-6584.166666666667
-6596.777777777777
-6631.0
-6582.5
-6580.555555555556
-6566.555555555556
-6541.333333333333
-6553.444444444444
-6576.444444444444
-6578.0
-6585.666666666667
-6609.333333333333
-6617.555555555556
-6618.055555555556
-6584.888888888889
-6583.888888888889
-6588.111111111111
-6574.722222222223
-6587.611111111111
-6604.444444444444
-6571.166666666667
-6608.277777777777
-6554.666666666667
-6599.333333333333
-6611.722222222223
-6555.222222222223
-6574.722222222223
-6587.333333333333
-6603.611111111111
-6559.111111111111
-6593.777777777777
-6604.611111111111
-6617.944444444444
-6609.777777777777
-6606.388888888889
-6593.944444444444



The list of best values first execution 

-6533.0
-6702.0
-6716.0
-6742.0
-6734.0
-6736.0
-6736.0
-6763.0
-6769.0
-6767.0
-6769.0
-6765.0
-6765.0
-6765.0
-6765.0
-6765.0
-6765.0
-6765.0
-6764.0
-6765.0
-6765.0
-6765.0
-6765.0
-6764.0
-6765.0
-6765.0
-6765.0
-6765.0
-6764.0
-6795.0
-6792.0
-6798.0
-6781.0
-6775.0
-6798.0
-6789.0
-6765.0
-6765.0
-6770.0
-6781.0
-6800.0
-6810.0
-6813.0
-6814.0
-6790.0
-6782.0
-6780.0
-6764.0
-6788.0
-6800.0
-6814.0
-6811.0
-6798.0
-6798.0
-6795.0
-6797.0
-6797.0
-6797.0
-6799.0
-6783.0
-6780.0
-6796.0
-6798.0
-6814.0
-6811.0
-6814.0
-6814.0
-6805.0
-6805.0
-6783.0
-6802.0
-6808.0
-6815.0
-6809.0
-6804.0
-6806.0
-6806.0
-6809.0
-6815.0
-6814.0
-6814.0
-6814.0
-6814.0
-6815.0
-6815.0
-6815.0
-6815.0
-6814.0
-6814.0
-6815.0
-6815.0
-6815.0
-6815.0
-6814.0
-6811.0
-6814.0
-6815.0
-6815.0
-6814.0
-6814.0
-6815.0
-6815.0
-6815.0
-6815.0
-6815.0
-6810.0
-6814.0
-6813.0
-6814.0
-6815.0
-6815.0
-6815.0
-6815.0
-6815.0
-6815.0
-6815.0
-6814.0
-6814.0
-6815.0
-6815.0
-6815.0
-6813.0
-6814.0
-6814.0
-6815.0
-6815.0
-6815.0
-6815.0
-6814.0
-6815.0
-6811.0
-6815.0
-6811.0
-6811.0
-6811.0
-6811.0
-6811.0
-6811.0
-6814.0
-6815.0
-6815.0
-6813.0
-6814.0
-6814.0
-6815.0
-6815.0
-6815.0
-6815.0
-6815.0
-6815.0
-6814.0
-6814.0
-6814.0
-6815.0
-6815.0
-6815.0
-6815.0
-6814.0
-6814.0
-6814.0
-6815.0
-6815.0
-6815.0
-6815.0
-6815.0
-6815.0
-6815.0
-6815.0
-6815.0
-6815.0
-6814.0
-6814.0
-6815.0
-6815.0
-6815.0
-6815.0
-6814.0
-6814.0
-6814.0
-6814.0
-6815.0
-6815.0
-6810.0
-6809.0
-6810.0
-6810.0
-6813.0
-6815.0
-6815.0
-6815.0
-6814.0
-6814.0
-6814.0
-6815.0
-6815.0
-6815.0
-6814.0
-6814.0
-6815.0
-6815.0
-6815.0
-6814.0
-6814.0
-6815.0
-6814.0
-6815.0
-6815.0
-6814.0
-6815.0
-6815.0
-6815.0
-6815.0
-6814.0
-6814.0
-6815.0
-6815.0
-6815.0
-6815.0
-6815.0
-6814.0
-6814.0
-6814.0
-6811.0
-6811.0
-6811.0
-6814.0
-6815.0
-6815.0
-6815.0
-6815.0
-6815.0
-6815.0
-6815.0
-6814.0
-6814.0
-6815.0
-6815.0
-6815.0
-6815.0
-6814.0
-6814.0
-6814.0
-6815.0
-6814.0
-6815.0
-6815.0
-6815.0
-6815.0
-6815.0
-6815.0
-6814.0
-6815.0
-6815.0
-6815.0
-6815.0
-6815.0
-6815.0
-6814.0
-6815.0
-6815.0
-6815.0
-6815.0
-6814.0
-6814.0
-6815.0
-6814.0
-6815.0
-6815.0
-6815.0
-6815.0
-6815.0
-6814.0
-6814.0
-6814.0
-6814.0
-6815.0
-6815.0
-6815.0
-6815.0
-6815.0



The list of values average 

-6212.529444444444
-6263.032777777776
-6295.860000000001
-6312.583888888892
-6328.130555555551
-6339.782222222221
-6354.232777777777
-6364.080555555555
-6373.33277777778
-6383.557222222219
-6394.929999999999
-6405.402777777777
-6414.571666666668
-6420.474999999999
-6431.599444444445
-6441.890000000002
-6453.753333333332
-6462.501111111113
-6470.334999999999
-6477.873333333333
-6485.227222222225
-6488.033888888889
-6499.0455555555545
-6507.956666666665
-6512.5055555555555
-6518.927222222222
-6522.91333333333
-6528.182222222224
-6534.114444444445
-6538.387222222223
-6542.399444444444
-6549.3966666666665
-6549.628333333333
-6549.8338888888875
-6555.582222222222
-6553.911666666663
-6556.178333333334
-6558.9800000000005
-6561.955555555556
-6568.657222222221
-6570.056111111111
-6570.449999999999
-6573.192777777779
-6575.067222222222
-6575.68
-6576.681111111114
-6580.201111111116
-6580.762777777775
-6580.281111111108
-6581.517777777776
-6582.053888888887
-6582.466111111111
-6584.367777777781
-6583.850555555553
-6584.3838888888895
-6583.005555555553
-6584.503888888889
-6584.494999999998
-6587.104444444446
-6587.879444444445
-6588.23166666667
-6588.900555555557
-6592.853333333333
-6593.967777777777
-6594.49333333333
-6592.006111111111
-6593.602777777779
-6595.090555555556
-6594.292222222225
-6592.305555555556
-6593.976666666669
-6595.207222222225
-6597.31277777778
-6597.291111111111
-6597.33611111111
-6596.087222222222
-6596.072222222221
-6596.450000000001
-6597.414999999997
-6595.234999999998
-6595.328333333336
-6594.547222222219
-6596.22888888889
-6595.564999999999
-6596.168888888888
-6596.172222222224
-6595.302777777778
-6597.610555555553
-6597.583888888889
-6599.608888888892
-6597.422222222224
-6599.8
-6597.524444444445
-6598.132777777778
-6599.011666666666
-6599.6738888888885
-6599.266666666665
-6601.180000000004
-6600.812222222222
-6599.51
-6599.537222222223
-6600.898888888887
-6598.421111111109
-6597.8099999999995
-6600.465000000006
-6599.075555555554
-6595.8577777777755
-6599.316666666668
-6596.954444444445
-6598.85111111111
-6602.046666666666
-6598.954999999998
-6600.132222222223
-6601.591111111107
-6603.8094444444405
-6600.020555555557
-6601.942777777776
-6600.458333333333
-6601.482222222222
-6599.540000000001
-6597.847222222223
-6598.578333333333
-6600.472777777778
-6601.599444444444
-6601.813888888887
-6599.6244444444455
-6601.05277777778
-6600.296666666669
-6601.112777777778
-6601.489444444445
-6598.953333333336
-6600.314444444442
-6600.213333333334
-6602.37388888889
-6600.330555555557
-6601.857777777776
-6598.749444444446
-6603.021111111111
-6600.992777777779
-6601.067777777779
-6601.522222222221
-6604.347777777776
-6605.081666666664
-6601.643888888889
-6600.73888888889
-6599.806666666666
-6600.919444444446
-6600.798333333331
-6601.46388888889
-6601.985
-6599.954444444445
-6607.74166666667
-6603.4722222222235
-6604.6255555555545
-6603.738333333334
-6600.4866666666685
-6601.90333333333
-6603.404444444446
-6603.22777777778
-6604.943888888891
-6606.270555555552
-6601.747222222223
-6602.250555555555
-6604.115000000001
-6606.956666666666
-6602.92222222222
-6605.586666666667
-6605.635000000002
-6603.230000000001
-6604.540000000002
-6603.279444444445
-6599.844999999997
-6602.177222222222
-6603.1405555555575
-6599.408333333335
-6598.885555555556
-6602.921666666669
-6599.520000000002
-6602.3083333333325
-6599.357222222223
-6601.326666666666
-6597.818333333331
-6598.98111111111
-6599.763333333332
-6602.267777777777
-6601.948888888892
-6599.185000000003
-6600.89388888889
-6604.375555555557
-6601.570000000002
-6600.927777777779
-6603.6416666666655
-6603.681666666667
-6602.409999999999
-6604.597222222221
-6604.39666666667
-6602.381666666665
-6599.402222222223
-6600.6
-6602.546111111109
-6601.818333333331
-6601.939999999999
-6600.413333333335
-6605.017777777776
-6603.875555555553
-6605.129999999998
-6601.657777777778
-6603.306111111108
-6602.133333333334
-6600.334444444446
-6603.811111111116
-6605.085
-6606.645555555558
-6604.611666666667
-6605.879444444441
-6604.490000000001
-6604.504999999998
-6602.348888888888
-6603.902222222225
-6602.833888888888
-6604.886666666666
-6605.474444444445
-6603.570555555554
-6602.033333333333
-6604.479999999999
-6604.9077777777775
-6604.145555555557
-6602.949444444444
-6605.250555555554
-6600.941111111112
-6606.0344444444445
-6602.960000000003
-6603.8949999999995
-6602.497777777779
-6601.8444444444485
-6601.21777777778
-6600.8772222222215
-6603.536111111114
-6602.9588888888875
-6603.570555555555
-6596.807777777779
-6601.1100000000015
-6601.483333333333
-6601.103888888887
-6600.439444444448
-6604.488888888889
-6602.10611111111
-6601.441666666668
-6603.061111111117
-6602.052777777777
-6606.9705555555565
-6603.733888888886
-6602.170555555553
-6603.580555555558
-6603.257222222221
-6603.585555555555
-6604.131111111112
-6601.313333333333
-6601.571666666666
-6601.193333333334
-6600.711666666666
-6603.743888888888
-6605.477222222219
-6602.422777777778
-6602.182777777777
-6605.595555555557
-6604.462777777779
-6605.885555555556
-6605.68777777778
-6600.604999999998
-6600.4922222222185
-6602.793888888888
-6599.645555555555
-6601.17722222222
-6601.377777777779
-6604.894999999999
-6604.380555555557
-6602.781111111111
-6602.5505555555565
-6604.728333333332



The list of best values average 

-6548.650000000001
-6664.899999999998
-6722.720000000001
-6749.999999999997
-6768.900000000006
-6778.530000000003
-6786.95
-6792.259999999997
-6794.589999999998
-6794.769999999999
-6796.619999999996
-6798.250000000001
-6800.499999999996
-6800.609999999998
-6801.649999999997
-6802.03
-6802.459999999999
-6803.679999999998
-6804.149999999999
-6804.109999999998
-6804.409999999997
-6805.179999999997
-6803.7599999999975
-6804.26
-6805.039999999999
-6805.989999999997
-6804.969999999997
-6805.889999999997
-6806.679999999998
-6806.879999999996
-6807.069999999996
-6807.329999999997
-6807.410000000001
-6807.21
-6808.549999999999
-6808.239999999998
-6808.409999999997
-6808.829999999996
-6809.169999999996
-6809.969999999997
-6810.139999999999
-6810.0099999999975
-6810.499999999998
-6811.339999999996
-6812.529999999997
-6812.16
-6812.219999999996
-6811.749999999996
-6811.489999999996
-6812.219999999997
-6813.529999999995
-6813.349999999996
-6813.739999999996
-6814.109999999996
-6813.709999999994
-6814.349999999996
-6815.1199999999935
-6815.139999999993
-6814.749999999994
-6815.469999999996
-6815.939999999994
-6816.279999999994
-6816.609999999991
-6817.1099999999915
-6816.359999999994
-6816.179999999994
-6816.619999999993
-6816.189999999994
-6816.209999999994
-6816.329999999991
-6817.269999999991
-6816.929999999991
-6817.829999999992
-6817.4899999999925
-6817.29999999999
-6817.78999999999
-6817.869999999991
-6818.06999999999
-6817.919999999992
-6817.589999999992
-6817.369999999993
-6818.25999999999
-6818.50999999999
-6818.31999999999
-6818.279999999991
-6818.559999999992
-6818.559999999992
-6818.87999999999
-6818.849999999989
-6818.8499999999885
-6819.079999999989
-6819.1399999999885
-6818.8499999999885
-6818.7699999999895
-6819.079999999988
-6819.199999999989
-6819.159999999989
-6819.329999999986
-6819.109999999989
-6818.90999999999
-6818.979999999991
-6818.839999999989
-6819.119999999988
-6819.179999999988
-6818.94999999999
-6819.089999999989
-6819.229999999988
-6819.3399999999865
-6819.159999999987
-6819.19999999999
-6819.359999999987
-6819.29999999999
-6819.339999999988
-6819.309999999988
-6819.249999999987
-6819.159999999987
-6819.259999999988
-6819.259999999988
-6819.319999999991
-6819.509999999988
-6819.409999999989
-6819.339999999987
-6819.329999999989
-6819.389999999988
-6819.339999999988
-6819.439999999989
-6819.529999999988
-6819.359999999987
-6819.0899999999865
-6819.459999999987
-6819.489999999986
-6819.409999999987
-6819.379999999987
-6819.479999999989
-6819.539999999986
-6819.459999999987
-6819.419999999986
-6819.359999999986
-6819.4299999999885
-6819.2299999999905
-6819.289999999991
-6819.419999999989
-6819.369999999991
-6819.559999999988
-6819.479999999989
-6819.379999999987
-6819.7599999999875
-6819.7999999999865
-6819.649999999987
-6819.569999999988
-6819.539999999987
-6819.629999999989
-6819.56999999999
-6819.479999999988
-6819.749999999986
-6819.629999999987
-6819.7199999999875
-6819.719999999986
-6819.769999999987
-6819.529999999989
-6819.519999999988
-6819.439999999987
-6819.379999999988
-6819.559999999989
-6819.669999999986
-6819.549999999988
-6819.559999999988
-6819.669999999988
-6819.529999999988
-6819.469999999986
-6819.489999999986
-6819.5499999999865
-6819.569999999988
-6819.5899999999865
-6819.499999999989
-6819.529999999988
-6819.639999999988
-6819.669999999988
-6819.689999999987
-6819.709999999988
-6819.709999999987
-6819.799999999987
-6819.819999999988
-6819.849999999988
-6819.719999999988
-6819.879999999987
-6819.899999999987
-6819.739999999989
-6819.879999999987
-6819.899999999988
-6819.709999999987
-6819.849999999988
-6819.869999999988
-6819.819999999989
-6819.769999999988
-6819.849999999987
-6819.7199999999875
-6819.8399999999865
-6819.789999999986
-6819.739999999988
-6819.829999999988
-6819.869999999987
-6819.839999999987
-6819.909999999988
-6819.819999999986
-6819.9199999999855
-6819.909999999986
-6819.929999999986
-6819.769999999986
-6819.879999999986
-6819.919999999987
-6819.879999999987
-6819.8799999999865
-6819.859999999986
-6819.949999999987
-6819.939999999987
-6819.929999999987
-6819.8799999999865
-6819.979999999987
-6819.809999999987
-6819.889999999987
-6819.7599999999875
-6819.759999999987
-6819.859999999987
-6819.819999999987
-6819.869999999986
-6819.869999999987
-6819.859999999986
-6819.9999999999845
-6819.829999999986
-6819.969999999986
-6819.949999999986
-6819.929999999987
-6819.919999999986
-6819.9699999999875
-6819.969999999988
-6819.939999999987
-6819.929999999988
-6819.869999999988
-6819.8799999999865
-6819.889999999986
-6819.819999999985
-6819.9199999999855
-6819.929999999986
-6819.989999999987
-6819.989999999987
-6819.999999999985
-6819.989999999987
-6819.849999999987
-6819.8799999999865
-6819.879999999987
-6819.9599999999855
-6820.009999999985
-6819.939999999985
-6819.969999999987
-6819.859999999986
-6819.829999999986
-6819.789999999986
-6819.899999999986
-6820.019999999986
-6819.999999999986
-6819.969999999987
-6819.899999999986
-6819.949999999986
-6819.989999999987
-6819.979999999987
-6820.019999999987
-6819.999999999985
-6819.829999999986
-6819.889999999987
-6819.909999999986
-6819.939999999986
-6819.919999999987
-6819.8399999999865
-6819.919999999987
-6819.909999999987
-6819.929999999987
-6819.919999999986
-6819.969999999987
-6820.029999999986
