----------Report of simulation of Quantum Parallel Tempering - Population Annealing v1-----------
The number of considered Spin156
The considered Annealing Duration 624
The considered Annealing Number 100
The considered T 1.0
The considered Gamma0 1.0
The considered Number Of Replica 3
The considered Number Of System Tempering 3
The considered Number Of System Population 3
The solution found [-1. -1.  1. -1. -1.  1.  1.  1.  1.  1. -1.  1. -1.  1. -1. -1.  1. -1.
  1.  1. -1.  1.  1.  1.  1. -1. -1.  1. -1.  1. -1.  1. -1.  1.  1. -1.
 -1. -1.  1. -1.  1. -1. -1. -1.  1. -1.  1. -1.  1.  1.  1.  1. -1. -1.
 -1. -1.  1.  1. -1. -1.  1.  1. -1. -1. -1.  1. -1.  1.  1. -1. -1. -1.
  1.  1.  1.  1.  1. -1.  1.  1.  1.  1.  1. -1. -1. -1. -1.  1. -1.  1.
 -1.  1.  1.  1.  1. -1. -1. -1. -1. -1.  1. -1. -1. -1. -1.  1.  1.  1.
 -1. -1.  1. -1.  1. -1. -1. -1.  1.  1.  1.  1.  1. -1. -1.  1. -1. -1.
  1.  1.  1. -1. -1.  1. -1. -1.  1.  1.  1.  1. -1. -1. -1. -1.  1. -1.
 -1.  1. -1.  1.  1.  1. -1. -1. -1. -1.  1.  1.]
The value found -32439.0
The Success probability is 0.86
The average value is -32429.02
The total execution time is 14769.034110546112
The average time for execution is 147.69033943891526
The average time for all systems update is 0.23658298758360055
The average time for system tempering update is 0.02548818793052282
The average time for system population update is 9975.61747455597
The average time for replica update is 0.013128920219987206
The average time for spin update is 8.384377220127805e-05
The list of values found 

-32439.0
-32439.0
-32439.0
-32439.0
-32439.0
-32400.0
-32439.0
-32439.0
-32439.0
-32439.0
-32400.0
-32439.0
-32439.0
-32439.0
-32439.0
-32439.0
-32439.0
-32400.0
-32439.0
-32439.0
-32400.0
-32439.0
-32355.0
-32439.0
-32439.0
-32439.0
-32439.0
-32439.0
-32439.0
-32439.0
-32439.0
-32439.0
-32439.0
-32439.0
-32439.0
-32439.0
-32439.0
-32439.0
-32439.0
-32439.0
-32439.0
-32439.0
-32439.0
-32439.0
-32355.0
-32439.0
-32439.0
-32355.0
-32439.0
-32439.0
-32439.0
-32361.0
-32439.0
-32439.0
-32353.0
-32439.0
-32439.0
-32355.0
-32439.0
-32439.0
-32439.0
-32439.0
-32439.0
-32439.0
-32439.0
-32439.0
-32439.0
-32439.0
-32439.0
-32355.0
-32349.0
-32439.0
-32439.0
-32439.0
-32439.0
-32439.0
-32439.0
-32439.0
-32439.0
-32355.0
-32439.0
-32439.0
-32439.0
-32439.0
-32439.0
-32439.0
-32439.0
-32439.0
-32439.0
-32355.0
-32439.0
-32439.0
-32439.0
-32439.0
-32439.0
-32439.0
-32439.0
-32439.0
-32439.0
-32439.0



The list of values first execution 

-30360.777777777777
-30457.88888888889
-30557.722222222223
-30675.5
-30680.222222222223
-30761.666666666668
-30763.61111111111
-30745.11111111111
-30794.777777777777
-30815.944444444445
-30776.055555555555
-30827.11111111111
-30838.055555555555
-30880.277777777777
-30903.722222222223
-30877.833333333332
-30951.055555555555
-31041.277777777777
-30979.11111111111
-31108.944444444445
-31008.11111111111
-31068.222222222223
-30932.777777777777
-31165.5
-31119.5
-31201.5
-31155.333333333332
-31152.833333333332
-31137.444444444445
-31109.555555555555
-31162.11111111111
-31194.722222222223
-31018.555555555555
-31125.444444444445
-31108.055555555555
-31252.833333333332
-31306.88888888889
-31294.777777777777
-31252.5
-31248.88888888889
-31286.666666666668
-31242.61111111111
-31255.944444444445
-31272.722222222223
-31407.222222222223
-31411.166666666668
-31408.222222222223
-31483.166666666668
-31381.166666666668
-31304.666666666668
-31352.333333333332
-31406.777777777777
-31431.11111111111
-31444.777777777777
-31458.333333333332
-31404.38888888889
-31407.61111111111
-31314.61111111111
-31394.61111111111
-31410.722222222223
-31481.777777777777
-31435.666666666668
-31359.055555555555
-31418.833333333332
-31416.88888888889
-31439.5
-31443.777777777777
-31408.833333333332
-31426.333333333332
-31448.777777777777
-31460.444444444445
-31551.38888888889
-31506.722222222223
-31413.61111111111
-31461.166666666668
-31448.777777777777
-31414.0
-31404.833333333332
-31428.833333333332
-31329.666666666668
-31480.38888888889
-31391.38888888889
-31545.38888888889
-31398.0
-31465.166666666668
-31495.166666666668
-31419.555555555555
-31502.0
-31400.722222222223
-31391.277777777777
-31462.277777777777
-31492.055555555555
-31397.88888888889
-31496.055555555555
-31520.38888888889
-31415.222222222223
-31453.38888888889
-31455.277777777777
-31457.722222222223
-31412.222222222223
-31439.666666666668
-31522.444444444445
-31435.277777777777
-31491.5
-31496.277777777777
-31482.11111111111
-31493.555555555555
-31485.61111111111
-31492.833333333332
-31425.88888888889
-31467.555555555555
-31389.055555555555
-31435.277777777777
-31407.277777777777
-31387.555555555555
-31471.055555555555
-31500.277777777777
-31467.777777777777
-31458.722222222223
-31440.5
-31408.055555555555
-31522.5
-31417.5
-31492.666666666668
-31473.166666666668
-31505.333333333332
-31484.555555555555
-31502.88888888889
-31519.666666666668
-31387.055555555555
-31443.38888888889
-31497.38888888889
-31492.0
-31397.5
-31457.444444444445
-31441.944444444445
-31505.555555555555
-31499.666666666668
-31549.277777777777
-31577.555555555555
-31385.277777777777
-31591.38888888889
-31462.666666666668
-31452.666666666668
-31495.333333333332
-31399.055555555555
-31527.11111111111
-31399.833333333332
-31570.944444444445
-31583.222222222223
-31478.61111111111
-31496.333333333332
-31471.333333333332
-31477.38888888889
-31338.38888888889
-31444.11111111111
-31450.222222222223
-31552.11111111111
-31475.38888888889
-31505.555555555555
-31507.444444444445
-31535.222222222223
-31594.166666666668
-31502.777777777777
-31517.777777777777
-31468.5
-31561.333333333332
-31430.333333333332
-31500.444444444445
-31602.88888888889
-31480.88888888889
-31551.277777777777
-31533.5
-31463.38888888889
-31490.333333333332
-31521.666666666668
-31547.444444444445
-31564.055555555555
-31411.5
-31548.777777777777
-31488.777777777777
-31523.055555555555
-31568.11111111111
-31520.555555555555
-31538.777777777777
-31507.833333333332
-31578.944444444445
-31565.5
-31547.666666666668
-31601.555555555555
-31488.11111111111
-31574.38888888889
-31608.0
-31601.666666666668
-31538.833333333332
-31612.166666666668
-31571.555555555555
-31576.555555555555
-31585.666666666668
-31477.166666666668
-31622.833333333332
-31532.61111111111
-31568.222222222223
-31668.833333333332
-31574.833333333332
-31642.833333333332
-31490.11111111111
-31587.333333333332
-31464.944444444445
-31533.555555555555
-31470.88888888889
-31486.0
-31516.333333333332
-31567.666666666668
-31565.722222222223
-31525.0
-31583.944444444445
-31534.944444444445
-31625.277777777777
-31554.0
-31508.222222222223
-31481.5
-31492.333333333332
-31534.222222222223
-31526.222222222223
-31568.833333333332
-31531.222222222223
-31550.833333333332
-31483.166666666668
-31412.5
-31490.11111111111
-31523.333333333332
-31546.88888888889
-31418.333333333332
-31559.11111111111
-31457.61111111111
-31609.666666666668
-31533.277777777777
-31438.777777777777
-31581.444444444445
-31437.11111111111
-31551.166666666668
-31563.333333333332
-31494.833333333332
-31559.555555555555
-31656.222222222223
-31517.277777777777
-31526.833333333332
-31605.61111111111
-31510.777777777777
-31648.0
-31570.61111111111
-31609.5
-31597.0
-31606.555555555555
-31507.5
-31540.88888888889
-31581.555555555555
-31524.5
-31589.166666666668
-31546.5
-31542.944444444445
-31547.055555555555
-31548.833333333332
-31596.5
-31432.777777777777
-31581.833333333332
-31508.944444444445
-31432.944444444445
-31506.444444444445
-31482.833333333332
-31550.38888888889
-31460.833333333332
-31560.555555555555
-31553.88888888889
-31629.555555555555
-31617.88888888889
-31623.61111111111
-31509.38888888889
-31571.555555555555
-31551.055555555555
-31488.444444444445
-31552.333333333332
-31458.555555555555
-31528.61111111111
-31434.444444444445
-31527.222222222223
-31430.555555555555
-31469.11111111111
-31517.5
-31475.11111111111
-31431.444444444445
-31483.722222222223
-31509.722222222223
-31370.333333333332
-31581.5
-31396.944444444445
-31579.833333333332
-31499.0
-31465.277777777777
-31594.555555555555
-31465.777777777777
-31480.666666666668
-31525.38888888889
-31474.555555555555
-31504.722222222223
-31559.61111111111
-31453.5
-31467.555555555555
-31351.38888888889
-31455.88888888889
-31537.277777777777
-31437.666666666668
-31521.88888888889
-31562.666666666668
-31477.222222222223
-31556.0
-31514.11111111111
-31490.277777777777
-31448.166666666668
-31585.722222222223
-31535.833333333332
-31601.11111111111
-31506.944444444445
-31514.88888888889
-31580.666666666668
-31512.277777777777
-31539.833333333332
-31481.222222222223
-31595.222222222223
-31539.333333333332
-31559.944444444445
-31529.944444444445
-31482.61111111111
-31611.666666666668
-31473.777777777777
-31549.833333333332
-31462.944444444445
-31493.833333333332
-31549.222222222223
-31592.88888888889
-31489.88888888889
-31484.5
-31584.166666666668
-31556.88888888889
-31508.277777777777
-31585.444444444445
-31465.222222222223
-31431.333333333332
-31479.055555555555
-31540.0
-31423.166666666668
-31594.166666666668
-31457.055555555555
-31612.166666666668
-31492.722222222223
-31607.11111111111
-31657.444444444445
-31524.944444444445
-31615.38888888889
-31547.11111111111
-31539.88888888889
-31584.5
-31489.944444444445
-31437.777777777777
-31521.666666666668
-31530.11111111111
-31444.222222222223
-31582.055555555555
-31534.666666666668
-31534.38888888889
-31584.38888888889
-31498.166666666668
-31490.166666666668
-31499.277777777777
-31459.222222222223
-31503.444444444445
-31521.055555555555
-31360.666666666668
-31509.61111111111
-31389.444444444445
-31582.277777777777
-31444.222222222223
-31557.38888888889
-31511.166666666668
-31497.61111111111
-31535.166666666668
-31539.666666666668
-31565.5
-31608.555555555555
-31563.5
-31557.444444444445
-31569.88888888889
-31443.055555555555
-31473.277777777777
-31530.0
-31476.0
-31524.722222222223
-31461.277777777777
-31546.777777777777
-31563.166666666668
-31514.0
-31451.777777777777
-31572.333333333332
-31501.666666666668
-31598.555555555555
-31561.61111111111
-31550.055555555555
-31664.277777777777
-31526.5
-31630.666666666668
-31440.722222222223
-31549.944444444445
-31566.444444444445
-31511.0
-31548.11111111111
-31507.722222222223
-31466.833333333332
-31499.88888888889
-31517.61111111111
-31537.277777777777
-31608.722222222223
-31486.277777777777
-31518.166666666668
-31522.444444444445
-31453.5
-31547.444444444445
-31489.38888888889
-31543.5
-31556.944444444445
-31558.777777777777
-31537.0
-31516.444444444445
-31505.61111111111
-31479.61111111111
-31452.666666666668
-31523.666666666668
-31469.88888888889
-31410.61111111111
-31586.277777777777
-31457.277777777777
-31461.666666666668
-31573.11111111111
-31396.61111111111
-31576.722222222223
-31417.11111111111
-31496.444444444445
-31581.333333333332
-31484.722222222223
-31464.88888888889
-31424.61111111111
-31460.055555555555
-31510.722222222223
-31539.055555555555
-31512.444444444445
-31577.277777777777
-31443.666666666668
-31563.444444444445
-31519.277777777777
-31520.722222222223
-31503.38888888889
-31366.944444444445
-31557.11111111111
-31486.555555555555
-31607.0
-31517.277777777777
-31519.277777777777
-31564.11111111111
-31544.833333333332
-31511.555555555555
-31480.61111111111
-31562.833333333332
-31542.166666666668
-31499.61111111111
-31485.666666666668
-31497.277777777777
-31590.88888888889
-31508.11111111111
-31495.722222222223
-31508.944444444445
-31572.333333333332
-31645.055555555555
-31492.333333333332
-31561.88888888889
-31537.444444444445
-31561.055555555555
-31436.61111111111
-31518.055555555555
-31561.333333333332
-31547.38888888889
-31526.666666666668
-31557.722222222223
-31602.5
-31493.61111111111
-31577.222222222223
-31363.444444444445
-31560.333333333332
-31418.722222222223
-31487.38888888889
-31495.555555555555
-31429.61111111111
-31508.833333333332
-31507.333333333332
-31461.0
-31534.5
-31565.277777777777
-31512.88888888889
-31523.0
-31439.777777777777
-31498.5
-31559.11111111111
-31393.166666666668
-31505.277777777777
-31500.5
-31526.61111111111
-31433.555555555555
-31528.0
-31432.055555555555
-31517.055555555555
-31663.277777777777
-31554.11111111111
-31556.0
-31572.666666666668
-31579.555555555555
-31556.166666666668
-31446.11111111111
-31447.777777777777
-31547.944444444445
-31543.88888888889
-31438.833333333332
-31585.61111111111
-31522.777777777777
-31603.11111111111
-31495.555555555555
-31569.833333333332
-31592.5
-31457.444444444445
-31553.555555555555
-31412.38888888889
-31620.444444444445
-31562.61111111111
-31478.88888888889
-31456.277777777777
-31505.0
-31540.222222222223
-31436.944444444445
-31449.666666666668
-31461.38888888889
-31507.833333333332
-31430.055555555555
-31605.5
-31516.11111111111
-31565.722222222223
-31523.222222222223
-31486.722222222223
-31559.777777777777
-31567.38888888889
-31622.666666666668
-31582.944444444445
-31571.61111111111
-31544.38888888889
-31507.277777777777
-31432.61111111111
-31604.833333333332
-31623.222222222223
-31636.277777777777
-31595.833333333332
-31492.833333333332
-31506.944444444445
-31425.666666666668
-31480.722222222223
-31618.0
-31516.5
-31500.166666666668
-31569.722222222223
-31554.61111111111
-31569.444444444445
-31476.166666666668
-31358.722222222223
-31450.11111111111
-31516.444444444445
-31622.555555555555
-31595.277777777777
-31561.722222222223
-31591.38888888889
-31458.555555555555
-31513.055555555555
-31506.88888888889
-31590.5
-31490.722222222223
-31511.555555555555
-31483.277777777777
-31630.166666666668
-31576.5
-31579.61111111111
-31522.777777777777
-31502.944444444445
-31628.555555555555
-31443.11111111111
-31479.833333333332
-31473.88888888889
-31460.0
-31448.222222222223
-31342.555555555555
-31597.88888888889
-31358.722222222223
-31560.555555555555
-31444.38888888889
-31420.38888888889
-31558.777777777777
-31493.166666666668
-31500.38888888889
-31439.444444444445
-31460.944444444445
-31559.38888888889
-31590.0
-31560.166666666668
-31485.722222222223
-31520.666666666668
-31429.0
-31552.11111111111
-31488.11111111111
-31583.777777777777
-31542.277777777777



The list of best values first execution 

-31534.0
-31933.0
-32066.0
-32079.0
-32071.0
-32110.0
-32090.0
-32140.0
-32153.0
-32162.0
-32157.0
-32166.0
-32207.0
-32229.0
-32227.0
-32264.0
-32264.0
-32260.0
-32251.0
-32264.0
-32264.0
-32245.0
-32264.0
-32264.0
-32268.0
-32298.0
-32268.0
-32305.0
-32305.0
-32305.0
-32305.0
-32305.0
-32305.0
-32305.0
-32305.0
-32305.0
-32305.0
-32305.0
-32305.0
-32305.0
-32305.0
-32305.0
-32305.0
-32305.0
-32305.0
-32305.0
-32305.0
-32305.0
-32305.0
-32305.0
-32305.0
-32305.0
-32305.0
-32305.0
-32305.0
-32305.0
-32305.0
-32305.0
-32305.0
-32305.0
-32305.0
-32305.0
-32305.0
-32305.0
-32305.0
-32305.0
-32302.0
-32303.0
-32296.0
-32307.0
-32339.0
-32305.0
-32305.0
-32325.0
-32305.0
-32308.0
-32305.0
-32311.0
-32303.0
-32321.0
-32302.0
-32305.0
-32313.0
-32319.0
-32314.0
-32335.0
-32330.0
-32303.0
-32293.0
-32311.0
-32296.0
-32302.0
-32302.0
-32305.0
-32305.0
-32305.0
-32314.0
-32306.0
-32334.0
-32323.0
-32323.0
-32346.0
-32331.0
-32324.0
-32321.0
-32333.0
-32322.0
-32349.0
-32355.0
-32355.0
-32353.0
-32341.0
-32327.0
-32331.0
-32334.0
-32352.0
-32352.0
-32337.0
-32343.0
-32337.0
-32343.0
-32347.0
-32348.0
-32351.0
-32346.0
-32351.0
-32351.0
-32335.0
-32352.0
-32352.0
-32348.0
-32351.0
-32352.0
-32351.0
-32352.0
-32351.0
-32351.0
-32352.0
-32352.0
-32352.0
-32352.0
-32355.0
-32352.0
-32352.0
-32353.0
-32355.0
-32355.0
-32349.0
-32352.0
-32352.0
-32333.0
-32351.0
-32351.0
-32348.0
-32357.0
-32351.0
-32360.0
-32373.0
-32420.0
-32439.0
-32439.0
-32436.0
-32421.0
-32439.0
-32397.0
-32424.0
-32439.0
-32439.0
-32439.0
-32439.0
-32439.0
-32439.0
-32439.0
-32439.0
-32439.0
-32439.0
-32439.0
-32439.0
-32439.0
-32439.0
-32439.0
-32439.0
-32439.0
-32439.0
-32439.0
-32439.0
-32439.0
-32439.0
-32439.0
-32439.0
-32439.0
-32425.0
-32439.0
-32439.0
-32439.0
-32439.0
-32405.0
-32439.0
-32439.0
-32439.0
-32439.0
-32439.0
-32439.0
-32439.0
-32436.0
-32424.0
-32413.0
-32414.0
-32409.0
-32406.0
-32409.0
-32409.0
-32409.0
-32393.0
-32428.0
-32406.0
-32439.0
-32439.0
-32439.0
-32425.0
-32439.0
-32409.0
-32410.0
-32406.0
-32409.0
-32409.0
-32413.0
-32439.0
-32439.0
-32439.0
-32421.0
-32424.0
-32439.0
-32439.0
-32439.0
-32439.0
-32436.0
-32439.0
-32439.0
-32439.0
-32439.0
-32439.0
-32439.0
-32439.0
-32439.0
-32439.0
-32439.0
-32439.0
-32439.0
-32439.0
-32439.0
-32439.0
-32439.0
-32439.0
-32439.0
-32439.0
-32439.0
-32439.0
-32436.0
-32439.0
-32439.0
-32439.0
-32439.0
-32439.0
-32436.0
-32439.0
-32439.0
-32439.0
-32439.0
-32439.0
-32439.0
-32439.0
-32439.0
-32439.0
-32439.0
-32439.0
-32439.0
-32439.0
-32439.0
-32439.0
-32439.0
-32439.0
-32439.0
-32439.0
-32439.0
-32439.0
-32439.0
-32439.0
-32439.0
-32439.0
-32439.0
-32439.0
-32439.0
-32439.0
-32439.0
-32439.0
-32439.0
-32439.0
-32439.0
-32439.0
-32439.0
-32439.0
-32439.0
-32439.0
-32439.0
-32439.0
-32439.0
-32439.0
-32439.0
-32439.0
-32439.0
-32439.0
-32439.0
-32439.0
-32439.0
-32439.0
-32439.0
-32439.0
-32439.0
-32439.0
-32439.0
-32439.0
-32439.0
-32439.0
-32439.0
-32439.0
-32439.0
-32439.0
-32439.0
-32439.0
-32439.0
-32439.0
-32439.0
-32439.0
-32439.0
-32439.0
-32439.0
-32439.0
-32439.0
-32439.0
-32439.0
-32439.0
-32439.0
-32439.0
-32439.0
-32439.0
-32439.0
-32439.0
-32439.0
-32439.0
-32439.0
-32439.0
-32439.0
-32439.0
-32439.0
-32439.0
-32439.0
-32439.0
-32439.0
-32439.0
-32439.0
-32439.0
-32439.0
-32439.0
-32439.0
-32439.0
-32439.0
-32439.0
-32439.0
-32439.0
-32439.0
-32439.0
-32439.0
-32439.0
-32439.0
-32439.0
-32436.0
-32439.0
-32439.0
-32439.0
-32439.0
-32439.0
-32439.0
-32439.0
-32439.0
-32439.0
-32439.0
-32439.0
-32439.0
-32439.0
-32439.0
-32439.0
-32439.0
-32439.0
-32439.0
-32439.0
-32439.0
-32439.0
-32439.0
-32439.0
-32439.0
-32439.0
-32439.0
-32439.0
-32439.0
-32439.0
-32439.0
-32439.0
-32439.0
-32439.0
-32439.0
-32439.0
-32439.0
-32439.0
-32439.0
-32439.0
-32439.0
-32439.0
-32439.0
-32439.0
-32439.0
-32439.0
-32439.0
-32439.0
-32439.0
-32439.0
-32439.0
-32439.0
-32439.0
-32439.0
-32439.0
-32439.0
-32439.0
-32439.0
-32439.0
-32439.0
-32439.0
-32439.0
-32439.0
-32439.0
-32439.0
-32439.0
-32439.0
-32439.0
-32439.0
-32439.0
-32439.0
-32439.0
-32439.0
-32439.0
-32439.0
-32439.0
-32439.0
-32439.0
-32439.0
-32439.0
-32439.0
-32439.0
-32439.0
-32439.0
-32439.0
-32439.0
-32439.0
-32439.0
-32439.0
-32439.0
-32439.0
-32439.0
-32439.0
-32439.0
-32439.0
-32439.0
-32439.0
-32439.0
-32439.0
-32439.0
-32439.0
-32439.0
-32439.0
-32439.0
-32439.0
-32439.0
-32439.0
-32439.0
-32439.0
-32439.0
-32439.0
-32439.0
-32439.0
-32439.0
-32439.0
-32439.0
-32439.0
-32439.0
-32439.0
-32439.0
-32439.0
-32439.0
-32439.0
-32439.0
-32439.0
-32439.0
-32439.0
-32439.0
-32439.0
-32439.0
-32439.0
-32439.0
-32439.0
-32439.0
-32439.0
-32439.0
-32439.0
-32439.0
-32439.0
-32439.0
-32439.0
-32439.0
-32439.0
-32439.0
-32439.0
-32439.0
-32439.0
-32439.0
-32439.0
-32439.0
-32439.0
-32439.0
-32439.0
-32439.0
-32439.0
-32439.0
-32439.0
-32439.0
-32439.0
-32439.0
-32439.0
-32439.0
-32439.0
-32439.0
-32439.0
-32439.0
-32439.0
-32439.0
-32439.0
-32439.0
-32439.0
-32439.0
-32439.0
-32439.0
-32439.0
-32439.0
-32439.0
-32439.0
-32439.0
-32439.0
-32439.0
-32439.0
-32439.0
-32439.0
-32439.0
-32439.0
-32439.0
-32439.0
-32439.0
-32439.0
-32439.0
-32439.0
-32439.0
-32439.0
-32439.0
-32439.0
-32439.0
-32439.0
-32439.0
-32439.0
-32439.0
-32439.0
-32439.0
-32439.0
-32439.0
-32439.0
-32439.0
-32439.0
-32439.0
-32439.0
-32439.0
-32439.0
-32439.0
-32439.0
-32439.0
-32439.0
-32439.0
-32439.0
-32439.0
-32439.0
-32439.0
-32439.0
-32439.0
-32439.0
-32439.0
-32439.0
-32439.0
-32439.0
-32439.0
-32439.0
-32439.0
-32439.0
-32439.0
-32439.0
-32439.0
-32439.0
-32439.0
-32439.0
-32439.0
-32439.0
-32439.0
-32439.0
-32439.0
-32439.0
-32439.0
-32439.0
-32439.0
-32439.0



The list of values average 

-30394.963888888895
-30526.33166666666
-30609.25833333335
-30647.20777777777
-30686.009444444448
-30714.213888888877
-30740.418888888886
-30762.257222222208
-30791.73944444445
-30800.73166666667
-30827.630000000005
-30838.235555555566
-30847.906111111115
-30862.32499999999
-30890.28222222223
-30900.748888888895
-30916.14944444442
-30943.100000000002
-30949.24888888889
-30975.125555555544
-30988.124444444442
-31002.803888888884
-31021.272222222215
-31040.122777777775
-31047.048333333347
-31064.915555555555
-31078.36999999999
-31092.075555555533
-31099.61722222222
-31117.013888888894
-31126.266111111116
-31133.51166666665
-31151.49555555555
-31163.947777777776
-31184.218888888885
-31196.104444444434
-31212.097222222234
-31230.23111111111
-31250.250000000004
-31241.703888888893
-31266.746666666662
-31274.179444444453
-31277.380555555555
-31296.49111111111
-31299.663888888896
-31313.36444444444
-31324.500555555554
-31322.740000000005
-31330.848333333328
-31339.050555555572
-31346.125000000004
-31362.239999999998
-31359.26944444444
-31366.294444444433
-31372.829999999994
-31379.418888888904
-31382.343333333334
-31387.438333333335
-31395.23111111111
-31395.885000000002
-31400.91222222222
-31411.637777777763
-31419.838333333337
-31415.42222222223
-31430.42611111112
-31416.58722222222
-31431.394444444446
-31437.58611111111
-31448.298333333332
-31440.61333333332
-31446.438888888883
-31450.90388888889
-31450.270555555562
-31456.924444444445
-31461.383333333346
-31463.70222222222
-31467.648333333338
-31469.810555555556
-31472.348333333346
-31470.08944444444
-31469.613333333335
-31477.798333333332
-31473.975555555546
-31479.909444444456
-31489.87166666666
-31487.355555555547
-31493.813333333328
-31489.913888888874
-31480.903333333346
-31489.191111111104
-31489.120000000006
-31493.85333333333
-31490.856666666656
-31497.34444444445
-31501.357777777765
-31496.53333333335
-31493.573888888906
-31500.838333333326
-31501.42888888889
-31506.743333333336
-31509.293333333335
-31505.835
-31510.40666666667
-31515.001666666656
-31517.89944444444
-31518.102222222224
-31511.685
-31507.825000000008
-31517.87944444444
-31514.617777777774
-31527.84388888888
-31525.622777777786
-31530.65944444445
-31525.83111111111
-31522.8088888889
-31522.79166666666
-31522.19222222222
-31530.669444444447
-31525.629444444443
-31529.358888888888
-31531.676111111094
-31534.60555555555
-31529.61111111112
-31521.884999999995
-31537.937777777774
-31526.987222222207
-31530.985000000004
-31527.963333333326
-31535.901666666665
-31521.738888888885
-31522.805
-31523.495000000003
-31529.73055555555
-31521.39722222221
-31524.952222222222
-31527.696111111112
-31532.18222222222
-31532.40500000001
-31539.353888888898
-31533.59388888888
-31532.324444444443
-31534.605555555558
-31527.828888888886
-31525.237777777777
-31531.249444444427
-31534.007222222222
-31540.150555555563
-31532.01777777778
-31540.779444444444
-31543.899999999987
-31527.741111111107
-31533.732222222214
-31528.408333333333
-31538.518888888895
-31534.026666666672
-31535.412222222225
-31538.14833333333
-31533.576111111113
-31537.110000000004
-31535.441111111122
-31532.79388888889
-31528.56777777777
-31530.9388888889
-31538.265555555554
-31540.780555555546
-31537.572777777776
-31543.63666666666
-31531.546666666673
-31537.132222222226
-31535.383333333335
-31536.344444444432
-31538.963333333337
-31536.49555555555
-31523.50944444446
-31535.68722222222
-31529.249444444446
-31528.320000000018
-31550.366111111114
-31536.888888888876
-31538.680555555544
-31540.139444444445
-31539.97111111112
-31542.59444444445
-31534.565555555546
-31536.943333333336
-31545.881666666664
-31533.526111111118
-31531.927222222213
-31548.628333333323
-31541.670000000006
-31541.066111111115
-31540.226666666662
-31529.300555555543
-31540.051111111112
-31541.39388888888
-31539.504444444454
-31538.34111111114
-31534.085
-31549.606666666663
-31542.68722222223
-31542.670555555545
-31539.230555555554
-31543.77111111111
-31552.723333333328
-31542.39944444444
-31549.687777777763
-31548.542222222215
-31550.008888888886
-31541.536111111127
-31558.484444444453
-31540.29666666668
-31541.81388888888
-31535.532222222228
-31540.711666666666
-31545.537777777783
-31535.72944444444
-31547.845000000012
-31536.682222222218
-31545.99944444444
-31535.987222222215
-31530.333888888894
-31531.822222222225
-31541.827222222222
-31547.815555555557
-31536.784999999996
-31543.94555555557
-31536.45888888889
-31546.69777777779
-31534.710555555557
-31536.18944444446
-31540.69111111112
-31532.26944444445
-31539.177222222224
-31537.738888888893
-31544.51166666667
-31542.57388888889
-31541.73777777778
-31540.56333333334
-31547.972777777777
-31540.50944444444
-31548.97111111111
-31540.541666666686
-31544.30833333333
-31548.302777777782
-31538.871666666662
-31534.828888888893
-31539.717777777776
-31545.007777777784
-31535.33166666667
-31547.09722222222
-31545.507777777788
-31541.442777777764
-31543.018888888884
-31542.089444444442
-31551.684444444443
-31536.08666666667
-31550.355000000007
-31539.875555555565
-31551.890555555547
-31537.89722222223
-31538.185555555556
-31548.37722222221
-31550.09722222223
-31547.48944444444
-31538.74833333333
-31542.859444444453
-31548.24166666667
-31547.932777777773
-31539.410555555558
-31542.97666666667
-31547.195000000003
-31546.677777777775
-31556.211111111108
-31543.19888888888
-31550.387222222213
-31548.81333333334
-31545.39944444445
-31545.598888888882
-31545.511666666676
-31553.66111111112
-31541.843333333334
-31542.76111111111
-31543.425000000003
-31549.548333333318
-31534.07222222223
-31542.578333333327
-31535.800555555557
-31545.042777777773
-31546.58944444444
-31539.797222222227
-31539.377777777783
-31536.68166666667
-31543.693333333333
-31550.51888888888
-31536.500555555558
-31553.19722222221
-31552.609444444442
-31545.24722222222
-31550.86611111111
-31542.150555555556
-31550.174444444438
-31552.105000000003
-31549.3861111111
-31553.791666666668
-31549.314444444433
-31550.825
-31556.04888888889
-31545.761666666665
-31547.969999999994
-31547.505555555566
-31553.717777777776
-31542.565555555553
-31545.1961111111
-31545.918333333342
-31537.99277777776
-31544.828333333335
-31539.608888888888
-31542.94000000001
-31544.108888888895
-31550.57388888889
-31543.883888888897
-31548.562222222234
-31545.87722222223
-31544.57055555555
-31543.446666666674
-31550.23611111111
-31541.21111111111
-31551.242777777807
-31547.750555555558
-31547.941111111104
-31545.771111111113
-31541.087777777782
-31538.669444444444
-31544.25611111111
-31542.939999999984
-31548.972777777777
-31544.731666666667
-31551.05111111112
-31547.745000000006
-31557.991666666665
-31544.227222222227
-31552.198333333323
-31550.15277777777
-31546.569444444453
-31542.718333333327
-31544.095555555552
-31541.16277777778
-31538.302222222217
-31533.863333333335
-31536.38666666667
-31532.293333333346
-31546.289999999997
-31530.40333333334
-31549.72666666667
-31549.155555555542
-31553.87277777778
-31544.33277777778
-31544.92222222221
-31546.495555555557
-31547.21666666667
-31553.568888888887
-31538.244444444448
-31546.14055555556
-31545.057777777776
-31542.249999999993
-31543.04666666666
-31540.39333333334
-31544.83055555555
-31540.295555555545
-31552.590555555562
-31546.383888888886
-31546.804444444435
-31539.11499999998
-31553.756666666683
-31547.69222222222
-31542.89722222222
-31547.918333333328
-31542.12722222221
-31549.898888888914
-31534.513333333325
-31549.367777777778
-31544.56388888889
-31550.547777777785
-31550.180555555555
-31538.66333333335
-31562.49888888889
-31528.649444444447
-31549.491111111118
-31539.56055555556
-31559.778333333357
-31545.871666666666
-31545.18388888889
-31548.745555555543
-31532.911666666652
-31551.8738888889
-31545.737777777784
-31552.32055555557
-31542.396111111124
-31558.759444444455
-31549.47055555554
-31545.05555555555
-31544.65999999999
-31541.79333333332
-31540.844444444436
-31533.547777777796
-31557.237222222233
-31546.97333333333
-31548.434999999987
-31546.667222222215
-31546.71055555556
-31562.75666666665
-31553.628333333334
-31555.759444444455
-31534.37944444444
-31551.69888888889
-31538.57888888889
-31545.553888888884
-31546.611666666675
-31542.718888888892
-31546.557222222218
-31541.355555555565
-31543.82333333335
-31532.260555555553
-31548.116666666665
-31537.092222222233
-31543.86388888889
-31544.750555555554
-31540.359444444446
-31552.571666666663
-31551.057222222225
-31548.891111111116
-31543.52999999999
-31550.055555555544
-31538.38333333332
-31542.685
-31543.49055555556
-31534.642777777786
-31546.68611111111
-31545.50777777779
-31551.006666666668
-31531.06000000001
-31541.651666666654
-31542.52611111111
-31537.738333333327
-31550.637777777774
-31545.416111111117
-31548.19444444444
-31540.685555555545
-31540.297222222216
-31545.290000000008
-31549.37277777778
-31542.487222222237
-31542.27055555555
-31546.819444444438
-31547.163333333338
-31542.53444444444
-31536.725000000006
-31548.41000000001
-31534.45833333333
-31556.620555555553
-31535.13611111112
-31550.926111111112
-31548.853333333343
-31540.59999999999
-31547.865555555545
-31545.966666666678
-31557.40777777779
-31544.55555555555
-31547.207777777796
-31551.264444444434
-31552.466666666664
-31552.23555555557
-31548.33666666666
-31553.681111111102
-31544.82388888889
-31547.404444444444
-31546.476666666662
-31536.520555555562
-31543.476666666673
-31541.695555555558
-31554.769444444442
-31555.399444444443
-31546.988888888893
-31548.577777777784
-31555.847222222223
-31558.180555555562
-31557.23388888888
-31548.578333333324
-31546.257222222233
-31558.074999999986
-31546.63333333334
-31541.055000000008
-31545.318888888894
-31538.121666666662
-31540.653333333335
-31543.452222222226
-31539.652777777777
-31543.613888888893
-31551.574999999997
-31543.984999999993
-31550.30055555555
-31545.40222222222
-31544.586666666666
-31551.22611111111
-31546.13277777778
-31550.144444444442
-31554.466666666667
-31545.328888888896
-31540.86888888888
-31548.60111111113
-31543.524444444436
-31545.34111111111
-31545.272222222204
-31557.784444444438
-31553.470000000005
-31542.662222222225
-31551.53111111111
-31544.451111111113
-31551.258333333346
-31557.406666666655
-31539.466666666674
-31535.931666666656
-31542.399444444447
-31550.78666666667
-31548.030555555553
-31541.499999999996
-31534.921666666673
-31552.275555555556
-31536.322222222214
-31550.119444444434
-31539.542777777788
-31547.641666666677
-31536.733333333334
-31542.16277777778
-31548.40833333333
-31545.87444444445
-31547.588888888895
-31542.354999999992
-31542.56333333333
-31545.018888888884
-31545.272777777784
-31541.690000000002
-31546.44444444444
-31544.86666666666
-31549.00944444443
-31551.49444444444
-31547.726666666666
-31548.03500000001
-31541.44055555555
-31555.98555555555
-31547.941111111104
-31545.66944444443
-31548.902777777785
-31545.430000000004
-31544.91555555556
-31544.171111111114
-31552.905000000017
-31545.24888888888
-31551.542777777784
-31555.77777777779
-31549.97722222223
-31546.657222222228
-31542.927777777775
-31543.73444444446
-31546.86666666666
-31552.75388888888
-31548.54777777777
-31540.399999999994
-31549.56666666666
-31538.370000000003
-31548.577777777788
-31544.056666666664
-31550.946666666667
-31541.15111111111
-31561.003333333345
-31549.219444444443
-31553.648333333324
-31546.572777777772
-31535.978888888905
-31541.72555555556
-31548.854444444438
-31552.30222222222
-31545.77500000001
-31542.18333333333
-31542.821111111112
-31547.09166666665
-31540.911666666652
-31548.12055555557
-31550.74777777778
-31551.85333333333
-31546.697777777772
-31544.425555555554
-31557.212222222217
-31542.564999999984
-31546.67166666667
-31555.468333333338
-31538.948888888895
-31550.439999999984
-31550.038333333334
-31552.93222222223
-31546.89222222221
-31552.70444444446
-31549.231666666667
-31539.366666666676
-31544.842777777776
-31540.835000000006
-31542.330555555553
-31540.12611111111
-31549.311666666676
-31541.51666666667
-31548.71222222223
-31545.49333333333
-31542.056111111106
-31536.29111111111
-31543.36055555555
-31543.06055555555
-31549.330000000005
-31549.56777777778
-31540.855555555558
-31538.786666666685
-31543.313333333328
-31546.25944444444
-31555.24833333332
-31548.56055555555



The list of best values average 

-31485.320000000007-31859.049999999996-32009.059999999994-32086.96-32131.090000000004-32166.829999999998-32185.369999999977-32205.61999999998-32217.43000000001-32227.459999999995-32236.660000000007-32248.99999999999-32250.26-32258.710000000006-32266.250000000004-32267.770000000004-32271.689999999988-32277.84999999999-32278.34-32280.450000000008-32283.299999999985-32287.050000000007-32285.829999999994-32289.130000000005-32289.990000000005-32295.32-32296.280000000006-32296.84000000002-32296.030000000006-32298.969999999998-32301.83-32302.79-32302.58-32303.719999999998-32303.509999999995-32301.229999999996-32303.27-32304.02-32304.529999999995-32302.649999999994-32304.300000000003-32304.84-32305.739999999998-32305.309999999998-32306.309999999994-32306.6-32306.83000000001-32309.269999999997-32311.880000000005-32310.62999999998-32310.839999999986-32313.86999999999-32317.70999999999-32315.210000000006-32319.07999999999-32319.239999999998-32320.749999999996-32323.840000000007-32326.139999999996-32329.069999999996-32326.469999999998-32335.219999999987-32333.219999999994-32335.569999999992-32338.879999999986-32343.040000000005-32342.079999999998-32346.399999999987-32350.219999999987-32346.429999999997-32351.649999999987-32355.989999999994-32361.66999999999-32360.27999999999-32361.22999999999-32367.66999999999-32370.69999999999-32373.65999999999-32378.46999999999-32381.09999999998-32379.98-32381.61999999999-32384.049999999996-32391.819999999992-32389.469999999994-32394.920000000002-32391.489999999994-32392.82999999999-32392.90999999998-32394.93999999999-32397.509999999987-32397.37-32395.459999999985-32397.899999999994-32400.93999999998-32401.44999999999-32403.45999999998-32404.50999999999-32405.289999999975-32408.239999999983-32409.379999999994-32408.859999999964-32410.429999999982-32410.109999999975-32411.109999999975-32411.539999999983-32413.05999999998-32413.689999999977-32412.66999999997-32415.439999999973-32413.989999999972-32415.679999999975-32417.489999999983-32417.519999999975-32417.299999999974-32418.099999999977-32418.709999999977-32418.559999999976-32418.319999999967-32419.14999999997-32419.44999999997-32417.01999999997-32417.069999999974-32419.74999999997-32418.989999999972-32418.309999999976-32419.289999999964-32419.449999999968-32419.699999999968-32418.489999999976-32419.319999999974-32419.459999999963-32420.26999999997-32421.159999999967-32420.00999999997-32421.369999999974-32421.419999999962-32420.41999999997-32420.699999999968-32420.97999999997-32421.639999999974-32422.24999999997-32422.709999999966-32422.44999999997-32423.07999999997-32422.589999999967-32423.389999999974-32422.12999999997-32422.799999999967-32421.869999999966-32422.539999999968-32423.159999999967-32423.029999999973-32423.709999999966-32422.84999999997-32423.099999999962-32422.21999999997-32423.319999999967-32423.499999999967-32424.64999999997-32425.239999999965-32424.839999999967-32424.89999999997-32424.939999999966-32424.249999999964-32423.869999999963-32423.56999999997-32422.64999999997-32425.119999999966-32425.519999999968-32424.399999999972-32425.419999999966-32425.239999999965-32425.82999999996-32425.599999999962-32425.229999999974-32425.929999999964-32425.89999999996-32425.689999999962-32425.769999999964-32425.269999999964-32425.659999999967-32426.07999999996-32426.04999999996-32426.119999999963-32426.029999999962-32426.139999999967-32425.46999999996-32425.049999999963-32425.959999999963-32425.449999999968-32426.319999999963-32426.57999999996-32427.009999999962-32426.23999999996-32425.399999999965-32426.37999999996-32426.239999999965-32426.48999999996-32426.569999999963-32426.389999999963-32426.859999999968-32426.859999999964-32426.219999999965-32426.07999999996-32426.28999999996-32426.169999999966-32426.39999999996-32426.279999999962-32425.94999999996-32425.999999999964-32426.07999999996-32426.179999999957-32426.16999999996-32425.489999999965-32426.129999999965-32426.439999999962-32426.67999999996-32426.63999999996-32426.069999999963-32426.39999999996-32426.32999999996-32425.29999999996-32425.959999999966-32426.619999999963-32426.29999999996-32426.339999999956-32426.769999999957-32426.66999999996-32426.21999999996-32426.549999999967-32426.93999999996-32426.33999999996-32426.39999999996-32426.39999999996-32426.35999999996-32426.259999999962-32426.429999999964-32426.969999999965-32426.899999999965-32426.409999999963-32426.62999999997-32426.299999999963-32426.159999999967-32426.679999999968-32426.929999999968-32426.979999999963-32426.279999999966-32426.83999999996-32426.439999999962-32426.909999999963-32426.33999999996-32426.709999999966-32426.56999999996-32426.739999999965-32427.03999999996-32426.889999999963-32427.03999999996-32426.849999999966-32426.82999999996-32426.439999999962-32426.87999999996-32427.05999999996-32426.63999999996-32426.68999999996-32426.999999999964-32427.10999999996-32427.01999999996-32426.83999999996-32426.479999999963-32427.03999999996-32426.75999999996-32426.99999999996-32426.939999999962-32426.94999999996-32426.909999999967-32427.069999999967-32426.519999999964-32427.109999999964-32426.929999999964-32427.109999999964-32426.969999999965-32427.039999999968-32426.70999999997-32427.07999999997-32427.069999999967-32427.069999999967-32426.959999999963-32427.03999999996-32427.099999999962-32427.189999999966-32426.62999999996-32427.109999999964-32427.049999999963-32426.789999999957-32427.05999999996-32426.939999999962-32426.889999999963-32426.799999999963-32427.14999999996-32426.679999999964-32427.039999999964-32427.019999999964-32426.629999999965-32426.92999999996-32426.96999999996-32426.979999999963-32426.979999999967-32427.10999999996-32427.51999999996-32427.48999999996-32427.419999999962-32427.079999999965-32427.509999999962-32427.51999999996-32427.389999999963-32427.47999999996-32427.47999999996-32427.62999999996-32427.499999999964-32427.39999999996-32427.46999999996-32427.509999999962-32427.55999999996-32427.349999999962-32427.56999999996-32427.53999999996-32427.58999999996-32427.579999999958-32427.06999999996-32427.08999999996-32427.449999999964-32427.519999999964-32427.529999999962-32427.459999999966-32427.53999999996-32427.579999999958-32427.56999999996-32427.569999999963-32427.48999999996-32427.579999999958-32427.60999999996-32427.55999999996-32427.429999999964-32427.60999999996-32427.55999999996-32427.56999999996-32427.53999999996-32427.559999999958-32427.069999999963-32427.079999999958-32427.39999999996-32427.54999999996-32427.12999999996-32427.14999999996-32427.499999999964-32427.13999999996-32427.57999999996-32427.499999999964-32427.439999999966-32427.51999999996-32427.509999999962-32427.559999999958-32427.149999999958-32427.32999999996-32427.209999999966-32427.299999999967-32427.349999999962-32427.12999999996-32427.119999999963-32427.119999999963-32427.089999999967-32427.32999999996-32427.379999999965-32427.80999999996-32427.39999999996-32427.639999999967-32427.489999999965-32427.729999999963-32427.07999999996-32427.87999999996-32427.69999999996-32427.98999999996-32427.64999999996-32427.51999999996-32427.59999999996-32427.96999999996-32427.579999999965-32427.08999999996-32427.60999999996-32427.269999999964-32427.599999999966-32427.399999999965-32427.349999999962-32427.559999999965-32427.639999999967-32427.619999999966-32427.579999999965-32427.649999999965-32427.629999999965-32427.639999999963-32427.659999999963-32427.629999999965-32427.659999999963-32427.649999999965-32427.669999999962-32427.579999999965-32427.64999999996-32427.63999999996-32427.51999999996-32427.549999999963-32427.619999999963-32427.69999999996-32427.69999999996-32427.68999999996-32427.70999999996-32427.67999999996-32427.669999999962-32427.69999999996-32427.69999999996-32427.69999999996-32427.719999999958-32427.70999999996-32427.689999999962-32427.72999999996-32427.709999999963-32427.689999999962-32427.71999999996-32427.679999999964-32427.659999999963-32427.689999999966-32427.639999999963-32427.71999999996-32427.71999999996-32427.709999999963-32427.669999999966-32427.71999999996-32427.69999999996-32427.69999999996-32427.649999999965-32427.69999999996-32427.69999999996-32427.69999999996-32427.709999999963-32427.72999999996-32427.739999999958-32427.65999999996-32427.71999999996-32427.75999999996-32427.66999999996-32427.62999999996-32427.71999999996-32427.72999999996-32427.72999999996-32427.699999999957-32427.749999999956-32427.70999999996-32427.67999999996-32427.709999999963-32427.69999999996-32427.67999999996-32427.68999999996-32427.689999999962-32427.69999999996-32427.679999999964-32427.67999999996-32427.669999999962-32427.65999999996-32427.65999999996-32427.659999999963-32427.64999999996-32427.67999999996-32427.67999999996-32427.67999999996-32427.66999999996-32427.67999999996-32427.67999999996-32427.66999999996-32427.67999999996-32427.62999999996-32427.58999999996-32427.649999999958-32427.66999999996-32427.67999999996-32427.619999999963-32427.68999999996-32427.66999999996-32427.699999999957-32427.67999999996-32427.70999999996-32427.699999999957-32427.65999999996-32427.68999999996-32427.69999999996-32427.69999999996-32427.65999999996-32427.69999999996-32427.69999999996-32427.669999999962-32427.749999999956-32427.75999999996-32427.66999999996-32427.64999999996-32427.649999999958-32427.739999999958-32427.68999999996-32427.689999999962-32427.70999999996-32427.70999999996-32427.719999999958-32427.639999999963-32427.719999999958-32427.719999999958-32427.619999999966-32427.67999999996-32427.67999999996-32427.68999999996-32427.64999999996-32427.699999999957-32427.699999999957-32427.649999999965-32427.67999999996-32427.69999999996-32427.67999999996-32427.749999999964-32427.68999999996-32427.72999999996-32427.699999999957-32427.70999999996-32427.68999999996-32427.69999999996-32427.68999999996-32427.69999999996-32427.719999999958-32427.72999999996-32427.70999999996-32427.74999999996-32427.74999999996-32427.71999999996-32427.72999999996-32427.75999999996-32427.72999999996-32427.71999999996-32427.68999999996-32427.739999999958-32427.719999999958-32427.67999999996-32427.70999999996-32427.719999999958-32427.719999999958-32427.719999999958-32427.70999999996-32427.739999999958-32427.739999999958-32427.72999999996-32427.70999999996-32427.70999999996-32427.72999999996-32427.69999999996-32427.70999999996-32427.71999999996-32427.72999999996-32427.72999999996-32427.68999999996-32427.72999999996-32427.71999999996-32427.68999999996-32427.719999999958-32427.709999999963-32427.69999999996-32427.769999999957-32427.739999999958-32427.69999999996-32427.70999999996-32427.689999999962-32427.709999999963-32427.71999999996-32427.71999999996-32427.69999999996-32427.72999999996-32427.699999999964-32427.71999999996-32427.72999999996-32427.71999999996-32427.699999999964-32427.71999999996-32427.71999999996-32427.71999999996-32427.69999999996-32427.699999999964-32427.71999999996-32427.72999999996-32427.72999999996-32427.71999999996-32427.70999999996-32427.719999999958-32427.71999999996-32427.719999999958-32427.689999999962-32427.69999999996-32427.68999999996-32427.65999999996-32427.689999999962-32427.719999999958-32427.719999999958-32427.70999999996-32427.69999999996-32427.719999999958-32427.70999999996-32427.69999999996-32427.689999999962-32427.689999999962-32427.69999999996-32427.69999999996-32427.719999999958-32427.70999999996-32427.719999999958-32427.69999999996-32427.70999999996-32427.719999999958-32427.719999999958-32427.69999999996-32427.70999999996-32427.719999999958