----------Report of simulation of Quantum Parallel Tempering-----------
The number of considered Spin 189
The considered Annealing Duration 756
The considered Annealing Number 100
The considered T 1.0
The considered Gamma0 1.0
The considered Number Of Replica 3
The considered Number Of System 6
The solution found [ 1  1 -1 -1 -1  1  1 -1  1 -1 -1 -1 -1 -1  1  1  1 -1  1 -1  1 -1  1 -1
  1  1  1  1 -1 -1 -1  1  1 -1  1 -1  1  1  1  1 -1  1 -1  1 -1 -1  1  1
 -1 -1 -1  1  1 -1 -1  1 -1  1  1 -1  1  1  1 -1  1 -1  1 -1  1 -1  1  1
  1 -1  1 -1 -1 -1 -1  1  1 -1 -1  1  1 -1 -1  1 -1 -1 -1  1  1 -1  1 -1
  1 -1  1  1 -1  1 -1 -1 -1 -1  1  1 -1 -1  1  1 -1  1  1 -1 -1 -1 -1 -1
 -1 -1 -1 -1  1 -1  1 -1  1 -1  1  1 -1  1  1 -1  1  1  1  1 -1  1 -1 -1
 -1  1 -1  1 -1  1 -1  1  1 -1  1 -1  1  1 -1  1  1 -1  1 -1  1  1 -1 -1
  1  1  1  1 -1 -1 -1  1  1  1 -1 -1 -1 -1  1  1 -1 -1 -1  1 -1]
The value found -47758.0
The Success probability is 0.11
The average value is -47660.59
The total execution time is 14762.545935153961
The average time for execution is 147.62545826911926
The average time for all systems update is 0.1951149987638312
The average time for system update is 0.0325050631186529
The average time for replica update is 0.010834642494867158
The average time for spin update is 5.709252119512262e-05
The list of values found 

-47758.0
-47655.0
-47602.0
-47653.0
-47620.0
-47692.0
-47652.0
-47758.0
-47719.0
-47717.0
-47587.0
-47631.0
-47578.0
-47719.0
-47680.0
-47674.0
-47660.0
-47707.0
-47595.0
-47582.0
-47649.0
-47689.0
-47678.0
-47556.0
-47719.0
-47758.0
-47642.0
-47620.0
-47582.0
-47679.0
-47668.0
-47613.0
-47641.0
-47719.0
-47551.0
-47758.0
-47719.0
-47691.0
-47599.0
-47651.0
-47621.0
-47758.0
-47665.0
-47699.0
-47758.0
-47707.0
-47689.0
-47624.0
-47655.0
-47613.0
-47588.0
-47638.0
-47643.0
-47636.0
-47643.0
-47707.0
-47621.0
-47597.0
-47689.0
-47666.0
-47682.0
-47545.0
-47606.0
-47707.0
-47754.0
-47758.0
-47671.0
-47698.0
-47598.0
-47758.0
-47628.0
-47570.0
-47680.0
-47758.0
-47621.0
-47646.0
-47717.0
-47652.0
-47656.0
-47669.0
-47654.0
-47674.0
-47697.0
-47654.0
-47687.0
-47642.0
-47758.0
-47612.0
-47676.0
-47579.0
-47606.0
-47667.0
-47689.0
-47668.0
-47599.0
-47641.0
-47568.0
-47624.0
-47758.0
-47594.0



The list of values first execution 

-45043.27777777778
-45302.055555555555
-45377.833333333336
-45331.27777777778
-45523.11111111111
-45477.5
-45424.11111111111
-45438.833333333336
-45556.555555555555
-45487.5
-45437.0
-45450.944444444445
-45383.27777777778
-45384.055555555555
-45239.5
-45336.444444444445
-45234.27777777778
-45239.11111111111
-45209.5
-45260.77777777778
-45291.5
-45188.27777777778
-45238.833333333336
-45201.666666666664
-45246.27777777778
-45204.833333333336
-45127.61111111111
-45236.0
-45000.833333333336
-45020.38888888889
-45158.0
-45142.0
-45096.666666666664
-44769.72222222222
-45160.166666666664
-44875.11111111111
-44751.5
-44943.77777777778
-44888.11111111111
-45127.0
-44805.72222222222
-44871.61111111111
-44833.666666666664
-44915.166666666664
-44787.555555555555
-44657.88888888889
-45055.77777777778
-44917.88888888889
-45062.444444444445
-45079.11111111111
-44994.27777777778
-44873.444444444445
-44944.27777777778
-44930.72222222222
-44981.666666666664
-45030.333333333336
-44955.22222222222
-45120.166666666664
-44897.27777777778
-44900.72222222222
-45085.666666666664
-45105.38888888889
-44829.11111111111
-45014.444444444445
-45097.166666666664
-45024.444444444445
-44972.22222222222
-44835.88888888889
-45043.72222222222
-44901.22222222222
-45191.666666666664
-44905.22222222222
-44747.11111111111
-44980.38888888889
-44795.27777777778
-45037.944444444445
-45032.333333333336
-44911.555555555555
-44992.22222222222
-45050.27777777778
-44982.666666666664
-44944.0
-44981.555555555555
-45096.11111111111
-45030.11111111111
-44832.055555555555
-45090.38888888889
-44904.61111111111
-45080.555555555555
-44871.5
-44899.0
-44982.11111111111
-45150.444444444445
-45174.38888888889
-44995.38888888889
-44997.555555555555
-45141.055555555555
-44966.833333333336
-44827.88888888889
-44961.555555555555
-44922.5
-44855.77777777778
-44940.61111111111
-45130.666666666664
-44992.22222222222
-45008.833333333336
-45165.72222222222
-44868.333333333336
-45118.444444444445
-44991.77777777778
-44972.5
-45050.22222222222
-44745.944444444445
-44960.833333333336
-45053.38888888889
-44785.444444444445
-44969.77777777778
-45029.22222222222
-45118.38888888889
-44973.77777777778
-44963.944444444445
-44950.88888888889
-44984.833333333336
-45089.055555555555
-44989.444444444445
-44997.166666666664
-45100.555555555555
-44972.5
-44951.27777777778
-44950.88888888889
-44937.833333333336
-45105.11111111111
-44990.72222222222
-44939.333333333336
-44958.77777777778
-44851.166666666664
-45011.11111111111
-44739.166666666664
-44956.666666666664
-44921.055555555555
-44839.555555555555
-44813.555555555555
-44913.666666666664
-44983.666666666664
-44869.166666666664
-44953.11111111111
-44988.11111111111
-44991.5
-44996.22222222222
-44899.77777777778
-44968.77777777778
-44899.444444444445
-44941.77777777778
-44914.333333333336
-45018.72222222222
-45000.61111111111
-44881.88888888889
-44773.833333333336
-44957.22222222222
-44919.11111111111
-45030.88888888889
-44990.88888888889
-44913.944444444445
-44809.5
-44814.555555555555
-44971.0
-45032.77777777778
-44906.61111111111
-45116.944444444445
-44990.27777777778
-44955.77777777778
-45076.61111111111
-45103.444444444445
-45060.444444444445
-44892.11111111111
-44964.555555555555
-45007.22222222222
-44796.5
-44994.38888888889
-44817.666666666664
-44977.555555555555
-44970.666666666664
-44999.61111111111
-45080.77777777778
-44967.444444444445
-45039.833333333336
-45106.38888888889
-45099.444444444445
-44971.22222222222
-45068.833333333336
-45195.666666666664
-44923.166666666664
-45106.88888888889
-44959.444444444445
-45244.11111111111
-45151.166666666664
-45011.166666666664
-45184.77777777778
-45122.444444444445
-44970.444444444445
-45033.77777777778
-44901.166666666664
-45058.166666666664
-44937.27777777778
-44888.166666666664
-44998.166666666664
-44722.333333333336
-44888.944444444445
-44836.833333333336
-44897.22222222222
-45094.555555555555
-44960.333333333336
-45068.444444444445
-45017.5
-45130.444444444445
-45074.72222222222
-45043.333333333336
-45031.444444444445
-45026.0
-44987.666666666664
-44978.77777777778
-44943.77777777778
-44781.833333333336
-44912.166666666664
-44906.11111111111
-44741.333333333336
-45038.944444444445
-44843.833333333336
-45006.11111111111
-45030.944444444445
-44920.666666666664
-44964.72222222222
-44821.555555555555
-45090.22222222222
-44972.0
-45009.0
-45042.27777777778
-45024.944444444445
-44925.77777777778
-44901.11111111111
-44819.38888888889
-44910.166666666664
-44962.72222222222
-45060.833333333336
-45132.77777777778
-44915.5
-45097.88888888889
-44955.88888888889
-44894.0
-45004.333333333336
-44965.555555555555
-44863.88888888889
-44910.166666666664
-44938.333333333336
-45008.38888888889
-45120.166666666664
-44845.22222222222
-44918.5
-44945.88888888889
-45010.944444444445
-44820.77777777778
-45132.833333333336
-44711.5
-45119.61111111111
-45071.666666666664
-45030.555555555555
-45131.444444444445
-44801.11111111111
-44835.0
-44985.27777777778
-44909.0
-44992.72222222222
-44979.944444444445
-45066.72222222222
-44970.666666666664
-44913.11111111111
-44882.0
-44871.444444444445
-44880.72222222222
-44832.055555555555
-44765.11111111111
-44954.444444444445
-44985.333333333336
-44746.055555555555
-44965.11111111111
-45078.61111111111
-45017.444444444445
-45123.61111111111
-45066.72222222222
-45129.27777777778
-44993.27777777778
-45060.166666666664
-45107.61111111111
-44831.61111111111
-44959.055555555555
-44910.666666666664
-44929.833333333336
-45186.833333333336
-44812.88888888889
-45031.166666666664
-44777.666666666664
-45146.944444444445
-44893.77777777778
-45120.055555555555
-45016.77777777778
-44984.166666666664
-44909.22222222222
-45005.88888888889
-45043.61111111111
-45044.27777777778
-45133.944444444445
-45025.055555555555
-44975.833333333336
-44936.77777777778
-44906.38888888889
-44899.77777777778
-45015.22222222222
-44847.833333333336
-44977.22222222222
-44838.833333333336
-44997.77777777778
-45003.333333333336
-45009.333333333336
-44938.61111111111
-45149.055555555555
-44969.666666666664
-44861.333333333336
-45045.27777777778
-44918.055555555555
-44856.61111111111
-45016.0
-44899.444444444445
-44885.555555555555
-45054.61111111111
-44948.944444444445
-44776.0
-45199.88888888889
-44804.944444444445
-45158.5
-44987.833333333336
-44785.0
-44974.5
-45005.555555555555
-45193.27777777778
-44959.666666666664
-45141.88888888889
-44877.11111111111
-44812.944444444445
-44959.166666666664
-44951.333333333336
-44883.666666666664
-44972.72222222222
-45214.61111111111
-44901.5
-45035.166666666664
-44752.22222222222
-45016.833333333336
-44946.944444444445
-44797.27777777778
-45017.11111111111
-44924.666666666664
-44993.444444444445
-44945.055555555555
-45003.38888888889
-44933.22222222222
-44765.61111111111
-44921.833333333336
-44939.333333333336
-45078.944444444445
-45003.444444444445
-45119.444444444445
-44856.055555555555
-45018.833333333336
-45122.5
-44836.5
-44991.27777777778
-45006.77777777778
-44938.88888888889
-44673.22222222222
-45042.944444444445
-44931.166666666664
-45022.055555555555
-45075.944444444445
-45007.944444444445
-45138.944444444445
-44994.944444444445
-45094.5
-44947.88888888889
-45077.88888888889
-44977.944444444445
-44956.833333333336
-44963.22222222222
-44955.77777777778
-44939.055555555555
-44998.0
-45081.22222222222
-44987.666666666664
-45041.666666666664
-45084.72222222222
-45015.22222222222
-45091.38888888889
-44876.166666666664
-44989.5
-44826.444444444445
-44889.333333333336
-45046.833333333336
-44949.72222222222
-44974.38888888889
-44990.72222222222
-45039.833333333336
-45001.38888888889
-44947.0
-45140.38888888889
-45143.555555555555
-45083.77777777778
-45170.27777777778
-44933.11111111111
-45068.38888888889
-45004.055555555555
-45123.61111111111
-45099.333333333336
-45023.666666666664
-45111.833333333336
-44997.333333333336
-44977.666666666664
-44737.944444444445
-44951.166666666664
-44961.5
-44955.944444444445
-44905.72222222222
-45020.666666666664
-44791.833333333336
-45073.72222222222
-44940.61111111111
-45048.77777777778
-44931.61111111111
-45179.5
-45030.88888888889
-44801.833333333336
-44932.5
-45137.11111111111
-44991.055555555555
-45217.666666666664
-45085.444444444445
-44973.11111111111
-45078.38888888889
-44995.77777777778
-45013.72222222222
-45118.333333333336
-45024.11111111111
-44938.055555555555
-45116.166666666664
-45067.38888888889
-44914.88888888889
-45038.444444444445
-44961.11111111111
-44928.333333333336
-45170.166666666664
-45022.0
-45058.11111111111
-44976.833333333336
-44824.11111111111
-45079.944444444445
-44759.38888888889
-44834.72222222222
-44985.555555555555
-44816.833333333336
-44927.5
-44724.944444444445
-44839.833333333336
-44695.333333333336
-44957.333333333336
-45073.27777777778
-44977.61111111111
-44932.88888888889
-44990.055555555555
-45060.666666666664
-45132.055555555555
-45028.055555555555
-44963.27777777778
-44917.27777777778
-44999.055555555555
-44963.666666666664
-44870.333333333336
-45056.833333333336
-44990.61111111111
-44918.055555555555
-44950.5
-44854.333333333336
-44666.055555555555
-44888.833333333336
-44855.055555555555
-44974.88888888889
-45008.166666666664
-45163.333333333336
-44894.833333333336
-45024.38888888889
-44953.88888888889
-44940.944444444445
-45057.944444444445
-45009.0
-44990.27777777778
-45013.0
-44902.5
-45108.27777777778
-44895.5
-44900.833333333336
-44779.833333333336
-44895.22222222222
-44858.444444444445
-44842.61111111111
-45039.555555555555
-44907.555555555555
-44938.5
-44917.333333333336
-44897.5
-45037.11111111111
-44832.166666666664
-45079.666666666664
-44851.444444444445
-44937.11111111111
-45054.61111111111
-44973.77777777778
-44999.22222222222
-45031.166666666664
-44808.944444444445
-45015.11111111111
-44885.61111111111
-44910.88888888889
-44845.61111111111
-44880.88888888889
-44913.0
-44986.166666666664
-45022.944444444445
-45015.444444444445
-44999.88888888889
-44965.61111111111
-44971.944444444445
-44929.38888888889
-44900.22222222222
-45029.61111111111
-44891.444444444445
-45009.61111111111
-44992.61111111111
-45018.666666666664
-45127.444444444445
-44957.555555555555
-45143.88888888889
-45032.444444444445
-44886.72222222222
-45257.0
-44877.555555555555
-45061.944444444445
-44915.88888888889
-44978.11111111111
-45154.88888888889
-44995.333333333336
-45050.5
-45009.11111111111
-45122.77777777778
-45068.61111111111
-45025.61111111111
-44891.166666666664
-44978.555555555555
-44984.666666666664
-45059.5
-45002.833333333336
-45052.22222222222
-45000.22222222222
-44921.5
-45035.0
-44864.444444444445
-44806.055555555555
-45025.055555555555
-44782.055555555555
-44962.72222222222
-44802.77777777778
-44968.666666666664
-44952.11111111111
-44814.5
-45133.0
-44860.055555555555
-45084.11111111111
-44987.77777777778
-45040.72222222222
-44974.833333333336
-44963.5
-44916.444444444445
-45044.444444444445
-45049.38888888889
-44922.22222222222
-44854.833333333336
-45013.944444444445
-45076.72222222222
-45120.88888888889
-45166.555555555555
-44994.88888888889
-45188.72222222222
-45011.22222222222
-45098.5
-45091.944444444445
-45020.055555555555
-45124.166666666664
-44839.333333333336
-44831.22222222222
-44881.11111111111
-44954.166666666664
-44959.944444444445
-45041.944444444445
-45038.833333333336
-44905.11111111111
-44960.666666666664
-44809.444444444445
-45060.38888888889
-44982.444444444445
-45100.444444444445
-45067.833333333336
-45038.88888888889
-44992.38888888889
-44880.166666666664
-45114.72222222222
-45005.77777777778
-45124.666666666664
-44907.333333333336
-45056.444444444445
-44968.27777777778
-45032.22222222222
-45042.166666666664
-44996.833333333336
-45169.11111111111
-45153.38888888889
-44983.22222222222
-45003.88888888889
-44809.72222222222
-45001.166666666664
-44988.555555555555
-44870.055555555555
-45112.333333333336
-45003.77777777778
-45033.833333333336
-44920.22222222222
-44723.666666666664
-45115.833333333336
-44983.444444444445
-45002.333333333336
-45110.27777777778
-45007.38888888889
-45200.22222222222
-45027.72222222222
-45110.61111111111
-45040.944444444445
-44992.5
-44945.72222222222
-44986.22222222222
-44974.5
-45093.333333333336
-45119.666666666664
-44925.22222222222
-44964.38888888889
-45070.0
-45118.666666666664
-44931.88888888889
-45234.333333333336
-45124.055555555555
-45054.333333333336
-44901.833333333336
-44940.444444444445
-45002.5
-44975.166666666664
-45085.72222222222
-44713.444444444445
-44904.27777777778
-44899.0
-44710.27777777778
-44891.72222222222
-45030.27777777778
-44932.944444444445
-44943.0
-45208.666666666664
-45116.22222222222
-45056.88888888889
-45043.555555555555
-44969.72222222222
-45073.5
-45034.666666666664
-44862.944444444445
-45010.5
-45211.666666666664
-44919.555555555555
-45076.11111111111
-44972.38888888889
-44778.666666666664
-44758.5
-44918.88888888889
-44878.666666666664
-44902.88888888889
-44925.27777777778
-44927.166666666664
-44851.5
-44978.61111111111
-44942.055555555555
-45054.38888888889
-44861.055555555555
-45033.444444444445
-44839.055555555555
-44798.77777777778
-44832.5
-44802.88888888889
-45029.77777777778
-45007.666666666664
-45015.88888888889
-45196.0
-44892.88888888889
-45077.72222222222
-45091.5
-44819.11111111111
-45044.944444444445
-44766.72222222222
-44892.666666666664
-45010.333333333336
-44734.444444444445
-44968.833333333336
-44990.27777777778
-45038.5
-44748.38888888889
-45159.27777777778
-44965.0
-44929.166666666664
-44948.38888888889
-44934.27777777778
-44886.5
-44958.22222222222
-45028.666666666664
-44927.22222222222
-44965.72222222222
-44951.38888888889
-44859.61111111111
-45174.666666666664
-45013.77777777778
-45148.11111111111
-44991.38888888889
-44863.833333333336
-44943.5
-44916.77777777778
-45077.666666666664
-44845.61111111111
-45086.166666666664
-45138.72222222222
-45011.11111111111
-44873.11111111111
-44837.333333333336
-44922.055555555555
-44864.0
-45006.27777777778
-44919.055555555555
-45141.666666666664



The list of best values first execution 

-46767.0
-47429.0
-47559.0
-47692.0
-47753.0
-47754.0
-47704.0
-47675.0
-47739.0
-47742.0
-47719.0
-47754.0
-47754.0
-47731.0
-47752.0
-47751.0
-47758.0
-47678.0
-47754.0
-47758.0
-47732.0
-47754.0
-47743.0
-47754.0
-47754.0
-47709.0
-47743.0
-47754.0
-47754.0
-47709.0
-47736.0
-47722.0
-47743.0
-47683.0
-47758.0
-47758.0
-47717.0
-47749.0
-47758.0
-47758.0
-47758.0
-47738.0
-47749.0
-47758.0
-47758.0
-47758.0
-47749.0
-47758.0
-47758.0
-47758.0
-47749.0
-47758.0
-47758.0
-47749.0
-47758.0
-47758.0
-47749.0
-47758.0
-47758.0
-47749.0
-47758.0
-47758.0
-47737.0
-47749.0
-47758.0
-47758.0
-47758.0
-47745.0
-47725.0
-47751.0
-47753.0
-47736.0
-47730.0
-47741.0
-47715.0
-47758.0
-47758.0
-47745.0
-47725.0
-47753.0
-47754.0
-47725.0
-47753.0
-47754.0
-47725.0
-47753.0
-47754.0
-47723.0
-47748.0
-47754.0
-47723.0
-47748.0
-47754.0
-47752.0
-47725.0
-47753.0
-47754.0
-47725.0
-47751.0
-47758.0
-47749.0
-47758.0
-47758.0
-47758.0
-47738.0
-47749.0
-47758.0
-47758.0
-47758.0
-47749.0
-47758.0
-47758.0
-47754.0
-47749.0
-47758.0
-47717.0
-47749.0
-47758.0
-47758.0
-47758.0
-47737.0
-47749.0
-47717.0
-47758.0
-47749.0
-47758.0
-47758.0
-47749.0
-47758.0
-47758.0
-47749.0
-47750.0
-47747.0
-47749.0
-47758.0
-47758.0
-47758.0
-47749.0
-47758.0
-47758.0
-47749.0
-47758.0
-47754.0
-47752.0
-47736.0
-47758.0
-47717.0
-47732.0
-47758.0
-47758.0
-47749.0
-47749.0
-47758.0
-47758.0
-47749.0
-47758.0
-47758.0
-47749.0
-47758.0
-47758.0
-47749.0
-47758.0
-47758.0
-47758.0
-47758.0
-47758.0
-47758.0
-47758.0
-47758.0
-47758.0
-47705.0
-47738.0
-47758.0
-47758.0
-47758.0
-47758.0
-47758.0
-47758.0
-47717.0
-47758.0
-47758.0
-47717.0
-47758.0
-47758.0
-47758.0
-47758.0
-47758.0
-47758.0
-47758.0
-47758.0
-47758.0
-47758.0
-47758.0
-47758.0
-47758.0
-47758.0
-47758.0
-47758.0
-47758.0
-47758.0
-47717.0
-47758.0
-47758.0
-47758.0
-47758.0
-47758.0
-47758.0
-47758.0
-47758.0
-47705.0
-47749.0
-47717.0
-47758.0
-47758.0
-47754.0
-47717.0
-47747.0
-47705.0
-47709.0
-47753.0
-47754.0
-47753.0
-47754.0
-47754.0
-47753.0
-47754.0
-47751.0
-47758.0
-47758.0
-47758.0
-47758.0
-47758.0
-47758.0
-47758.0
-47758.0
-47758.0
-47758.0
-47754.0
-47758.0
-47758.0
-47758.0
-47758.0
-47717.0
-47705.0
-47716.0
-47754.0
-47740.0
-47758.0
-47758.0
-47758.0
-47758.0
-47758.0
-47758.0
-47758.0
-47758.0
-47758.0
-47758.0
-47758.0
-47758.0
-47758.0
-47758.0
-47758.0
-47758.0
-47758.0
-47758.0
-47758.0
-47758.0
-47758.0
-47717.0
-47758.0
-47758.0
-47717.0
-47758.0
-47758.0
-47758.0
-47758.0
-47717.0
-47758.0
-47758.0
-47758.0
-47717.0
-47758.0
-47758.0
-47758.0
-47758.0
-47758.0
-47758.0
-47758.0
-47758.0
-47758.0
-47758.0
-47758.0
-47758.0
-47758.0
-47758.0
-47758.0
-47758.0
-47758.0
-47758.0
-47758.0
-47758.0
-47758.0
-47758.0
-47758.0
-47758.0
-47758.0
-47758.0
-47758.0
-47717.0
-47747.0
-47753.0
-47754.0
-47754.0
-47712.0
-47743.0
-47743.0
-47743.0
-47743.0
-47743.0
-47743.0
-47743.0
-47743.0
-47743.0
-47713.0
-47743.0
-47751.0
-47751.0
-47758.0
-47758.0
-47758.0
-47758.0
-47758.0
-47758.0
-47758.0
-47758.0
-47758.0
-47758.0
-47758.0
-47758.0
-47758.0
-47717.0
-47758.0
-47758.0
-47758.0
-47758.0
-47758.0
-47758.0
-47758.0
-47758.0
-47758.0
-47758.0
-47717.0
-47758.0
-47758.0
-47758.0
-47758.0
-47717.0
-47747.0
-47753.0
-47712.0
-47702.0
-47753.0
-47754.0
-47754.0
-47754.0
-47754.0
-47752.0
-47753.0
-47754.0
-47754.0
-47753.0
-47754.0
-47753.0
-47754.0
-47752.0
-47751.0
-47758.0
-47758.0
-47758.0
-47758.0
-47758.0
-47758.0
-47758.0
-47758.0
-47758.0
-47758.0
-47758.0
-47758.0
-47758.0
-47758.0
-47758.0
-47758.0
-47758.0
-47758.0
-47758.0
-47758.0
-47758.0
-47758.0
-47758.0
-47758.0
-47758.0
-47758.0
-47758.0
-47758.0
-47758.0
-47758.0
-47758.0
-47758.0
-47758.0
-47758.0
-47758.0
-47758.0
-47758.0
-47758.0
-47758.0
-47758.0
-47758.0
-47758.0
-47758.0
-47758.0
-47758.0
-47758.0
-47758.0
-47758.0
-47758.0
-47758.0
-47758.0
-47758.0
-47758.0
-47758.0
-47758.0
-47758.0
-47758.0
-47754.0
-47758.0
-47758.0
-47758.0
-47758.0
-47758.0
-47758.0
-47758.0
-47758.0
-47758.0
-47758.0
-47758.0
-47758.0
-47758.0
-47758.0
-47758.0
-47758.0
-47758.0
-47758.0
-47758.0
-47758.0
-47758.0
-47758.0
-47758.0
-47758.0
-47758.0
-47752.0
-47753.0
-47754.0
-47752.0
-47753.0
-47754.0
-47754.0
-47754.0
-47753.0
-47754.0
-47754.0
-47753.0
-47754.0
-47752.0
-47753.0
-47754.0
-47754.0
-47754.0
-47754.0
-47754.0
-47751.0
-47751.0
-47750.0
-47754.0
-47754.0
-47754.0
-47754.0
-47751.0
-47751.0
-47751.0
-47750.0
-47754.0
-47754.0
-47754.0
-47752.0
-47753.0
-47754.0
-47751.0
-47750.0
-47754.0
-47751.0
-47758.0
-47758.0
-47758.0
-47754.0
-47758.0
-47758.0
-47758.0
-47758.0
-47758.0
-47758.0
-47758.0
-47758.0
-47758.0
-47758.0
-47758.0
-47731.0
-47754.0
-47758.0
-47758.0
-47717.0
-47758.0
-47758.0
-47758.0
-47758.0
-47758.0
-47758.0
-47758.0
-47758.0
-47758.0
-47758.0
-47758.0
-47758.0
-47758.0
-47758.0
-47758.0
-47758.0
-47758.0
-47758.0
-47758.0
-47758.0
-47758.0
-47758.0
-47758.0
-47758.0
-47758.0
-47758.0
-47758.0
-47758.0
-47758.0
-47754.0
-47758.0
-47758.0
-47758.0
-47758.0
-47758.0
-47758.0
-47758.0
-47758.0
-47758.0
-47758.0
-47758.0
-47758.0
-47758.0
-47758.0
-47758.0
-47758.0
-47758.0
-47758.0
-47758.0
-47758.0
-47758.0
-47758.0
-47758.0
-47758.0
-47754.0
-47758.0
-47758.0
-47758.0
-47758.0
-47758.0
-47758.0
-47758.0
-47758.0
-47758.0
-47758.0
-47758.0
-47758.0
-47758.0
-47758.0
-47758.0
-47758.0
-47758.0
-47754.0
-47758.0
-47758.0
-47753.0
-47758.0
-47758.0
-47758.0
-47758.0
-47758.0
-47752.0
-47758.0
-47754.0
-47758.0
-47758.0
-47758.0
-47754.0
-47758.0
-47758.0
-47758.0
-47758.0
-47754.0
-47758.0
-47758.0
-47758.0
-47758.0
-47758.0
-47758.0
-47758.0
-47758.0
-47758.0
-47758.0
-47758.0
-47758.0
-47758.0
-47758.0
-47758.0
-47753.0
-47758.0
-47758.0
-47758.0
-47758.0
-47758.0
-47758.0
-47758.0
-47758.0
-47758.0
-47719.0
-47758.0
-47758.0
-47758.0
-47758.0
-47758.0
-47758.0
-47758.0
-47758.0
-47758.0
-47758.0
-47758.0
-47758.0
-47758.0
-47758.0
-47758.0
-47758.0
-47758.0
-47758.0
-47754.0
-47758.0
-47758.0
-47758.0
-47754.0
-47758.0
-47758.0
-47758.0
-47758.0
-47758.0
-47758.0
-47758.0
-47758.0
-47758.0
-47758.0
-47758.0
-47758.0
-47758.0
-47758.0
-47758.0
-47758.0
-47758.0
-47758.0
-47758.0
-47758.0
-47758.0
-47758.0
-47752.0
-47751.0
-47758.0
-47758.0
-47758.0
-47758.0
-47758.0
-47758.0
-47758.0
-47758.0
-47758.0
-47758.0
-47758.0
-47758.0
-47758.0
-47758.0
-47758.0
-47758.0
-47758.0
-47758.0
-47758.0
-47758.0
-47758.0
-47758.0
-47758.0
-47758.0
-47758.0
-47758.0
-47758.0
-47758.0
-47758.0
-47758.0
-47758.0
-47758.0
-47758.0
-47758.0
-47758.0
-47758.0
-47758.0
-47758.0
-47758.0
-47758.0
-47758.0
-47758.0
-47758.0
-47758.0
-47758.0
-47758.0
-47758.0
-47758.0
-47758.0
-47758.0
-47758.0
-47758.0
-47758.0
-47758.0
-47758.0
-47758.0
-47758.0
-47758.0
-47758.0
-47758.0
-47758.0
-47758.0
-47758.0
-47758.0
-47758.0
-47758.0
-47758.0
-47758.0
-47758.0
-47758.0



The list of values average 

-45089.498333333344
-45268.32888888888
-45359.86166666668
-45383.46555555557
-45402.43833333334
-45403.08222222221
-45413.22277777775
-45404.7038888889
-45398.73277777778
-45393.62388888888
-45384.012777777774
-45363.45277777777
-45368.16944444443
-45337.08777777776
-45315.16888888888
-45300.242222222216
-45265.35833333336
-45254.46944444445
-45224.810555555574
-45228.13333333333
-45208.55944444444
-45179.485
-45166.4561111111
-45143.10000000001
-45129.60388888889
-45120.118888888916
-45099.99888888886
-45086.634444444455
-45089.46666666666
-45061.9188888889
-45077.898888888914
-45048.438333333324
-45048.05944444445
-45036.89166666666
-45013.895555555544
-45018.31611111112
-45003.853333333325
-45016.592777777776
-44986.60666666667
-44994.581666666665
-45014.64944444445
-44981.8522222222
-44998.925
-44984.30277777778
-44979.88333333333
-45003.79388888885
-44968.84055555557
-44984.066666666695
-44981.438333333324
-44979.27888888888
-44981.99611111111
-44982.05444444446
-44968.871666666666
-44969.366111111114
-44979.35999999999
-44967.570000000014
-44969.13777777779
-44975.65555555558
-44972.91166666666
-44973.86333333333
-44985.31833333333
-44978.45277777777
-44950.99222222222
-44974.03055555554
-44946.248888888884
-44959.88222222222
-44973.806111111095
-44963.75222222222
-44977.20222222222
-44947.311111111136
-44961.338888888895
-44972.908333333326
-44965.057777777765
-44963.9588888889
-44958.39000000001
-44954.67388888889
-44961.92555555555
-44961.15055555555
-44953.16777777776
-44973.20166666668
-44973.81888888889
-44969.2388888889
-44971.58555555554
-44968.70611111113
-44965.88277777778
-44964.31555555555
-44948.75500000002
-44967.915555555555
-44940.81166666665
-44946.88666666667
-44964.70777777775
-44933.6261111111
-44979.56555555554
-44971.405555555575
-44946.608888888884
-44961.94499999999
-44964.90666666668
-44948.940555555535
-44953.61611111111
-44945.42833333333
-44949.67888888889
-44947.53833333333
-44945.130555555574
-44952.335000000014
-44955.089444444435
-44941.33222222223
-44960.49277777778
-44954.21777777775
-44956.51388888889
-44962.883333333346
-44971.923888888894
-44986.301666666666
-44965.53277777779
-44965.80333333332
-44971.1088888889
-44951.6677777778
-44948.28277777779
-44957.7038888889
-44939.84000000001
-44953.04833333334
-44955.96999999998
-44952.38833333334
-44963.779444444444
-44973.42388888889
-44966.20666666665
-44955.91666666664
-44954.329444444455
-44965.651666666665
-44940.64166666665
-44956.27388888889
-44957.00055555557
-44967.938333333346
-44960.791111111124
-44960.34111111111
-44961.19333333334
-44959.14166666668
-44963.91277777776
-44958.55444444444
-44958.75833333333
-44960.60722222223
-44951.69055555555
-44961.20166666665
-44976.27166666666
-44955.86277777778
-44967.51222222221
-44949.6811111111
-44955.38611111111
-44969.01222222222
-44962.0561111111
-44960.132777777784
-44961.25500000001
-44965.91166666668
-44964.30555555557
-44967.48222222222
-44958.95555555555
-44953.57277777778
-44975.91388888888
-44941.92888888889
-44968.81833333335
-44959.028333333335
-44950.933333333334
-44956.80388888888
-44952.43
-44948.450000000004
-44979.826111111106
-44969.02777777779
-44966.64277777778
-44969.92888888889
-44957.98333333333
-44963.388333333336
-44954.93111111112
-44954.96111111112
-44989.80555555553
-44981.057777777794
-44971.855
-44957.7161111111
-44971.64277777779
-44958.34222222223
-44958.27055555557
-44969.0138888889
-44977.106666666645
-44968.6561111111
-44965.698333333334
-44966.38999999999
-44942.94722222222
-44961.97944444444
-44957.07888888888
-44960.59611111112
-44970.34999999998
-44952.926111111105
-44984.39000000001
-44963.96111111112
-44967.6877777778
-44977.71888888889
-44971.118888888894
-44977.7961111111
-44956.25166666664
-44959.175
-44962.51666666669
-44947.22166666668
-44962.36722222221
-44956.88166666668
-44964.2411111111
-44964.72666666668
-44961.77722222222
-44966.91055555555
-44962.63222222224
-44973.26333333332
-44953.226111111115
-44959.92277777779
-44958.68111111111
-44960.50111111111
-44970.03777777778
-44977.05
-44995.25166666666
-44968.05777777777
-44974.61833333334
-44969.52888888888
-44972.40333333331
-44955.67055555556
-44973.326666666675
-44962.90222222221
-44956.515
-44971.88277777777
-44966.188888888915
-44954.33333333332
-44967.016111111116
-44954.95277777778
-44947.88722222223
-44974.36722222223
-44960.76944444445
-44955.13277777778
-44945.680555555555
-44959.19722222221
-44953.54444444445
-44964.60611111109
-44955.953333333346
-44951.12277777779
-44940.908333333355
-44949.78166666666
-44946.97944444442
-44966.82722222224
-44950.01500000001
-44967.073333333334
-44969.499444444446
-44957.577222222215
-44978.23777777777
-44975.46944444444
-44946.649444444454
-44962.20222222219
-44972.84555555556
-44966.395000000026
-44959.06055555556
-44966.47833333331
-44959.23333333332
-44953.48499999999
-44976.817222222235
-44932.704444444455
-44955.88666666665
-44962.845
-44948.881111111106
-44969.98833333335
-44948.77555555555
-44969.42166666667
-44943.52444444445
-44953.18555555554
-44961.130000000005
-44929.55666666667
-44969.878888888896
-44956.41222222219
-44961.097222222226
-44980.23444444443
-44969.76666666667
-44969.246666666666
-44955.97833333333
-44949.05999999997
-44964.458333333365
-44958.865
-44963.84499999999
-44968.96388888887
-44964.27611111111
-44973.85611111112
-44973.593888888885
-44970.26055555557
-44963.434444444465
-44985.139444444445
-44952.42666666667
-44969.60500000001
-44951.71444444444
-44974.516666666685
-44976.75611111109
-44980.620555555564
-44974.678888888906
-44953.275555555556
-44952.029444444444
-44958.69444444445
-44959.35111111112
-44949.08055555556
-44959.04277777779
-44978.07000000001
-44963.249444444446
-44974.100000000006
-44950.108333333344
-44976.97833333337
-44962.15944444443
-44974.32166666667
-44979.69000000002
-44959.52222222222
-44968.514999999985
-44967.185
-44982.38333333333
-44982.35944444444
-44978.02166666665
-44972.693333333336
-44949.945555555554
-44961.98111111111
-44963.53444444444
-44939.43833333334
-44960.26777777777
-44963.17944444445
-44956.936666666676
-44974.4133333333
-44938.15222222221
-44953.49555555556
-44966.88388888888
-44958.23166666665
-44958.74333333333
-44967.24277777777
-44964.40722222222
-44963.796666666654
-44960.583333333336
-44974.46944444444
-44979.27333333333
-44951.639444444445
-44975.877222222225
-44962.54222222222
-44953.74666666666
-44951.082777777774
-44957.19833333333
-44972.85500000001
-44941.99277777778
-44955.841666666674
-44954.700000000004
-44969.23500000001
-44958.26944444445
-44957.38388888889
-44967.82388888889
-44961.26
-44976.077777777784
-44958.029444444444
-44961.83111111111
-44962.543888888904
-44956.854999999996
-44952.75111111111
-44971.33722222225
-44961.175
-44972.937222222245
-44956.56222222222
-44972.435555555545
-44968.85166666668
-44957.84111111109
-44957.924444444434
-44966.507777777784
-44957.87888888888
-44956.133333333346
-44953.99666666667
-44954.55499999999
-44955.23500000002
-44980.733333333315
-44960.03611111113
-44969.7
-44972.26666666665
-44980.49499999999
-44974.743333333325
-44960.43888888891
-44972.24111111112
-44968.15888888889
-44967.40499999999
-44942.48500000001
-44951.68499999999
-44971.84555555555
-44964.716666666674
-44953.451666666675
-44962.95277777778
-44981.20500000001
-44955.8461111111
-44957.89055555556
-44945.710555555546
-44947.63722222223
-44974.545000000006
-44958.63777777779
-44956.21222222222
-44961.932222222225
-44944.37111111111
-44971.95833333333
-44968.46166666666
-44974.666111111124
-44983.27999999999
-44977.68777777779
-44972.58388888888
-44954.95944444444
-44973.59611111111
-44980.34000000002
-44972.99388888888
-44948.21833333331
-44950.15722222222
-44955.19166666667
-44948.712222222246
-44962.46777777775
-44959.48777777778
-44990.76277777778
-44977.79111111111
-44976.31444444444
-44995.645000000004
-44959.05833333333
-44973.63666666665
-44960.74833333333
-44972.59555555557
-44967.38055555555
-44962.81944444444
-44972.82944444446
-44963.52611111112
-44966.60166666666
-44952.494444444455
-44941.760555555586
-44945.07833333334
-44931.01499999998
-44944.7061111111
-44953.25777777776
-44943.05277777779
-44981.444999999985
-44948.95277777777
-44961.43444444443
-44982.34833333335
-44972.98888888888
-44954.86388888889
-44968.23611111111
-44963.32944444445
-44982.58333333333
-44973.546666666654
-44974.76277777779
-44956.679999999986
-44966.89666666667
-44953.90555555553
-44960.88777777777
-44961.65777777778
-44964.86555555554
-44956.65499999998
-44976.95944444445
-44976.81833333331
-44964.4127777778
-44965.748888888884
-44981.39555555559
-44976.65611111111
-44991.06499999998
-44961.89888888888
-44964.38444444444
-44952.14611111112
-44945.47333333333
-44965.15777777777
-44944.79111111111
-44951.63055555557
-44974.25888888888
-44943.87611111112
-44954.56111111111
-44953.549999999996
-44964.63444444445
-44971.45666666665
-44949.365
-44974.38888888886
-44957.91499999999
-44958.14388888889
-44955.61333333335
-44941.411111111134
-44973.36444444447
-44949.60055555554
-44967.20444444444
-44945.85444444447
-44965.68222222222
-44974.51500000001
-44980.8022222222
-44977.61555555556
-44961.05111111112
-44962.84944444446
-44963.91944444442
-44977.58499999998
-44941.9866666667
-44952.53666666665
-44958.04166666667
-44972.19611111109
-44960.34166666667
-44952.262222222234
-44968.99666666667
-44946.0238888889
-44959.08055555555
-44972.992222222216
-44965.35499999998
-44957.39388888889
-44963.66555555555
-44989.4188888889
-44973.73166666666
-44977.28
-44974.372777777775
-44957.30555555558
-44973.48166666666
-44978.15444444446
-44970.60388888891
-44970.20777777776
-44975.67277777774
-44964.96277777778
-44963.22666666666
-44972.72500000001
-44949.623888888906
-44979.94111111109
-44954.54166666668
-44971.5861111111
-44968.86722222223
-44962.896111111106
-44968.833888888905
-44973.477222222245
-44967.208333333314
-44958.8177777778
-44956.84388888888
-44974.16888888888
-44953.237222222226
-44967.10944444444
-44965.53444444447
-44970.03055555556
-44952.46388888888
-44953.59000000001
-44967.31055555555
-44964.84611111112
-44961.56055555555
-44958.10944444446
-44960.40111111112
-44986.847777777795
-44959.72666666667
-44966.22611111114
-44973.39499999998
-44961.32000000001
-44983.8188888889
-44968.31333333334
-44963.7661111111
-44950.4777777778
-44941.78055555555
-44967.540555555555
-44957.90333333332
-44962.43444444443
-44962.09222222222
-44968.91833333333
-44964.538888888885
-44968.920555555575
-44950.27055555557
-44957.727222222224
-44936.664999999986
-44970.59388888889
-44963.08499999999
-44976.578333333324
-44950.328333333346
-44960.376666666685
-44960.13166666666
-44954.877777777765
-44948.84277777777
-44972.26722222224
-44972.024999999994
-44969.32166666668
-44965.047222222216
-44966.92166666668
-44956.11611111113
-44958.671666666676
-44952.49833333332
-44975.435000000005
-44960.342222222236
-44964.24277777777
-44972.47
-44963.825
-44962.45166666666
-44943.314444444455
-44961.787777777776
-44961.537222222214
-44979.14444444445
-44954.60111111112
-44952.01666666667
-44973.198333333334
-44946.23111111109
-44956.27055555555
-44938.39833333333
-44947.68166666666
-44949.225000000006
-44936.77555555554
-44947.12888888889
-44957.54666666668
-44989.089999999975
-44977.61333333334
-44990.13722222222
-44966.55222222221
-44953.71166666668
-44964.9161111111
-44946.12333333333
-44962.388888888876
-44965.5511111111
-44961.72777777778
-44962.66444444444
-44954.191111111104
-44965.60277777778
-44968.98999999998
-44979.36055555557
-44963.42555555555
-44968.95555555556
-44959.152777777774
-44951.997777777775
-44968.083888888876
-44950.368333333325
-44951.608333333344
-44972.352222222224
-44949.28499999998
-44955.880555555545
-44956.91111111112
-44969.0216666667
-44955.14444444443
-44962.857777777775
-44963.90277777778
-44963.97444444446
-44968.89111111109
-44973.5588888889
-44972.106111111105
-44981.44388888888
-44974.34722222222
-44982.17722222224
-44964.308333333334
-44945.31166666668
-44962.266666666656
-44963.05000000001
-44945.055555555555
-44964.89166666666
-44945.776666666665
-44967.05055555555
-44960.81055555553
-44969.575555555566
-44957.68166666665
-44948.516111111116
-44970.39222222223
-44964.45000000002
-44953.93333333332
-44969.25888888888
-44954.083333333314
-44969.215555555566
-44957.25055555557
-44984.69888888888
-44964.168888888875
-44961.1411111111
-44959.307777777765
-44940.26722222223
-44946.155
-44958.6261111111
-44964.33055555558
-44957.8738888889
-44943.573333333356
-44947.11333333332
-44949.02611111112
-44956.66611111111
-44951.71055555554
-44963.35777777778
-44973.94666666669
-44952.0722222222
-44972.460555555546
-44976.16777777778
-44972.89222222222
-44951.56388888891
-44964.096111111125
-44942.748333333315
-44982.573888888895
-44976.55833333331
-44961.65000000001
-44956.39333333332
-44959.155000000006
-44961.11888888888
-44957.61500000001
-44975.45111111113
-44981.95555555554
-44975.13999999999
-44971.441666666666
-44952.464444444435
-44968.857777777754
-44966.675
-44949.44166666665
-44955.14166666668
-44970.167222222226
-44957.28333333335
-44969.45888888887
-44968.9627777778
-44955.14388888889
-44951.22611111113
-44968.42444444446
-44946.038333333345
-44957.52722222223
-44953.192222222235
-44939.5922222222
-44966.911666666674
-44943.91555555554
-44964.64277777779
-44966.882777777784
-44967.63499999998
-44973.97555555555
-44964.85388888889
-44967.3611111111
-44946.09277777777
-44951.24222222224
-44975.77444444445
-44941.03222222223
-44962.06722222221
-44952.2416666667
-44974.78444444443
-44973.13666666667
-44968.98222222223
-44976.97222222221
-44958.26222222225
-44981.045000000006
-44952.347777777795
-44954.59166666666
-44957.97444444445
-44959.94555555557
-44961.03166666667
-44958.50388888888
-44953.692777777775
-44972.182777777794
-44970.65611111112
-44958.35666666667
-44953.25722222224
-44961.70444444447
-44954.90166666669
-44956.179999999964
-44974.385555555564
-44980.18222222221
-44953.144999999975
-44961.477222222224
-44950.30666666669
-44968.79944444444
-44947.592777777776
-44970.14444444444
-44957.93388888889
-44955.91777777778
-44981.25555555554
-44962.70388888892
-44969.35722222223
-44972.12277777777
-44950.88722222223
-44984.99666666669
-44976.75944444444
-44975.087222222224
-44964.52444444443
-44961.60555555556
-44972.16333333333
-44963.79999999999
-44952.93277777777
-44952.05666666666



The list of best values average 

-46498.03
-47014.79
-47220.37000000002
-47333.16000000001
-47391.45999999999
-47435.999999999985
-47465.88
-47480.639999999985
-47499.8
-47518.630000000005
-47525.61000000001
-47533.84
-47541.319999999985
-47544.31000000002
-47550.59999999999
-47554.380000000005
-47559.709999999985
-47561.17
-47570.130000000005
-47572.48999999999
-47577.39999999999
-47576.85000000001
-47577.15999999999
-47583.610000000015
-47587.470000000016
-47586.189999999995
-47589.979999999996
-47588.76000000001
-47591.94999999999
-47591.64
-47595.81000000002
-47597.159999999996
-47599.67999999999
-47597.07000000001
-47597.990000000005
-47602.55999999999
-47601.38999999998
-47602.53000000001
-47604.69000000001
-47603.32999999997
-47601.75
-47606.67000000001
-47608.28000000002
-47609.34999999999
-47608.60999999999
-47610.87000000001
-47610.509999999995
-47612.44000000001
-47614.76000000001
-47614.4
-47614.50000000003
-47611.0
-47613.630000000005
-47616.55000000003
-47615.07000000002
-47617.77000000001
-47612.82000000002
-47617.79000000001
-47616.63000000001
-47615.16999999999
-47616.030000000006
-47618.940000000024
-47619.11000000001
-47618.20999999999
-47618.900000000016
-47621.410000000025
-47619.87000000002
-47621.27000000003
-47621.76000000002
-47621.460000000014
-47622.500000000015
-47623.65000000003
-47621.200000000004
-47622.88
-47622.23
-47622.92
-47619.68
-47621.34
-47620.99
-47623.15000000001
-47624.72
-47624.29000000002
-47623.83
-47625.09000000001
-47626.24
-47627.030000000006
-47623.38000000001
-47626.66
-47627.11000000002
-47629.55
-47629.740000000005
-47629.35
-47631.84
-47630.08
-47630.21
-47631.369999999995
-47632.490000000005
-47631.080000000016
-47631.31
-47632.730000000025
-47629.39000000001
-47634.11
-47632.899999999994
-47633.76
-47633.24
-47632.549999999996
-47633.76000000001
-47632.54000000001
-47632.740000000005
-47632.42
-47633.25000000001
-47632.03000000001
-47634.33
-47631.67000000001
-47632.38000000002
-47634.320000000036
-47631.95999999999
-47632.58
-47635.19000000001
-47632.340000000004
-47632.96000000001
-47632.73
-47634.53999999999
-47633.460000000036
-47635.68
-47633.75000000001
-47633.33999999999
-47632.02
-47634.06000000002
-47633.68000000003
-47631.020000000004
-47634.939999999995
-47635.869999999995
-47634.96000000001
-47634.11000000001
-47634.9
-47633.360000000015
-47634.49000000001
-47637.29000000001
-47635.070000000014
-47636.05000000001
-47635.84000000001
-47636.28000000002
-47635.53000000002
-47636.83000000001
-47636.38000000001
-47636.430000000015
-47635.37000000002
-47637.010000000024
-47637.82000000001
-47637.78000000001
-47637.170000000006
-47636.90000000002
-47637.510000000024
-47639.270000000026
-47637.11000000001
-47637.62
-47636.70000000001
-47638.49000000001
-47637.94000000002
-47638.72000000004
-47638.62000000001
-47637.53
-47637.98
-47640.00000000002
-47639.08000000001
-47639.47000000002
-47637.909999999996
-47640.43000000001
-47639.43000000004
-47638.21000000001
-47640.0
-47641.54000000001
-47640.220000000016
-47640.51000000002
-47640.57000000001
-47640.72999999999
-47638.84000000002
-47639.73000000002
-47640.63000000001
-47640.92000000001
-47640.72000000002
-47639.77000000001
-47639.490000000005
-47641.22000000002
-47640.820000000014
-47640.75000000001
-47641.18000000001
-47641.720000000016
-47641.09000000001
-47640.53
-47640.25000000001
-47641.520000000004
-47641.74000000003
-47640.860000000015
-47641.99000000002
-47640.58000000002
-47640.32000000002
-47641.60000000001
-47642.51000000002
-47641.93000000002
-47642.23000000001
-47641.36000000002
-47640.14
-47639.39
-47642.05000000001
-47641.13000000003
-47640.91000000002
-47642.09
-47640.65000000002
-47641.140000000014
-47642.36
-47642.24000000002
-47643.330000000016
-47643.35000000001
-47641.710000000014
-47642.01000000001
-47642.38000000002
-47640.88000000002
-47642.60000000002
-47643.74000000002
-47641.550000000025
-47642.500000000015
-47643.18000000001
-47641.69000000001
-47642.570000000014
-47643.320000000014
-47641.22000000002
-47642.73
-47642.96000000001
-47643.71
-47642.000000000015
-47642.81
-47643.090000000004
-47642.689999999995
-47643.0
-47642.89
-47643.66000000001
-47642.64000000001
-47640.53
-47642.32
-47643.27000000002
-47640.960000000014
-47643.409999999996
-47643.31000000002
-47643.64000000001
-47643.920000000006
-47643.52000000002
-47642.020000000004
-47643.73000000002
-47643.43000000001
-47643.28
-47643.73000000001
-47645.34
-47642.86000000001
-47644.600000000006
-47645.33000000002
-47645.21000000002
-47644.66
-47645.38
-47644.97
-47645.180000000015
-47644.40000000001
-47644.24
-47645.59000000002
-47644.960000000014
-47644.210000000014
-47644.37000000001
-47643.52000000003
-47644.64000000001
-47643.81000000001
-47642.97000000001
-47643.41000000002
-47643.05000000001
-47642.49000000002
-47643.38000000002
-47643.240000000005
-47643.09000000001
-47644.620000000024
-47643.84999999999
-47642.37000000001
-47642.820000000014
-47643.52000000002
-47644.90000000001
-47645.69000000001
-47644.670000000006
-47643.29000000001
-47643.229999999996
-47644.36000000001
-47644.42000000003
-47643.51000000002
-47643.08
-47644.03999999999
-47644.52
-47643.02000000002
-47644.50000000002
-47644.67000000003
-47642.69000000001
-47643.330000000016
-47643.28000000003
-47644.54000000001
-47645.29000000002
-47645.410000000025
-47643.82000000001
-47645.040000000015
-47643.57000000003
-47644.91000000001
-47643.210000000014
-47644.850000000006
-47646.07000000003
-47643.72000000002
-47643.110000000015
-47644.430000000015
-47644.14000000001
-47644.20000000001
-47645.17000000001
-47645.30000000001
-47644.52000000001
-47644.95000000001
-47644.420000000006
-47644.72
-47643.44000000001
-47643.20000000002
-47644.49000000001
-47644.89000000002
-47645.78000000001
-47642.710000000014
-47644.540000000015
-47645.86000000001
-47645.140000000014
-47643.60000000002
-47644.33000000001
-47644.89000000001
-47643.63000000001
-47642.10000000001
-47644.08
-47644.990000000005
-47644.58000000002
-47643.98000000002
-47645.01000000001
-47645.38000000002
-47643.860000000015
-47645.430000000015
-47645.67000000003
-47645.81000000004
-47645.20000000002
-47644.13000000002
-47644.17
-47646.51000000002
-47646.39
-47644.87000000002
-47645.150000000016
-47645.78
-47645.79
-47644.22
-47644.84000000001
-47644.76000000001
-47646.75000000001
-47645.43000000001
-47645.25000000001
-47646.05000000001
-47646.66000000002
-47644.89000000002
-47645.47000000001
-47646.829999999994
-47645.120000000024
-47646.500000000015
-47646.35
-47647.82
-47647.70000000001
-47645.84000000002
-47645.75000000001
-47646.99000000002
-47645.900000000016
-47645.900000000016
-47646.93000000001
-47647.340000000026
-47646.32
-47645.96000000002
-47646.98000000002
-47647.36000000002
-47647.230000000025
-47647.540000000015
-47645.87000000001
-47648.100000000006
-47647.5
-47646.10000000003
-47647.83
-47645.77000000001
-47647.12000000001
-47645.770000000004
-47645.03000000001
-47645.94000000002
-47648.24000000001
-47647.860000000015
-47647.520000000026
-47647.73000000002
-47648.390000000014
-47647.20000000001
-47648.190000000024
-47647.420000000006
-47647.64000000002
-47648.12
-47648.450000000004
-47649.71000000002
-47648.99000000001
-47649.17999999999
-47649.05000000002
-47648.79000000004
-47649.17000000003
-47648.460000000014
-47647.450000000004
-47648.50000000002
-47649.070000000014
-47648.920000000006
-47647.11000000001
-47649.0
-47649.16
-47650.12
-47648.030000000006
-47649.46000000001
-47649.32000000003
-47648.470000000016
-47649.060000000005
-47650.57000000003
-47649.43000000002
-47649.939999999995
-47649.91000000001
-47650.940000000024
-47650.659999999996
-47649.180000000015
-47649.36000000002
-47650.08
-47650.090000000004
-47650.40000000001
-47646.85999999999
-47649.890000000014
-47649.98
-47650.38
-47649.04
-47649.330000000016
-47649.930000000015
-47650.34000000001
-47648.91
-47648.490000000005
-47649.16000000001
-47647.64000000002
-47648.49000000001
-47649.550000000025
-47648.730000000025
-47649.14000000002
-47649.65
-47649.70000000001
-47649.52000000002
-47649.52000000001
-47650.16000000001
-47651.01000000001
-47650.770000000004
-47650.71000000001
-47650.28
-47651.12
-47650.90000000001
-47650.03999999999
-47650.47
-47650.94000000002
-47650.93000000001
-47649.61000000002
-47650.560000000005
-47650.98000000002
-47650.909999999996
-47650.119999999995
-47651.12
-47651.44000000002
-47651.73
-47650.74
-47651.19
-47651.78000000001
-47651.77000000001
-47651.579999999994
-47649.70000000001
-47651.420000000006
-47651.80000000001
-47651.02000000001
-47651.28000000002
-47650.79000000001
-47651.58000000001
-47651.07
-47649.570000000014
-47651.48000000001
-47651.6
-47651.110000000015
-47651.61
-47650.369999999995
-47652.450000000004
-47651.270000000004
-47650.53
-47651.450000000004
-47651.92000000001
-47651.26000000001
-47650.58
-47651.22000000001
-47651.23000000001
-47651.21000000001
-47650.740000000005
-47651.27000000001
-47651.19
-47651.08
-47649.840000000004
-47651.59999999999
-47651.990000000005
-47651.310000000005
-47650.399999999994
-47652.65000000001
-47652.66
-47650.70000000001
-47649.069999999985
-47651.649999999994
-47652.32000000001
-47650.659999999996
-47649.98
-47652.360000000015
-47650.640000000014
-47650.90000000001
-47651.16
-47651.11000000003
-47652.85000000001
-47651.94000000001
-47651.30000000001
-47651.470000000016
-47652.48000000002
-47652.90000000001
-47652.41000000001
-47652.15
-47652.48000000002
-47653.27000000001
-47650.97000000001
-47652.03999999999
-47653.16000000001
-47651.920000000006
-47651.30000000001
-47653.45
-47652.65
-47653.09
-47650.64000000001
-47652.000000000015
-47651.98000000001
-47651.91000000001
-47651.72000000001
-47652.97000000001
-47652.08000000001
-47650.100000000006
-47651.27000000002
-47651.65000000002
-47652.140000000014
-47651.73000000002
-47649.88000000001
-47652.37000000002
-47652.520000000026
-47651.34000000002
-47651.98000000001
-47651.85000000001
-47651.25000000003
-47652.03000000002
-47650.960000000014
-47650.80000000002
-47651.950000000004
-47650.69000000002
-47651.11000000001
-47651.89000000001
-47652.150000000016
-47651.83000000001
-47651.29
-47652.10000000001
-47652.02000000001
-47651.94000000002
-47652.200000000004
-47652.62000000001
-47652.79000000001
-47652.12000000003
-47649.95000000001
-47652.290000000015
-47653.53000000002
-47651.78000000003
-47651.080000000016
-47652.99000000001
-47651.92000000003
-47652.39000000001
-47652.39000000001
-47651.52000000002
-47652.490000000034
-47651.82000000002
-47651.72000000001
-47651.95000000002
-47652.750000000015
-47651.10000000001
-47651.41
-47652.19000000001
-47651.82000000001
-47653.12000000001
-47650.300000000025
-47651.17000000001
-47653.120000000024
-47652.14000000001
-47651.64000000001
-47651.930000000015
-47653.26
-47651.06000000001
-47651.47000000001
-47652.080000000016
-47652.69000000002
-47652.330000000016
-47651.48
-47651.82000000002
-47651.29000000002
-47651.74
-47649.74000000002
-47652.05000000002
-47652.48
-47652.18000000002
-47650.74000000001
-47651.28000000003
-47651.52000000002
-47651.88000000001
-47651.67999999999
-47652.630000000005
-47652.19000000002
-47651.31000000002
-47651.330000000016
-47652.28000000001
-47652.680000000015
-47651.15
-47651.53000000002
-47652.54000000001
-47652.48000000001
-47652.03000000001
-47652.28000000001
-47652.41000000002
-47652.55
-47651.44000000001
-47651.78
-47652.290000000015
-47652.580000000016
-47653.01
-47650.77000000002
-47652.63000000001
-47653.51000000002
-47651.54000000001
-47651.67000000001
-47651.31000000002
-47652.050000000025
-47652.03000000003
-47651.54000000002
-47653.390000000014
-47652.38000000002
-47652.10000000002
-47651.500000000015
-47651.79000000002
-47652.52000000001
-47652.79000000002
-47651.64000000001
-47651.01000000002
-47650.99000000001
-47651.730000000025
-47651.43000000001
-47651.35000000003
-47651.09000000002
-47652.010000000024
-47650.17000000001
-47650.37000000001
-47652.32000000002
-47652.53000000002
-47652.22000000001
-47650.81
-47651.950000000004
-47652.86
-47652.37
-47652.0
-47653.00000000001
-47653.12000000002
-47650.900000000016
-47651.35000000001
-47652.060000000005
-47652.82000000002
-47651.70000000002
-47651.87000000001
-47653.540000000015
-47653.39000000003
-47652.78000000001
-47654.490000000005
-47652.810000000005
-47653.18000000002
-47653.610000000015
-47652.840000000004
-47653.00000000001
-47653.450000000026
-47652.51000000001
-47653.59000000001
-47653.55000000001
-47652.67000000001
-47653.98
-47653.51000000001
-47654.10000000001
-47654.120000000024
-47653.17
-47653.590000000004
-47654.03000000002
-47654.46000000001
-47653.40000000001
-47653.600000000006
-47654.31000000002
-47654.79000000002
-47653.92000000003
-47654.270000000026
-47653.90000000002
-47654.43000000001
-47654.16000000001
-47654.34000000001
-47654.99000000001
-47653.44000000002
-47652.960000000014
-47655.330000000016
-47654.29000000001
-47654.200000000026
-47655.25000000003
-47654.270000000026
-47655.37
-47655.08000000002
-47652.89000000003
-47654.35000000001
-47653.86000000001
-47655.41000000001
-47653.960000000014
-47653.36000000001
-47654.64000000001
-47653.20000000002
-47654.00000000002
-47654.56000000001
-47654.270000000004
-47653.72000000001
-47652.58000000003
-47654.14
-47654.640000000014
-47653.46000000001
-47654.140000000014
-47654.5
-47654.84000000001
-47653.19000000002
-47654.06000000002
-47654.91000000001
-47653.3
-47655.17000000001
-47654.24000000001
-47653.67000000002
-47653.82
-47653.66000000001
-47653.520000000004
