----------Report of simulation of Quantum Population Annealing-----------
The number of considered Spin 181
The considered Annealing Duration 724
The considered Annealing Number 100
The considered T 1.0
The considered Gamma0 1.0
The considered Number Of Replica 3
The considered Number Of System 6
The solution found [ 1.  1. -1. -1.  1.  1. -1. -1. -1. -1. -1.  1.  1. -1.  1.  1.  1.  1.
  1.  1.  1. -1. -1. -1. -1.  1. -1. -1.  1. -1. -1.  1. -1.  1.  1.  1.
 -1. -1.  1.  1. -1. -1.  1. -1.  1.  1.  1. -1.  1.  1. -1. -1. -1. -1.
  1. -1. -1. -1. -1. -1. -1.  1. -1. -1. -1. -1.  1.  1. -1.  1. -1. -1.
  1. -1.  1.  1. -1. -1. -1. -1.  1. -1. -1.  1. -1.  1.  1. -1.  1. -1.
  1. -1. -1.  1.  1.  1. -1. -1. -1. -1.  1.  1. -1.  1.  1.  1.  1. -1.
  1. -1.  1.  1. -1.  1.  1. -1. -1. -1.  1. -1.  1. -1. -1.  1.  1. -1.
  1. -1.  1.  1.  1.  1. -1.  1.  1. -1. -1. -1. -1. -1. -1. -1.  1. -1.
  1.  1.  1. -1. -1. -1.  1.  1. -1.  1.  1. -1.  1. -1. -1.  1. -1.  1.
  1.  1. -1.  1.  1.  1.  1. -1.  1. -1. -1.  1.  1. -1.  1.  1.  1.  1.
  1.]
The value found -43918.0
The Success probability is 0.37
The average value is -43915.44
The total execution time is 12712.373559713364
The average time for execution is 127.1237343788147
The average time for all systems update is 0.17552154673067905
The average time for system update is 0.02923801761196024
The average time for replica update is 0.009745639292940617
The average time for spin update is 5.3623906743687416e-05
The list of values found 

-43914.0
-43918.0
-43918.0
-43918.0
-43918.0
-43918.0
-43914.0
-43915.0
-43912.0
-43912.0
-43918.0
-43918.0
-43914.0
-43915.0
-43918.0
-43914.0
-43918.0
-43913.0
-43914.0
-43915.0
-43918.0
-43918.0
-43914.0
-43915.0
-43915.0
-43914.0
-43914.0
-43914.0
-43918.0
-43918.0
-43912.0
-43918.0
-43918.0
-43914.0
-43912.0
-43918.0
-43914.0
-43914.0
-43915.0
-43914.0
-43914.0
-43918.0
-43918.0
-43914.0
-43918.0
-43914.0
-43915.0
-43915.0
-43912.0
-43915.0
-43914.0
-43915.0
-43915.0
-43915.0
-43918.0
-43913.0
-43914.0
-43918.0
-43914.0
-43918.0
-43914.0
-43918.0
-43914.0
-43914.0
-43918.0
-43918.0
-43914.0
-43915.0
-43918.0
-43915.0
-43918.0
-43914.0
-43914.0
-43918.0
-43912.0
-43912.0
-43914.0
-43915.0
-43918.0
-43912.0
-43914.0
-43918.0
-43915.0
-43912.0
-43915.0
-43918.0
-43912.0
-43918.0
-43918.0
-43915.0
-43915.0
-43918.0
-43918.0
-43914.0
-43914.0
-43918.0
-43918.0
-43912.0
-43915.0
-43914.0



The list of values first execution 

-41179.0
-41145.333333333336
-41345.666666666664
-41281.833333333336
-41241.88888888889
-41504.27777777778
-41487.61111111111
-41558.88888888889
-41650.0
-41653.88888888889
-41789.72222222222
-41766.27777777778
-41849.88888888889
-41909.88888888889
-41837.555555555555
-41999.22222222222
-42124.944444444445
-42230.944444444445
-42112.555555555555
-42205.11111111111
-42246.27777777778
-42241.833333333336
-42429.444444444445
-42436.333333333336
-42480.38888888889
-42551.833333333336
-42517.0
-42565.5
-42631.77777777778
-42761.944444444445
-42743.88888888889
-42846.5
-42826.5
-42845.88888888889
-42803.11111111111
-42833.77777777778
-42855.88888888889
-42925.055555555555
-42960.72222222222
-42985.166666666664
-42975.77777777778
-43033.5
-43093.166666666664
-43112.88888888889
-43118.555555555555
-43212.77777777778
-43207.444444444445
-43299.666666666664
-43318.77777777778
-43312.77777777778
-43361.0
-43422.833333333336
-43390.0
-43486.27777777778
-43517.88888888889
-43586.61111111111
-43615.555555555555
-43629.88888888889
-43656.055555555555
-43655.055555555555
-43613.38888888889
-43634.166666666664
-43607.666666666664
-43649.0
-43660.166666666664
-43670.5
-43684.5
-43684.666666666664
-43701.666666666664
-43693.666666666664
-43726.444444444445
-43727.11111111111
-43721.22222222222
-43704.333333333336
-43721.72222222222
-43736.833333333336
-43734.555555555555
-43779.0
-43774.555555555555
-43765.5
-43768.38888888889
-43772.055555555555
-43743.444444444445
-43727.055555555555
-43750.833333333336
-43767.5
-43781.833333333336
-43762.77777777778
-43773.72222222222
-43811.944444444445
-43829.055555555555
-43825.0
-43817.5
-43813.444444444445
-43800.166666666664
-43802.27777777778
-43816.555555555555
-43786.22222222222
-43803.166666666664
-43806.22222222222
-43789.944444444445
-43814.77777777778
-43814.11111111111
-43826.38888888889
-43810.944444444445
-43821.22222222222
-43830.5
-43812.666666666664
-43853.72222222222
-43848.555555555555
-43852.666666666664
-43849.055555555555
-43847.666666666664
-43848.0
-43865.944444444445
-43861.61111111111
-43857.944444444445
-43872.38888888889
-43862.166666666664
-43868.38888888889
-43883.11111111111
-43878.27777777778
-43871.055555555555
-43854.77777777778
-43866.61111111111
-43873.055555555555
-43863.333333333336
-43838.666666666664
-43824.333333333336
-43834.22222222222
-43835.61111111111
-43828.333333333336
-43828.72222222222
-43838.166666666664
-43855.38888888889
-43870.77777777778
-43861.11111111111
-43848.88888888889
-43856.61111111111
-43870.77777777778
-43886.944444444445
-43885.88888888889
-43875.166666666664
-43886.27777777778
-43879.444444444445
-43865.77777777778
-43868.166666666664
-43888.27777777778
-43887.61111111111
-43890.0
-43895.833333333336
-43892.444444444445
-43891.22222222222
-43897.88888888889
-43897.0
-43885.555555555555
-43873.11111111111
-43884.27777777778
-43881.77777777778
-43882.5
-43871.22222222222
-43874.72222222222
-43889.555555555555
-43898.666666666664
-43892.22222222222
-43896.166666666664
-43887.555555555555
-43878.27777777778
-43880.333333333336
-43886.27777777778
-43880.88888888889
-43882.77777777778
-43879.333333333336
-43890.11111111111
-43885.444444444445
-43893.38888888889
-43891.166666666664
-43899.944444444445
-43898.5
-43895.055555555555
-43891.22222222222
-43893.666666666664
-43887.38888888889
-43883.055555555555
-43894.77777777778
-43887.22222222222
-43897.72222222222
-43898.5
-43896.27777777778
-43893.38888888889
-43894.5
-43891.77777777778
-43897.72222222222
-43897.333333333336
-43897.666666666664
-43892.833333333336
-43896.0
-43895.944444444445
-43897.77777777778
-43898.444444444445
-43895.27777777778
-43897.11111111111
-43897.555555555555
-43905.555555555555
-43904.77777777778
-43903.22222222222
-43897.555555555555
-43896.22222222222
-43897.833333333336
-43894.333333333336
-43895.444444444445
-43900.055555555555
-43903.88888888889
-43902.055555555555
-43899.944444444445
-43896.77777777778
-43898.666666666664
-43895.333333333336
-43903.22222222222
-43906.944444444445
-43897.166666666664
-43900.944444444445
-43902.22222222222
-43903.166666666664
-43900.166666666664
-43896.27777777778
-43886.0
-43888.444444444445
-43866.27777777778
-43886.833333333336
-43880.72222222222
-43892.77777777778
-43890.5
-43896.38888888889
-43899.11111111111
-43899.77777777778
-43898.22222222222
-43901.22222222222
-43893.88888888889
-43899.944444444445
-43895.444444444445
-43891.88888888889
-43896.88888888889
-43893.333333333336
-43890.666666666664
-43889.77777777778
-43891.61111111111
-43884.444444444445
-43893.88888888889
-43897.27777777778
-43900.88888888889
-43896.944444444445
-43889.555555555555
-43900.5
-43898.666666666664
-43905.833333333336
-43899.27777777778
-43901.77777777778
-43899.055555555555
-43899.833333333336
-43897.72222222222
-43895.5
-43899.555555555555
-43900.22222222222
-43903.22222222222
-43904.0
-43901.77777777778
-43902.27777777778
-43900.11111111111
-43902.22222222222
-43900.27777777778
-43900.833333333336
-43897.61111111111
-43900.5
-43904.444444444445
-43905.22222222222
-43905.88888888889
-43905.72222222222
-43900.72222222222
-43899.333333333336
-43899.22222222222
-43904.61111111111
-43906.5
-43903.333333333336
-43905.666666666664
-43902.77777777778
-43905.61111111111
-43907.055555555555
-43907.333333333336
-43907.666666666664
-43906.166666666664
-43901.22222222222
-43907.944444444445
-43905.944444444445
-43906.22222222222
-43905.555555555555
-43906.27777777778
-43907.833333333336
-43910.055555555555
-43908.88888888889
-43908.833333333336
-43905.27777777778
-43905.72222222222
-43907.055555555555
-43902.22222222222
-43900.11111111111
-43905.27777777778
-43908.0
-43906.5
-43908.22222222222
-43910.666666666664
-43909.166666666664
-43909.555555555555
-43906.055555555555
-43909.0
-43908.944444444445
-43908.88888888889
-43908.944444444445
-43909.0
-43909.38888888889
-43909.444444444445
-43910.61111111111
-43909.166666666664
-43907.444444444445
-43908.22222222222
-43910.11111111111
-43909.333333333336
-43908.22222222222
-43908.38888888889
-43909.944444444445
-43908.38888888889
-43907.77777777778
-43907.166666666664
-43906.0
-43908.0
-43907.833333333336
-43905.38888888889
-43906.27777777778
-43909.0
-43909.333333333336
-43910.11111111111
-43910.61111111111
-43908.77777777778
-43910.333333333336
-43910.61111111111
-43910.666666666664
-43910.11111111111
-43908.72222222222
-43908.27777777778
-43909.333333333336
-43910.444444444445
-43909.38888888889
-43909.88888888889
-43910.333333333336
-43909.666666666664
-43909.833333333336
-43909.666666666664
-43907.72222222222
-43909.333333333336
-43909.77777777778
-43909.88888888889
-43910.11111111111
-43909.666666666664
-43911.055555555555
-43910.77777777778
-43909.555555555555
-43909.166666666664
-43907.27777777778
-43908.333333333336
-43908.833333333336
-43911.11111111111
-43910.444444444445
-43908.444444444445
-43908.11111111111
-43909.833333333336
-43910.333333333336
-43909.61111111111
-43909.666666666664
-43909.666666666664
-43910.88888888889
-43910.88888888889
-43910.944444444445
-43911.0
-43910.88888888889
-43909.444444444445
-43907.77777777778
-43907.944444444445
-43908.77777777778
-43909.38888888889
-43909.166666666664
-43909.88888888889
-43910.11111111111
-43909.72222222222
-43909.22222222222
-43909.666666666664
-43910.333333333336
-43909.944444444445
-43909.22222222222
-43906.61111111111
-43908.61111111111
-43910.22222222222
-43911.11111111111
-43909.5
-43909.333333333336
-43907.72222222222
-43908.77777777778
-43908.944444444445
-43909.77777777778
-43909.38888888889
-43910.11111111111
-43911.11111111111
-43910.77777777778
-43910.833333333336
-43910.27777777778
-43911.0
-43910.444444444445
-43911.11111111111
-43910.5
-43910.77777777778
-43910.88888888889
-43910.27777777778
-43911.11111111111
-43910.72222222222
-43909.944444444445
-43909.666666666664
-43909.27777777778
-43909.333333333336
-43907.0
-43907.0
-43907.444444444445
-43908.27777777778
-43908.38888888889
-43910.11111111111
-43911.055555555555
-43910.77777777778
-43910.72222222222
-43911.27777777778
-43910.333333333336
-43910.72222222222
-43911.11111111111
-43910.27777777778
-43910.055555555555
-43910.38888888889
-43909.444444444445
-43910.444444444445
-43910.5
-43910.666666666664
-43910.5
-43910.72222222222
-43910.88888888889
-43911.333333333336
-43910.5
-43910.22222222222
-43910.22222222222
-43910.72222222222
-43911.11111111111
-43910.444444444445
-43910.555555555555
-43910.166666666664
-43910.333333333336
-43909.833333333336
-43910.27777777778
-43910.555555555555
-43910.555555555555
-43910.666666666664
-43910.055555555555
-43908.333333333336
-43910.0
-43910.5
-43910.11111111111
-43909.666666666664
-43909.88888888889
-43908.22222222222
-43909.77777777778
-43908.555555555555
-43910.666666666664
-43909.444444444445
-43910.0
-43910.0
-43909.77777777778
-43909.944444444445
-43909.833333333336
-43910.333333333336
-43910.166666666664
-43909.333333333336
-43909.72222222222
-43910.38888888889
-43910.22222222222
-43909.555555555555
-43910.11111111111
-43909.444444444445
-43910.333333333336
-43909.666666666664
-43909.72222222222
-43909.72222222222
-43910.22222222222
-43909.333333333336
-43909.5
-43909.555555555555
-43909.944444444445
-43909.88888888889
-43910.555555555555
-43909.666666666664
-43909.833333333336
-43909.833333333336
-43910.055555555555
-43909.833333333336
-43910.11111111111
-43910.38888888889
-43910.333333333336
-43909.555555555555
-43910.444444444445
-43910.333333333336
-43909.88888888889
-43910.666666666664
-43909.88888888889
-43909.444444444445
-43910.444444444445
-43909.944444444445
-43909.88888888889
-43910.333333333336
-43910.166666666664
-43910.61111111111
-43909.944444444445
-43910.27777777778
-43910.055555555555
-43908.944444444445
-43909.333333333336
-43909.38888888889
-43910.333333333336
-43910.055555555555
-43910.055555555555
-43910.555555555555
-43910.38888888889
-43910.11111111111
-43910.11111111111
-43910.555555555555
-43909.944444444445
-43910.0
-43909.055555555555
-43909.944444444445
-43909.666666666664
-43909.166666666664
-43909.166666666664
-43908.77777777778
-43909.055555555555
-43910.11111111111
-43910.11111111111
-43910.555555555555
-43909.833333333336
-43909.944444444445
-43910.055555555555
-43909.944444444445
-43910.0
-43910.22222222222
-43909.72222222222
-43909.88888888889
-43909.72222222222
-43910.11111111111
-43910.5
-43909.88888888889
-43910.333333333336
-43910.333333333336
-43910.166666666664
-43910.0
-43910.166666666664
-43910.22222222222
-43910.333333333336
-43910.22222222222
-43910.333333333336
-43910.27777777778
-43910.0
-43910.333333333336
-43910.11111111111
-43909.944444444445
-43909.88888888889
-43910.61111111111
-43910.555555555555
-43910.444444444445
-43910.11111111111
-43910.166666666664
-43910.5
-43910.27777777778
-43910.666666666664
-43910.38888888889
-43909.833333333336
-43910.555555555555
-43910.055555555555
-43910.27777777778
-43910.11111111111
-43909.0
-43909.77777777778
-43910.22222222222
-43910.22222222222
-43909.88888888889
-43910.38888888889
-43910.055555555555
-43910.055555555555
-43910.166666666664
-43910.0
-43910.27777777778
-43910.22222222222
-43910.555555555555
-43910.055555555555
-43909.944444444445
-43910.333333333336
-43910.055555555555
-43910.11111111111
-43910.333333333336
-43910.333333333336
-43910.38888888889
-43910.333333333336
-43910.555555555555
-43910.27777777778
-43910.444444444445
-43910.38888888889
-43910.27777777778
-43909.61111111111
-43910.5
-43910.11111111111
-43909.944444444445
-43909.5
-43910.555555555555
-43910.555555555555
-43910.27777777778
-43910.5
-43909.833333333336
-43910.333333333336
-43910.27777777778
-43909.61111111111
-43910.666666666664
-43910.555555555555
-43910.5
-43909.944444444445
-43910.666666666664
-43910.444444444445
-43910.11111111111
-43910.0
-43910.27777777778
-43910.0
-43910.22222222222
-43910.27777777778
-43909.72222222222
-43909.88888888889
-43909.444444444445
-43910.22222222222
-43910.77777777778
-43910.444444444445
-43910.77777777778
-43910.27777777778
-43910.5
-43910.555555555555
-43910.666666666664
-43910.77777777778
-43910.77777777778
-43910.77777777778
-43910.944444444445
-43910.88888888889
-43911.166666666664
-43911.166666666664
-43911.333333333336
-43910.77777777778
-43911.333333333336
-43911.166666666664
-43911.166666666664
-43911.333333333336
-43911.0
-43910.88888888889
-43911.166666666664
-43910.666666666664
-43911.11111111111
-43911.11111111111
-43911.27777777778
-43911.166666666664
-43910.666666666664
-43910.77777777778
-43910.77777777778
-43910.944444444445
-43911.0
-43911.055555555555
-43911.055555555555
-43911.333333333336
-43911.22222222222
-43911.055555555555
-43911.22222222222
-43911.055555555555
-43911.22222222222
-43911.22222222222
-43911.055555555555
-43911.333333333336
-43911.0
-43910.944444444445
-43911.166666666664
-43910.944444444445
-43910.72222222222
-43910.88888888889
-43911.22222222222
-43911.166666666664
-43911.166666666664
-43910.944444444445
-43910.555555555555
-43910.055555555555
-43911.11111111111
-43911.055555555555
-43910.944444444445
-43910.666666666664
-43911.22222222222
-43911.333333333336
-43911.22222222222
-43911.22222222222
-43911.11111111111
-43911.166666666664
-43911.27777777778
-43910.72222222222
-43910.77777777778
-43911.11111111111
-43911.055555555555
-43911.22222222222
-43911.27777777778
-43911.11111111111
-43911.166666666664
-43911.333333333336
-43911.0
-43911.166666666664



The list of best values first execution 

-41669.0
-41506.0
-41899.0
-41739.0
-41620.0
-41870.0
-41917.0
-41906.0
-42185.0
-42023.0
-42170.0
-42161.0
-42181.0
-42351.0
-42020.0
-42408.0
-42568.0
-42539.0
-42513.0
-42836.0
-42494.0
-42607.0
-42975.0
-42917.0
-42893.0
-42840.0
-42851.0
-42917.0
-43041.0
-43044.0
-43129.0
-43102.0
-43153.0
-43127.0
-43066.0
-43219.0
-43223.0
-43071.0
-43242.0
-43259.0
-43407.0
-43292.0
-43444.0
-43417.0
-43432.0
-43524.0
-43602.0
-43650.0
-43657.0
-43552.0
-43686.0
-43679.0
-43678.0
-43704.0
-43725.0
-43779.0
-43776.0
-43851.0
-43848.0
-43832.0
-43787.0
-43810.0
-43807.0
-43849.0
-43865.0
-43849.0
-43866.0
-43848.0
-43815.0
-43864.0
-43899.0
-43880.0
-43843.0
-43791.0
-43841.0
-43855.0
-43861.0
-43890.0
-43857.0
-43846.0
-43891.0
-43883.0
-43854.0
-43869.0
-43848.0
-43854.0
-43848.0
-43859.0
-43856.0
-43876.0
-43908.0
-43910.0
-43885.0
-43903.0
-43891.0
-43893.0
-43898.0
-43841.0
-43884.0
-43879.0
-43869.0
-43890.0
-43878.0
-43888.0
-43888.0
-43888.0
-43904.0
-43885.0
-43896.0
-43900.0
-43913.0
-43914.0
-43903.0
-43897.0
-43904.0
-43913.0
-43904.0
-43913.0
-43909.0
-43914.0
-43909.0
-43909.0
-43911.0
-43909.0
-43913.0
-43909.0
-43909.0
-43903.0
-43883.0
-43896.0
-43895.0
-43889.0
-43882.0
-43878.0
-43907.0
-43909.0
-43909.0
-43905.0
-43907.0
-43908.0
-43908.0
-43911.0
-43908.0
-43908.0
-43902.0
-43908.0
-43907.0
-43912.0
-43912.0
-43912.0
-43912.0
-43908.0
-43912.0
-43912.0
-43911.0
-43912.0
-43912.0
-43912.0
-43909.0
-43908.0
-43911.0
-43912.0
-43912.0
-43912.0
-43912.0
-43912.0
-43908.0
-43912.0
-43912.0
-43912.0
-43912.0
-43912.0
-43912.0
-43908.0
-43909.0
-43912.0
-43912.0
-43912.0
-43912.0
-43912.0
-43912.0
-43912.0
-43912.0
-43911.0
-43912.0
-43912.0
-43912.0
-43912.0
-43911.0
-43912.0
-43908.0
-43911.0
-43912.0
-43909.0
-43911.0
-43912.0
-43912.0
-43912.0
-43912.0
-43912.0
-43912.0
-43912.0
-43912.0
-43912.0
-43911.0
-43912.0
-43912.0
-43912.0
-43912.0
-43912.0
-43912.0
-43912.0
-43911.0
-43912.0
-43912.0
-43912.0
-43912.0
-43912.0
-43912.0
-43912.0
-43912.0
-43912.0
-43912.0
-43912.0
-43912.0
-43911.0
-43912.0
-43908.0
-43907.0
-43911.0
-43912.0
-43912.0
-43912.0
-43912.0
-43912.0
-43912.0
-43912.0
-43912.0
-43912.0
-43912.0
-43912.0
-43907.0
-43912.0
-43912.0
-43911.0
-43910.0
-43910.0
-43912.0
-43911.0
-43910.0
-43910.0
-43910.0
-43910.0
-43909.0
-43910.0
-43910.0
-43910.0
-43910.0
-43910.0
-43909.0
-43908.0
-43912.0
-43912.0
-43912.0
-43912.0
-43911.0
-43910.0
-43910.0
-43910.0
-43910.0
-43910.0
-43910.0
-43910.0
-43912.0
-43910.0
-43912.0
-43912.0
-43912.0
-43910.0
-43912.0
-43912.0
-43912.0
-43912.0
-43912.0
-43912.0
-43912.0
-43912.0
-43912.0
-43912.0
-43912.0
-43912.0
-43912.0
-43912.0
-43912.0
-43912.0
-43912.0
-43912.0
-43912.0
-43912.0
-43912.0
-43912.0
-43912.0
-43912.0
-43912.0
-43912.0
-43912.0
-43912.0
-43912.0
-43912.0
-43912.0
-43912.0
-43912.0
-43912.0
-43912.0
-43912.0
-43912.0
-43912.0
-43912.0
-43912.0
-43912.0
-43912.0
-43912.0
-43912.0
-43912.0
-43912.0
-43912.0
-43912.0
-43912.0
-43912.0
-43912.0
-43912.0
-43912.0
-43912.0
-43912.0
-43912.0
-43912.0
-43912.0
-43912.0
-43912.0
-43912.0
-43912.0
-43912.0
-43912.0
-43912.0
-43912.0
-43912.0
-43912.0
-43912.0
-43912.0
-43912.0
-43912.0
-43912.0
-43912.0
-43912.0
-43912.0
-43912.0
-43912.0
-43912.0
-43912.0
-43912.0
-43912.0
-43912.0
-43912.0
-43912.0
-43912.0
-43912.0
-43912.0
-43912.0
-43912.0
-43912.0
-43912.0
-43912.0
-43912.0
-43912.0
-43912.0
-43912.0
-43912.0
-43912.0
-43912.0
-43912.0
-43912.0
-43912.0
-43912.0
-43912.0
-43912.0
-43912.0
-43912.0
-43912.0
-43912.0
-43912.0
-43912.0
-43912.0
-43912.0
-43912.0
-43912.0
-43912.0
-43912.0
-43912.0
-43912.0
-43912.0
-43912.0
-43912.0
-43912.0
-43912.0
-43912.0
-43912.0
-43912.0
-43912.0
-43912.0
-43912.0
-43912.0
-43912.0
-43912.0
-43912.0
-43912.0
-43912.0
-43912.0
-43912.0
-43912.0
-43912.0
-43912.0
-43912.0
-43912.0
-43912.0
-43912.0
-43912.0
-43912.0
-43912.0
-43912.0
-43912.0
-43912.0
-43912.0
-43912.0
-43912.0
-43912.0
-43912.0
-43912.0
-43912.0
-43912.0
-43912.0
-43912.0
-43912.0
-43912.0
-43912.0
-43912.0
-43912.0
-43912.0
-43912.0
-43912.0
-43912.0
-43912.0
-43912.0
-43912.0
-43912.0
-43912.0
-43912.0
-43912.0
-43912.0
-43912.0
-43912.0
-43912.0
-43912.0
-43912.0
-43912.0
-43912.0
-43912.0
-43912.0
-43912.0
-43912.0
-43912.0
-43912.0
-43912.0
-43912.0
-43912.0
-43912.0
-43912.0
-43912.0
-43912.0
-43912.0
-43912.0
-43912.0
-43912.0
-43912.0
-43912.0
-43912.0
-43912.0
-43912.0
-43912.0
-43912.0
-43912.0
-43912.0
-43912.0
-43912.0
-43912.0
-43912.0
-43912.0
-43912.0
-43912.0
-43912.0
-43912.0
-43912.0
-43912.0
-43912.0
-43912.0
-43912.0
-43912.0
-43912.0
-43912.0
-43912.0
-43912.0
-43912.0
-43912.0
-43912.0
-43912.0
-43912.0
-43912.0
-43912.0
-43912.0
-43912.0
-43912.0
-43912.0
-43912.0
-43912.0
-43912.0
-43912.0
-43912.0
-43912.0
-43912.0
-43912.0
-43912.0
-43912.0
-43912.0
-43912.0
-43912.0
-43912.0
-43912.0
-43912.0
-43912.0
-43912.0
-43912.0
-43912.0
-43912.0
-43912.0
-43912.0
-43912.0
-43912.0
-43912.0
-43912.0
-43912.0
-43912.0
-43912.0
-43912.0
-43912.0
-43912.0
-43912.0
-43912.0
-43912.0
-43912.0
-43912.0
-43912.0
-43912.0
-43912.0
-43912.0
-43912.0
-43912.0
-43912.0
-43912.0
-43912.0
-43912.0
-43912.0
-43912.0
-43912.0
-43912.0
-43912.0
-43912.0
-43912.0
-43912.0
-43912.0
-43912.0
-43912.0
-43912.0
-43912.0
-43912.0
-43912.0
-43912.0
-43912.0
-43912.0
-43912.0
-43912.0
-43912.0
-43912.0
-43912.0
-43912.0
-43912.0
-43912.0
-43912.0
-43912.0
-43912.0
-43912.0
-43912.0
-43912.0
-43912.0
-43912.0
-43912.0
-43912.0
-43912.0
-43912.0
-43912.0
-43912.0
-43912.0
-43912.0
-43912.0
-43912.0
-43912.0
-43912.0
-43912.0
-43912.0
-43912.0
-43912.0
-43912.0
-43912.0
-43912.0
-43912.0
-43912.0
-43912.0
-43912.0
-43912.0
-43912.0
-43912.0
-43912.0
-43912.0
-43912.0
-43912.0
-43912.0
-43912.0
-43912.0
-43912.0
-43912.0
-43912.0
-43912.0
-43912.0
-43912.0
-43912.0
-43912.0
-43912.0
-43912.0
-43912.0
-43912.0
-43912.0
-43912.0
-43912.0
-43912.0
-43912.0
-43912.0
-43912.0
-43912.0
-43912.0
-43912.0
-43912.0
-43912.0
-43912.0
-43912.0
-43912.0
-43912.0
-43912.0
-43912.0
-43912.0
-43912.0
-43912.0
-43912.0
-43912.0
-43912.0
-43912.0
-43912.0
-43912.0
-43912.0
-43912.0
-43912.0
-43912.0
-43912.0
-43912.0
-43912.0
-43912.0
-43912.0
-43912.0
-43912.0
-43912.0
-43912.0
-43912.0
-43912.0
-43912.0
-43912.0
-43912.0
-43912.0
-43912.0
-43912.0
-43912.0
-43912.0
-43912.0
-43912.0
-43912.0
-43912.0
-43912.0
-43912.0
-43912.0
-43912.0
-43912.0
-43912.0
-43912.0
-43912.0
-43912.0
-43912.0
-43912.0
-43912.0
-43912.0
-43912.0
-43912.0
-43912.0
-43912.0
-43912.0
-43912.0
-43912.0
-43912.0
-43912.0



The list of values average 

-41124.38499999997
-41230.90388888889
-41341.83777777778
-41374.45500000003
-41445.25222222222
-41497.94833333335
-41545.950000000004
-41602.23944444445
-41646.94444444442
-41698.205000000016
-41757.664444444454
-41809.6611111111
-41851.945
-41892.49277777779
-41941.132777777784
-41988.58888888888
-42035.09777777777
-42097.25833333332
-42134.15277777776
-42181.051111111105
-42230.49777777776
-42286.272777777776
-42345.08388888886
-42382.18500000003
-42437.0538888889
-42478.29833333334
-42533.125
-42583.83
-42630.40777777779
-42669.052222222235
-42710.752777777765
-42766.689999999995
-42808.72166666667
-42858.733333333344
-42892.958888888876
-42943.430000000015
-42981.328333333324
-43021.04111111113
-43049.43555555555
-43083.30055555556
-43122.56277777778
-43159.09777777778
-43198.60777777777
-43222.7761111111
-43259.183333333334
-43289.68666666666
-43312.948888888925
-43348.6261111111
-43367.00722222223
-43391.79555555555
-43422.993888888894
-43447.39166666667
-43465.31555555555
-43491.39944444443
-43508.20666666668
-43523.29222222221
-43534.61833333331
-43555.13999999999
-43567.19777777778
-43585.22055555554
-43592.07222222222
-43605.02
-43615.25722222222
-43629.05611111112
-43643.988333333335
-43651.26000000002
-43661.920000000006
-43668.42833333334
-43678.80833333334
-43686.00555555554
-43695.303888888906
-43702.701111111106
-43712.152222222234
-43713.64833333334
-43723.886111111126
-43728.655555555546
-43733.654444444444
-43738.44611111113
-43740.97055555556
-43746.30277777777
-43750.75277777779
-43754.57444444443
-43759.04611111113
-43765.019444444435
-43770.62722222221
-43777.690555555564
-43779.00999999999
-43783.57444444445
-43785.43055555556
-43788.855000000025
-43793.04055555557
-43795.77944444444
-43798.822222222225
-43802.65388888888
-43804.41611111113
-43808.294444444444
-43811.60833333335
-43813.64333333333
-43812.92388888889
-43814.33222222221
-43819.761111111126
-43820.475000000006
-43821.98055555554
-43825.35222222221
-43824.53166666667
-43826.18222222221
-43828.42333333331
-43831.95999999999
-43835.718888888885
-43834.35499999999
-43835.05388888886
-43837.209444444474
-43837.46666666665
-43841.404444444444
-43844.19500000001
-43843.252222222225
-43844.23277777778
-43844.998888888884
-43845.87666666668
-43848.21555555554
-43850.53111111109
-43850.04888888888
-43851.495555555564
-43852.83611111109
-43854.245555555564
-43856.210555555575
-43857.13722222224
-43857.98166666666
-43858.95777777779
-43860.79833333332
-43860.924444444434
-43860.459444444445
-43861.1888888889
-43863.427777777775
-43864.53222222222
-43864.01444444446
-43864.57555555555
-43864.87555555554
-43865.06222222224
-43866.99555555555
-43867.37999999998
-43869.314444444455
-43868.14333333335
-43869.30444444446
-43870.631666666675
-43871.91
-43871.876111111116
-43872.90888888887
-43873.95611111112
-43873.548333333354
-43874.52500000002
-43874.67333333331
-43874.57055555556
-43876.33611111111
-43877.451666666675
-43877.55722222222
-43878.882777777806
-43879.17777777776
-43880.48722222222
-43880.463888888866
-43881.542777777766
-43881.90777777777
-43883.18888888889
-43882.50666666665
-43881.69111111111
-43882.99944444445
-43882.69055555555
-43884.99222222224
-43884.422777777785
-43884.33611111113
-43884.968888888885
-43885.3438888889
-43885.11222222221
-43885.32666666667
-43886.28555555554
-43885.35888888889
-43885.754444444436
-43886.961111111064
-43887.28444444442
-43887.776666666636
-43888.14055555557
-43888.96
-43889.34111111112
-43888.43166666667
-43888.951666666675
-43888.84111111111
-43889.47833333335
-43890.13388888888
-43890.37055555557
-43889.89722222224
-43890.50888888888
-43890.9811111111
-43891.217777777776
-43891.935
-43891.84111111111
-43891.48222222222
-43892.66444444444
-43892.81666666667
-43892.12388888888
-43892.89666666667
-43893.81722222221
-43894.292777777766
-43894.54166666667
-43895.04333333333
-43895.191111111126
-43894.54777777777
-43895.01722222224
-43895.375
-43894.92388888886
-43894.99388888889
-43895.447777777765
-43896.35722222223
-43896.708333333314
-43896.28888888888
-43896.98333333334
-43896.77611111109
-43897.344444444425
-43897.21166666668
-43897.69444444446
-43897.68611111111
-43898.274999999994
-43898.33999999999
-43898.77499999999
-43898.14666666666
-43898.107777777775
-43897.94444444446
-43898.21222222222
-43898.563333333324
-43898.93555555556
-43898.91444444445
-43898.98111111113
-43899.371666666666
-43899.932222222225
-43899.514444444445
-43899.59722222223
-43900.07000000002
-43899.811111111114
-43899.726666666655
-43899.906666666684
-43900.131666666675
-43900.04055555555
-43900.22277777778
-43900.8338888889
-43900.336111111115
-43900.430000000015
-43900.37833333333
-43900.32
-43900.13666666666
-43900.167777777795
-43900.82333333333
-43900.57
-43900.58777777776
-43900.85777777778
-43900.81611111111
-43900.64333333333
-43900.85722222224
-43901.31333333336
-43901.13277777778
-43901.13944444446
-43901.435000000005
-43901.126666666656
-43901.793888888875
-43902.17499999999
-43902.363888888896
-43902.7461111111
-43902.40833333333
-43903.136666666665
-43902.81333333332
-43902.807777777794
-43902.725
-43902.434444444465
-43902.32777777778
-43902.4661111111
-43903.14777777779
-43903.03888888888
-43902.85277777778
-43903.244444444455
-43903.42333333334
-43904.080555555556
-43903.98388888891
-43903.60833333334
-43903.86777777781
-43904.23722222222
-43904.07888888889
-43904.619444444455
-43904.53000000003
-43904.332222222205
-43904.61444444443
-43904.45
-43904.31333333333
-43904.144444444435
-43904.67277777777
-43905.00777777777
-43904.66944444446
-43905.25888888889
-43904.89222222224
-43904.86500000001
-43904.945555555554
-43905.07499999998
-43905.462222222224
-43905.12444444445
-43904.956111111125
-43905.33111111113
-43905.51944444445
-43905.34388888889
-43905.40055555557
-43905.63055555557
-43905.38999999997
-43905.31666666665
-43905.471666666665
-43905.65999999998
-43905.70611111111
-43905.92833333333
-43905.830555555556
-43905.73833333332
-43906.06999999999
-43905.7238888889
-43905.92111111111
-43905.91888888887
-43905.7411111111
-43905.586666666655
-43905.981666666674
-43905.940555555564
-43906.138888888905
-43906.198333333334
-43905.558333333305
-43906.13388888891
-43906.05666666667
-43906.061666666676
-43905.76611111113
-43905.96388888888
-43906.274444444425
-43905.86555555556
-43906.05499999999
-43906.68777777779
-43906.65222222221
-43906.74555555554
-43906.625
-43906.44611111111
-43906.54722222221
-43906.853888888894
-43906.577777777806
-43906.78611111112
-43906.78999999999
-43906.79222222222
-43906.683333333334
-43906.87888888888
-43907.03444444444
-43907.09055555554
-43906.98222222222
-43907.1088888889
-43907.007222222244
-43906.76111111111
-43907.018888888866
-43907.175
-43907.35277777778
-43907.2661111111
-43907.499444444446
-43907.057777777765
-43907.12999999999
-43907.24722222224
-43907.443888888905
-43907.32666666666
-43907.26777777779
-43907.36666666668
-43907.29277777777
-43907.1061111111
-43907.15833333333
-43907.0288888889
-43907.24499999999
-43907.75722222224
-43907.54333333334
-43907.4088888889
-43907.31333333334
-43907.38277777777
-43907.67833333333
-43907.7338888889
-43907.86222222222
-43907.70833333336
-43907.73333333334
-43907.86055555557
-43908.080000000016
-43907.639444444445
-43907.80388888889
-43907.967777777776
-43908.06333333332
-43908.07388888888
-43907.925555555565
-43908.227222222245
-43908.03555555554
-43907.8311111111
-43908.08833333333
-43908.14388888888
-43908.01833333332
-43908.07500000001
-43908.026666666665
-43908.06944444443
-43907.892222222225
-43908.26833333336
-43908.15166666667
-43908.16777777777
-43908.270555555544
-43908.288888888885
-43908.25444444444
-43908.063333333346
-43908.14055555556
-43908.128333333356
-43907.95055555555
-43908.38277777777
-43908.310555555574
-43908.27166666665
-43908.46777777777
-43908.49444444444
-43908.418888888875
-43908.49111111111
-43908.31333333333
-43908.506666666675
-43908.24833333331
-43908.45777777775
-43908.381111111084
-43908.33611111112
-43908.346666666665
-43908.45444444445
-43908.51722222221
-43908.49555555556
-43908.63944444444
-43908.604999999996
-43908.37944444444
-43908.52
-43908.63222222222
-43908.72333333332
-43908.575555555566
-43908.45555555555
-43908.57055555557
-43908.68111111111
-43908.64277777777
-43908.70111111113
-43908.80444444447
-43908.83277777779
-43908.97
-43908.80666666667
-43908.81500000001
-43908.921666666676
-43908.76222222222
-43908.805
-43908.966111111105
-43909.06333333333
-43909.12944444443
-43909.211111111115
-43909.08944444442
-43909.107777777775
-43908.798333333325
-43908.979999999996
-43908.96277777777
-43909.08388888888
-43908.926111111105
-43908.93333333333
-43909.07666666668
-43909.03888888887
-43909.10611111113
-43909.07944444444
-43909.115555555545
-43909.09777777777
-43909.05000000002
-43909.17666666665
-43909.076666666675
-43909.022777777755
-43909.03666666667
-43909.24888888891
-43909.176111111134
-43909.115555555574
-43909.19944444444
-43909.164444444476
-43909.070555555554
-43909.088888888866
-43909.33944444444
-43909.30611111112
-43909.395
-43909.448333333356
-43909.35277777779
-43909.33277777778
-43909.349999999984
-43909.37666666667
-43909.264444444445
-43909.493333333325
-43909.402222222234
-43909.40777777778
-43909.46444444446
-43909.418888888875
-43909.54222222222
-43909.51666666668
-43909.556666666664
-43909.56166666666
-43909.481111111105
-43909.50666666667
-43909.47999999999
-43909.41388888887
-43909.512777777774
-43909.414999999986
-43909.537222222214
-43909.53388888891
-43909.54111111111
-43909.53111111112
-43909.621666666666
-43909.51111111111
-43909.52444444444
-43909.43388888886
-43909.399444444454
-43909.40777777776
-43909.427222222235
-43909.32722222223
-43909.41388888887
-43909.467777777776
-43909.25222222222
-43909.29833333335
-43909.432222222225
-43909.332777777774
-43909.50333333332
-43909.41111111112
-43909.49277777777
-43909.481666666674
-43909.472777777766
-43909.61500000001
-43909.48000000002
-43909.59333333331
-43909.57611111113
-43909.66555555556
-43909.47055555555
-43909.66722222223
-43909.74499999998
-43909.7138888889
-43909.71388888891
-43909.60055555557
-43909.61
-43909.57500000002
-43909.47055555556
-43909.634999999995
-43909.69777777779
-43909.70111111111
-43909.551111111105
-43909.68388888889
-43909.57888888889
-43909.70722222222
-43909.60555555554
-43909.478888888894
-43909.64277777777
-43909.67666666668
-43909.76055555556
-43909.73611111111
-43909.67444444444
-43909.66444444443
-43909.62611111111
-43909.71388888887
-43909.763333333314
-43909.684444444436
-43909.76944444442
-43909.70277777777
-43909.672222222194
-43909.70444444445
-43909.661666666674
-43909.69277777774
-43909.83944444445
-43909.7761111111
-43909.80333333334
-43909.73388888887
-43909.73999999999
-43909.829999999994
-43909.75944444445
-43909.86611111111
-43909.82666666668
-43909.76055555556
-43909.77222222221
-43909.815555555564
-43909.71888888888
-43909.66944444446
-43909.80388888888
-43909.782777777764
-43909.84055555555
-43909.79888888887
-43909.816111111104
-43909.92055555556
-43909.96666666666
-43910.003888888874
-43909.980555555565
-43909.92000000001
-43909.95555555556
-43910.00055555556
-43909.995555555535
-43909.93611111112
-43909.912222222236
-43909.91444444444
-43909.95888888889
-43909.860555555555
-43909.836111111115
-43909.93
-43909.97777777778
-43909.86055555557
-43909.90666666665
-43909.9138888889
-43909.94277777778
-43910.00333333334
-43910.00833333331
-43910.013888888876
-43909.97555555556
-43909.979999999996
-43909.990555555545
-43909.963333333326
-43909.95277777778
-43909.99777777778
-43910.002777777794
-43910.096666666665
-43910.05666666667
-43909.99277777777
-43910.020000000026
-43910.04166666667
-43910.08277777778
-43910.01722222222
-43910.03444444445
-43910.04055555558
-43910.03222222221
-43909.97388888889
-43909.918888888875
-43910.015
-43909.97277777781
-43909.926666666644
-43909.910555555536
-43909.90333333333
-43909.96055555554
-43909.99166666667
-43909.96222222223
-43910.02444444444
-43910.04166666667
-43910.04055555554
-43909.98055555554
-43910.108333333315
-43910.08722222222
-43910.05999999998
-43910.1061111111
-43910.09722222223
-43910.08166666666
-43910.03833333333
-43910.008888888886
-43909.99166666666
-43910.033333333326
-43909.99388888889
-43910.14
-43910.00777777777
-43910.09500000001
-43910.105555555565
-43910.11500000001
-43910.12111111112
-43910.0561111111
-43910.10555555555
-43910.09444444445
-43910.06666666666
-43910.05444444444
-43910.062222222215
-43910.102777777785
-43910.05166666669
-43910.065
-43909.94055555555
-43910.00166666666
-43910.027777777796
-43909.96611111111
-43910.03055555556
-43910.06222222224
-43910.01944444446
-43910.07833333335
-43910.11611111112
-43910.08666666667
-43910.14722222224
-43910.10833333333
-43910.15833333333
-43910.10666666666
-43910.06
-43910.007222222215
-43910.03555555554
-43910.120555555564
-43910.09777777781
-43910.125
-43910.135555555564
-43910.04277777779
-43910.107777777754
-43910.13444444445
-43910.10944444444
-43910.08611111112
-43910.10777777778
-43910.14777777779
-43910.01666666666
-43910.04833333333
-43910.15499999999
-43910.12722222223
-43910.10444444445
-43910.14833333332
-43910.09388888888
-43910.09944444444
-43910.08666666669
-43910.101666666684
-43910.204999999994
-43910.12555555554
-43910.10055555556
-43910.065555555564
-43910.002222222225
-43910.03000000002
-43910.06111111111
-43910.04333333337
-43910.07277777777
-43910.01722222221
-43910.02777777778
-43910.0488888889
-43909.965555555544
-43910.08166666668
-43910.11777777778
-43910.03944444448
-43910.07111111111
-43909.99055555557
-43910.05055555555
-43910.013888888905
-43910.00166666666
-43910.05611111112
-43910.02166666668
-43910.012777777774
-43910.011111111126
-43910.07500000001



The list of best values average 

-41580.37999999999
-41621.82000000001
-41724.88999999999
-41774.219999999994
-41812.93999999998
-41903.700000000026
-41925.41
-41986.1
-42008.72000000001
-42068.37999999999
-42113.77
-42187.25999999999
-42231.77999999999
-42267.759999999995
-42306.89000000001
-42346.46000000003
-42420.35
-42462.93999999999
-42527.14000000001
-42555.68000000001
-42593.99000000002
-42666.48
-42721.240000000005
-42771.829999999994
-42817.84
-42859.270000000004
-42906.31000000001
-42963.84
-43004.369999999966
-43036.56999999999
-43100.14000000001
-43148.300000000025
-43173.14999999998
-43241.08
-43276.53000000001
-43321.96
-43367.12999999999
-43385.970000000016
-43438.819999999985
-43456.47999999998
-43500.920000000006
-43532.27000000001
-43559.499999999985
-43583.789999999986
-43603.23000000001
-43617.29999999998
-43645.85999999998
-43666.140000000014
-43682.47000000001
-43706.41
-43722.4
-43731.369999999995
-43745.63999999999
-43754.319999999985
-43763.240000000005
-43775.26000000001
-43774.560000000005
-43786.630000000005
-43794.84
-43803.429999999986
-43800.62999999998
-43805.180000000015
-43814.280000000006
-43816.84000000001
-43821.430000000015
-43829.29
-43838.12000000001
-43834.17000000002
-43837.30000000001
-43842.41000000001
-43846.759999999995
-43848.46000000002
-43855.06999999999
-43852.74
-43856.579999999994
-43854.08
-43858.77000000003
-43858.920000000006
-43863.49
-43863.31000000001
-43864.05000000001
-43865.830000000016
-43864.52
-43872.45000000001
-43870.83999999999
-43877.210000000014
-43875.729999999996
-43877.43999999999
-43878.819999999985
-43878.62
-43882.92999999999
-43882.82999999998
-43882.609999999986
-43886.18
-43883.08999999999
-43887.66
-43888.98000000001
-43889.660000000025
-43886.720000000016
-43887.50000000001
-43889.91
-43891.439999999995
-43889.76000000001
-43893.11000000002
-43891.630000000005
-43893.01000000002
-43892.92000000002
-43895.07999999998
-43894.62000000001
-43894.79000000004
-43896.10000000001
-43896.97
-43895.700000000026
-43898.2
-43899.22000000001
-43898.75000000001
-43898.91999999999
-43899.090000000004
-43899.909999999974
-43900.29000000001
-43899.319999999985
-43900.57000000002
-43901.19
-43902.320000000014
-43902.590000000004
-43903.880000000034
-43903.66000000001
-43903.869999999995
-43903.61000000002
-43904.230000000025
-43904.51000000001
-43903.880000000005
-43904.31
-43904.720000000016
-43904.88000000001
-43904.53999999999
-43905.05000000002
-43905.080000000016
-43905.31000000001
-43906.1
-43906.340000000026
-43906.800000000025
-43905.920000000006
-43906.330000000016
-43906.83000000001
-43906.54000000002
-43907.16000000002
-43907.07000000001
-43907.33
-43907.320000000014
-43907.68000000001
-43907.33000000001
-43907.590000000026
-43907.68000000002
-43908.740000000034
-43908.48000000003
-43908.68000000002
-43908.42000000003
-43908.50000000004
-43908.830000000016
-43908.860000000015
-43908.390000000014
-43909.11000000001
-43909.38000000002
-43908.98000000002
-43909.03000000003
-43909.590000000004
-43909.79000000001
-43909.82000000002
-43909.990000000005
-43910.15000000001
-43909.84000000001
-43910.16000000002
-43910.270000000004
-43910.42000000001
-43910.51000000003
-43910.180000000015
-43910.51000000001
-43910.42000000003
-43910.99000000002
-43910.64000000001
-43910.72
-43910.55000000002
-43910.76000000002
-43910.80000000001
-43910.980000000025
-43910.560000000005
-43910.660000000025
-43910.86000000003
-43911.32000000002
-43911.49000000002
-43911.01000000002
-43911.41000000003
-43911.03000000002
-43910.99000000004
-43910.87000000002
-43911.17000000003
-43910.88000000003
-43910.92000000003
-43910.96000000004
-43911.15000000002
-43911.06000000002
-43911.52000000002
-43911.71000000003
-43911.27000000002
-43911.45000000002
-43911.42000000002
-43911.83000000002
-43911.69000000003
-43911.68000000002
-43911.83000000002
-43911.86000000004
-43911.81000000002
-43911.750000000015
-43911.930000000015
-43912.08000000004
-43912.07000000003
-43911.53000000003
-43911.82000000002
-43911.70000000002
-43912.29000000003
-43911.950000000026
-43912.060000000034
-43911.95000000003
-43912.130000000034
-43912.100000000035
-43912.090000000026
-43911.91000000003
-43912.150000000016
-43912.17000000003
-43912.40000000004
-43912.15000000004
-43912.16000000003
-43912.090000000026
-43912.17000000004
-43912.39000000004
-43912.300000000025
-43912.190000000024
-43912.36000000003
-43912.44000000003
-43912.610000000044
-43912.590000000026
-43912.60000000002
-43912.63000000003
-43912.430000000015
-43912.520000000004
-43912.26000000001
-43912.19000000002
-43912.39000000001
-43912.59000000002
-43912.58000000002
-43912.75000000001
-43912.580000000016
-43912.8
-43912.33000000001
-43912.31000000001
-43912.45000000001
-43912.37000000003
-43912.47000000001
-43912.48
-43912.24000000001
-43912.45000000002
-43912.510000000024
-43912.68000000002
-43912.44000000001
-43912.53000000003
-43912.440000000024
-43912.490000000034
-43912.510000000024
-43912.50000000003
-43912.63000000002
-43912.460000000014
-43912.57000000001
-43912.62000000002
-43912.540000000015
-43912.64000000003
-43912.73000000003
-43912.56000000003
-43912.62000000002
-43912.510000000024
-43912.68000000003
-43912.72000000004
-43912.57000000002
-43912.790000000015
-43912.680000000015
-43912.72
-43912.72
-43912.76000000002
-43912.76000000002
-43912.58000000002
-43912.53000000001
-43912.70000000001
-43912.820000000014
-43912.76000000002
-43912.71000000003
-43912.87000000001
-43912.92000000002
-43912.97000000002
-43912.84000000002
-43912.820000000014
-43912.91000000002
-43912.84000000002
-43912.80000000001
-43912.94
-43912.970000000016
-43913.07000000002
-43912.94000000001
-43912.94000000002
-43912.99000000001
-43912.95000000002
-43912.930000000015
-43912.97000000001
-43912.830000000016
-43912.87000000001
-43912.94000000001
-43912.94000000002
-43913.00000000002
-43913.00000000002
-43912.87000000001
-43912.790000000015
-43912.98
-43912.95000000001
-43912.93000000001
-43912.98000000001
-43913.03000000001
-43913.01000000002
-43912.960000000014
-43912.98000000001
-43913.070000000014
-43912.85000000002
-43913.05000000001
-43913.10000000001
-43913.10000000002
-43913.12000000002
-43913.05000000002
-43913.05000000002
-43913.070000000014
-43913.03000000002
-43913.070000000014
-43913.110000000015
-43913.070000000014
-43913.05000000002
-43913.09000000002
-43913.03000000003
-43912.98000000003
-43912.940000000024
-43913.010000000024
-43913.11000000003
-43913.13000000002
-43913.03000000003
-43913.160000000025
-43913.110000000015
-43913.150000000016
-43913.07000000003
-43913.010000000024
-43912.97000000002
-43913.00000000002
-43913.010000000024
-43912.97000000002
-43912.94000000002
-43912.910000000025
-43913.04000000002
-43913.09000000002
-43913.05000000001
-43913.04000000002
-43912.970000000016
-43912.98000000002
-43913.06000000002
-43913.08000000001
-43913.03
-43913.150000000016
-43913.110000000015
-43913.000000000015
-43912.990000000005
-43913.03000000001
-43913.01000000001
-43913.05000000001
-43913.000000000015
-43913.07000000002
-43913.18000000002
-43913.13000000002
-43913.180000000015
-43913.10000000001
-43913.09000000001
-43913.13000000002
-43913.13000000002
-43913.15000000002
-43913.140000000014
-43913.20000000001
-43913.140000000014
-43912.99000000002
-43913.05000000002
-43913.000000000015
-43913.070000000014
-43913.10000000001
-43913.11000000002
-43913.06000000002
-43913.06000000001
-43913.05000000002
-43913.070000000014
-43912.99000000002
-43913.02000000002
-43913.03000000002
-43913.070000000014
-43913.10000000001
-43913.06000000002
-43913.01000000002
-43912.97000000001
-43913.110000000015
-43913.02000000002
-43913.110000000015
-43913.17000000001
-43913.220000000016
-43913.130000000005
-43913.14000000001
-43913.110000000015
-43913.12000000001
-43913.11000000001
-43913.110000000015
-43913.10000000001
-43913.040000000015
-43913.09000000001
-43913.15
-43913.090000000004
-43913.100000000006
-43913.100000000006
-43913.11000000001
-43913.02000000001
-43913.040000000015
-43913.09000000001
-43913.140000000014
-43913.040000000015
-43912.970000000016
-43912.970000000016
-43912.94000000002
-43913.03000000003
-43912.99000000002
-43913.09000000002
-43912.95000000002
-43912.95000000001
-43912.960000000014
-43913.110000000015
-43913.13000000002
-43913.13000000002
-43913.10000000002
-43913.14000000002
-43913.19000000002
-43913.17000000002
-43913.16000000002
-43913.05000000002
-43913.070000000014
-43913.12000000002
-43913.22000000001
-43913.11000000001
-43913.16000000001
-43913.150000000016
-43913.13000000002
-43913.080000000016
-43913.070000000014
-43913.140000000014
-43913.08000000001
-43913.12000000002
-43913.11000000001
-43913.12000000001
-43913.13000000001
-43913.17000000001
-43913.210000000014
-43913.12000000001
-43913.12000000001
-43913.09000000001
-43913.10000000001
-43913.140000000014
-43913.180000000015
-43913.21000000002
-43913.220000000016
-43913.130000000005
-43913.13000000001
-43913.20000000001
-43913.140000000014
-43913.12000000002
-43913.150000000016
-43913.140000000014
-43913.180000000015
-43913.19000000002
-43913.220000000016
-43913.21000000002
-43913.250000000015
-43913.24000000001
-43913.26000000002
-43913.24000000001
-43913.24000000001
-43913.250000000015
-43913.210000000014
-43913.210000000014
-43913.210000000014
-43913.19000000002
-43913.220000000016
-43913.24000000002
-43913.16000000002
-43913.250000000015
-43913.27000000001
-43913.19000000002
-43913.20000000001
-43913.19000000001
-43913.20000000001
-43913.18000000001
-43913.22000000001
-43913.17000000001
-43913.22000000001
-43913.22000000001
-43913.220000000016
-43913.22000000001
-43913.24000000001
-43913.180000000015
-43913.22000000001
-43913.150000000016
-43913.20000000001
-43913.19000000002
-43913.21000000001
-43913.24000000001
-43913.240000000005
-43913.16000000001
-43913.19000000001
-43913.170000000006
-43913.170000000006
-43913.21000000001
-43913.200000000004
-43913.19000000001
-43913.17000000001
-43913.21000000001
-43913.15
-43913.23000000001
-43913.170000000006
-43913.17000000001
-43913.16000000001
-43913.19000000001
-43913.210000000014
-43913.21000000001
-43913.23000000001
-43913.24000000001
-43913.220000000016
-43913.24000000001
-43913.24000000001
-43913.23000000002
-43913.250000000015
-43913.210000000014
-43913.210000000014
-43913.220000000016
-43913.250000000015
-43913.20000000002
-43913.22000000002
-43913.24000000001
-43913.20000000002
-43913.230000000025
-43913.25000000002
-43913.23000000002
-43913.17000000002
-43913.14000000002
-43913.15000000002
-43913.200000000026
-43913.200000000026
-43913.19000000003
-43913.200000000026
-43913.190000000024
-43913.200000000026
-43913.21000000003
-43913.24000000003
-43913.21000000003
-43913.22000000003
-43913.21000000003
-43913.22000000003
-43913.22000000003
-43913.22000000003
-43913.21000000002
-43913.160000000025
-43913.28000000002
-43913.27000000002
-43913.24000000002
-43913.22000000002
-43913.160000000025
-43913.21000000003
-43913.20000000002
-43913.25000000002
-43913.230000000025
-43913.25000000002
-43913.21000000003
-43913.27000000002
-43913.26000000002
-43913.28000000002
-43913.24000000003
-43913.24000000003
-43913.270000000026
-43913.270000000026
-43913.28000000002
-43913.270000000026
-43913.28000000003
-43913.270000000026
-43913.24000000003
-43913.24000000003
-43913.270000000026
-43913.22000000002
-43913.24000000003
-43913.24000000003
-43913.230000000025
-43913.25000000003
-43913.230000000025
-43913.260000000024
-43913.270000000026
-43913.24000000003
-43913.260000000024
-43913.260000000024
-43913.230000000025
-43913.230000000025
-43913.24000000003
-43913.260000000024
-43913.25000000002
-43913.230000000025
-43913.25000000003
-43913.260000000024
-43913.22000000002
-43913.21000000003
-43913.24000000003
-43913.25000000003
-43913.240000000034
-43913.24000000003
-43913.26000000003
-43913.28000000003
-43913.31000000003
-43913.30000000003
-43913.270000000026
-43913.25000000003
-43913.270000000026
-43913.270000000026
-43913.25000000003
-43913.260000000024
-43913.26000000003
-43913.270000000026
-43913.28000000003
-43913.31000000002
-43913.28000000003
-43913.28000000002
-43913.270000000026
-43913.28000000003
-43913.270000000026
-43913.270000000026
-43913.25000000003
-43913.24000000003
-43913.24000000003
-43913.22000000003
-43913.29000000002
-43913.270000000026
-43913.29000000003
-43913.28000000003
-43913.29000000002
-43913.24000000003
-43913.270000000026
-43913.260000000024
-43913.270000000026
-43913.29000000002
-43913.300000000025
-43913.300000000025
-43913.300000000025
-43913.29000000002
-43913.270000000026
-43913.24000000003
-43913.25000000002
-43913.28000000002
-43913.32000000002
-43913.30000000002
-43913.31000000002
-43913.29000000002
-43913.300000000025
-43913.29000000002
-43913.300000000025
-43913.24000000003
-43913.230000000025
-43913.29000000002
-43913.28000000003
-43913.29000000002
-43913.29000000002
-43913.28000000002
-43913.25000000002
-43913.26000000002
-43913.27000000002
-43913.27000000002
-43913.28000000002
-43913.250000000015
-43913.23000000002
-43913.26000000002
-43913.26000000002
-43913.25000000002
-43913.28000000003
-43913.260000000024
-43913.270000000026
-43913.270000000026
-43913.260000000024
-43913.260000000024
-43913.25000000002
-43913.25000000002
-43913.24000000003
-43913.25000000003
-43913.260000000024
-43913.270000000026
-43913.270000000026
-43913.270000000026
-43913.26000000003
-43913.28000000003
-43913.260000000024
-43913.25000000002
-43913.260000000024
-43913.28000000002
-43913.270000000026
-43913.31000000003
-43913.270000000026
-43913.29000000002
-43913.270000000026
-43913.28000000003
-43913.260000000024
-43913.13000000003
-43913.21000000003
-43913.23000000003
-43913.23000000003
-43913.24000000003
-43913.260000000024
