----------Report of simulation of Quantum Parallel Tempering-----------
The number of considered Spin 200
The considered Annealing Duration 800
The considered Annealing Number 100
The considered T 1.0
The considered Gamma0 1.0
The considered Number Of Replica 3
The considered Number Of System 6
The solution found [-1  1  1  1 -1 -1 -1  1 -1 -1  1 -1 -1  1 -1 -1 -1 -1  1  1 -1  1  1 -1
 -1  1 -1  1  1  1 -1 -1  1  1 -1 -1  1 -1 -1  1  1  1  1  1 -1  1 -1  1
  1 -1 -1 -1 -1  1  1  1  1  1  1  1 -1  1  1  1  1 -1 -1  1  1 -1 -1 -1
 -1 -1 -1 -1 -1  1  1  1 -1  1  1 -1 -1  1  1  1 -1 -1 -1  1  1 -1  1 -1
 -1 -1 -1 -1  1 -1 -1 -1 -1 -1 -1  1  1  1 -1 -1  1  1 -1  1  1 -1  1 -1
  1  1 -1  1 -1 -1 -1 -1  1  1  1 -1  1  1  1  1  1 -1  1  1  1 -1  1 -1
 -1 -1 -1  1 -1  1 -1 -1  1 -1 -1  1 -1 -1  1 -1 -1 -1 -1  1  1  1  1  1
 -1  1  1  1 -1  1  1 -1 -1 -1  1  1  1  1  1  1 -1 -1 -1  1 -1  1 -1  1
 -1  1 -1  1 -1  1 -1 -1]
The value found -53286.0
The Success probability is 0.15
The average value is -53201.93
The total execution time is 19920.134100675583
The average time for execution is 199.20133975744247
The average time for all systems update is 0.24879140452742576
The average time for system update is 0.04144911807179451
The average time for replica update is 0.013815926148162948
The average time for spin update is 6.881291110234128e-05
The list of values found 

-53202.0
-53161.0
-53172.0
-53276.0
-53217.0
-53156.0
-53266.0
-53225.0
-53286.0
-53280.0
-53286.0
-53198.0
-53192.0
-53280.0
-53238.0
-53227.0
-53230.0
-53230.0
-53180.0
-53191.0
-53286.0
-53237.0
-53217.0
-53122.0
-53286.0
-53105.0
-53286.0
-53168.0
-53286.0
-53189.0
-53158.0
-53286.0
-53286.0
-53210.0
-53205.0
-53192.0
-53286.0
-53124.0
-53136.0
-53124.0
-53133.0
-53140.0
-53276.0
-53227.0
-53150.0
-53286.0
-53166.0
-53150.0
-53085.0
-53068.0
-53196.0
-53286.0
-53116.0
-53116.0
-53194.0
-53229.0
-53130.0
-53160.0
-53209.0
-53178.0
-53236.0
-53193.0
-53224.0
-53121.0
-53238.0
-53231.0
-53120.0
-53286.0
-53096.0
-53180.0
-53170.0
-53152.0
-53286.0
-53237.0
-53173.0
-53230.0
-53160.0
-53199.0
-53286.0
-53160.0
-53182.0
-53229.0
-53173.0
-53277.0
-53242.0
-53268.0
-53156.0
-53286.0
-53164.0
-53169.0
-53156.0
-53276.0
-53182.0
-53227.0
-53096.0
-53277.0
-53148.0
-53157.0
-53205.0
-53168.0



The list of values first execution 

-50447.38888888889
-50591.22222222222
-50751.555555555555
-50833.22222222222
-50859.88888888889
-50840.333333333336
-50813.77777777778
-50792.444444444445
-50756.27777777778
-50759.27777777778
-50727.11111111111
-50691.0
-50672.77777777778
-50663.22222222222
-50438.72222222222
-50641.27777777778
-50592.666666666664
-50631.5
-50478.555555555555
-50436.444444444445
-50549.166666666664
-50224.27777777778
-50425.833333333336
-50254.27777777778
-50305.444444444445
-50327.666666666664
-50240.666666666664
-50197.555555555555
-50405.666666666664
-50115.333333333336
-50071.055555555555
-50323.5
-50386.77777777778
-50401.444444444445
-50308.88888888889
-50238.944444444445
-50351.833333333336
-50019.38888888889
-50282.38888888889
-50226.61111111111
-50026.166666666664
-50363.77777777778
-50014.61111111111
-50176.333333333336
-50305.22222222222
-49978.333333333336
-50156.333333333336
-50318.88888888889
-50315.166666666664
-50293.555555555555
-50365.444444444445
-50159.5
-50244.944444444445
-49990.333333333336
-50202.72222222222
-50403.61111111111
-50362.27777777778
-50297.77777777778
-50300.61111111111
-50295.5
-50198.055555555555
-50269.11111111111
-50285.72222222222
-50295.11111111111
-50234.666666666664
-50243.38888888889
-50200.27777777778
-50154.0
-50258.055555555555
-49983.11111111111
-50099.666666666664
-50298.833333333336
-50113.333333333336
-50214.555555555555
-50138.666666666664
-50437.88888888889
-50375.72222222222
-50247.444444444445
-50100.72222222222
-50076.77777777778
-50104.38888888889
-50198.77777777778
-50479.5
-50273.38888888889
-50391.166666666664
-50062.333333333336
-50071.666666666664
-50310.333333333336
-50139.833333333336
-49999.333333333336
-50209.555555555555
-50129.11111111111
-50364.38888888889
-50055.11111111111
-50096.77777777778
-50183.055555555555
-50227.72222222222
-50279.0
-50107.27777777778
-50075.72222222222
-50195.88888888889
-50034.833333333336
-50279.944444444445
-49922.0
-50286.27777777778
-50206.444444444445
-50232.5
-50095.555555555555
-50104.72222222222
-50310.11111111111
-50239.11111111111
-50102.055555555555
-50139.72222222222
-50286.38888888889
-50351.555555555555
-50269.72222222222
-50204.61111111111
-50164.944444444445
-50126.5
-50221.88888888889
-50214.555555555555
-50349.055555555555
-50267.27777777778
-50320.333333333336
-50435.555555555555
-50293.22222222222
-50342.055555555555
-50089.166666666664
-50357.38888888889
-50111.555555555555
-50215.38888888889
-50293.333333333336
-50303.944444444445
-50298.0
-50288.22222222222
-50163.444444444445
-50084.0
-50091.055555555555
-50249.666666666664
-50366.5
-50338.27777777778
-50272.444444444445
-50133.833333333336
-50170.11111111111
-50090.88888888889
-50249.055555555555
-50155.38888888889
-50344.61111111111
-50191.38888888889
-50247.72222222222
-50150.0
-50094.22222222222
-50351.11111111111
-50281.22222222222
-50172.666666666664
-50404.666666666664
-50213.944444444445
-50182.944444444445
-50160.5
-50256.72222222222
-50271.61111111111
-50189.666666666664
-50340.77777777778
-50424.0
-50279.61111111111
-50180.77777777778
-50230.72222222222
-50367.666666666664
-50308.38888888889
-50295.27777777778
-50267.333333333336
-50021.61111111111
-50177.27777777778
-50402.27777777778
-50256.0
-50142.166666666664
-50418.27777777778
-50372.11111111111
-50338.22222222222
-50384.88888888889
-50103.333333333336
-50405.72222222222
-50300.944444444445
-50229.61111111111
-50138.77777777778
-50228.22222222222
-50256.666666666664
-50204.38888888889
-50141.055555555555
-50478.833333333336
-50205.666666666664
-50330.38888888889
-50219.88888888889
-49989.666666666664
-50475.27777777778
-50287.77777777778
-50461.0
-50436.833333333336
-50344.055555555555
-50206.166666666664
-50198.27777777778
-50318.666666666664
-50379.88888888889
-50165.555555555555
-50405.833333333336
-50170.833333333336
-50548.055555555555
-50176.11111111111
-50261.666666666664
-50195.444444444445
-50139.72222222222
-50397.333333333336
-50167.166666666664
-50284.166666666664
-50235.166666666664
-50226.22222222222
-50284.5
-50264.27777777778
-50324.055555555555
-50314.0
-50168.333333333336
-50327.27777777778
-50138.88888888889
-50373.5
-50323.333333333336
-50261.5
-50386.333333333336
-50153.833333333336
-50319.72222222222
-49991.27777777778
-50195.88888888889
-50361.333333333336
-50367.444444444445
-50408.944444444445
-50300.944444444445
-50337.72222222222
-50409.944444444445
-50034.61111111111
-50373.72222222222
-50251.666666666664
-50289.61111111111
-50230.27777777778
-50366.666666666664
-50422.944444444445
-50231.833333333336
-50316.22222222222
-50282.555555555555
-50506.833333333336
-50409.555555555555
-50462.166666666664
-50193.333333333336
-50380.944444444445
-50233.61111111111
-50362.666666666664
-50308.0
-50366.166666666664
-50434.055555555555
-50295.0
-50258.833333333336
-50401.11111111111
-50290.88888888889
-50451.61111111111
-50404.72222222222
-50083.333333333336
-50316.166666666664
-50309.944444444445
-50429.833333333336
-50108.72222222222
-50175.72222222222
-50214.38888888889
-50107.0
-50530.555555555555
-50300.77777777778
-50365.666666666664
-50321.11111111111
-50244.27777777778
-50397.833333333336
-50372.5
-50210.666666666664
-50390.77777777778
-50156.333333333336
-50290.833333333336
-50116.11111111111
-50238.77777777778
-50238.27777777778
-50466.555555555555
-50437.61111111111
-50171.88888888889
-50152.27777777778
-50490.166666666664
-50224.0
-50411.333333333336
-50151.944444444445
-50219.22222222222
-50167.61111111111
-50236.77777777778
-50260.666666666664
-49996.666666666664
-50165.5
-50239.555555555555
-50138.27777777778
-50109.72222222222
-49981.833333333336
-50120.833333333336
-50295.72222222222
-50246.22222222222
-50068.666666666664
-50338.61111111111
-50203.555555555555
-49961.88888888889
-50084.666666666664
-50197.944444444445
-50397.055555555555
-50251.333333333336
-50353.444444444445
-50166.833333333336
-50518.555555555555
-50307.22222222222
-50372.0
-50228.833333333336
-50248.72222222222
-50481.22222222222
-50273.27777777778
-50245.77777777778
-50023.88888888889
-50252.055555555555
-50385.833333333336
-50258.166666666664
-50333.666666666664
-50216.944444444445
-50138.38888888889
-50422.333333333336
-49948.27777777778
-50374.944444444445
-50142.333333333336
-50226.166666666664
-50282.0
-50216.61111111111
-50393.555555555555
-50042.61111111111
-50199.27777777778
-50093.333333333336
-50132.166666666664
-50361.555555555555
-50206.555555555555
-50235.72222222222
-50270.27777777778
-50312.77777777778
-50024.88888888889
-50150.555555555555
-50034.833333333336
-50227.333333333336
-50225.27777777778
-50166.77777777778
-50144.444444444445
-50052.61111111111
-50230.333333333336
-50237.666666666664
-50179.88888888889
-50246.38888888889
-50392.88888888889
-50336.0
-50367.22222222222
-50357.833333333336
-50335.88888888889
-50583.5
-50138.11111111111
-50264.833333333336
-50279.833333333336
-50348.666666666664
-50515.22222222222
-50290.88888888889
-50162.555555555555
-50189.27777777778
-50308.444444444445
-50300.11111111111
-50316.944444444445
-50310.27777777778
-50242.5
-50293.555555555555
-50265.61111111111
-50180.22222222222
-50171.0
-50214.944444444445
-50102.555555555555
-50243.055555555555
-50179.444444444445
-50163.38888888889
-50276.833333333336
-49980.333333333336
-50033.38888888889
-50136.666666666664
-50327.38888888889
-50031.166666666664
-50423.444444444445
-50209.0
-50084.055555555555
-50373.88888888889
-50253.11111111111
-50246.555555555555
-50393.77777777778
-50152.944444444445
-50194.944444444445
-50210.11111111111
-50356.444444444445
-50317.333333333336
-50143.27777777778
-50465.11111111111
-50251.5
-50290.055555555555
-50166.22222222222
-50286.11111111111
-50292.666666666664
-50164.833333333336
-50203.833333333336
-50178.61111111111
-50330.0
-50360.88888888889
-50195.11111111111
-50142.22222222222
-50038.11111111111
-50149.833333333336
-50017.666666666664
-50238.944444444445
-50151.61111111111
-50361.333333333336
-50338.0
-49953.88888888889
-50165.61111111111
-50095.77777777778
-50249.666666666664
-50267.944444444445
-50236.5
-50356.055555555555
-50143.944444444445
-50141.88888888889
-50310.22222222222
-50331.444444444445
-50387.333333333336
-50270.72222222222
-50393.27777777778
-50231.444444444445
-50367.22222222222
-50486.333333333336
-50265.72222222222
-50259.0
-50187.444444444445
-50294.11111111111
-50367.72222222222
-50235.11111111111
-50475.833333333336
-50003.0
-50424.11111111111
-50264.444444444445
-50189.833333333336
-50295.166666666664
-50047.944444444445
-50212.88888888889
-50057.77777777778
-50212.72222222222
-50206.61111111111
-50372.944444444445
-50424.444444444445
-50063.055555555555
-50374.27777777778
-50266.333333333336
-50519.61111111111
-50160.0
-50408.833333333336
-50315.444444444445
-50273.61111111111
-50267.61111111111
-50381.944444444445
-50277.166666666664
-50390.61111111111
-50161.666666666664
-50082.11111111111
-50127.055555555555
-50146.27777777778
-50230.833333333336
-50231.555555555555
-50003.0
-49989.055555555555
-50202.166666666664
-50217.0
-50177.27777777778
-50239.27777777778
-50165.72222222222
-50217.444444444445
-50113.666666666664
-50146.444444444445
-50153.22222222222
-50177.72222222222
-50366.5
-50111.77777777778
-50347.444444444445
-50282.72222222222
-50175.444444444445
-50236.666666666664
-50231.166666666664
-50312.0
-50309.88888888889
-50355.444444444445
-50302.055555555555
-50286.27777777778
-50355.72222222222
-50265.22222222222
-50399.22222222222
-50206.444444444445
-50354.27777777778
-50410.61111111111
-50139.166666666664
-50208.27777777778
-50229.27777777778
-50267.0
-50253.88888888889
-50408.666666666664
-50455.444444444445
-50229.444444444445
-50436.88888888889
-50433.88888888889
-50214.055555555555
-50323.61111111111
-50289.166666666664
-50341.555555555555
-49955.666666666664
-50316.88888888889
-50264.0
-50096.22222222222
-50208.27777777778
-50234.555555555555
-49868.333333333336
-50053.555555555555
-50130.055555555555
-50313.27777777778
-50337.166666666664
-50240.944444444445
-50276.833333333336
-50145.72222222222
-50390.77777777778
-50366.27777777778
-50420.333333333336
-50249.22222222222
-50313.77777777778
-50333.22222222222
-50361.055555555555
-50329.38888888889
-50049.72222222222
-50240.27777777778
-50279.833333333336
-50220.166666666664
-50334.27777777778
-50387.666666666664
-50254.11111111111
-50247.38888888889
-50291.72222222222
-50174.0
-50365.833333333336
-50250.333333333336
-50336.0
-50330.72222222222
-50311.444444444445
-50085.72222222222
-50259.5
-50144.0
-50162.72222222222
-50295.055555555555
-49986.88888888889
-50306.333333333336
-50366.0
-50311.72222222222
-50218.0
-50292.88888888889
-50353.555555555555
-50115.5
-50305.055555555555
-50217.5
-50292.0
-50183.72222222222
-50325.666666666664
-50400.833333333336
-50229.88888888889
-50264.27777777778
-50092.5
-50507.666666666664
-50314.0
-50188.61111111111
-49984.666666666664
-50079.166666666664
-50134.38888888889
-50163.38888888889
-50408.27777777778
-50403.0
-50234.444444444445
-50298.61111111111
-50245.88888888889
-50093.27777777778
-50209.944444444445
-50299.27777777778
-50195.61111111111
-50220.5
-50341.61111111111
-50338.666666666664
-50391.77777777778
-50231.38888888889
-50185.77777777778
-50390.166666666664
-50122.88888888889
-50315.38888888889
-50196.11111111111
-50203.833333333336
-50154.38888888889
-50128.88888888889
-50181.666666666664
-50119.0
-50116.27777777778
-50357.944444444445
-50197.944444444445
-50262.38888888889
-50346.38888888889
-50334.61111111111
-50253.11111111111
-50373.333333333336
-50469.72222222222
-50448.38888888889
-50394.444444444445
-50180.72222222222
-50090.5
-50106.055555555555
-50056.333333333336
-50312.88888888889
-50184.72222222222
-50316.833333333336
-50253.22222222222
-50017.833333333336
-50267.666666666664
-50241.055555555555
-50247.27777777778
-50296.555555555555
-50311.22222222222
-50190.833333333336
-50167.166666666664
-50161.166666666664
-50134.944444444445
-50234.555555555555
-50243.5
-50353.0
-50167.166666666664
-50474.11111111111
-50129.77777777778
-50259.333333333336
-50538.833333333336
-50047.22222222222
-50324.22222222222
-50153.5
-50248.333333333336
-50322.0
-50136.11111111111
-50386.833333333336
-50274.22222222222
-50322.38888888889
-50346.666666666664
-50091.055555555555
-50230.944444444445
-50233.166666666664
-50396.27777777778
-50322.0
-50215.72222222222
-50434.944444444445
-50445.5
-50256.77777777778
-50146.666666666664
-50343.055555555555
-50132.77777777778
-50156.333333333336
-50333.055555555555
-50209.333333333336
-50294.77777777778
-50029.72222222222
-50214.166666666664
-50252.333333333336
-49974.27777777778
-50206.77777777778
-50247.666666666664
-50304.88888888889
-50221.166666666664
-50062.88888888889
-50205.27777777778
-50371.88888888889
-50271.055555555555
-50332.333333333336
-50212.833333333336
-50333.833333333336
-50157.333333333336
-50451.61111111111
-50290.11111111111
-50174.88888888889
-50263.666666666664
-50319.72222222222
-50248.88888888889
-50342.38888888889
-50163.61111111111
-50400.27777777778
-50197.5
-50209.555555555555
-50205.5
-50384.166666666664
-50119.27777777778
-50075.77777777778
-50162.055555555555
-50257.72222222222
-50337.88888888889
-50287.0
-50249.944444444445
-50341.38888888889
-50234.27777777778
-50248.833333333336
-50077.444444444445
-50216.166666666664
-50328.61111111111
-50236.77777777778
-50263.61111111111
-50375.72222222222
-50172.77777777778
-50313.333333333336
-50312.72222222222
-50181.72222222222
-50300.833333333336
-50351.77777777778
-50289.72222222222
-50176.11111111111
-50267.5
-50258.166666666664
-50197.055555555555
-50233.666666666664
-50274.72222222222
-50245.555555555555
-50285.22222222222
-50151.166666666664
-50270.11111111111
-50264.944444444445
-50132.88888888889
-50242.5
-50305.333333333336
-50348.72222222222
-50392.5
-50198.444444444445
-50311.27777777778
-50302.88888888889
-50160.833333333336
-50290.11111111111
-50198.38888888889
-50257.27777777778
-50275.72222222222
-50045.27777777778
-50243.0
-50370.444444444445
-50186.72222222222
-50233.944444444445
-50169.22222222222
-50146.166666666664
-50306.11111111111
-50328.22222222222
-50360.72222222222
-50211.11111111111
-50242.22222222222
-50128.944444444445
-50279.38888888889
-50086.88888888889
-50086.555555555555
-50402.27777777778
-50366.77777777778
-50433.444444444445
-50275.666666666664
-50356.944444444445
-50211.72222222222
-50117.333333333336
-50302.88888888889
-50139.055555555555
-50267.27777777778
-50080.0
-50248.5
-50330.444444444445
-50132.88888888889
-50318.61111111111
-50072.22222222222
-50230.555555555555
-50180.444444444445
-50201.22222222222
-50166.38888888889
-50287.11111111111
-50221.38888888889
-50306.666666666664
-50401.77777777778
-50241.77777777778
-50506.666666666664
-50231.555555555555
-50472.666666666664
-50390.555555555555
-50166.0



The list of best values first execution 

-52098.0
-52455.0
-52614.0
-52766.0
-52844.0
-52841.0
-52867.0
-52882.0
-52888.0
-52932.0
-52918.0
-52937.0
-52948.0
-52952.0
-52989.0
-52995.0
-52953.0
-52961.0
-53043.0
-53052.0
-53080.0
-53057.0
-53060.0
-53121.0
-53128.0
-53049.0
-53137.0
-53136.0
-53086.0
-53111.0
-53124.0
-53077.0
-53137.0
-53156.0
-53137.0
-53175.0
-53143.0
-53128.0
-53152.0
-53066.0
-53149.0
-53150.0
-53105.0
-53148.0
-53158.0
-53184.0
-53141.0
-53173.0
-53184.0
-53187.0
-53187.0
-53185.0
-53187.0
-53187.0
-53185.0
-53187.0
-53141.0
-53141.0
-53196.0
-53156.0
-53202.0
-53202.0
-53202.0
-53202.0
-53202.0
-53202.0
-53202.0
-53202.0
-53163.0
-53196.0
-53150.0
-53187.0
-53186.0
-53193.0
-53202.0
-53202.0
-53202.0
-53202.0
-53202.0
-53202.0
-53169.0
-53138.0
-53188.0
-53188.0
-53188.0
-53178.0
-53178.0
-53193.0
-53202.0
-53202.0
-53202.0
-53202.0
-53174.0
-53178.0
-53154.0
-53126.0
-53202.0
-53202.0
-53167.0
-53202.0
-53202.0
-53202.0
-53167.0
-53202.0
-53202.0
-53202.0
-53188.0
-53196.0
-53202.0
-53202.0
-53202.0
-53202.0
-53202.0
-53202.0
-53202.0
-53202.0
-53202.0
-53202.0
-53202.0
-53202.0
-53202.0
-53202.0
-53202.0
-53144.0
-53202.0
-53202.0
-53202.0
-53202.0
-53202.0
-53202.0
-53202.0
-53202.0
-53202.0
-53202.0
-53202.0
-53202.0
-53202.0
-53202.0
-53202.0
-53202.0
-53202.0
-53202.0
-53202.0
-53202.0
-53202.0
-53202.0
-53202.0
-53202.0
-53202.0
-53202.0
-53202.0
-53202.0
-53202.0
-53202.0
-53202.0
-53202.0
-53202.0
-53202.0
-53202.0
-53202.0
-53202.0
-53202.0
-53202.0
-53202.0
-53202.0
-53202.0
-53202.0
-53202.0
-53202.0
-53202.0
-53202.0
-53202.0
-53202.0
-53202.0
-53202.0
-53202.0
-53202.0
-53202.0
-53202.0
-53202.0
-53202.0
-53202.0
-53202.0
-53202.0
-53202.0
-53202.0
-53202.0
-53202.0
-53202.0
-53152.0
-53202.0
-53202.0
-53202.0
-53202.0
-53202.0
-53202.0
-53202.0
-53202.0
-53202.0
-53202.0
-53202.0
-53202.0
-53202.0
-53202.0
-53202.0
-53202.0
-53196.0
-53202.0
-53202.0
-53202.0
-53202.0
-53152.0
-53202.0
-53202.0
-53202.0
-53202.0
-53202.0
-53202.0
-53202.0
-53202.0
-53174.0
-53178.0
-53193.0
-53202.0
-53202.0
-53174.0
-53178.0
-53195.0
-53197.0
-53197.0
-53197.0
-53197.0
-53195.0
-53197.0
-53197.0
-53197.0
-53197.0
-53197.0
-53197.0
-53197.0
-53197.0
-53197.0
-53197.0
-53197.0
-53197.0
-53155.0
-53146.0
-53126.0
-53172.0
-53188.0
-53185.0
-53188.0
-53188.0
-53188.0
-53188.0
-53188.0
-53167.0
-53174.0
-53188.0
-53188.0
-53188.0
-53188.0
-53188.0
-53188.0
-53188.0
-53188.0
-53188.0
-53188.0
-53188.0
-53188.0
-53188.0
-53188.0
-53188.0
-53188.0
-53185.0
-53188.0
-53188.0
-53188.0
-53183.0
-53188.0
-53188.0
-53188.0
-53188.0
-53188.0
-53188.0
-53188.0
-53188.0
-53188.0
-53183.0
-53188.0
-53188.0
-53188.0
-53188.0
-53188.0
-53188.0
-53188.0
-53188.0
-53188.0
-53188.0
-53188.0
-53185.0
-53188.0
-53188.0
-53149.0
-53184.0
-53134.0
-53182.0
-53188.0
-53166.0
-53170.0
-53146.0
-53172.0
-53145.0
-53138.0
-53188.0
-53188.0
-53188.0
-53188.0
-53158.0
-53180.0
-53179.0
-53184.0
-53182.0
-53184.0
-53182.0
-53184.0
-53099.0
-53123.0
-53172.0
-53177.0
-53188.0
-53158.0
-53177.0
-53182.0
-53188.0
-53188.0
-53188.0
-53188.0
-53188.0
-53188.0
-53188.0
-53188.0
-53188.0
-53188.0
-53188.0
-53188.0
-53188.0
-53188.0
-53188.0
-53188.0
-53185.0
-53188.0
-53188.0
-53188.0
-53185.0
-53188.0
-53188.0
-53188.0
-53188.0
-53188.0
-53188.0
-53188.0
-53188.0
-53188.0
-53188.0
-53188.0
-53188.0
-53188.0
-53188.0
-53188.0
-53188.0
-53188.0
-53188.0
-53188.0
-53188.0
-53188.0
-53188.0
-53188.0
-53188.0
-53188.0
-53188.0
-53188.0
-53185.0
-53188.0
-53188.0
-53181.0
-53184.0
-53184.0
-53182.0
-53184.0
-53184.0
-53184.0
-53182.0
-53184.0
-53182.0
-53184.0
-53184.0
-53184.0
-53184.0
-53184.0
-53182.0
-53184.0
-53184.0
-53184.0
-53182.0
-53188.0
-53188.0
-53188.0
-53188.0
-53188.0
-53188.0
-53188.0
-53188.0
-53188.0
-53188.0
-53188.0
-53188.0
-53184.0
-53188.0
-53188.0
-53188.0
-53188.0
-53188.0
-53188.0
-53188.0
-53188.0
-53188.0
-53188.0
-53188.0
-53188.0
-53184.0
-53188.0
-53188.0
-53188.0
-53188.0
-53184.0
-53188.0
-53183.0
-53188.0
-53188.0
-53188.0
-53188.0
-53184.0
-53188.0
-53188.0
-53188.0
-53188.0
-53185.0
-53188.0
-53188.0
-53188.0
-53185.0
-53188.0
-53188.0
-53188.0
-53188.0
-53180.0
-53185.0
-53184.0
-53188.0
-53188.0
-53188.0
-53188.0
-53184.0
-53188.0
-53188.0
-53188.0
-53185.0
-53188.0
-53188.0
-53188.0
-53188.0
-53188.0
-53185.0
-53188.0
-53188.0
-53188.0
-53188.0
-53184.0
-53188.0
-53188.0
-53188.0
-53188.0
-53184.0
-53188.0
-53188.0
-53188.0
-53188.0
-53188.0
-53188.0
-53188.0
-53188.0
-53188.0
-53188.0
-53188.0
-53188.0
-53188.0
-53188.0
-53188.0
-53184.0
-53188.0
-53188.0
-53188.0
-53188.0
-53188.0
-53188.0
-53188.0
-53188.0
-53188.0
-53188.0
-53188.0
-53188.0
-53188.0
-53188.0
-53188.0
-53183.0
-53188.0
-53188.0
-53188.0
-53184.0
-53188.0
-53188.0
-53188.0
-53188.0
-53188.0
-53188.0
-53188.0
-53188.0
-53188.0
-53188.0
-53188.0
-53188.0
-53188.0
-53188.0
-53188.0
-53188.0
-53188.0
-53188.0
-53188.0
-53185.0
-53188.0
-53188.0
-53188.0
-53188.0
-53188.0
-53188.0
-53188.0
-53188.0
-53188.0
-53188.0
-53188.0
-53188.0
-53188.0
-53188.0
-53185.0
-53188.0
-53188.0
-53188.0
-53188.0
-53185.0
-53188.0
-53188.0
-53188.0
-53188.0
-53184.0
-53188.0
-53188.0
-53188.0
-53188.0
-53188.0
-53188.0
-53188.0
-53188.0
-53188.0
-53188.0
-53188.0
-53184.0
-53188.0
-53188.0
-53188.0
-53188.0
-53188.0
-53188.0
-53188.0
-53188.0
-53188.0
-53188.0
-53188.0
-53188.0
-53184.0
-53188.0
-53188.0
-53188.0
-53188.0
-53184.0
-53188.0
-53185.0
-53188.0
-53188.0
-53188.0
-53188.0
-53188.0
-53188.0
-53188.0
-53188.0
-53188.0
-53188.0
-53188.0
-53185.0
-53188.0
-53188.0
-53188.0
-53188.0
-53185.0
-53188.0
-53188.0
-53188.0
-53188.0
-53188.0
-53188.0
-53188.0
-53188.0
-53188.0
-53184.0
-53188.0
-53188.0
-53185.0
-53188.0
-53188.0
-53188.0
-53188.0
-53188.0
-53188.0
-53188.0
-53188.0
-53188.0
-53188.0
-53188.0
-53188.0
-53188.0
-53188.0
-53188.0
-53188.0
-53188.0
-53188.0
-53188.0
-53188.0
-53188.0
-53188.0
-53188.0
-53188.0
-53188.0
-53188.0
-53188.0
-53188.0
-53188.0
-53188.0
-53184.0
-53188.0
-53188.0
-53188.0
-53188.0
-53188.0
-53188.0
-53185.0
-53188.0
-53183.0
-53178.0
-53182.0
-53182.0
-53182.0
-53182.0
-53181.0
-53182.0
-53182.0
-53182.0
-53182.0
-53182.0
-53182.0
-53182.0
-53181.0
-53182.0
-53182.0
-53182.0
-53182.0
-53181.0
-53180.0
-53182.0
-53175.0
-53187.0
-53185.0
-53187.0
-53187.0
-53185.0
-53187.0
-53187.0
-53187.0
-53184.0
-53187.0
-53187.0
-53187.0
-53187.0
-53185.0
-53184.0
-53202.0
-53202.0
-53202.0
-53202.0
-53202.0
-53202.0
-53202.0
-53202.0
-53202.0
-53202.0
-53202.0
-53202.0
-53202.0
-53202.0
-53202.0
-53202.0
-53202.0
-53202.0
-53202.0
-53202.0
-53202.0
-53202.0
-53202.0
-53202.0
-53202.0
-53202.0
-53202.0
-53202.0
-53202.0
-53202.0
-53202.0
-53202.0
-53202.0
-53202.0
-53202.0
-53202.0
-53202.0
-53202.0
-53202.0
-53202.0
-53202.0
-53202.0
-53202.0
-53202.0
-53202.0
-53202.0
-53202.0
-53202.0
-53202.0
-53202.0
-53202.0
-53202.0
-53202.0
-53202.0
-53202.0
-53202.0
-53202.0
-53202.0
-53202.0
-53202.0
-53202.0
-53202.0
-53202.0
-53202.0
-53202.0
-53202.0
-53202.0
-53202.0
-53202.0
-53202.0
-53202.0
-53202.0
-53202.0
-53202.0
-53202.0
-53202.0
-53202.0
-53202.0
-53202.0
-53202.0
-53202.0
-53202.0
-53202.0
-53202.0
-53202.0
-53202.0
-53202.0
-53202.0
-53202.0
-53202.0
-53202.0
-53202.0
-53202.0
-53202.0
-53202.0
-53202.0



The list of values average 

-50408.65944444443
-50604.699444444486
-50704.09999999998
-50721.80055555554
-50745.152777777774
-50744.87722222223
-50742.936666666676
-50747.66666666664
-50733.711666666684
-50726.076111111106
-50710.955
-50686.866666666676
-50666.660555555536
-50649.529444444466
-50614.5427777778
-50607.13444444445
-50572.33611111114
-50560.65111111111
-50550.4388888889
-50507.82388888891
-50510.71000000002
-50481.92055555555
-50470.130555555545
-50447.98333333331
-50437.30055555556
-50412.90055555557
-50416.00944444445
-50387.6938888889
-50386.543333333335
-50366.2238888889
-50347.01222222223
-50346.16111111109
-50337.049444444434
-50329.60944444445
-50316.17666666667
-50333.6927777778
-50306.95944444443
-50287.82666666665
-50297.232777777754
-50300.99166666665
-50288.767222222225
-50292.510555555564
-50288.99666666668
-50260.68666666666
-50280.03388888889
-50285.40944444444
-50279.71777777776
-50288.25944444446
-50272.88777777781
-50263.69055555556
-50272.00555555555
-50246.15333333332
-50261.43111111111
-50239.51000000001
-50265.74777777778
-50266.65722222222
-50246.91277777779
-50260.03166666667
-50254.00500000001
-50247.785555555514
-50257.941666666695
-50245.927222222235
-50277.318888888876
-50260.259999999995
-50272.11388888888
-50260.62666666669
-50263.697222222225
-50279.31333333336
-50262.360555555526
-50263.39277777775
-50255.92666666667
-50267.05722222223
-50252.46777777779
-50244.26333333334
-50259.26166666668
-50243.95055555554
-50258.209444444445
-50240.273333333345
-50244.56666666666
-50269.715
-50264.57944444443
-50266.39722222221
-50257.623888888906
-50258.794444444444
-50257.185555555545
-50243.27722222222
-50258.19111111113
-50260.24666666665
-50255.29111111111
-50264.279999999984
-50258.927222222235
-50232.53055555557
-50278.06055555555
-50254.79055555556
-50260.701111111135
-50251.37888888894
-50247.452777777755
-50255.972777777795
-50269.20111111109
-50277.51333333332
-50232.2927777778
-50254.546111111085
-50252.63944444443
-50242.46833333332
-50249.75222222224
-50265.352777777785
-50253.884999999995
-50261.54944444444
-50254.42555555557
-50247.77499999999
-50235.45666666668
-50252.14277777779
-50260.522777777755
-50255.41222222222
-50254.643333333304
-50226.22277777779
-50253.207222222205
-50275.44888888888
-50243.16944444443
-50257.849444444444
-50259.62277777778
-50246.18555555556
-50249.173333333325
-50243.91777777775
-50247.47111111113
-50267.65944444444
-50254.50388888891
-50255.665
-50244.915555555555
-50252.828888888886
-50259.537777777754
-50241.989444444436
-50268.315555555564
-50253.4061111111
-50273.659999999996
-50253.678888888884
-50257.47722222222
-50258.41333333333
-50245.43944444443
-50262.246666666666
-50236.662777777754
-50246.98722222223
-50248.18666666667
-50235.47944444443
-50250.60666666666
-50265.14055555556
-50260.89000000001
-50259.47222222222
-50281.471111111125
-50279.885000000024
-50269.23444444446
-50255.54333333334
-50255.747222222206
-50261.10055555554
-50267.34833333333
-50262.06499999998
-50268.204444444455
-50270.34055555556
-50260.208333333336
-50249.44333333335
-50262.96500000003
-50257.03500000001
-50273.266111111116
-50252.74999999999
-50243.37999999999
-50254.246111111126
-50256.65611111111
-50256.531666666684
-50242.3211111111
-50253.775555555556
-50258.94666666666
-50264.26833333335
-50270.39722222222
-50273.84166666665
-50285.220555555556
-50249.69333333334
-50259.04388888887
-50262.642222222225
-50223.457777777774
-50254.3972222222
-50254.04277777777
-50247.83888888887
-50264.17888888886
-50251.51555555555
-50271.42444444444
-50265.26555555557
-50272.28111111112
-50254.86777777774
-50276.475555555546
-50273.498888888884
-50259.75833333334
-50265.62388888889
-50260.16277777777
-50239.5488888889
-50250.1988888889
-50232.93999999996
-50271.208333333336
-50244.39833333334
-50243.11222222228
-50269.95888888888
-50257.91333333335
-50259.45666666666
-50246.31944444443
-50254.866666666654
-50242.44722222223
-50244.588333333326
-50281.12833333334
-50258.132222222215
-50247.53611111113
-50263.46555555553
-50244.19666666665
-50246.42111111113
-50248.94611111112
-50268.068333333336
-50228.35222222221
-50236.70555555557
-50240.08888888888
-50241.27722222223
-50251.947222222225
-50246.27611111113
-50250.630555555545
-50251.74277777777
-50271.61944444444
-50267.14777777777
-50260.21888888889
-50261.29055555555
-50250.625
-50258.27888888889
-50252.59888888889
-50263.51500000001
-50258.590000000004
-50255.67388888891
-50266.90833333334
-50261.584444444445
-50252.78944444445
-50236.192777777775
-50261.61388888889
-50243.116111111114
-50276.82333333332
-50244.8772222222
-50255.093888888885
-50232.346666666665
-50236.446111111094
-50265.462222222224
-50238.12222222222
-50252.78888888889
-50284.97388888888
-50262.181111111095
-50245.55222222224
-50253.944444444445
-50255.42055555555
-50253.32277777778
-50255.23222222222
-50250.632222222244
-50250.164999999986
-50269.2438888889
-50260.74833333332
-50266.32222222225
-50271.888888888905
-50241.451111111106
-50270.33111111111
-50261.22166666666
-50246.43333333333
-50267.74666666667
-50247.987777777766
-50252.6483333333
-50268.29333333336
-50256.63
-50259.66111111112
-50262.78666666666
-50240.82944444444
-50264.824444444435
-50250.84277777776
-50240.62444444446
-50263.65277777778
-50238.99222222225
-50264.51888888886
-50263.238333333335
-50276.449444444464
-50284.624444444475
-50270.21388888891
-50237.048888888916
-50249.38666666664
-50257.40666666664
-50269.13166666667
-50257.50611111111
-50276.15111111109
-50265.499999999985
-50263.367777777785
-50267.700000000004
-50269.348888888875
-50252.23055555556
-50257.17055555555
-50272.23277777777
-50260.33388888888
-50253.74833333335
-50256.14444444442
-50262.29777777777
-50262.14333333334
-50267.07
-50274.18611111113
-50244.84722222221
-50255.15722222223
-50260.556666666664
-50258.42000000002
-50269.279444444444
-50258.466111111135
-50254.22388888889
-50255.82833333334
-50272.9988888889
-50257.37277777779
-50252.31777777779
-50276.02833333333
-50269.75555555555
-50263.88777777778
-50254.383333333324
-50250.48444444444
-50248.27666666666
-50256.10944444447
-50243.586111111115
-50249.28333333333
-50262.93166666665
-50260.97
-50272.4588888889
-50258.76611111112
-50274.988888888896
-50281.1
-50260.6661111111
-50248.70277777776
-50256.947222222225
-50245.56166666666
-50247.558333333334
-50255.73388888891
-50266.441666666666
-50262.12055555554
-50257.905
-50266.12833333335
-50254.78055555557
-50262.82277777776
-50254.086666666706
-50237.8561111111
-50265.916111111124
-50275.55722222224
-50265.18277777777
-50254.09888888891
-50260.843888888885
-50265.45166666668
-50260.846111111096
-50244.7738888889
-50267.84611111112
-50235.17333333333
-50262.175555555565
-50283.61722222222
-50266.57222222222
-50256.21222222224
-50237.20055555556
-50245.10611111109
-50247.83111111115
-50254.51777777779
-50250.05888888891
-50239.82722222224
-50271.33277777776
-50248.729999999996
-50261.191666666666
-50240.53388888887
-50256.121666666644
-50267.066111111104
-50260.95888888888
-50274.18111111112
-50246.48777777778
-50258.50833333332
-50274.76833333331
-50251.745
-50270.61444444443
-50293.13944444444
-50256.648888888885
-50275.889444444445
-50261.70388888888
-50272.54055555554
-50265.34666666665
-50262.55055555555
-50254.92444444445
-50233.13388888888
-50259.814999999995
-50250.499444444446
-50254.8461111111
-50256.03722222222
-50252.15777777778
-50239.74888888888
-50265.65555555557
-50259.14277777779
-50252.79333333332
-50258.33333333334
-50248.57333333334
-50270.38499999999
-50258.22
-50264.08444444444
-50273.23499999999
-50249.468888888885
-50268.37
-50254.54444444446
-50259.82166666665
-50252.618888888916
-50242.82666666667
-50257.08166666666
-50243.31555555555
-50259.05611111111
-50260.23055555555
-50256.999444444446
-50245.921111111114
-50253.787222222236
-50263.240555555545
-50260.012222222205
-50274.619999999995
-50280.724444444444
-50247.628333333356
-50284.93000000002
-50267.23499999999
-50269.95277777777
-50248.46166666666
-50278.29777777777
-50243.483888888884
-50246.146111111135
-50261.56666666666
-50256.65055555556
-50257.67055555555
-50249.30388888888
-50249.62500000001
-50272.287777777754
-50253.63888888887
-50276.969999999994
-50253.683333333305
-50253.98166666664
-50245.796666666654
-50238.15611111111
-50263.65666666666
-50258.033333333326
-50257.963888888895
-50262.252222222225
-50236.243888888894
-50268.66388888888
-50245.227222222245
-50252.867777777785
-50282.99277777777
-50256.1833333333
-50257.73055555557
-50258.93999999999
-50266.07388888888
-50245.66222222222
-50267.85555555554
-50261.73611111112
-50228.507777777784
-50260.04500000002
-50278.82333333334
-50237.85166666666
-50238.165
-50248.47666666666
-50249.689444444455
-50271.61277777778
-50276.560555555545
-50262.988888888874
-50265.85666666666
-50268.292222222204
-50250.34777777779
-50266.76888888888
-50266.554444444424
-50274.92222222222
-50255.675555555565
-50271.07388888887
-50271.04555555556
-50258.2938888889
-50268.95944444444
-50252.13333333333
-50265.535
-50273.37888888886
-50258.863888888896
-50263.82722222223
-50263.22944444445
-50269.53666666666
-50274.789444444425
-50270.28555555555
-50257.70833333335
-50254.543888888875
-50265.278333333314
-50262.2827777778
-50250.000000000015
-50263.10555555554
-50245.458888888905
-50281.24444444446
-50251.63888888889
-50279.07888888888
-50266.95944444444
-50251.20277777779
-50269.60555555555
-50225.35388888891
-50266.794444444444
-50256.77944444444
-50261.18777777779
-50277.95333333333
-50261.72833333335
-50254.37666666665
-50252.79444444445
-50244.55555555553
-50242.166666666686
-50247.04166666666
-50237.01222222222
-50255.771111111106
-50268.33333333333
-50272.851111111115
-50272.797777777785
-50270.371666666666
-50258.91833333334
-50264.872777777775
-50261.40666666666
-50253.061111111114
-50260.88333333333
-50264.39500000001
-50273.76777777776
-50273.30333333332
-50266.31555555555
-50288.132222222215
-50268.39277777778
-50267.730555555565
-50263.37500000001
-50272.038888888885
-50259.319999999985
-50242.39555555555
-50253.03277777777
-50260.57222222223
-50230.9922222222
-50257.90833333332
-50256.497222222235
-50234.51722222222
-50245.30055555559
-50240.26166666664
-50247.165555555555
-50250.42222222221
-50243.405
-50261.79388888889
-50258.872777777775
-50257.62000000001
-50256.816666666666
-50237.09722222223
-50256.77500000002
-50238.077777777784
-50246.14777777776
-50268.54277777777
-50247.97166666666
-50260.30111111111
-50272.96000000001
-50250.77166666666
-50281.75666666666
-50269.75055555556
-50270.38277777778
-50252.13777777778
-50231.358888888884
-50248.00666666665
-50251.00499999997
-50267.52722222225
-50258.881666666675
-50273.34055555556
-50268.572222222225
-50249.01111111113
-50223.897222222215
-50267.44333333332
-50237.24999999999
-50253.35222222224
-50261.75333333334
-50272.53555555555
-50247.08000000003
-50269.91944444444
-50253.57944444444
-50263.827222222215
-50266.46333333332
-50266.31555555556
-50262.75055555556
-50238.778333333335
-50260.24833333334
-50252.73111111112
-50261.57222222223
-50264.085
-50246.8
-50261.022777777805
-50253.724444444444
-50277.759444444426
-50253.35277777779
-50258.856111111105
-50265.74888888889
-50265.66000000003
-50264.55555555557
-50248.15111111113
-50240.23499999999
-50247.7816666667
-50250.08333333332
-50233.064999999995
-50251.22666666665
-50257.35666666665
-50271.41444444445
-50261.38944444444
-50254.452777777784
-50261.60722222222
-50264.67333333334
-50267.05777777774
-50261.7
-50255.9616666667
-50236.51166666668
-50260.7238888889
-50263.82777777778
-50237.31111111113
-50266.49388888889
-50258.82444444447
-50263.037777777776
-50275.2877777778
-50245.932777777765
-50271.96722222223
-50254.64111111114
-50243.93611111111
-50254.972222222226
-50261.71499999999
-50256.23555555554
-50272.41055555558
-50259.555555555526
-50289.80000000002
-50288.69444444444
-50270.42777777779
-50268.858333333344
-50261.402222222234
-50256.479999999974
-50266.55666666666
-50258.94444444443
-50268.508333333324
-50235.392222222225
-50267.913888888885
-50244.488333333335
-50239.94
-50259.140555555554
-50255.124999999985
-50264.022777777776
-50249.27722222221
-50244.79944444444
-50263.76555555553
-50240.01888888887
-50249.48055555555
-50274.753333333305
-50257.364444444436
-50270.85833333332
-50270.329999999994
-50250.6011111111
-50255.59222222223
-50231.65666666668
-50246.8922222222
-50260.363333333305
-50265.70944444447
-50258.31611111109
-50256.10111111113
-50249.46944444445
-50255.38
-50245.318888888876
-50248.618333333325
-50254.908333333326
-50253.35388888887
-50265.538333333316
-50247.85722222222
-50251.09944444446
-50241.040555555555
-50243.956111111096
-50253.266666666656
-50249.12388888888
-50248.52944444446
-50255.60499999998
-50267.88444444443
-50256.20499999999
-50245.39277777777
-50252.2288888889
-50257.77777777777
-50262.705555555556
-50238.86833333333
-50249.704999999994
-50247.092222222214
-50257.27166666663
-50252.813333333324
-50247.1561111111
-50246.53277777779
-50260.59888888892
-50254.57666666665
-50243.73388888889
-50264.443888888876
-50233.065000000024
-50252.0938888889
-50239.00166666666
-50253.63666666665
-50254.51666666666
-50262.7927777778
-50254.59055555558
-50249.2572222222
-50253.16833333336
-50250.21166666666
-50256.44333333335
-50251.92888888888
-50265.69722222224
-50265.529999999984
-50247.300555555565
-50257.22111111106
-50244.81499999999
-50246.911666666674
-50268.28222222223
-50264.77333333332
-50285.14222222223
-50265.622777777775
-50282.66611111112
-50248.58611111113
-50255.013888888854
-50252.20555555558
-50255.198333333356
-50249.53277777778
-50268.231666666674
-50266.961666666684
-50268.82111111111
-50239.432777777765
-50245.37777777779
-50246.61055555556
-50284.32722222223
-50260.00666666667
-50267.29777777779
-50273.537222222214
-50270.31611111111
-50271.19833333333
-50254.3461111111
-50249.09000000001
-50268.570555555554
-50252.01555555556
-50271.82499999999
-50269.15055555557
-50282.33555555556
-50254.89833333333
-50264.79666666667
-50257.32500000001
-50259.835555555546
-50247.18777777778
-50275.402777777774
-50246.51833333335
-50246.37333333332
-50268.00611111113
-50256.70888888889
-50282.930555555555
-50258.11111111113
-50263.52999999999
-50275.25944444447
-50259.82500000001
-50265.053888888906
-50260.95499999998
-50249.745
-50259.71444444445
-50242.410555555565
-50257.683888888896
-50269.40111111112
-50272.884999999995
-50274.67555555556
-50264.888333333336
-50257.71722222224
-50250.66166666664
-50244.08444444445
-50249.587222222246
-50267.05888888889
-50261.49555555557
-50268.65333333331
-50261.70611111111
-50275.88000000002
-50263.30611111112
-50245.38611111112
-50264.328333333324
-50251.61777777778
-50228.14166666666
-50261.333888888854
-50260.988888888874
-50241.95777777779
-50249.1361111111
-50253.24833333333
-50248.878888888896
-50279.03444444445
-50259.71499999999
-50272.87499999999
-50251.6
-50266.58444444447
-50251.94944444441
-50260.42055555557
-50262.8038888889
-50265.35944444443
-50263.8638888889
-50256.99444444443
-50270.466666666674
-50286.591111111105
-50281.96277777777
-50277.68222222222
-50282.333888888876
-50253.27166666666
-50258.100000000006
-50262.06277777777
-50254.39222222222
-50265.06777777777



The list of best values average 

-51948.06999999999
-52495.81999999997
-52713.289999999986
-52827.42000000002
-52900.170000000006
-52940.560000000005
-52976.639999999985
-52999.12
-53018.68000000002
-53027.41999999999
-53044.26999999999
-53055.10999999998
-53067.27
-53070.74000000001
-53077.640000000014
-53083.42
-53083.69000000001
-53094.88000000002
-53098.840000000004
-53103.66999999996
-53105.239999999976
-53107.14999999998
-53112.209999999985
-53113.83
-53112.72
-53116.25999999999
-53122.189999999995
-53123.22000000001
-53122.06
-53126.68000000001
-53127.03999999998
-53127.159999999974
-53132.56
-53133.49999999999
-53135.37
-53138.279999999984
-53141.789999999986
-53139.71999999998
-53140.14
-53142.0
-53140.85999999998
-53141.36999999998
-53140.30999999998
-53143.399999999994
-53144.03999999999
-53145.159999999974
-53145.289999999986
-53147.439999999995
-53146.70999999998
-53149.24999999999
-53150.899999999994
-53148.93999999999
-53148.30999999998
-53151.34
-53152.92
-53151.60999999998
-53150.49999999999
-53150.33
-53154.34999999999
-53152.44000000001
-53154.80999999999
-53153.82
-53156.08999999999
-53155.98999999999
-53156.37999999999
-53157.11000000002
-53157.06999999999
-53159.270000000004
-53157.779999999984
-53158.73
-53156.47999999998
-53158.28000000001
-53159.619999999995
-53157.19999999999
-53156.81
-53160.74000000001
-53159.950000000004
-53159.31000000001
-53161.009999999995
-53162.539999999986
-53162.24
-53160.12000000001
-53162.790000000015
-53163.799999999996
-53164.86000000001
-53165.43000000003
-53165.500000000015
-53167.02
-53166.15
-53166.13000000003
-53167.470000000016
-53167.169999999984
-53167.11000000003
-53166.63000000002
-53166.94000000001
-53166.0
-53167.79999999999
-53168.66999999999
-53167.180000000015
-53166.19000000001
-53165.87000000001
-53167.38000000003
-53166.62000000001
-53169.840000000004
-53171.079999999994
-53166.14999999998
-53171.02
-53170.19000000002
-53168.68999999998
-53170.71
-53171.37000000001
-53166.80999999999
-53167.959999999985
-53169.3
-53168.69
-53169.359999999986
-53168.96999999997
-53168.99999999999
-53168.7
-53167.759999999995
-53169.63999999998
-53171.05
-53170.43
-53169.520000000004
-53171.250000000015
-53170.070000000014
-53171.11999999999
-53169.87999999998
-53173.26999999999
-53169.17
-53171.58999999999
-53172.71000000001
-53171.710000000014
-53170.520000000004
-53173.94000000002
-53172.350000000006
-53170.87000000001
-53170.6
-53171.38000000001
-53172.04999999999
-53171.900000000016
-53171.79
-53172.610000000015
-53173.01999999999
-53174.19000000002
-53173.38
-53172.31000000002
-53170.92000000003
-53172.54000000001
-53173.770000000004
-53172.42000000001
-53172.98000000001
-53174.03000000002
-53176.69000000002
-53172.80000000002
-53174.99000000003
-53175.55
-53174.590000000004
-53176.39000000002
-53173.970000000016
-53175.100000000006
-53175.799999999996
-53176.37000000002
-53176.110000000015
-53176.500000000015
-53176.17999999999
-53174.84000000001
-53176.08
-53178.22000000001
-53175.880000000005
-53177.12000000002
-53178.420000000006
-53176.94000000002
-53178.48000000002
-53178.81
-53176.92000000002
-53177.210000000014
-53178.070000000014
-53178.470000000016
-53177.350000000006
-53177.399999999994
-53177.85000000001
-53177.32000000002
-53177.94
-53176.69999999999
-53178.219999999994
-53179.06000000002
-53179.93
-53176.85
-53176.99000000001
-53178.21
-53178.12
-53179.350000000006
-53181.16000000001
-53179.01000000001
-53177.37999999998
-53180.18
-53181.570000000014
-53180.08000000001
-53179.32
-53180.93000000002
-53179.500000000015
-53180.13000000001
-53179.87
-53181.76000000002
-53180.25000000002
-53180.62000000001
-53181.34000000002
-53180.19
-53178.36000000001
-53180.76000000001
-53180.25
-53180.71999999999
-53180.08000000001
-53181.47000000001
-53181.01999999998
-53182.62000000001
-53178.869999999995
-53180.040000000015
-53180.91000000001
-53180.74000000002
-53181.51000000002
-53181.00000000002
-53182.06000000001
-53182.56000000001
-53183.270000000004
-53182.34000000001
-53184.45
-53184.18
-53182.7
-53181.790000000015
-53182.850000000006
-53182.1
-53180.939999999995
-53183.39000000002
-53182.14
-53182.76000000001
-53184.27
-53181.72000000002
-53183.240000000005
-53183.740000000005
-53182.56000000001
-53183.11999999999
-53181.93
-53183.95999999999
-53184.74000000002
-53183.15000000001
-53181.190000000024
-53183.04
-53182.79000000001
-53183.49999999999
-53184.86
-53184.37000000002
-53184.38000000002
-53185.860000000015
-53184.56000000002
-53187.04
-53184.630000000005
-53185.819999999985
-53186.22000000001
-53184.88000000001
-53184.63000000001
-53186.14999999999
-53185.969999999994
-53185.1
-53187.65
-53186.59999999999
-53186.13999999999
-53184.49
-53186.259999999995
-53186.5
-53184.32999999998
-53186.68
-53185.72
-53186.45999999999
-53186.94000000001
-53186.77000000002
-53186.82000000001
-53188.32
-53188.01
-53187.06
-53187.130000000005
-53186.75000000001
-53187.03999999999
-53187.86999999998
-53186.15
-53186.719999999994
-53186.509999999995
-53187.98999999999
-53188.35999999999
-53186.4
-53187.72
-53188.07999999999
-53188.829999999994
-53186.83000000001
-53188.97999999999
-53188.359999999986
-53188.22
-53186.33000000001
-53188.959999999985
-53187.78999999999
-53188.34
-53188.50999999999
-53189.850000000006
-53187.20000000001
-53187.27999999998
-53188.94999999999
-53189.000000000015
-53188.780000000006
-53188.250000000015
-53188.899999999994
-53189.64
-53188.150000000016
-53188.54
-53189.57
-53188.05999999999
-53188.449999999975
-53187.939999999995
-53187.47
-53188.78000000001
-53188.52
-53189.98
-53189.88000000001
-53189.110000000015
-53189.91000000001
-53188.369999999995
-53188.15
-53189.40000000002
-53188.59
-53189.39000000001
-53187.57000000001
-53186.61999999998
-53185.729999999996
-53190.05
-53186.810000000005
-53189.18
-53187.90999999999
-53188.420000000006
-53189.04000000001
-53190.68000000001
-53188.179999999986
-53188.090000000004
-53189.57
-53188.759999999995
-53189.719999999994
-53189.81
-53187.45000000001
-53188.320000000014
-53189.01
-53188.02000000001
-53188.06000000002
-53189.97
-53187.479999999996
-53189.880000000005
-53189.600000000006
-53188.670000000006
-53188.970000000016
-53190.130000000005
-53190.27
-53190.229999999996
-53189.43
-53188.969999999994
-53190.38999999998
-53191.37
-53190.18
-53190.32000000001
-53188.48000000001
-53190.36
-53191.729999999996
-53190.64000000001
-53189.359999999986
-53191.46000000001
-53191.17
-53189.52000000001
-53189.74000000001
-53191.18999999999
-53190.530000000006
-53188.50000000002
-53190.61
-53191.109999999986
-53190.229999999996
-53189.93000000001
-53189.8
-53190.09
-53189.82
-53189.160000000025
-53190.580000000016
-53189.55
-53191.04000000001
-53191.130000000005
-53191.21
-53190.470000000016
-53190.54000000001
-53190.72999999999
-53190.189999999995
-53190.85
-53190.68
-53189.649999999994
-53190.82000000003
-53191.749999999985
-53192.30000000001
-53190.9
-53189.41
-53190.869999999995
-53190.830000000016
-53190.250000000015
-53190.19
-53191.98999999999
-53189.759999999995
-53191.32
-53191.909999999996
-53192.489999999976
-53191.2
-53191.77999999999
-53191.600000000006
-53190.69000000001
-53191.030000000006
-53190.22999999999
-53190.79000000001
-53191.40000000001
-53190.11
-53189.72
-53190.600000000006
-53191.69999999999
-53190.850000000006
-53191.79
-53190.909999999996
-53191.759999999995
-53190.42999999999
-53189.579999999994
-53190.500000000015
-53190.40000000001
-53190.3
-53190.65999999999
-53191.51
-53190.44000000001
-53191.700000000004
-53191.820000000014
-53190.83
-53191.270000000004
-53192.74000000002
-53190.250000000015
-53192.030000000006
-53192.15000000001
-53191.32
-53190.590000000004
-53191.91
-53191.41
-53192.60000000001
-53191.31000000003
-53191.590000000004
-53192.74000000001
-53191.40000000001
-53192.13
-53193.05
-53192.56
-53191.99
-53192.48000000001
-53193.49000000002
-53192.590000000004
-53191.789999999986
-53192.970000000016
-53191.99999999999
-53192.06
-53193.52
-53191.13999999999
-53192.32000000001
-53192.969999999994
-53192.25
-53193.16000000001
-53192.17000000001
-53193.22
-53193.249999999985
-53194.27000000001
-53192.7
-53193.619999999995
-53193.47000000001
-53193.84000000001
-53193.610000000015
-53194.100000000006
-53192.03000000002
-53193.990000000005
-53194.83
-53194.719999999994
-53194.17
-53193.41000000001
-53195.070000000014
-53193.840000000026
-53193.07000000001
-53195.26000000002
-53194.080000000016
-53194.159999999996
-53193.77
-53195.110000000015
-53194.38999999999
-53195.12999999999
-53193.59000000001
-53195.75000000001
-53195.490000000005
-53192.89000000001
-53193.74999999999
-53194.34000000001
-53193.34
-53194.14999999999
-53193.649999999994
-53193.659999999996
-53194.17999999999
-53195.030000000006
-53192.89999999999
-53194.94999999999
-53194.12
-53193.6
-53193.130000000005
-53194.55999999999
-53193.490000000005
-53195.55999999999
-53194.54
-53193.89
-53194.95999999999
-53194.2
-53193.610000000015
-53194.55
-53195.30999999998
-53193.539999999986
-53194.65000000001
-53194.68
-53193.759999999995
-53193.68
-53194.85
-53193.560000000005
-53194.64
-53194.50000000001
-53193.95
-53193.82
-53193.58000000001
-53193.62
-53194.49
-53194.12999999999
-53194.01
-53194.92999999999
-53194.63
-53193.58999999999
-53193.73999999998
-53194.02999999999
-53194.18000000001
-53193.85999999999
-53194.51
-53193.9
-53194.82999999999
-53194.509999999995
-53194.11
-53194.689999999995
-53193.94999999998
-53193.83999999999
-53194.469999999994
-53194.32999999999
-53193.609999999986
-53195.03
-53195.759999999995
-53193.219999999994
-53194.58999999999
-53194.530000000006
-53194.26000000001
-53194.82
-53194.52
-53193.97
-53195.62
-53194.11
-53194.24999999999
-53194.51
-53193.560000000005
-53194.240000000005
-53194.759999999995
-53194.24999999999
-53193.469999999994
-53194.22
-53192.950000000004
-53194.34
-53194.78999999999
-53194.75
-53194.65
-53193.75
-53195.20000000001
-53193.68
-53194.77999999999
-53195.19
-53194.100000000006
-53193.159999999996
-53194.19
-53192.16
-53194.55
-53194.75999999999
-53194.079999999994
-53193.570000000014
-53194.04
-53193.999999999985
-53194.310000000005
-53194.149999999994
-53194.09
-53193.75999999999
-53193.669999999984
-53192.93
-53194.14000000001
-53194.220000000016
-53193.119999999995
-53193.74
-53193.60000000001
-53194.01
-53195.87
-53193.82999999999
-53194.83
-53194.66
-53194.42999999998
-53195.159999999996
-53193.92999999999
-53195.05
-53194.999999999985
-53194.890000000014
-53194.49
-53193.77
-53193.43
-53193.94000000001
-53194.41000000002
-53193.680000000015
-53194.530000000006
-53194.62000000001
-53193.62
-53195.420000000006
-53196.13999999999
-53196.729999999996
-53193.66000000002
-53195.060000000005
-53193.31000000001
-53196.19
-53196.030000000006
-53196.04999999999
-53196.92999999999
-53196.0
-53195.33
-53197.34
-53195.40999999999
-53195.140000000014
-53196.490000000005
-53195.45
-53195.409999999996
-53196.240000000005
-53196.37000000001
-53196.600000000006
-53195.659999999996
-53195.159999999996
-53196.76999999999
-53196.64999999999
-53195.98000000001
-53197.329999999994
-53196.10999999999
-53197.380000000005
-53196.82000000001
-53196.09
-53195.909999999996
-53196.40999999999
-53196.45000000001
-53196.380000000005
-53195.549999999996
-53196.19000000001
-53196.54000000001
-53196.62
-53196.67
-53195.26999999998
-53196.63999999999
-53196.34
-53196.790000000015
-53195.7
-53195.71999999998
-53196.07
-53196.12
-53196.13999999999
-53197.05
-53197.450000000004
-53195.55999999999
-53195.290000000015
-53196.12
-53197.28
-53196.32
-53196.34000000001
-53197.68000000001
-53197.259999999995
-53197.090000000004
-53196.16
-53196.439999999995
-53196.39
-53197.49999999999
-53195.53999999999
-53196.28000000002
-53197.54000000001
-53196.060000000005
-53196.52000000001
-53196.42
-53196.51
-53196.530000000006
-53198.25000000001
-53195.040000000015
-53195.96
-53195.76
-53196.740000000005
-53196.61000000001
-53196.060000000005
-53197.17999999999
-53196.96000000001
-53196.88999999999
-53197.14000000001
-53196.189999999995
-53197.07999999999
-53197.64000000001
-53196.56999999999
-53196.5
-53196.30999999999
-53195.869999999995
-53197.79
-53196.27
-53194.97
-53196.47999999999
-53197.86999999998
-53197.52
-53196.4
-53195.499999999985
-53196.330000000016
-53196.64000000001
-53196.98999999999
-53196.549999999996
-53197.119999999995
-53196.16000000002
-53195.810000000005
-53196.67
-53195.130000000005
-53196.36000000001
-53197.009999999995
-53197.11000000001
-53196.44000000001
-53197.09999999999
-53197.26999999999
-53197.41
-53197.40999999998
-53197.90000000001
-53196.68
-53197.060000000005
-53197.67999999999
-53196.22
-53197.36999999999
-53197.979999999996
-53196.780000000006
-53196.93
-53196.469999999994
-53196.95
-53197.18
-53195.25000000001
-53197.49000000001
-53198.500000000015
-53194.58
-53196.560000000005
-53197.630000000005
-53196.50000000003
-53196.57000000001
-53196.829999999994
-53197.44
-53197.15
-53196.41
-53196.119999999995
-53197.48000000001
-53196.62
-53196.80000000001
-53197.0
-53196.880000000005
-53197.78
-53195.840000000026
-53195.81
-53198.270000000004
-53198.100000000006
-53197.240000000005
-53197.24000000001
-53198.140000000014
-53197.090000000004
-53197.44000000001
-53196.289999999986
-53198.62
-53197.47999999999
-53197.249999999985
-53196.99000000001
-53198.19
-53196.67
-53198.06999999999
-53197.35999999998
-53196.24999999999
-53196.880000000005
-53198.00999999998
-53196.91999999999
-53197.57000000001
-53196.99000000001
-53196.119999999995
-53197.71000000001
-53197.02
