----------Report of simulation of Quantum Parallel Tempering - Population Annealing v1-----------
The number of considered Spin183
The considered Annealing Duration 732
The considered Annealing Number 100
The considered T 1.0
The considered Gamma0 1.0
The considered Number Of Replica 3
The considered Number Of System Tempering 3
The considered Number Of System Population 3
The solution found [ 1.  1. -1.  1.  1. -1. -1. -1. -1. -1.  1. -1. -1. -1. -1.  1. -1.  1.
 -1.  1.  1.  1.  1. -1. -1. -1.  1. -1. -1.  1. -1.  1. -1.  1.  1.  1.
 -1. -1.  1.  1.  1. -1.  1. -1.  1. -1.  1. -1. -1. -1. -1.  1. -1.  1.
  1.  1.  1.  1. -1.  1.  1. -1.  1.  1. -1. -1.  1.  1.  1.  1.  1. -1.
 -1. -1.  1. -1.  1. -1. -1.  1. -1. -1. -1.  1. -1. -1. -1.  1. -1.  1.
  1. -1. -1. -1. -1.  1. -1.  1. -1.  1.  1.  1.  1. -1. -1. -1. -1. -1.
 -1. -1.  1. -1. -1.  1.  1. -1.  1.  1. -1. -1. -1.  1.  1.  1.  1.  1.
  1. -1.  1. -1.  1. -1. -1. -1. -1. -1. -1. -1. -1.  1.  1. -1.  1.  1.
  1. -1.  1.  1.  1. -1.  1. -1. -1.  1. -1.  1.  1.  1.  1. -1.  1. -1.
  1.  1. -1.  1. -1.  1.  1. -1.  1. -1. -1. -1.  1.  1. -1.  1.  1. -1.
  1. -1.  1.]
The value found -44754.0
The Success probability is 0.38
The average value is -44738.0
The total execution time is 22933.303512573242
The average time for execution is 229.33303388118745
The average time for all systems update is 0.3132006765291339
The average time for system tempering update is 0.04677316864548702
The average time for system population update is 12632.96085858345
The average time for replica update is 0.01738273440018233
The average time for spin update is 9.46441773227203e-05
The list of values found 

-44707.0
-44754.0
-44685.0
-44732.0
-44732.0
-44729.0
-44754.0
-44754.0
-44732.0
-44732.0
-44754.0
-44685.0
-44754.0
-44732.0
-44732.0
-44754.0
-44732.0
-44732.0
-44732.0
-44754.0
-44754.0
-44754.0
-44732.0
-44754.0
-44732.0
-44754.0
-44732.0
-44754.0
-44754.0
-44754.0
-44732.0
-44732.0
-44732.0
-44732.0
-44754.0
-44754.0
-44754.0
-44732.0
-44732.0
-44732.0
-44732.0
-44732.0
-44732.0
-44732.0
-44754.0
-44754.0
-44732.0
-44732.0
-44682.0
-44754.0
-44754.0
-44732.0
-44732.0
-44732.0
-44754.0
-44732.0
-44754.0
-44732.0
-44732.0
-44732.0
-44754.0
-44732.0
-44754.0
-44736.0
-44732.0
-44732.0
-44754.0
-44732.0
-44732.0
-44754.0
-44732.0
-44754.0
-44655.0
-44732.0
-44732.0
-44754.0
-44732.0
-44732.0
-44754.0
-44754.0
-44732.0
-44732.0
-44732.0
-44732.0
-44732.0
-44732.0
-44732.0
-44754.0
-44732.0
-44754.0
-44754.0
-44732.0
-44754.0
-44741.0
-44754.0
-44732.0
-44732.0
-44754.0
-44732.0
-44754.0



The list of values first execution 

-42210.38888888889
-42398.27777777778
-42546.555555555555
-42488.833333333336
-42489.055555555555
-42604.88888888889
-42653.77777777778
-42660.27777777778
-42617.055555555555
-42570.61111111111
-42669.61111111111
-42629.72222222222
-42649.833333333336
-42696.27777777778
-42697.666666666664
-42786.055555555555
-42654.833333333336
-42851.5
-42829.055555555555
-42863.72222222222
-42791.72222222222
-42868.666666666664
-43000.944444444445
-43031.61111111111
-43011.38888888889
-42926.055555555555
-43078.61111111111
-42939.055555555555
-42934.833333333336
-43069.27777777778
-43108.166666666664
-43141.11111111111
-43113.77777777778
-43034.72222222222
-43036.166666666664
-43135.61111111111
-43207.88888888889
-43158.72222222222
-43151.833333333336
-43133.0
-43216.444444444445
-43139.333333333336
-43239.0
-43259.88888888889
-43103.88888888889
-43202.22222222222
-43150.61111111111
-43270.944444444445
-43286.88888888889
-43313.38888888889
-43282.27777777778
-43274.77777777778
-43184.5
-43488.333333333336
-43383.166666666664
-43277.555555555555
-43323.555555555555
-43149.555555555555
-43483.11111111111
-43410.833333333336
-43549.166666666664
-43425.77777777778
-43478.38888888889
-43474.944444444445
-43436.77777777778
-43373.11111111111
-43300.555555555555
-43447.833333333336
-43470.333333333336
-43392.5
-43355.22222222222
-43337.72222222222
-43339.333333333336
-43479.38888888889
-43462.77777777778
-43421.0
-43488.555555555555
-43429.22222222222
-43466.0
-43526.555555555555
-43528.11111111111
-43494.11111111111
-43439.11111111111
-43613.055555555555
-43445.77777777778
-43499.11111111111
-43516.333333333336
-43491.61111111111
-43494.77777777778
-43637.77777777778
-43541.38888888889
-43497.61111111111
-43500.72222222222
-43430.11111111111
-43523.444444444445
-43372.38888888889
-43466.055555555555
-43508.833333333336
-43451.555555555555
-43544.555555555555
-43479.166666666664
-43535.72222222222
-43444.666666666664
-43553.38888888889
-43407.22222222222
-43525.11111111111
-43530.88888888889
-43499.22222222222
-43391.27777777778
-43472.555555555555
-43511.27777777778
-43408.22222222222
-43520.555555555555
-43429.38888888889
-43606.055555555555
-43487.944444444445
-43524.61111111111
-43603.944444444445
-43505.555555555555
-43547.0
-43519.22222222222
-43574.11111111111
-43624.38888888889
-43580.11111111111
-43501.833333333336
-43571.88888888889
-43614.72222222222
-43450.055555555555
-43463.166666666664
-43566.0
-43467.666666666664
-43540.5
-43512.833333333336
-43496.944444444445
-43464.666666666664
-43585.444444444445
-43502.61111111111
-43544.11111111111
-43614.555555555555
-43544.11111111111
-43591.944444444445
-43674.5
-43577.333333333336
-43487.666666666664
-43619.27777777778
-43507.0
-43611.444444444445
-43266.833333333336
-43580.61111111111
-43591.38888888889
-43400.666666666664
-43506.38888888889
-43493.833333333336
-43650.38888888889
-43548.61111111111
-43569.11111111111
-43343.0
-43467.27777777778
-43447.72222222222
-43438.11111111111
-43608.333333333336
-43386.11111111111
-43605.055555555555
-43441.72222222222
-43400.666666666664
-43387.444444444445
-43623.77777777778
-43494.5
-43616.72222222222
-43655.5
-43585.166666666664
-43587.055555555555
-43505.666666666664
-43582.27777777778
-43539.88888888889
-43566.38888888889
-43490.166666666664
-43460.833333333336
-43444.333333333336
-43474.166666666664
-43660.38888888889
-43499.27777777778
-43693.38888888889
-43515.444444444445
-43590.61111111111
-43465.27777777778
-43478.61111111111
-43611.833333333336
-43554.72222222222
-43560.666666666664
-43539.166666666664
-43553.22222222222
-43536.555555555555
-43562.833333333336
-43455.5
-43455.61111111111
-43534.944444444445
-43566.22222222222
-43587.72222222222
-43296.055555555555
-43556.88888888889
-43448.22222222222
-43394.944444444445
-43573.38888888889
-43550.555555555555
-43618.833333333336
-43408.27777777778
-43601.88888888889
-43680.944444444445
-43646.38888888889
-43716.38888888889
-43621.72222222222
-43631.11111111111
-43549.38888888889
-43626.166666666664
-43497.27777777778
-43613.27777777778
-43526.444444444445
-43656.72222222222
-43519.333333333336
-43537.11111111111
-43596.555555555555
-43568.22222222222
-43657.88888888889
-43456.5
-43633.72222222222
-43725.72222222222
-43634.166666666664
-43547.77777777778
-43545.77777777778
-43583.666666666664
-43659.88888888889
-43719.61111111111
-43549.38888888889
-43593.22222222222
-43542.166666666664
-43396.555555555555
-43386.22222222222
-43401.944444444445
-43628.11111111111
-43378.5
-43531.444444444445
-43529.833333333336
-43630.333333333336
-43490.88888888889
-43548.77777777778
-43665.0
-43600.444444444445
-43694.055555555555
-43601.166666666664
-43689.0
-43544.77777777778
-43576.666666666664
-43438.444444444445
-43414.22222222222
-43434.38888888889
-43524.055555555555
-43443.88888888889
-43489.61111111111
-43616.5
-43446.944444444445
-43585.38888888889
-43607.055555555555
-43641.944444444445
-43541.055555555555
-43558.38888888889
-43537.27777777778
-43424.666666666664
-43566.333333333336
-43477.666666666664
-43595.166666666664
-43427.5
-43620.444444444445
-43546.27777777778
-43635.0
-43663.333333333336
-43527.5
-43509.11111111111
-43451.333333333336
-43494.333333333336
-43431.555555555555
-43558.27777777778
-43626.11111111111
-43544.38888888889
-43599.166666666664
-43483.444444444445
-43613.0
-43445.444444444445
-43555.11111111111
-43542.22222222222
-43532.166666666664
-43568.666666666664
-43604.11111111111
-43602.72222222222
-43644.38888888889
-43606.055555555555
-43591.38888888889
-43603.944444444445
-43479.333333333336
-43619.22222222222
-43508.444444444445
-43532.666666666664
-43580.833333333336
-43558.61111111111
-43471.444444444445
-43595.0
-43732.88888888889
-43581.5
-43530.27777777778
-43629.166666666664
-43577.0
-43678.88888888889
-43614.833333333336
-43625.27777777778
-43603.944444444445
-43687.38888888889
-43580.055555555555
-43466.555555555555
-43493.77777777778
-43554.0
-43613.555555555555
-43570.88888888889
-43475.88888888889
-43535.444444444445
-43546.22222222222
-43564.0
-43497.27777777778
-43657.38888888889
-43582.0
-43584.166666666664
-43392.88888888889
-43524.944444444445
-43464.666666666664
-43537.055555555555
-43585.88888888889
-43545.72222222222
-43528.5
-43454.11111111111
-43622.333333333336
-43455.166666666664
-43673.944444444445
-43597.88888888889
-43438.166666666664
-43645.666666666664
-43617.38888888889
-43607.5
-43585.666666666664
-43701.61111111111
-43534.5
-43540.166666666664
-43629.61111111111
-43569.833333333336
-43602.0
-43631.055555555555
-43603.833333333336
-43260.38888888889
-43542.444444444445
-43462.333333333336
-43422.166666666664
-43383.72222222222
-43555.333333333336
-43584.61111111111
-43519.11111111111
-43665.555555555555
-43573.22222222222
-43500.61111111111
-43424.944444444445
-43628.166666666664
-43442.5
-43491.61111111111
-43454.61111111111
-43446.5
-43485.5
-43493.88888888889
-43641.833333333336
-43500.38888888889
-43605.5
-43533.88888888889
-43613.333333333336
-43564.166666666664
-43601.055555555555
-43657.61111111111
-43448.61111111111
-43583.27777777778
-43425.72222222222
-43572.555555555555
-43486.333333333336
-43539.88888888889
-43454.77777777778
-43458.333333333336
-43509.88888888889
-43456.666666666664
-43503.666666666664
-43506.88888888889
-43521.833333333336
-43557.5
-43542.444444444445
-43560.444444444445
-43581.0
-43455.88888888889
-43542.27777777778
-43727.72222222222
-43618.72222222222
-43597.055555555555
-43591.944444444445
-43535.444444444445
-43625.055555555555
-43490.555555555555
-43671.833333333336
-43521.666666666664
-43540.88888888889
-43547.555555555555
-43386.11111111111
-43555.88888888889
-43474.11111111111
-43485.77777777778
-43513.38888888889
-43660.77777777778
-43463.5
-43485.944444444445
-43543.0
-43562.88888888889
-43570.0
-43493.38888888889
-43518.0
-43502.666666666664
-43624.444444444445
-43614.055555555555
-43657.77777777778
-43594.77777777778
-43403.88888888889
-43561.22222222222
-43515.055555555555
-43541.833333333336
-43428.0
-43488.11111111111
-43409.055555555555
-43639.444444444445
-43466.0
-43630.444444444445
-43567.444444444445
-43538.666666666664
-43509.77777777778
-43434.38888888889
-43591.944444444445
-43465.88888888889
-43572.27777777778
-43604.38888888889
-43650.166666666664
-43498.833333333336
-43582.88888888889
-43553.72222222222
-43481.333333333336
-43439.11111111111
-43550.055555555555
-43517.666666666664
-43611.444444444445
-43527.666666666664
-43675.11111111111
-43578.27777777778
-43653.333333333336
-43581.166666666664
-43657.22222222222
-43609.444444444445
-43691.833333333336
-43642.72222222222
-43570.88888888889
-43630.833333333336
-43539.88888888889
-43667.77777777778
-43536.055555555555
-43651.88888888889
-43494.833333333336
-43716.38888888889
-43631.5
-43657.5
-43651.72222222222
-43574.88888888889
-43684.11111111111
-43600.055555555555
-43454.0
-43509.333333333336
-43491.5
-43598.555555555555
-43417.666666666664
-43515.166666666664
-43609.666666666664
-43464.833333333336
-43402.27777777778
-43494.5
-43509.61111111111
-43554.77777777778
-43642.444444444445
-43444.0
-43545.88888888889
-43370.555555555555
-43611.72222222222
-43498.833333333336
-43557.38888888889
-43509.38888888889
-43493.11111111111
-43565.333333333336
-43501.833333333336
-43535.0
-43561.944444444445
-43548.72222222222
-43455.27777777778
-43577.72222222222
-43510.944444444445
-43621.944444444445
-43538.88888888889
-43496.166666666664
-43606.5
-43495.27777777778
-43637.11111111111
-43557.444444444445
-43618.38888888889
-43555.0
-43583.666666666664
-43612.555555555555
-43387.055555555555
-43577.77777777778
-43556.0
-43552.88888888889
-43583.72222222222
-43672.5
-43602.055555555555
-43593.88888888889
-43575.61111111111
-43523.11111111111
-43625.22222222222
-43528.11111111111
-43661.333333333336
-43599.0
-43629.166666666664
-43567.11111111111
-43520.333333333336
-43535.055555555555
-43489.555555555555
-43530.5
-43513.11111111111
-43606.0
-43486.11111111111
-43582.77777777778
-43480.72222222222
-43594.88888888889
-43660.444444444445
-43491.944444444445
-43637.11111111111
-43482.22222222222
-43623.5
-43490.055555555555
-43537.833333333336
-43537.38888888889
-43526.944444444445
-43619.166666666664
-43460.11111111111
-43560.72222222222
-43514.0
-43653.22222222222
-43539.11111111111
-43545.72222222222
-43474.444444444445
-43488.166666666664
-43516.944444444445
-43490.166666666664
-43632.944444444445
-43555.0
-43654.166666666664
-43640.555555555555
-43587.333333333336
-43530.055555555555
-43491.444444444445
-43477.555555555555
-43513.61111111111
-43511.61111111111
-43562.833333333336
-43632.38888888889
-43578.0
-43717.0
-43555.833333333336
-43567.61111111111
-43467.055555555555
-43451.0
-43492.11111111111
-43561.11111111111
-43592.88888888889
-43580.22222222222
-43549.5
-43589.88888888889
-43644.27777777778
-43560.11111111111
-43629.27777777778
-43448.333333333336
-43465.22222222222
-43751.11111111111
-43469.38888888889
-43632.5
-43535.77777777778
-43587.0
-43473.38888888889
-43321.666666666664
-43447.055555555555
-43535.88888888889
-43389.27777777778
-43423.666666666664
-43651.38888888889
-43564.11111111111
-43562.666666666664
-43597.27777777778
-43594.944444444445
-43653.333333333336
-43571.444444444445
-43508.055555555555
-43384.055555555555
-43584.27777777778
-43527.055555555555
-43521.11111111111
-43457.555555555555
-43540.22222222222
-43413.555555555555
-43618.055555555555
-43612.38888888889
-43545.22222222222
-43707.61111111111
-43522.0
-43617.833333333336
-43581.444444444445
-43598.833333333336
-43685.166666666664
-43416.555555555555
-43530.77777777778
-43574.38888888889
-43622.166666666664
-43662.444444444445
-43585.61111111111
-43539.72222222222
-43534.666666666664
-43625.666666666664
-43567.72222222222
-43453.666666666664
-43566.666666666664
-43598.333333333336
-43528.77777777778
-43548.22222222222
-43573.666666666664
-43544.055555555555
-43686.555555555555
-43538.833333333336
-43566.444444444445
-43401.11111111111
-43463.333333333336
-43435.11111111111
-43545.944444444445
-43440.166666666664
-43536.0
-43599.11111111111
-43631.944444444445
-43643.833333333336
-43603.72222222222
-43605.333333333336
-43438.61111111111
-43472.333333333336
-43588.444444444445
-43495.27777777778
-43569.0
-43453.22222222222
-43434.555555555555
-43631.444444444445
-43577.38888888889
-43644.38888888889
-43669.166666666664
-43555.555555555555
-43474.833333333336
-43606.77777777778
-43418.166666666664
-43515.166666666664
-43502.72222222222
-43641.055555555555
-43601.055555555555
-43578.166666666664
-43622.22222222222
-43492.61111111111
-43605.0
-43534.88888888889
-43698.27777777778
-43517.666666666664
-43616.88888888889
-43570.0
-43486.38888888889
-43414.555555555555
-43431.333333333336
-43617.72222222222
-43566.88888888889
-43540.333333333336
-43437.944444444445
-43632.22222222222
-43342.22222222222
-43492.61111111111
-43438.27777777778
-43562.055555555555
-43647.38888888889
-43588.055555555555
-43558.11111111111
-43412.333333333336
-43603.555555555555
-43500.444444444445
-43507.88888888889
-43558.22222222222
-43680.72222222222
-43588.88888888889
-43591.72222222222
-43581.0
-43599.61111111111
-43487.72222222222
-43543.666666666664
-43498.88888888889
-43440.88888888889
-43570.61111111111
-43644.22222222222
-43508.22222222222
-43538.166666666664
-43480.833333333336
-43617.944444444445
-43472.166666666664
-43641.666666666664
-43573.666666666664
-43672.0
-43573.38888888889
-43551.833333333336
-43610.77777777778
-43550.38888888889



The list of best values first execution 

-43539.0
-44269.0
-44455.0
-44454.0
-44551.0
-44546.0
-44552.0
-44555.0
-44585.0
-44630.0
-44643.0
-44643.0
-44630.0
-44643.0
-44643.0
-44630.0
-44643.0
-44643.0
-44630.0
-44643.0
-44643.0
-44630.0
-44643.0
-44589.0
-44640.0
-44626.0
-44649.0
-44660.0
-44647.0
-44644.0
-44674.0
-44656.0
-44670.0
-44684.0
-44684.0
-44665.0
-44666.0
-44680.0
-44658.0
-44631.0
-44597.0
-44617.0
-44682.0
-44694.0
-44689.0
-44687.0
-44689.0
-44698.0
-44707.0
-44707.0
-44707.0
-44707.0
-44707.0
-44707.0
-44707.0
-44707.0
-44707.0
-44707.0
-44707.0
-44707.0
-44707.0
-44707.0
-44707.0
-44707.0
-44707.0
-44707.0
-44707.0
-44707.0
-44707.0
-44707.0
-44707.0
-44707.0
-44707.0
-44707.0
-44707.0
-44707.0
-44707.0
-44707.0
-44707.0
-44707.0
-44707.0
-44707.0
-44707.0
-44707.0
-44707.0
-44707.0
-44707.0
-44707.0
-44707.0
-44707.0
-44707.0
-44707.0
-44707.0
-44707.0
-44707.0
-44707.0
-44707.0
-44707.0
-44707.0
-44707.0
-44707.0
-44707.0
-44707.0
-44707.0
-44707.0
-44707.0
-44707.0
-44707.0
-44707.0
-44707.0
-44707.0
-44707.0
-44707.0
-44707.0
-44707.0
-44707.0
-44707.0
-44707.0
-44707.0
-44707.0
-44707.0
-44707.0
-44707.0
-44707.0
-44707.0
-44707.0
-44707.0
-44707.0
-44707.0
-44707.0
-44707.0
-44707.0
-44707.0
-44707.0
-44707.0
-44707.0
-44707.0
-44707.0
-44707.0
-44707.0
-44707.0
-44707.0
-44707.0
-44707.0
-44707.0
-44707.0
-44707.0
-44707.0
-44707.0
-44707.0
-44707.0
-44707.0
-44707.0
-44707.0
-44707.0
-44707.0
-44707.0
-44707.0
-44707.0
-44707.0
-44707.0
-44707.0
-44707.0
-44707.0
-44707.0
-44707.0
-44707.0
-44707.0
-44707.0
-44707.0
-44707.0
-44707.0
-44707.0
-44707.0
-44707.0
-44707.0
-44707.0
-44707.0
-44707.0
-44707.0
-44707.0
-44707.0
-44707.0
-44707.0
-44707.0
-44707.0
-44707.0
-44707.0
-44707.0
-44707.0
-44707.0
-44707.0
-44707.0
-44707.0
-44707.0
-44707.0
-44707.0
-44707.0
-44707.0
-44707.0
-44707.0
-44707.0
-44707.0
-44707.0
-44707.0
-44707.0
-44707.0
-44707.0
-44707.0
-44707.0
-44707.0
-44707.0
-44707.0
-44707.0
-44707.0
-44707.0
-44707.0
-44707.0
-44707.0
-44707.0
-44707.0
-44707.0
-44707.0
-44707.0
-44707.0
-44707.0
-44707.0
-44707.0
-44707.0
-44707.0
-44707.0
-44707.0
-44707.0
-44707.0
-44707.0
-44707.0
-44707.0
-44707.0
-44707.0
-44707.0
-44707.0
-44707.0
-44707.0
-44707.0
-44707.0
-44707.0
-44707.0
-44707.0
-44707.0
-44707.0
-44707.0
-44707.0
-44707.0
-44707.0
-44707.0
-44707.0
-44707.0
-44707.0
-44707.0
-44707.0
-44707.0
-44707.0
-44707.0
-44707.0
-44707.0
-44707.0
-44707.0
-44707.0
-44707.0
-44707.0
-44707.0
-44707.0
-44707.0
-44707.0
-44707.0
-44707.0
-44707.0
-44707.0
-44707.0
-44707.0
-44707.0
-44707.0
-44707.0
-44707.0
-44707.0
-44707.0
-44707.0
-44707.0
-44707.0
-44707.0
-44707.0
-44707.0
-44707.0
-44707.0
-44707.0
-44707.0
-44707.0
-44707.0
-44707.0
-44707.0
-44707.0
-44707.0
-44707.0
-44707.0
-44707.0
-44707.0
-44707.0
-44707.0
-44707.0
-44707.0
-44707.0
-44707.0
-44707.0
-44707.0
-44707.0
-44707.0
-44707.0
-44707.0
-44707.0
-44707.0
-44707.0
-44707.0
-44707.0
-44707.0
-44707.0
-44707.0
-44707.0
-44707.0
-44707.0
-44707.0
-44707.0
-44707.0
-44707.0
-44707.0
-44707.0
-44707.0
-44707.0
-44707.0
-44707.0
-44707.0
-44707.0
-44707.0
-44707.0
-44707.0
-44707.0
-44707.0
-44707.0
-44707.0
-44707.0
-44707.0
-44707.0
-44707.0
-44707.0
-44707.0
-44707.0
-44707.0
-44707.0
-44707.0
-44707.0
-44707.0
-44707.0
-44707.0
-44707.0
-44707.0
-44707.0
-44707.0
-44707.0
-44707.0
-44707.0
-44707.0
-44707.0
-44707.0
-44707.0
-44707.0
-44707.0
-44707.0
-44707.0
-44707.0
-44707.0
-44707.0
-44707.0
-44707.0
-44707.0
-44707.0
-44707.0
-44707.0
-44707.0
-44707.0
-44707.0
-44707.0
-44707.0
-44707.0
-44707.0
-44707.0
-44707.0
-44707.0
-44707.0
-44707.0
-44707.0
-44707.0
-44707.0
-44707.0
-44707.0
-44707.0
-44707.0
-44707.0
-44707.0
-44707.0
-44707.0
-44707.0
-44707.0
-44707.0
-44707.0
-44707.0
-44707.0
-44707.0
-44707.0
-44707.0
-44707.0
-44707.0
-44707.0
-44707.0
-44707.0
-44707.0
-44707.0
-44707.0
-44707.0
-44707.0
-44707.0
-44707.0
-44707.0
-44707.0
-44707.0
-44707.0
-44707.0
-44707.0
-44707.0
-44707.0
-44707.0
-44707.0
-44707.0
-44707.0
-44707.0
-44707.0
-44707.0
-44707.0
-44707.0
-44707.0
-44707.0
-44707.0
-44707.0
-44707.0
-44707.0
-44707.0
-44707.0
-44707.0
-44707.0
-44707.0
-44707.0
-44707.0
-44707.0
-44707.0
-44707.0
-44707.0
-44707.0
-44707.0
-44707.0
-44707.0
-44707.0
-44707.0
-44707.0
-44707.0
-44707.0
-44707.0
-44707.0
-44707.0
-44707.0
-44707.0
-44707.0
-44707.0
-44707.0
-44707.0
-44707.0
-44707.0
-44707.0
-44707.0
-44707.0
-44707.0
-44707.0
-44707.0
-44707.0
-44707.0
-44707.0
-44707.0
-44707.0
-44707.0
-44707.0
-44707.0
-44707.0
-44707.0
-44707.0
-44707.0
-44707.0
-44707.0
-44707.0
-44707.0
-44707.0
-44707.0
-44707.0
-44707.0
-44707.0
-44707.0
-44707.0
-44707.0
-44707.0
-44707.0
-44707.0
-44707.0
-44707.0
-44707.0
-44707.0
-44707.0
-44707.0
-44707.0
-44707.0
-44707.0
-44707.0
-44707.0
-44707.0
-44707.0
-44707.0
-44707.0
-44707.0
-44707.0
-44707.0
-44707.0
-44707.0
-44707.0
-44707.0
-44707.0
-44707.0
-44707.0
-44707.0
-44707.0
-44707.0
-44707.0
-44707.0
-44707.0
-44707.0
-44707.0
-44707.0
-44707.0
-44707.0
-44707.0
-44707.0
-44707.0
-44707.0
-44707.0
-44707.0
-44707.0
-44707.0
-44707.0
-44707.0
-44707.0
-44707.0
-44707.0
-44707.0
-44707.0
-44707.0
-44707.0
-44707.0
-44707.0
-44707.0
-44707.0
-44707.0
-44707.0
-44707.0
-44707.0
-44707.0
-44707.0
-44707.0
-44707.0
-44707.0
-44707.0
-44707.0
-44707.0
-44707.0
-44707.0
-44707.0
-44707.0
-44707.0
-44707.0
-44707.0
-44707.0
-44707.0
-44707.0
-44707.0
-44707.0
-44707.0
-44707.0
-44707.0
-44707.0
-44707.0
-44707.0
-44707.0
-44707.0
-44707.0
-44707.0
-44707.0
-44707.0
-44707.0
-44707.0
-44707.0
-44707.0
-44707.0
-44707.0
-44707.0
-44707.0
-44707.0
-44707.0
-44707.0
-44707.0
-44707.0
-44707.0
-44707.0
-44707.0
-44707.0
-44707.0
-44707.0
-44707.0
-44707.0
-44707.0
-44707.0
-44707.0
-44707.0
-44707.0
-44707.0
-44707.0
-44707.0
-44707.0
-44707.0
-44707.0
-44707.0
-44707.0
-44707.0
-44707.0
-44707.0
-44707.0
-44707.0
-44707.0
-44707.0
-44707.0
-44707.0
-44707.0
-44707.0
-44707.0
-44707.0
-44707.0
-44707.0
-44707.0
-44707.0
-44707.0
-44707.0
-44707.0
-44707.0
-44707.0
-44707.0
-44707.0
-44707.0
-44707.0
-44707.0
-44707.0
-44707.0
-44707.0
-44707.0
-44707.0
-44707.0
-44707.0
-44707.0
-44707.0
-44707.0
-44707.0
-44707.0
-44707.0
-44707.0
-44707.0
-44707.0
-44707.0
-44707.0
-44707.0
-44707.0
-44707.0
-44707.0
-44707.0
-44707.0
-44707.0
-44707.0
-44707.0
-44707.0
-44707.0
-44707.0
-44707.0
-44707.0
-44707.0
-44707.0
-44707.0
-44707.0
-44707.0
-44707.0
-44707.0
-44707.0
-44707.0
-44707.0
-44707.0
-44707.0
-44707.0
-44707.0
-44707.0
-44707.0
-44707.0
-44707.0
-44707.0
-44707.0
-44707.0
-44707.0
-44707.0
-44707.0
-44707.0
-44707.0
-44707.0
-44707.0
-44707.0



The list of values average 

-42180.25999999999
-42351.65166666668
-42451.577777777784
-42500.19888888889
-42549.30055555555
-42573.02666666667
-42597.47999999999
-42620.28166666669
-42647.393333333326
-42657.24333333333
-42683.233888888906
-42706.296666666654
-42711.36888888889
-42731.39888888888
-42746.025
-42761.951666666646
-42780.659444444456
-42800.38888888891
-42826.541666666686
-42844.2888888889
-42857.415555555555
-42875.54388888888
-42897.71944444445
-42925.22888888889
-42925.39555555553
-42955.44055555556
-42953.07166666667
-42984.306111111095
-43009.369444444426
-43011.40000000001
-43035.99111111111
-43053.37444444444
-43068.24277777778
-43101.88499999997
-43105.77555555554
-43125.327222222244
-43148.43277777778
-43148.65777777779
-43168.76833333334
-43176.68611111111
-43189.76055555554
-43217.84833333332
-43218.6511111111
-43224.871666666695
-43239.38333333335
-43244.80277777775
-43278.78944444446
-43274.159999999996
-43297.48833333332
-43296.62777777779
-43314.33277777778
-43312.72333333333
-43323.129444444436
-43334.6538888889
-43337.82666666666
-43359.881111111106
-43363.85833333332
-43377.35055555555
-43379.579999999994
-43397.0922222222
-43391.928333333344
-43403.69222222226
-43401.75444444443
-43393.11277777778
-43410.74888888889
-43417.28555555556
-43429.30888888889
-43438.42333333335
-43440.24555555554
-43448.335555555575
-43441.91277777778
-43446.121666666666
-43454.174444444434
-43459.56777777779
-43460.16555555558
-43477.821666666634
-43461.42722222222
-43482.33555555555
-43479.443333333336
-43486.171666666676
-43492.32722222222
-43483.31
-43484.701666666675
-43491.41277777776
-43486.08944444444
-43513.505
-43496.63277777776
-43503.93055555555
-43503.786666666674
-43500.88833333331
-43519.25055555553
-43519.716111111105
-43530.70944444445
-43518.990555555574
-43519.38
-43514.638333333314
-43527.11611111111
-43529.57944444445
-43532.84166666667
-43531.019444444435
-43539.634444444426
-43546.27000000002
-43531.93555555556
-43546.554444444446
-43536.798333333325
-43531.261666666665
-43552.582222222205
-43534.585
-43540.96833333332
-43555.84111111111
-43549.40388888889
-43552.683333333334
-43536.81666666665
-43553.91833333336
-43550.23611111113
-43552.77444444446
-43557.77777777778
-43559.38555555556
-43552.687222222215
-43552.802222222235
-43551.73666666668
-43555.363333333335
-43559.69055555556
-43557.52166666666
-43557.403888888904
-43568.625
-43559.32999999999
-43562.06833333333
-43562.398333333316
-43559.72666666666
-43561.42333333334
-43560.79777777779
-43562.52499999999
-43573.203888888886
-43564.93277777779
-43571.13833333335
-43571.18666666668
-43554.21111111112
-43560.34944444444
-43565.56944444446
-43581.7188888889
-43575.27166666666
-43566.979444444434
-43569.5777777778
-43566.496666666695
-43573.37611111112
-43559.03166666665
-43570.902777777774
-43574.687222222245
-43566.77611111111
-43567.126666666656
-43579.646666666675
-43573.28333333332
-43568.33055555556
-43561.37944444446
-43576.13555555557
-43574.99111111111
-43571.018888888895
-43579.05333333333
-43586.52111111111
-43586.42055555556
-43571.6761111111
-43586.2538888889
-43584.50722222224
-43576.242777777785
-43582.672222222216
-43571.74611111111
-43580.840000000004
-43570.15833333333
-43580.62055555556
-43579.26888888889
-43584.443333333336
-43579.044999999984
-43577.67611111109
-43585.998333333344
-43564.931666666664
-43589.98166666666
-43584.554444444424
-43582.02666666668
-43575.17444444446
-43583.24388888891
-43574.24444444442
-43579.2138888889
-43584.021666666675
-43569.06444444444
-43572.58166666666
-43571.80166666666
-43587.056666666664
-43569.221111111096
-43576.82111111111
-43580.43833333333
-43570.655000000006
-43583.706666666694
-43582.38055555556
-43576.08833333334
-43579.05500000001
-43588.1172222222
-43581.04333333331
-43585.33333333335
-43580.95222222223
-43578.7388888889
-43579.441111111104
-43578.31388888889
-43579.73388888891
-43580.51222222223
-43581.90833333334
-43589.02166666665
-43581.952222222215
-43602.7388888889
-43591.95277777779
-43593.24611111109
-43586.29333333332
-43597.510000000024
-43593.15333333331
-43586.18222222222
-43587.45111111111
-43587.89166666667
-43586.43666666669
-43577.62333333332
-43583.53222222221
-43588.20277777778
-43579.07444444444
-43579.24666666666
-43576.3888888889
-43575.400555555534
-43582.44722222223
-43576.97499999999
-43582.06555555557
-43575.55777777778
-43569.093888888885
-43590.318333333336
-43577.41944444446
-43595.07944444445
-43595.21166666666
-43591.34777777776
-43590.626111111116
-43587.19166666668
-43595.97333333332
-43577.974444444444
-43587.42611111112
-43581.47111111112
-43591.776111111125
-43589.66222222222
-43598.82055555557
-43592.79555555554
-43600.21999999999
-43597.10833333334
-43590.222222222226
-43594.3588888889
-43575.174444444434
-43586.36944444444
-43576.2438888889
-43580.14388888889
-43586.74055555555
-43584.735
-43591.20999999997
-43590.353333333325
-43587.79055555556
-43585.18555555558
-43598.958888888876
-43588.288888888885
-43591.94444444442
-43593.07
-43586.70833333332
-43590.64444444445
-43582.139444444445
-43589.97833333333
-43579.78111111111
-43583.95222222223
-43576.99555555559
-43580.962777777786
-43587.979444444434
-43587.10555555556
-43591.2138888889
-43587.43055555556
-43595.365555555545
-43596.68277777778
-43593.49944444443
-43588.16277777777
-43592.85611111111
-43583.59666666667
-43584.47055555555
-43588.43166666665
-43581.17055555553
-43600.24666666666
-43594.32500000001
-43598.723888888875
-43586.09944444446
-43599.59944444445
-43581.41555555556
-43580.676666666666
-43583.45777777778
-43586.65222222222
-43594.299444444456
-43587.53944444445
-43590.13999999999
-43590.779999999984
-43595.416111111124
-43597.08722222222
-43605.0961111111
-43594.22999999998
-43587.68833333334
-43586.79111111112
-43585.32777777779
-43595.322777777794
-43577.50666666667
-43582.06333333333
-43583.52333333331
-43589.85333333331
-43591.703333333346
-43578.71166666667
-43587.197777777765
-43583.768888888895
-43587.35833333334
-43575.622222222235
-43588.35499999999
-43589.60944444445
-43600.48666666669
-43590.43944444444
-43584.47277777779
-43614.2138888889
-43587.422777777785
-43595.490555555545
-43595.47333333333
-43600.376111111116
-43603.60833333335
-43586.669444444444
-43606.268888888895
-43590.77500000001
-43594.76888888893
-43583.20722222221
-43599.936111111114
-43590.74611111111
-43582.374444444446
-43596.16555555555
-43599.4372222222
-43594.73611111113
-43589.6511111111
-43596.672777777785
-43593.905000000006
-43589.19611111114
-43585.82611111111
-43590.99166666666
-43585.999444444446
-43567.29777777778
-43573.12500000001
-43574.44388888888
-43573.305
-43574.78833333334
-43590.092777777776
-43580.942222222235
-43585.733888888884
-43581.37111111112
-43591.03444444446
-43595.61222222224
-43583.625555555576
-43589.62611111114
-43587.27333333333
-43586.72277777777
-43595.61833333336
-43591.56777777777
-43588.72277777778
-43590.693333333315
-43598.176666666666
-43586.04222222222
-43591.826666666675
-43584.50444444445
-43607.88722222221
-43589.21444444444
-43602.509444444455
-43592.73611111112
-43588.39833333334
-43585.378333333334
-43588.90555555555
-43601.2161111111
-43589.45722222219
-43589.09444444444
-43589.375555555554
-43594.78555555556
-43581.14166666667
-43591.40833333335
-43604.804999999986
-43587.912222222236
-43595.508888888886
-43589.34555555556
-43580.046111111114
-43586.9061111111
-43588.05666666668
-43592.883333333324
-43590.00833333332
-43587.94000000001
-43590.60666666667
-43588.55944444446
-43589.217222222214
-43590.1088888889
-43608.30444444443
-43588.971666666665
-43586.54722222221
-43590.33555555555
-43588.80833333333
-43593.65999999999
-43597.83833333333
-43593.287777777776
-43593.29055555556
-43590.25333333333
-43586.35277777776
-43587.298888888894
-43593.22833333334
-43589.56944444443
-43599.96722222224
-43588.61111111111
-43601.94222222223
-43600.23388888889
-43589.24555555555
-43584.59166666667
-43589.85722222219
-43585.61444444446
-43588.043333333335
-43581.78833333335
-43592.07500000001
-43603.38055555556
-43596.549999999996
-43598.58
-43599.80777777779
-43597.12444444445
-43584.32055555557
-43585.91277777778
-43577.924444444434
-43605.37333333336
-43591.333888888876
-43591.525555555585
-43592.512777777796
-43586.405
-43581.57388888889
-43588.27
-43588.36055555558
-43591.828888888864
-43580.92388888889
-43584.786111111134
-43586.00166666668
-43579.823333333334
-43599.802777777775
-43607.01888888891
-43599.80500000001
-43596.31722222224
-43587.547222222216
-43594.408888888865
-43607.08888888887
-43601.035
-43600.86333333334
-43596.03777777777
-43591.10722222221
-43600.063333333346
-43591.51555555557
-43590.966666666674
-43600.80611111111
-43589.47166666666
-43596.4811111111
-43584.33611111111
-43593.34444444442
-43597.75944444445
-43588.392777777786
-43596.299444444434
-43582.5238888889
-43596.78333333331
-43599.17333333334
-43599.44222222221
-43588.33277777777
-43599.46555555556
-43590.02500000001
-43588.292222222226
-43596.996111111126
-43582.47166666668
-43588.85111111113
-43589.885555555564
-43590.06777777779
-43595.86000000001
-43593.55555555556
-43603.01166666666
-43588.37333333333
-43594.65611111112
-43593.58833333335
-43596.74666666666
-43583.11166666666
-43590.83722222221
-43591.53611111111
-43599.33166666669
-43578.97722222224
-43585.39388888889
-43594.8822222222
-43585.38055555555
-43589.49277777778
-43585.062222222215
-43592.18222222223
-43590.89611111111
-43581.21944444444
-43590.535555555565
-43588.04166666667
-43584.877222222225
-43595.79944444446
-43593.979444444456
-43584.83777777776
-43597.10833333332
-43597.9911111111
-43599.50944444446
-43584.953333333324
-43583.68166666665
-43594.76722222224
-43582.76833333332
-43594.763333333336
-43576.47388888889
-43587.503888888874
-43590.225555555546
-43587.93111111111
-43592.02111111112
-43601.14333333332
-43589.77055555554
-43591.84333333332
-43597.308333333334
-43581.54222222223
-43593.59722222222
-43580.65833333331
-43580.549999999996
-43587.806111111124
-43590.48555555557
-43606.03666666668
-43595.11611111111
-43603.15388888888
-43588.89555555554
-43594.29722222223
-43583.34277777779
-43596.30611111111
-43603.49388888888
-43592.16166666668
-43589.6511111111
-43599.51166666668
-43589.288333333316
-43589.14055555555
-43582.51666666669
-43593.203333333324
-43589.89944444446
-43601.590000000004
-43594.04999999998
-43606.59777777777
-43599.406666666684
-43588.66611111111
-43595.24999999999
-43591.36555555555
-43585.80222222221
-43587.594999999994
-43594.91722222224
-43587.67388888889
-43593.44666666667
-43590.92888888886
-43594.415000000015
-43583.30666666667
-43588.16166666667
-43603.7411111111
-43573.51777777778
-43594.835555555546
-43574.815
-43586.54222222222
-43587.954999999994
-43578.815
-43592.69944444447
-43589.42777777777
-43593.45611111111
-43590.21722222221
-43586.91388888892
-43582.12944444442
-43586.1888888889
-43584.21833333333
-43581.88944444445
-43592.90111111112
-43595.353888888894
-43608.43944444444
-43589.11055555554
-43590.29555555556
-43597.87499999999
-43591.73333333333
-43606.28944444442
-43587.16444444445
-43589.65888888888
-43582.723333333335
-43599.61555555555
-43589.035
-43608.447777777794
-43583.471666666665
-43599.62555555555
-43597.28111111111
-43591.59555555556
-43609.32833333334
-43587.56611111112
-43602.72944444444
-43587.496111111104
-43603.25999999999
-43589.79777777778
-43588.35277777777
-43590.466111111105
-43580.41277777777
-43578.48944444446
-43587.803333333344
-43595.95333333333
-43599.813888888886
-43602.087777777786
-43596.286111111105
-43594.35722222222
-43593.234444444446
-43589.56000000001
-43595.083888888905
-43581.64222222223
-43594.803333333366
-43575.337222222224
-43585.48944444446
-43587.48388888887
-43587.10611111111
-43585.125555555554
-43584.26111111112
-43590.98777777777
-43574.92777777776
-43586.86111111111
-43578.080555555556
-43584.13388888888
-43584.41222222222
-43590.34388888888
-43604.64222222221
-43586.31388888892
-43606.38555555556
-43586.258333333324
-43589.436111111085
-43580.428888888884
-43588.8677777778
-43590.265
-43587.112222222226
-43585.914999999986
-43588.46333333334
-43598.92722222225
-43586.64055555555
-43590.17722222223
-43581.336666666655
-43595.96722222224
-43591.378333333334
-43582.72944444444
-43596.91944444443
-43595.702777777784
-43593.83388888889
-43576.68333333335
-43602.08388888889
-43587.87666666668
-43588.1272222222
-43586.147777777776
-43600.33222222223
-43603.60111111114
-43597.838888888895
-43608.0088888889
-43583.89388888889
-43593.56722222221
-43597.74833333335
-43590.76444444444
-43597.80388888889
-43588.24388888888
-43602.318888888876
-43589.22388888888
-43598.372777777775
-43601.63444444444
-43591.21111111112
-43600.81222222222
-43599.217222222214
-43601.527222222205
-43594.12166666664
-43597.84
-43591.259444444455
-43589.13999999998
-43583.259999999995
-43602.95055555555
-43588.47611111111
-43597.11555555557
-43590.334444444445
-43608.030555555546
-43601.821111111116
-43597.81555555555
-43601.60555555554
-43597.86333333334
-43596.21444444443
-43584.511111111104
-43596.901111111125
-43583.2111111111
-43590.759999999995
-43591.56944444446
-43594.07500000002
-43586.201666666646
-43592.99777777779
-43595.3022222222
-43584.77833333332
-43605.2711111111
-43589.15499999999
-43586.77833333334
-43595.70888888891
-43599.58000000001
-43580.41944444443
-43587.2588888889
-43593.91888888889
-43590.092777777776
-43591.13388888889
-43585.902777777774
-43585.245
-43583.89277777778
-43603.50555555554
-43601.05277777777
-43589.798333333325
-43609.277777777774
-43599.673333333325
-43601.550555555565
-43588.2422222222
-43590.26722222222
-43598.2561111111
-43595.282222222246
-43605.46222222222
-43588.996666666666
-43592.85722222223
-43592.1438888889
-43590.64222222226
-43590.656111111115
-43599.37222222223
-43602.82166666667
-43596.42611111109
-43597.3088888889
-43596.57722222221
-43595.9961111111
-43592.3227777778
-43591.893333333326
-43598.620555555564



The list of best values average 

-43590.23999999998-44055.39999999998-44235.93999999999-44333.799999999974-44391.179999999986-44423.51999999998-44448.23999999999-44479.249999999985-44496.619999999995-44512.56-44521.81-44528.67999999999-44539.24-44540.68-44550.48999999998-44553.500000000015-44560.890000000014-44566.48-44571.039999999986-44573.189999999995-44578.84000000001-44583.759999999995-44584.59000000002-44584.689999999995-44585.85999999999-44586.74-44586.740000000005-44587.5-44590.830000000016-44590.87-44592.82999999998-44594.09000000001-44596.100000000006-44597.4-44599.14-44597.88000000001-44601.409999999996-44601.67-44604.59-44603.91-44605.560000000005-44602.81999999999-44606.069999999985-44605.72-44609.43000000001-44607.819999999985-44608.53999999999-44607.979999999996-44609.770000000004-44610.37999999999-44610.49-44611.97-44615.759999999995-44615.62000000001-44612.749999999985-44617.71999999999-44618.560000000005-44616.39999999998-44618.97000000002-44622.68-44624.10999999998-44622.710000000014-44627.51999999999-44628.850000000006-44633.36999999998-44631.08999999999-44634.069999999985-44635.81-44640.51000000001-44636.65999999999-44642.31-44647.64999999999-44649.709999999985-44651.07-44651.419999999984-44653.48000000001-44661.320000000014-44661.10999999999-44661.42-44665.64999999999-44662.25999999999-44670.39999999998-44670.68999999999-44672.83-44672.91999999998-44677.609999999986-44680.949999999975-44685.76-44685.71000000001-44685.759999999995-44688.97000000003-44689.42-44687.72000000001-44692.85-44695.21-44693.939999999966-44697.22-44695.22000000001-44697.35-44703.57000000002-44703.56999999998-44706.240000000005-44708.13-44707.15000000001-44708.88000000002-44709.67000000002-44708.14000000001-44709.729999999996-44712.45-44713.78000000001-44712.07-44715.399999999994-44714.05999999999-44713.86000000001-44716.24-44717.84000000001-44716.190000000024-44718.01-44716.96000000001-44718.11000000002-44719.57-44719.31000000001-44720.14000000001-44720.020000000004-44721.73000000001-44721.21-44722.39000000001-44721.90000000001-44721.96-44721.70000000003-44723.19000000001-44722.60000000002-44723.54000000003-44724.27000000001-44722.23000000001-44723.22000000001-44725.67000000001-44725.87000000002-44726.25000000002-44724.52000000001-44724.31000000002-44725.26999999999-44725.880000000005-44726.85000000001-44728.40000000002-44728.26000000001-44727.39000000001-44727.460000000014-44727.23000000002-44728.92000000002-44728.18000000002-44728.48000000001-44729.66-44729.8-44729.82000000002-44728.95000000002-44728.37000000002-44729.010000000024-44729.02000000002-44729.96000000003-44730.33000000001-44728.95000000002-44728.680000000015-44730.38000000001-44730.590000000026-44730.10000000001-44730.66999999999-44731.62000000002-44730.46000000003-44730.549999999996-44730.850000000006-44731.26000000002-44730.700000000026-44730.94000000002-44729.70000000003-44730.420000000006-44730.78000000001-44731.51-44730.950000000026-44729.96000000002-44730.440000000024-44730.21000000001-44732.60000000002-44731.8-44731.77000000002-44731.56999999999-44731.49-44730.92000000001-44731.280000000006-44732.47000000002-44733.00000000002-44731.72000000001-44733.09000000002-44733.470000000016-44733.06000000002-44732.18000000002-44732.69000000003-44734.09000000002-44731.95000000002-44733.23-44733.11000000001-44732.700000000026-44733.54000000002-44732.46000000001-44732.56000000002-44732.770000000026-44733.18000000002-44734.30000000002-44732.77000000004-44734.320000000036-44733.05000000001-44732.79000000001-44733.37000000002-44732.94000000002-44733.670000000006-44733.760000000024-44733.36000000002-44734.140000000014-44733.87000000001-44733.24000000001-44734.38000000002-44733.83000000001-44733.980000000025-44734.19000000003-44734.06000000002-44734.320000000036-44734.57000000002-44734.35000000003-44734.17000000003-44734.08000000003-44734.20000000002-44734.52000000002-44734.28000000002-44734.020000000026-44734.03000000003-44733.970000000016-44734.10000000003-44734.35000000002-44734.74000000002-44734.43000000002-44734.030000000006-44734.85000000001-44733.81000000002-44734.36000000002-44734.40000000003-44734.29000000002-44734.94000000002-44734.360000000015-44734.37000000003-44734.41000000004-44735.17000000001-44734.43000000002-44734.630000000005-44734.360000000015-44734.330000000016-44734.66000000002-44734.77000000001-44734.96000000003-44735.34000000001-44734.46000000002-44735.030000000035-44734.73000000002-44735.38000000002-44734.71000000003-44734.47000000002-44734.64000000004-44734.83000000002-44734.61000000003-44735.160000000025-44735.250000000015-44734.870000000024-44734.76000000003-44735.08000000003-44734.890000000014-44734.65000000002-44734.50000000003-44734.53000000002-44734.67000000003-44734.64000000003-44734.81000000001-44734.58000000002-44735.03000000003-44735.29000000003-44735.370000000024-44734.76000000002-44735.17000000001-44735.08000000001-44735.25000000002-44735.570000000014-44734.890000000014-44735.230000000025-44735.18000000001-44735.51000000002-44735.070000000014-44735.24000000003-44734.65000000002-44735.34000000002-44735.70000000001-44735.650000000016-44735.520000000026-44735.39000000002-44735.66000000001-44735.78000000001-44735.510000000024-44735.460000000014-44735.48000000002-44735.50000000002-44735.92000000002-44736.37000000002-44735.250000000015-44735.63000000003-44735.730000000025-44735.730000000025-44735.110000000015-44735.50000000001-44735.18-44735.40000000002-44735.60000000002-44735.76000000003-44735.570000000014-44735.210000000014-44736.11000000003-44735.71000000002-44735.68000000002-44735.84000000001-44735.95000000002-44735.93000000002-44736.08000000002-44735.83000000002-44735.73000000002-44735.85000000001-44735.95000000002-44735.50000000002-44735.88000000003-44736.02000000003-44735.79000000002-44735.880000000034-44735.44000000002-44735.38000000001-44735.70000000001-44735.79000000002-44735.44000000001-44735.48000000002-44736.13000000002-44736.22000000002-44736.10000000002-44736.10000000002-44735.440000000024-44735.73000000002-44735.690000000024-44735.83000000003-44735.68000000003-44735.49000000003-44735.80000000003-44735.940000000024-44735.870000000024-44735.470000000016-44736.07000000003-44735.89000000002-44735.980000000025-44735.500000000015-44735.74000000002-44735.62000000002-44735.97000000001-44735.94000000002-44735.73000000002-44735.96000000002-44736.12000000002-44735.81000000003-44735.85000000002-44735.87000000002-44736.08000000002-44735.96000000002-44736.07000000003-44736.17000000002-44736.11000000002-44735.71000000003-44736.17000000002-44736.17000000001-44736.34000000002-44735.95000000002-44735.990000000034-44736.030000000035-44736.11000000002-44735.83000000002-44735.99000000001-44735.63000000002-44735.55000000002-44735.68000000001-44735.66000000002-44736.19000000001-44736.05000000001-44735.94000000002-44736.07000000002-44735.840000000026-44736.10000000002-44736.050000000025-44736.13000000003-44736.17000000002-44735.94000000002-44736.13000000001-44736.20000000002-44736.32000000003-44735.61000000003-44735.99000000002-44736.14000000002-44735.790000000015-44735.82000000002-44735.74000000002-44736.03000000002-44736.04000000002-44736.04000000002-44736.070000000014-44735.81000000003-44736.10000000002-44735.92000000003-44736.260000000024-44736.24000000002-44736.21000000002-44736.03000000003-44735.88000000002-44736.63000000002-44736.01000000002-44736.20000000002-44736.20000000001-44736.24000000002-44736.010000000024-44735.930000000015-44735.91000000002-44736.21000000002-44736.06000000001-44735.940000000024-44735.870000000024-44736.20000000002-44736.190000000024-44736.01000000002-44736.31000000003-44735.91000000002-44736.360000000015-44736.26000000002-44736.06000000002-44736.360000000015-44736.15000000002-44735.84000000001-44735.860000000015-44735.900000000016-44736.10000000003-44736.10000000001-44735.73000000002-44735.91000000002-44736.180000000015-44736.360000000015-44736.16000000002-44736.080000000016-44736.10000000001-44736.35000000001-44736.34000000002-44736.22000000002-44736.180000000015-44736.19000000002-44736.44000000002-44736.31000000002-44736.39000000002-44736.450000000026-44736.070000000014-44735.92000000002-44736.09000000002-44736.220000000016-44736.18000000002-44736.37000000003-44735.940000000024-44735.97000000002-44736.17000000002-44736.27000000002-44736.35000000002-44736.03000000003-44736.28000000002-44736.330000000016-44736.290000000015-44736.410000000025-44736.250000000015-44736.39000000002-44736.320000000014-44736.620000000024-44736.42000000002-44736.35000000001-44736.10000000003-44736.32000000003-44736.02000000002-44736.11000000002-44736.320000000014-44736.17000000002-44736.19000000001-44736.01000000002-44736.20000000002-44736.22000000002-44735.96000000002-44736.020000000026-44736.17000000003-44736.050000000025-44736.07000000002-44735.87000000002-44736.080000000016-44735.77000000002-44736.09000000002-44736.260000000024-44736.02000000002-44736.050000000025-44736.28000000003-44736.22000000002-44735.940000000024-44736.160000000025-44736.15000000002-44736.33000000002-44735.970000000016-44736.270000000026-44736.50000000002-44735.84000000002-44736.18000000002-44736.16000000002-44735.84000000002-44736.370000000024-44736.18000000003-44736.34000000002-44735.87000000002-44736.440000000024-44736.33000000002-44735.82000000002-44736.21000000002-44736.17000000002-44736.31000000002-44736.53000000003-44736.03000000003-44736.260000000024-44736.21000000002-44736.14000000002-44735.980000000025-44735.95000000002-44736.200000000026-44735.910000000025-44736.32000000002-44736.29000000002-44736.27000000002-44735.89000000002-44736.390000000014-44736.09000000002-44736.46000000002-44736.07000000002-44735.860000000015-44736.09000000002-44736.16000000002-44735.92000000001-44736.180000000015-44736.12000000002-44736.35000000002-44735.900000000016-44736.28000000002-44736.150000000016-44736.30000000002-44735.94000000002-44736.10000000002-44736.10000000001-44736.110000000015-44736.16000000002-44736.28000000002-44736.19000000002-44736.28000000002-44736.51000000002-44736.38000000002-44736.580000000016-44736.23000000002-44736.360000000015-44736.49000000002-44736.30000000002-44736.43000000002-44736.25000000002-44736.33000000002-44736.42000000002-44736.35000000003-44736.47000000002-44736.31000000001-44736.36000000002-44736.26000000002-44736.24000000001-44736.24000000001-44736.30000000002-44735.99000000001-44736.42000000001-44736.42000000001-44736.41000000002-44736.220000000016-44736.400000000016-44736.44000000001-44736.03000000001-44736.26000000002-44736.320000000014-44736.13000000001-44736.150000000016-44736.000000000015-44736.18000000001-44735.970000000016-44736.09000000002-44735.890000000014-44736.27000000002-44736.17000000001-44736.19000000001-44736.19000000002-44736.360000000015-44736.13000000001-44735.900000000016-44736.140000000014-44735.88000000002-44736.17000000001-44736.000000000015-44736.24000000001-44735.99000000001-44736.23000000002-44736.220000000016-44736.12000000002-44736.220000000016-44736.20000000001-44735.98000000002-44736.17000000001-44736.35000000002-44736.140000000014-44735.97000000002-44736.44000000002-44735.890000000014-44736.18000000002-44736.06000000002-44736.250000000015-44736.01000000002-44736.08000000002-44736.13000000003-44736.230000000025-44736.18000000002-44736.120000000024-44736.110000000015-44736.33000000002-44736.120000000024-44736.13000000003-44736.340000000026-44736.40000000002-44736.40000000002-44736.13000000003-44736.28000000003-44736.410000000025-44736.22000000002-44736.11000000003-44736.30000000003-44736.04000000002-44736.180000000015-44735.97000000002-44736.28000000003-44735.99000000003-44736.370000000024-44736.410000000025-44736.28000000002-44736.24000000001-44736.49000000001-44736.210000000014-44736.41000000002-44736.240000000005-44736.49000000001-44735.91000000002-44736.180000000015-44736.360000000015-44736.21000000002-44735.97000000002-44736.21000000002-44736.32000000002-44736.15000000002-44736.16000000002-44736.37000000002-44736.390000000014-44736.17000000002-44736.16000000002-44736.19000000002-44736.140000000014-44736.38000000002-44735.970000000016-44736.12000000002-44736.53000000002-44736.390000000014-44735.98000000002-44736.140000000014-44736.41000000002-44735.820000000014-44736.17000000002-44736.17000000002-44736.35000000002-44736.340000000026-44736.18000000002-44736.470000000016-44736.500000000015-44736.390000000014-44736.45000000002-44736.430000000015-44736.38000000002-44736.21000000002-44736.05000000001-44736.06000000002-44735.95000000002-44736.44000000002-44736.250000000015-44736.17000000001-44735.960000000014-44736.210000000014-44736.070000000014-44736.30000000002-44736.140000000014-44736.28000000002-44736.03000000001-44736.14000000002-44736.31000000002-44735.790000000015-44736.16000000002-44736.13000000001-44736.26000000002-44735.94000000002-44736.28000000001-44736.34000000002-44736.03000000001-44736.38000000002-44736.34000000002-44736.38000000002-44736.17000000001-44736.500000000015-44736.73000000002-44736.140000000014-44736.06000000001-44736.210000000014