----------Report of simulation of Quantum Parallel Tempering - Population Annealing v2-----------
The number of considered Spin55
The considered Annealing Duration 220
The considered Annealing Number 100
The considered T 1.0
The considered Gamma0 1.0
The considered Number Of Replica 3
The considered Number Of System Tempering 3
The considered Number Of System Population 3
The solution found [ 1.  1.  1.  1. -1. -1. -1.  1. -1.  1. -1.  1. -1. -1.  1. -1.  1. -1.
 -1. -1.  1. -1.  1. -1. -1. -1. -1.  1.  1.  1. -1.  1. -1.  1. -1.  1.
  1.  1. -1. -1. -1. -1.  1. -1. -1.  1.  1.  1.  1. -1. -1.  1.  1.  1.
  1.]
The value found -4233.0
The Success probability is 1.0
The average value is -4233.0
The total execution time is 527.0362682342529
The average time for execution is 5.270360367298126
The average time for all systems update is 0.023869942805983802
The average time for system tempering update is 0.0040414008444005795
The average time for system population update is 251.16916131973267
The average time for replica update is 0.0013072724065395316
The average time for spin update is 2.340658871376591e-05
The list of values found 

-4233.0
-4233.0
-4233.0
-4233.0
-4233.0
-4233.0
-4233.0
-4233.0
-4233.0
-4233.0
-4233.0
-4233.0
-4233.0
-4233.0
-4233.0
-4233.0
-4233.0
-4233.0
-4233.0
-4233.0
-4233.0
-4233.0
-4233.0
-4233.0
-4233.0
-4233.0
-4233.0
-4233.0
-4233.0
-4233.0
-4233.0
-4233.0
-4233.0
-4233.0
-4233.0
-4233.0
-4233.0
-4233.0
-4233.0
-4233.0
-4233.0
-4233.0
-4233.0
-4233.0
-4233.0
-4233.0
-4233.0
-4233.0
-4233.0
-4233.0
-4233.0
-4233.0
-4233.0
-4233.0
-4233.0
-4233.0
-4233.0
-4233.0
-4233.0
-4233.0
-4233.0
-4233.0
-4233.0
-4233.0
-4233.0
-4233.0
-4233.0
-4233.0
-4233.0
-4233.0
-4233.0
-4233.0
-4233.0
-4233.0
-4233.0
-4233.0
-4233.0
-4233.0
-4233.0
-4233.0
-4233.0
-4233.0
-4233.0
-4233.0
-4233.0
-4233.0
-4233.0
-4233.0
-4233.0
-4233.0
-4233.0
-4233.0
-4233.0
-4233.0
-4233.0
-4233.0
-4233.0
-4233.0
-4233.0
-4233.0



The list of values first execution 

-3805.5
-3811.6111111111113
-3844.8333333333335
-3829.3333333333335
-3864.1666666666665
-3922.3888888888887
-3910.9444444444443
-3924.3333333333335
-3915.0555555555557
-3920.277777777778
-3941.3333333333335
-3947.8888888888887
-3948.222222222222
-3966.9444444444443
-3973.8888888888887
-3981.277777777778
-4003.0555555555557
-3980.8333333333335
-3996.1111111111113
-3996.3333333333335
-4018.277777777778
-4037.6111111111113
-4036.5555555555557
-4022.3888888888887
-3962.6666666666665
-3976.1111111111113
-3967.6666666666665
-3997.1111111111113
-3980.277777777778
-3989.0555555555557
-4031.6666666666665
-4009.222222222222
-4047.5
-4053.4444444444443
-4060.9444444444443
-4050.1111111111113
-4067.222222222222
-4047.8888888888887
-4055.1666666666665
-4046.1666666666665
-4042.4444444444443
-4049.6111111111113
-4066.8888888888887
-4063.5
-4064.8888888888887
-4066.3333333333335
-4065.277777777778
-4060.8888888888887
-4072.0555555555557
-4089.8888888888887
-4066.3888888888887
-4066.4444444444443
-4065.5
-4094.1111111111113
-4076.277777777778
-4075.4444444444443
-4077.3888888888887
-4072.8333333333335
-4057.5555555555557
-4071.777777777778
-4086.277777777778
-4076.9444444444443
-4096.611111111111
-4077.6666666666665
-4067.1111111111113
-4089.5
-4096.277777777777
-4076.4444444444443
-4060.222222222222
-4065.1111111111113
-4072.222222222222
-4076.722222222222
-4079.8333333333335
-4078.1111111111113
-4071.722222222222
-4079.777777777778
-4076.0555555555557
-4092.0
-4077.8888888888887
-4102.222222222223
-4085.8333333333335
-4070.9444444444443
-4079.222222222222
-4080.5
-4071.6111111111113
-4064.0
-4070.6111111111113
-4080.9444444444443
-4083.5
-4064.3888888888887
-4074.0
-4068.4444444444443
-4077.6666666666665
-4100.888888888889
-4070.1666666666665
-4072.3333333333335
-4083.6666666666665
-4088.722222222222
-4099.666666666667
-4086.8888888888887
-4089.3333333333335
-4088.3333333333335
-4082.6111111111113
-4084.3333333333335
-4070.1111111111113
-4057.777777777778
-4069.3333333333335
-4098.277777777777
-4073.8888888888887
-4091.1666666666665
-4095.0
-4088.5
-4086.9444444444443
-4103.166666666667
-4080.5555555555557
-4091.1111111111113
-4107.666666666667
-4093.3888888888887
-4087.0555555555557
-4090.1111111111113
-4083.1111111111113
-4081.8888888888887
-4087.6111111111113
-4097.944444444444
-4090.4444444444443
-4084.277777777778
-4079.8333333333335
-4084.8888888888887
-4095.8333333333335
-4090.777777777778
-4106.777777777777
-4101.833333333333
-4086.0
-4089.6666666666665
-4089.1666666666665
-4090.0555555555557
-4071.3888888888887
-4077.4444444444443
-4088.4444444444443
-4088.9444444444443
-4067.6111111111113
-4078.1111111111113
-4078.3888888888887
-4084.5555555555557
-4068.6666666666665
-4073.722222222222
-4087.9444444444443
-4085.722222222222
-4096.888888888889
-4088.0555555555557
-4074.722222222222
-4069.5
-4078.0
-4082.722222222222
-4081.4444444444443
-4088.8888888888887
-4092.3333333333335
-4087.0
-4086.222222222222
-4072.277777777778
-4089.277777777778
-4089.3333333333335
-4084.277777777778
-4087.8888888888887
-4092.1666666666665
-4102.166666666667
-4092.5555555555557
-4085.1666666666665
-4091.5
-4096.944444444444
-4097.166666666667
-4098.277777777777
-4080.6111111111113
-4100.111111111111
-4086.5555555555557
-4092.222222222222
-4094.0
-4103.555555555556
-4076.0555555555557
-4077.0555555555557
-4075.0
-4059.5555555555557
-4076.277777777778
-4062.1111111111113
-4061.9444444444443
-4072.6111111111113
-4090.0555555555557
-4086.6666666666665
-4077.277777777778
-4075.6666666666665
-4081.777777777778
-4088.8333333333335
-4085.8333333333335
-4090.8888888888887
-4061.8333333333335
-4069.3333333333335
-4071.777777777778
-4072.1111111111113
-4075.5
-4081.6666666666665
-4071.8333333333335
-4088.4444444444443
-4076.0
-4078.6111111111113
-4088.0555555555557
-4110.166666666667
-4090.4444444444443
-4073.5555555555557
-4094.5
-4086.277777777778
-4092.777777777778
-4088.4444444444443
-4095.277777777778
-4083.4444444444443
-4069.0555555555557
-4085.3888888888887
-4087.8333333333335
-4091.277777777778
-4092.4444444444443
-4097.5



The list of best values first execution 

-4019.0
-4104.0
-4139.0
-4167.0
-4170.0
-4171.0
-4170.0
-4164.0
-4163.0
-4171.0
-4174.0
-4171.0
-4171.0
-4165.0
-4173.0
-4194.0
-4203.0
-4228.0
-4231.0
-4233.0
-4233.0
-4233.0
-4233.0
-4216.0
-4230.0
-4231.0
-4228.0
-4231.0
-4231.0
-4231.0
-4231.0
-4231.0
-4231.0
-4233.0
-4233.0
-4233.0
-4231.0
-4233.0
-4233.0
-4233.0
-4233.0
-4233.0
-4233.0
-4233.0
-4233.0
-4233.0
-4233.0
-4233.0
-4233.0
-4233.0
-4233.0
-4233.0
-4233.0
-4233.0
-4233.0
-4233.0
-4233.0
-4233.0
-4233.0
-4233.0
-4233.0
-4233.0
-4233.0
-4233.0
-4233.0
-4233.0
-4233.0
-4233.0
-4233.0
-4233.0
-4233.0
-4233.0
-4233.0
-4233.0
-4233.0
-4233.0
-4233.0
-4233.0
-4233.0
-4233.0
-4233.0
-4233.0
-4233.0
-4233.0
-4233.0
-4233.0
-4233.0
-4233.0
-4233.0
-4233.0
-4233.0
-4233.0
-4233.0
-4233.0
-4233.0
-4233.0
-4233.0
-4233.0
-4233.0
-4233.0
-4233.0
-4233.0
-4233.0
-4233.0
-4233.0
-4233.0
-4233.0
-4233.0
-4233.0
-4233.0
-4233.0
-4233.0
-4233.0
-4233.0
-4233.0
-4233.0
-4233.0
-4233.0
-4233.0
-4233.0
-4233.0
-4233.0
-4233.0
-4233.0
-4233.0
-4233.0
-4233.0
-4233.0
-4233.0
-4233.0
-4233.0
-4233.0
-4233.0
-4233.0
-4233.0
-4233.0
-4233.0
-4233.0
-4233.0
-4233.0
-4233.0
-4233.0
-4233.0
-4233.0
-4233.0
-4233.0
-4233.0
-4233.0
-4233.0
-4233.0
-4233.0
-4233.0
-4233.0
-4233.0
-4233.0
-4233.0
-4233.0
-4233.0
-4233.0
-4233.0
-4233.0
-4233.0
-4233.0
-4233.0
-4233.0
-4233.0
-4233.0
-4233.0
-4233.0
-4233.0
-4233.0
-4233.0
-4233.0
-4233.0
-4233.0
-4233.0
-4233.0
-4233.0
-4233.0
-4233.0
-4233.0
-4233.0
-4233.0
-4233.0
-4233.0
-4233.0
-4233.0
-4233.0
-4233.0
-4233.0
-4233.0
-4233.0
-4233.0
-4233.0
-4233.0
-4233.0
-4233.0
-4233.0
-4233.0
-4233.0
-4233.0
-4233.0
-4233.0
-4233.0
-4233.0
-4233.0
-4233.0
-4233.0
-4233.0
-4233.0
-4233.0
-4233.0
-4233.0
-4233.0
-4233.0
-4233.0
-4233.0
-4233.0
-4233.0
-4233.0



The list of values average 

-3801.749444444445
-3833.9366666666683
-3858.9038888888895
-3873.556666666667
-3887.0611111111116
-3896.6227777777767
-3904.247222222221
-3915.8472222222235
-3921.0072222222225
-3930.950555555554
-3937.952222222222
-3943.5183333333343
-3951.3349999999996
-3958.396111111111
-3966.677777777778
-3974.2416666666663
-3980.6783333333337
-3985.3033333333333
-3992.013333333333
-3995.872777777776
-4001.279444444444
-4010.533888888889
-4015.956666666666
-4018.9338888888888
-4020.8561111111103
-4027.8883333333347
-4031.188888888888
-4034.8355555555554
-4035.5011111111103
-4040.053333333332
-4042.66
-4045.6683333333335
-4049.1666666666665
-4051.227777777778
-4054.173888888889
-4055.410555555557
-4057.816666666668
-4060.5099999999998
-4061.1094444444425
-4061.8733333333344
-4062.6461111111107
-4064.722222222222
-4066.618333333334
-4067.2361111111118
-4069.1072222222224
-4069.0672222222215
-4069.2338888888885
-4070.8927777777785
-4072.526111111111
-4072.5116666666677
-4071.711111111112
-4072.592777777777
-4072.149999999999
-4074.111111111111
-4074.9594444444433
-4073.1
-4075.8322222222214
-4074.425555555556
-4073.598888888889
-4074.977777777777
-4074.3644444444444
-4075.1316666666676
-4077.2972222222206
-4075.6016666666683
-4077.182777777778
-4078.329999999999
-4077.462222222223
-4076.552222222221
-4074.233888888889
-4077.0038888888894
-4080.0344444444436
-4078.0772222222217
-4079.478888888889
-4078.224444444444
-4080.3716666666674
-4080.5422222222214
-4080.6677777777777
-4079.3033333333333
-4076.902222222223
-4078.4333333333343
-4080.565555555553
-4081.062222222221
-4078.7327777777764
-4080.404444444445
-4077.879999999997
-4078.5938888888877
-4078.7900000000004
-4079.6538888888886
-4079.541666666665
-4079.472777777777
-4079.4116666666664
-4080.0449999999996
-4079.706111111112
-4081.1083333333336
-4079.3072222222227
-4080.905000000001
-4080.084999999999
-4078.3855555555556
-4078.676111111112
-4079.7305555555527
-4081.9177777777795
-4080.5916666666662
-4080.6938888888876
-4080.8649999999993
-4080.8016666666667
-4079.0694444444443
-4078.9638888888876
-4078.004999999998
-4078.2388888888895
-4078.987777777779
-4081.685555555555
-4080.6561111111114
-4082.2694444444446
-4082.1711111111117
-4080.595555555553
-4080.3083333333334
-4081.994444444444
-4081.563888888888
-4079.4666666666662
-4081.372222222222
-4080.4344444444446
-4081.533888888887
-4081.3266666666655
-4081.5972222222235
-4079.7472222222223
-4080.7483333333334
-4081.4388888888893
-4082.314444444445
-4080.4511111111115
-4081.316111111109
-4081.2461111111115
-4080.9283333333337
-4082.260555555556
-4081.2838888888887
-4082.298888888891
-4080.973333333334
-4080.122777777779
-4080.5283333333346
-4080.92611111111
-4082.03888888889
-4082.939444444444
-4082.774444444445
-4082.699444444446
-4082.1694444444447
-4082.565000000001
-4081.1366666666663
-4080.2638888888873
-4079.6094444444443
-4081.70611111111
-4080.8149999999987
-4080.8805555555555
-4079.2133333333327
-4080.941666666666
-4082.0705555555555
-4081.064444444445
-4081.772222222223
-4083.193888888889
-4081.4199999999987
-4079.414999999999
-4082.6516666666657
-4082.5861111111117
-4082.932222222222
-4081.2783333333323
-4080.9183333333335
-4079.5366666666678
-4079.6227777777767
-4081.0094444444458
-4081.310555555556
-4081.8883333333333
-4084.1711111111113
-4084.405
-4085.3816666666676
-4083.9405555555563
-4082.229444444445
-4082.993888888888
-4083.1661111111116
-4082.2222222222235
-4083.612222222222
-4081.7816666666668
-4081.8477777777775
-4083.537222222223
-4082.865555555556
-4083.1427777777762
-4082.685000000002
-4083.0716666666667
-4081.6372222222203
-4080.6983333333346
-4083.1677777777786
-4082.6716666666666
-4083.004444444443
-4081.7472222222227
-4081.6455555555553
-4082.3522222222227
-4083.0227777777764
-4080.9088888888878
-4081.991111111113
-4082.6449999999995
-4081.390555555556
-4081.0422222222223
-4079.9761111111106
-4081.005555555556
-4080.722222222222
-4084.3427777777765
-4083.0383333333316
-4081.241666666667
-4083.277222222223
-4083.398333333336
-4084.699444444444
-4084.431111111109
-4085.095555555555
-4084.9527777777785
-4082.863333333334
-4082.42
-4082.6616666666646
-4082.631111111111
-4083.210555555555
-4081.0144444444445
-4080.8555555555545
-4081.833888888889
-4082.928888888889



The list of best values average 

-4039.9400000000005
-4110.43
-4147.0199999999995
-4169.8099999999995
-4181.309999999998
-4189.709999999999
-4193.490000000002
-4197.950000000002
-4203.490000000001
-4205.4800000000005
-4207.44
-4207.419999999999
-4209.150000000001
-4209.079999999999
-4209.95
-4209.849999999999
-4210.65
-4211.61
-4213.679999999999
-4212.87
-4214.109999999999
-4214.329999999998
-4215.279999999998
-4216.52
-4217.489999999998
-4217.239999999998
-4221.149999999999
-4220.88
-4222.439999999999
-4222.949999999999
-4223.849999999999
-4224.959999999999
-4224.859999999999
-4226.999999999997
-4227.369999999998
-4228.339999999999
-4228.939999999999
-4229.11
-4228.9299999999985
-4229.249999999999
-4229.709999999999
-4230.159999999999
-4230.629999999997
-4230.269999999998
-4230.909999999997
-4230.989999999998
-4230.859999999997
-4230.769999999999
-4231.509999999998
-4231.489999999998
-4231.399999999999
-4231.609999999997
-4231.6399999999985
-4231.519999999999
-4231.839999999997
-4231.649999999997
-4231.759999999998
-4231.669999999998
-4231.779999999998
-4231.669999999997
-4231.899999999998
-4231.859999999997
-4231.779999999998
-4232.079999999998
-4232.189999999998
-4232.209999999996
-4231.989999999998
-4231.969999999997
-4232.159999999996
-4232.289999999996
-4232.259999999997
-4232.249999999995
-4232.249999999996
-4232.3399999999965
-4232.269999999996
-4232.339999999996
-4232.359999999995
-4232.369999999995
-4232.349999999996
-4232.439999999996
-4232.449999999995
-4232.529999999995
-4232.479999999995
-4232.509999999996
-4232.149999999996
-4232.139999999996
-4232.2999999999965
-4232.369999999996
-4232.349999999997
-4232.499999999996
-4232.579999999996
-4232.509999999996
-4232.519999999996
-4232.479999999996
-4232.409999999995
-4232.4599999999955
-4232.469999999996
-4232.539999999996
-4232.579999999996
-4232.619999999995
-4232.6699999999955
-4232.569999999995
-4232.409999999995
-4232.469999999996
-4232.6699999999955
-4232.649999999996
-4232.689999999996
-4232.569999999996
-4232.489999999996
-4232.509999999997
-4232.569999999996
-4232.569999999996
-4232.629999999996
-4232.589999999996
-4232.519999999996
-4232.629999999996
-4232.529999999996
-4232.629999999996
-4232.689999999995
-4232.589999999996
-4232.7099999999955
-4232.6699999999955
-4232.649999999995
-4232.689999999995
-4232.649999999995
-4232.639999999996
-4232.629999999996
-4232.6699999999955
-4232.789999999995
-4232.749999999995
-4232.749999999995
-4232.689999999996
-4232.649999999995
-4232.6699999999955
-4232.769999999995
-4232.689999999995
-4232.6699999999955
-4232.749999999995
-4232.749999999995
-4232.7099999999955
-4232.789999999995
-4232.689999999995
-4232.749999999995
-4232.809999999995
-4232.809999999995
-4232.699999999995
-4232.749999999995
-4232.749999999995
-4232.7099999999955
-4232.7099999999955
-4232.729999999995
-4232.729999999995
-4232.689999999995
-4232.6699999999955
-4232.7099999999955
-4232.769999999995
-4232.809999999995
-4232.729999999995
-4232.789999999995
-4232.769999999995
-4232.769999999995
-4232.749999999995
-4232.689999999995
-4232.689999999995
-4232.649999999995
-4232.629999999996
-4232.629999999996
-4232.649999999995
-4232.6699999999955
-4232.6699999999955
-4232.639999999996
-4232.6699999999955
-4232.599999999996
-4232.679999999996
-4232.769999999995
-4232.749999999995
-4232.689999999995
-4232.689999999995
-4232.729999999995
-4232.639999999996
-4232.649999999995
-4232.659999999995
-4232.629999999996
-4232.6699999999955
-4232.729999999995
-4232.729999999995
-4232.749999999995
-4232.729999999995
-4232.779999999995
-4232.759999999996
-4232.729999999995
-4232.739999999995
-4232.759999999996
-4232.7099999999955
-4232.719999999996
-4232.729999999995
-4232.739999999995
-4232.719999999996
-4232.739999999995
-4232.759999999996
-4232.779999999995
-4232.719999999995
-4232.779999999995
-4232.859999999995
-4232.759999999996
-4232.759999999996
-4232.759999999996
-4232.719999999996
-4232.729999999995
-4232.739999999995
-4232.729999999995
-4232.779999999995
-4232.819999999995
-4232.739999999995
-4232.799999999996
-4232.779999999995
-4232.779999999995
-4232.779999999995
-4232.779999999995
-4232.819999999995
