----------Report of simulation of Quantum Population Annealing-----------
The number of considered Spin 41
The considered Annealing Duration 164
The considered Annealing Number 100
The considered T 1.0
The considered Gamma0 1.0
The considered Number Of Replica 3
The considered Number Of System 6
The solution found [ 1.  1.  1.  1. -1. -1. -1. -1. -1. -1.  1. -1. -1. -1. -1. -1.  1.  1.
  1. -1.  1. -1.  1. -1.  1. -1.  1.  1.  1. -1.  1. -1.  1. -1. -1. -1.
 -1.  1.  1.  1.  1.]
The value found -2320.0
The Success probability is 0.99
The average value is -2319.93
The total execution time is 207.4707944393158
The average time for execution is 2.0747063088417055
The average time for all systems update is 0.012581025885372627
The average time for system update is 0.002075986850067852
The average time for replica update is 0.0006915174049090564
The average time for spin update is 1.6554098792255448e-05
The list of values found 

-2320.0
-2320.0
-2320.0
-2320.0
-2320.0
-2320.0
-2320.0
-2320.0
-2320.0
-2320.0
-2320.0
-2320.0
-2320.0
-2313.0
-2320.0
-2320.0
-2320.0
-2320.0
-2320.0
-2320.0
-2320.0
-2320.0
-2320.0
-2320.0
-2320.0
-2320.0
-2320.0
-2320.0
-2320.0
-2320.0
-2320.0
-2320.0
-2320.0
-2320.0
-2320.0
-2320.0
-2320.0
-2320.0
-2320.0
-2320.0
-2320.0
-2320.0
-2320.0
-2320.0
-2320.0
-2320.0
-2320.0
-2320.0
-2320.0
-2320.0
-2320.0
-2320.0
-2320.0
-2320.0
-2320.0
-2320.0
-2320.0
-2320.0
-2320.0
-2320.0
-2320.0
-2320.0
-2320.0
-2320.0
-2320.0
-2320.0
-2320.0
-2320.0
-2320.0
-2320.0
-2320.0
-2320.0
-2320.0
-2320.0
-2320.0
-2320.0
-2320.0
-2320.0
-2320.0
-2320.0
-2320.0
-2320.0
-2320.0
-2320.0
-2320.0
-2320.0
-2320.0
-2320.0
-2320.0
-2320.0
-2320.0
-2320.0
-2320.0
-2320.0
-2320.0
-2320.0
-2320.0
-2320.0
-2320.0
-2320.0



The list of values first execution 

-2024.4444444444443
-2055.5
-2090.5
-2081.5
-2076.5
-2066.5555555555557
-2109.222222222222
-2114.5555555555557
-2120.1111111111113
-2115.8888888888887
-2149.8333333333335
-2131.5
-2149.777777777778
-2177.5555555555557
-2210.4444444444443
-2210.722222222222
-2214.5555555555557
-2222.5
-2229.5
-2230.8888888888887
-2237.0555555555557
-2238.222222222222
-2257.0555555555557
-2257.3333333333335
-2271.1666666666665
-2263.222222222222
-2270.722222222222
-2287.4444444444443
-2284.722222222222
-2292.3888888888887
-2303.777777777778
-2301.0555555555557
-2304.1111111111113
-2289.8888888888887
-2289.0
-2294.6111111111113
-2301.277777777778
-2301.3888888888887
-2301.6111111111113
-2298.6666666666665
-2299.6666666666665
-2296.222222222222
-2293.1666666666665
-2291.9444444444443
-2290.5
-2291.722222222222
-2296.1666666666665
-2289.3888888888887
-2292.722222222222
-2293.777777777778
-2296.777777777778
-2298.9444444444443
-2299.222222222222
-2294.9444444444443
-2290.6666666666665
-2294.9444444444443
-2290.777777777778
-2297.0
-2299.9444444444443
-2298.1111111111113
-2303.1111111111113
-2302.9444444444443
-2301.8888888888887
-2303.6666666666665
-2301.777777777778
-2300.6111111111113
-2301.277777777778
-2304.1666666666665
-2304.722222222222
-2307.3888888888887
-2304.8333333333335
-2303.3888888888887
-2302.8333333333335
-2305.6111111111113
-2299.222222222222
-2295.4444444444443
-2301.5
-2302.9444444444443
-2302.4444444444443
-2301.777777777778
-2301.222222222222
-2298.3333333333335
-2301.5
-2301.0555555555557
-2300.6666666666665
-2299.6111111111113
-2299.5
-2297.8333333333335
-2297.777777777778
-2298.6111111111113
-2299.5555555555557
-2300.722222222222
-2300.0
-2298.8888888888887
-2299.1111111111113
-2300.3333333333335
-2299.8888888888887
-2297.8888888888887
-2300.1111111111113
-2298.1111111111113
-2302.5555555555557
-2302.0
-2302.9444444444443
-2302.0
-2295.8333333333335
-2303.1111111111113
-2302.777777777778
-2300.6666666666665
-2305.6666666666665
-2307.0
-2306.0
-2307.3888888888887
-2307.1111111111113
-2307.1666666666665
-2307.5555555555557
-2306.777777777778
-2307.5555555555557
-2307.5
-2307.3888888888887
-2307.3888888888887
-2307.4444444444443
-2306.777777777778
-2306.9444444444443
-2307.1666666666665
-2308.0
-2307.5555555555557
-2308.0
-2307.3333333333335
-2308.0
-2307.8333333333335
-2308.0
-2308.0
-2307.5
-2307.5
-2307.3333333333335
-2306.4444444444443
-2308.0
-2307.777777777778
-2307.5
-2308.0
-2307.777777777778
-2307.4444444444443
-2307.5555555555557
-2304.777777777778
-2306.3333333333335
-2307.722222222222
-2307.777777777778
-2307.4444444444443
-2307.777777777778
-2308.0
-2308.0
-2307.722222222222
-2307.3333333333335
-2307.1666666666665
-2305.3333333333335
-2306.222222222222
-2307.3333333333335
-2306.8888888888887
-2306.5
-2307.0
-2306.5555555555557
-2306.9444444444443
-2306.6666666666665
-2307.6666666666665



The list of best values first execution 

-2103.0
-2188.0
-2213.0
-2206.0
-2150.0
-2141.0
-2169.0
-2205.0
-2223.0
-2186.0
-2239.0
-2211.0
-2219.0
-2242.0
-2284.0
-2278.0
-2287.0
-2285.0
-2313.0
-2291.0
-2296.0
-2305.0
-2303.0
-2320.0
-2320.0
-2320.0
-2320.0
-2320.0
-2320.0
-2320.0
-2320.0
-2320.0
-2320.0
-2320.0
-2318.0
-2320.0
-2320.0
-2320.0
-2320.0
-2320.0
-2320.0
-2320.0
-2313.0
-2313.0
-2313.0
-2313.0
-2313.0
-2313.0
-2313.0
-2313.0
-2313.0
-2313.0
-2313.0
-2313.0
-2313.0
-2309.0
-2313.0
-2313.0
-2313.0
-2313.0
-2313.0
-2313.0
-2313.0
-2313.0
-2313.0
-2313.0
-2313.0
-2313.0
-2313.0
-2313.0
-2313.0
-2313.0
-2313.0
-2313.0
-2313.0
-2313.0
-2313.0
-2313.0
-2313.0
-2313.0
-2313.0
-2313.0
-2313.0
-2306.0
-2306.0
-2306.0
-2306.0
-2309.0
-2306.0
-2306.0
-2306.0
-2306.0
-2306.0
-2306.0
-2313.0
-2313.0
-2306.0
-2306.0
-2306.0
-2306.0
-2306.0
-2306.0
-2313.0
-2306.0
-2306.0
-2309.0
-2313.0
-2306.0
-2313.0
-2313.0
-2313.0
-2313.0
-2313.0
-2313.0
-2313.0
-2313.0
-2313.0
-2313.0
-2313.0
-2313.0
-2313.0
-2313.0
-2313.0
-2313.0
-2313.0
-2313.0
-2313.0
-2313.0
-2313.0
-2313.0
-2313.0
-2313.0
-2313.0
-2313.0
-2313.0
-2313.0
-2313.0
-2313.0
-2313.0
-2313.0
-2313.0
-2313.0
-2313.0
-2313.0
-2313.0
-2313.0
-2313.0
-2313.0
-2313.0
-2313.0
-2313.0
-2313.0
-2313.0
-2313.0
-2313.0
-2313.0
-2313.0
-2313.0
-2313.0
-2313.0
-2313.0
-2313.0
-2313.0
-2313.0



The list of values average 

-2018.1066666666673
-2035.2177777777774
-2054.8905555555552
-2069.3033333333333
-2083.0499999999997
-2095.1788888888887
-2108.751111111111
-2119.996111111111
-2128.828888888889
-2141.7516666666666
-2153.833333333333
-2164.6055555555554
-2173.525555555557
-2184.902222222223
-2193.7294444444447
-2203.9177777777772
-2209.393888888889
-2217.1472222222224
-2223.8038888888896
-2232.4661111111113
-2237.6150000000002
-2243.6811111111106
-2250.063333333333
-2253.9761111111106
-2259.145555555555
-2263.145000000001
-2268.450555555555
-2270.2844444444445
-2273.7833333333333
-2275.891666666665
-2278.130555555556
-2279.694444444444
-2283.9077777777784
-2285.6977777777784
-2286.879444444444
-2289.348333333333
-2291.7561111111113
-2293.0077777777783
-2295.2738888888894
-2295.952777777778
-2297.6133333333337
-2298.2888888888883
-2299.1938888888894
-2299.7677777777767
-2300.535
-2301.068333333333
-2302.135555555555
-2302.9994444444446
-2303.5494444444453
-2303.931111111112
-2304.3755555555554
-2304.9266666666667
-2305.6788888888896
-2306.011666666667
-2306.556666666667
-2307.2716666666674
-2307.5616666666665
-2308.5322222222226
-2308.9872222222225
-2308.6055555555554
-2309.073888888888
-2309.6761111111105
-2309.638888888889
-2310.0966666666664
-2310.3194444444443
-2310.856111111111
-2310.8266666666664
-2311.1961111111113
-2311.02
-2311.1822222222213
-2311.246666666668
-2311.524444444444
-2311.9416666666657
-2311.852222222221
-2312.2355555555546
-2312.3816666666658
-2312.4194444444443
-2312.487777777777
-2312.722222222222
-2312.7722222222205
-2312.7372222222234
-2312.887777777778
-2312.8966666666665
-2313.043888888889
-2313.396666666667
-2313.452777777778
-2313.392222222222
-2313.52
-2313.604999999999
-2313.598333333333
-2313.645555555556
-2313.6694444444447
-2313.7138888888885
-2313.7366666666667
-2313.858888888889
-2313.929444444445
-2313.9394444444447
-2313.9594444444447
-2314.057777777777
-2313.9466666666667
-2314.123888888888
-2314.060555555556
-2314.2122222222224
-2314.2783333333327
-2314.2183333333346
-2314.266111111111
-2314.354999999999
-2314.4294444444454
-2314.4344444444437
-2314.431111111111
-2314.5000000000005
-2314.536666666667
-2314.473333333332
-2314.4488888888886
-2314.5883333333322
-2314.4705555555565
-2314.521666666667
-2314.5683333333327
-2314.6494444444443
-2314.6294444444443
-2314.6166666666672
-2314.6277777777786
-2314.7472222222223
-2314.726666666667
-2314.679444444445
-2314.707777777779
-2314.7255555555557
-2314.7372222222207
-2314.7394444444444
-2314.7938888888893
-2314.762222222223
-2314.8538888888884
-2314.7955555555554
-2314.808333333334
-2314.7233333333334
-2314.743333333334
-2314.8361111111103
-2314.841666666667
-2314.8783333333317
-2314.871666666667
-2314.9038888888886
-2314.9022222222234
-2314.9122222222218
-2314.837222222222
-2314.8944444444437
-2314.916111111111
-2314.8999999999983
-2314.8922222222227
-2314.9016666666666
-2314.852777777779
-2314.968888888888
-2314.9127777777776
-2314.922222222222
-2314.939444444445
-2314.9122222222227
-2314.9294444444436
-2314.91888888889
-2314.945555555555
-2314.949444444445
-2314.9577777777777
-2314.9288888888877
-2314.913888888889
-2314.9322222222218
-2314.9450000000006



The list of best values average 

-2123.009999999999
-2133.39
-2144.1499999999996
-2155.360000000001
-2174.769999999999
-2179.9000000000005
-2199.1299999999997
-2202.4399999999996
-2212.8400000000015
-2223.5200000000004
-2232.2400000000002
-2240.9900000000007
-2247.8100000000004
-2257.67
-2264.300000000001
-2269.5899999999992
-2274.4299999999994
-2281.92
-2283.3000000000006
-2288.599999999999
-2292.0299999999997
-2295.629999999999
-2298.870000000001
-2303.39
-2303.879999999999
-2307.6599999999994
-2309.67
-2308.84
-2309.7999999999997
-2311.14
-2311.9199999999996
-2312.6100000000006
-2314.0300000000007
-2314.3500000000004
-2314.990000000001
-2315.040000000001
-2315.470000000001
-2316.0400000000004
-2316.290000000001
-2316.18
-2316.8400000000006
-2316.8
-2317.3200000000006
-2317.1600000000003
-2317.3600000000006
-2317.1200000000003
-2317.0600000000004
-2317.470000000001
-2317.4600000000005
-2317.4100000000008
-2317.9100000000008
-2317.4700000000003
-2317.8700000000003
-2317.760000000001
-2317.560000000001
-2317.8600000000006
-2318.110000000001
-2318.040000000001
-2317.9200000000005
-2317.8800000000006
-2317.9600000000005
-2317.9600000000005
-2318.0200000000004
-2318.3200000000006
-2318.2300000000005
-2318.3000000000006
-2318.3000000000006
-2318.390000000001
-2318.290000000001
-2318.4100000000008
-2318.4600000000005
-2318.4200000000005
-2318.4900000000007
-2318.5900000000006
-2318.5900000000006
-2318.5400000000004
-2318.5000000000005
-2318.4000000000005
-2318.3100000000004
-2318.4000000000005
-2318.4300000000007
-2318.4700000000007
-2318.3600000000006
-2318.4000000000005
-2318.4700000000007
-2318.4700000000007
-2318.4700000000007
-2318.5000000000005
-2318.4700000000007
-2318.4700000000007
-2318.4700000000007
-2318.4700000000007
-2318.4700000000007
-2318.4700000000007
-2318.540000000001
-2318.6100000000006
-2318.6800000000007
-2318.6800000000007
-2318.6800000000007
-2318.6800000000007
-2318.6800000000007
-2318.6800000000007
-2318.7500000000005
-2318.6800000000007
-2318.6800000000007
-2318.7100000000005
-2318.7500000000005
-2318.6800000000007
-2318.7500000000005
-2318.7500000000005
-2318.7500000000005
-2318.7500000000005
-2318.7500000000005
-2318.7500000000005
-2318.8200000000006
-2318.8200000000006
-2318.8200000000006
-2318.8200000000006
-2318.8200000000006
-2318.7800000000007
-2318.8200000000006
-2318.8200000000006
-2318.8200000000006
-2318.8200000000006
-2318.8200000000006
-2318.7500000000005
-2318.7500000000005
-2318.7500000000005
-2318.7500000000005
-2318.7500000000005
-2318.7500000000005
-2318.7500000000005
-2318.7500000000005
-2318.8200000000006
-2318.8200000000006
-2318.8200000000006
-2318.8200000000006
-2318.8200000000006
-2318.8200000000006
-2318.8200000000006
-2318.8200000000006
-2318.8200000000006
-2318.8200000000006
-2318.8200000000006
-2318.8200000000006
-2318.8200000000006
-2318.8200000000006
-2318.8200000000006
-2318.8200000000006
-2318.8200000000006
-2318.8200000000006
-2318.8200000000006
-2318.8200000000006
-2318.8200000000006
-2318.8200000000006
-2318.8200000000006
-2318.8200000000006
-2318.8200000000006
-2318.8200000000006
-2318.8200000000006
-2318.8200000000006
-2318.8200000000006
-2318.8200000000006
-2318.8200000000006
