----------Report of simulation of Quantum Parallel Tempering-----------
The number of considered Spin 146
The considered Annealing Duration 584
The considered Annealing Number 100
The considered T 1.0
The considered Gamma0 1.0
The considered Number Of Replica 3
The considered Number Of System 6
The solution found [ 1 -1 -1 -1 -1  1 -1  1 -1  1  1 -1  1  1  1  1 -1 -1 -1  1  1 -1 -1 -1
 -1  1 -1  1 -1  1  1  1  1  1 -1 -1  1  1 -1 -1  1  1  1  1 -1  1 -1  1
  1 -1 -1 -1  1  1 -1  1  1  1  1  1 -1  1  1  1  1 -1  1 -1 -1  1 -1 -1
 -1 -1  1  1 -1  1 -1 -1  1  1 -1 -1  1 -1  1  1 -1  1  1  1 -1 -1  1 -1
  1  1 -1  1  1  1 -1 -1 -1 -1  1 -1  1 -1  1 -1  1 -1 -1 -1 -1 -1 -1  1
 -1  1 -1  1  1 -1  1 -1  1 -1 -1 -1 -1  1  1  1 -1 -1 -1  1 -1 -1 -1  1
 -1  1]
The value found -28509.0
The Success probability is 0.04
The average value is -28467.34
The total execution time is 12055.219566106796
The average time for execution is 120.55219300746917
The average time for all systems update is 0.20601600124819638
The average time for system update is 0.034304124315579734
The average time for replica update is 0.01143385327297803
The average time for spin update is 7.76548230590376e-05
The list of values found 

-28460.0
-28443.0
-28469.0
-28487.0
-28431.0
-28509.0
-28453.0
-28468.0
-28485.0
-28427.0
-28501.0
-28456.0
-28468.0
-28473.0
-28498.0
-28416.0
-28466.0
-28474.0
-28499.0
-28452.0
-28454.0
-28442.0
-28468.0
-28459.0
-28488.0
-28439.0
-28426.0
-28442.0
-28464.0
-28424.0
-28499.0
-28477.0
-28499.0
-28477.0
-28472.0
-28478.0
-28444.0
-28465.0
-28462.0
-28438.0
-28498.0
-28423.0
-28458.0
-28449.0
-28494.0
-28497.0
-28494.0
-28488.0
-28509.0
-28445.0
-28455.0
-28474.0
-28472.0
-28501.0
-28501.0
-28497.0
-28437.0
-28428.0
-28499.0
-28472.0
-28432.0
-28476.0
-28474.0
-28467.0
-28474.0
-28494.0
-28474.0
-28442.0
-28478.0
-28431.0
-28487.0
-28485.0
-28495.0
-28478.0
-28501.0
-28448.0
-28509.0
-28458.0
-28471.0
-28509.0
-28467.0
-28480.0
-28471.0
-28468.0
-28435.0
-28406.0
-28501.0
-28445.0
-28478.0
-28478.0
-28436.0
-28431.0
-28385.0
-28455.0
-28475.0
-28459.0
-28445.0
-28494.0
-28498.0
-28501.0



The list of values first execution 

-26737.11111111111
-26918.61111111111
-26890.38888888889
-26941.88888888889
-27027.5
-26988.166666666668
-27024.277777777777
-26996.5
-27012.722222222223
-26984.944444444445
-27002.444444444445
-26993.38888888889
-26948.722222222223
-26898.0
-27015.777777777777
-26946.5
-27005.5
-26880.166666666668
-26964.0
-26971.055555555555
-26921.88888888889
-26849.61111111111
-26908.0
-26989.833333333332
-26995.222222222223
-26922.61111111111
-26894.944444444445
-26912.666666666668
-26897.88888888889
-26979.333333333332
-26956.777777777777
-26925.277777777777
-26904.61111111111
-26819.666666666668
-26858.777777777777
-26885.055555555555
-26908.833333333332
-26865.0
-26815.722222222223
-26758.944444444445
-26808.38888888889
-26751.722222222223
-26865.333333333332
-26878.777777777777
-26872.38888888889
-26741.166666666668
-26781.444444444445
-26816.666666666668
-26804.444444444445
-26728.777777777777
-26813.055555555555
-26737.38888888889
-26744.277777777777
-26672.277777777777
-26768.666666666668
-26834.222222222223
-26668.722222222223
-26879.38888888889
-26745.833333333332
-26758.0
-26791.055555555555
-26720.944444444445
-26681.722222222223
-26682.444444444445
-26813.222222222223
-26759.666666666668
-26823.277777777777
-26765.722222222223
-26739.444444444445
-26748.333333333332
-26767.38888888889
-26856.333333333332
-26887.555555555555
-26759.055555555555
-26861.833333333332
-26765.555555555555
-26665.444444444445
-26710.944444444445
-26716.38888888889
-26588.777777777777
-26675.222222222223
-26808.61111111111
-26708.666666666668
-26768.61111111111
-26845.0
-26748.0
-26813.777777777777
-26701.166666666668
-26891.833333333332
-26799.0
-26885.944444444445
-26688.722222222223
-26760.333333333332
-26660.833333333332
-26716.944444444445
-26757.0
-26646.38888888889
-26858.38888888889
-26786.333333333332
-26924.222222222223
-26841.166666666668
-26807.166666666668
-26892.055555555555
-26917.555555555555
-26867.333333333332
-26795.055555555555
-26799.777777777777
-26867.222222222223
-26899.944444444445
-26814.555555555555
-26836.0
-26796.777777777777
-26784.055555555555
-26920.222222222223
-26686.555555555555
-26717.88888888889
-26819.333333333332
-26774.88888888889
-26878.944444444445
-26745.444444444445
-26833.166666666668
-26836.277777777777
-26752.333333333332
-26633.777777777777
-26713.38888888889
-26726.555555555555
-26691.666666666668
-26706.11111111111
-26699.222222222223
-26723.944444444445
-26746.333333333332
-26773.61111111111
-26768.833333333332
-26890.833333333332
-26565.61111111111
-26813.88888888889
-26801.944444444445
-26717.5
-26664.11111111111
-26827.222222222223
-26808.38888888889
-26809.722222222223
-26823.777777777777
-26733.277777777777
-26764.555555555555
-26844.277777777777
-26672.055555555555
-26752.61111111111
-26712.055555555555
-26767.38888888889
-26751.5
-26836.11111111111
-26646.0
-26808.88888888889
-26735.5
-26850.444444444445
-26919.444444444445
-26760.055555555555
-26759.166666666668
-26767.833333333332
-26883.944444444445
-26705.277777777777
-26815.055555555555
-26832.777777777777
-26741.833333333332
-26829.444444444445
-26814.11111111111
-26833.38888888889
-26776.61111111111
-26717.944444444445
-26772.722222222223
-26787.88888888889
-26811.0
-26783.11111111111
-26764.666666666668
-26769.277777777777
-26753.277777777777
-26794.38888888889
-26642.333333333332
-26738.222222222223
-26763.333333333332
-26787.11111111111
-26862.055555555555
-26811.944444444445
-26680.722222222223
-26797.777777777777
-26689.333333333332
-26741.555555555555
-26698.833333333332
-26789.277777777777
-26770.5
-26744.944444444445
-26776.444444444445
-26765.333333333332
-26807.0
-26803.555555555555
-26740.166666666668
-26801.11111111111
-26904.88888888889
-26947.5
-26919.0
-26764.666666666668
-26784.277777777777
-26740.666666666668
-26755.11111111111
-26827.38888888889
-26711.11111111111
-26712.666666666668
-26747.555555555555
-26807.5
-26763.666666666668
-26842.722222222223
-26857.444444444445
-26886.222222222223
-26771.833333333332
-26845.666666666668
-26822.38888888889
-26854.777777777777
-26877.666666666668
-26769.11111111111
-26745.38888888889
-26817.5
-26894.055555555555
-26752.0
-26849.88888888889
-26719.833333333332
-26867.11111111111
-26897.944444444445
-26727.666666666668
-26803.277777777777
-26723.5
-26752.61111111111
-26798.833333333332
-26687.88888888889
-26806.222222222223
-26693.88888888889
-26712.222222222223
-26749.722222222223
-26586.11111111111
-26893.722222222223
-26570.333333333332
-26888.444444444445
-26677.277777777777
-26785.222222222223
-26857.833333333332
-26684.0
-26854.333333333332
-26788.722222222223
-26798.88888888889
-26839.166666666668
-26858.055555555555
-26789.11111111111
-26819.055555555555
-26794.722222222223
-26768.38888888889
-26752.5
-26780.666666666668
-26837.555555555555
-26862.5
-26804.5
-26674.722222222223
-26794.277777777777
-26707.444444444445
-26766.166666666668
-26742.944444444445
-26634.722222222223
-26826.88888888889
-26826.944444444445
-26858.555555555555
-26751.555555555555
-26842.61111111111
-26831.833333333332
-26727.055555555555
-26867.277777777777
-26836.555555555555
-26794.055555555555
-26807.333333333332
-26876.777777777777
-26846.333333333332
-26788.61111111111
-26882.944444444445
-26840.88888888889
-26871.277777777777
-26734.833333333332
-26739.833333333332
-26854.666666666668
-26783.777777777777
-26777.333333333332
-26783.333333333332
-26701.88888888889
-26677.5
-26696.833333333332
-26840.222222222223
-26751.277777777777
-26738.777777777777
-26807.61111111111
-26730.722222222223
-26705.333333333332
-26859.444444444445
-26780.11111111111
-26836.333333333332
-26683.11111111111
-26802.0
-26638.722222222223
-26811.5
-26780.88888888889
-26870.88888888889
-26780.333333333332
-26746.0
-26843.277777777777
-26670.722222222223
-26881.277777777777
-26756.277777777777
-26851.444444444445
-26761.555555555555
-26803.277777777777
-26758.222222222223
-26802.833333333332
-26840.777777777777
-26747.666666666668
-26795.666666666668
-26766.333333333332
-26756.555555555555
-26689.277777777777
-26833.777777777777
-26618.333333333332
-26749.0
-26755.666666666668
-26818.555555555555
-26814.5
-26857.5
-26874.0
-26787.333333333332
-26838.333333333332
-26776.0
-26799.777777777777
-26909.222222222223
-26812.11111111111
-26762.777777777777
-26740.88888888889
-26787.88888888889
-26850.555555555555
-26859.055555555555
-26827.166666666668
-26768.944444444445
-26727.11111111111
-26681.222222222223
-26906.277777777777
-26857.0
-26865.166666666668
-26670.38888888889
-26758.166666666668
-26815.0
-26783.166666666668
-26967.11111111111
-26779.944444444445
-26726.722222222223
-26884.11111111111
-26790.222222222223
-26811.722222222223
-26863.166666666668
-26842.61111111111
-26907.61111111111
-26777.944444444445
-26711.61111111111
-26757.222222222223
-26821.666666666668
-26692.944444444445
-26832.555555555555
-26718.722222222223
-26667.0
-26649.333333333332
-26741.333333333332
-26790.277777777777
-26705.777777777777
-26613.38888888889
-26732.666666666668
-26710.777777777777
-26838.944444444445
-26669.38888888889
-26685.88888888889
-26738.833333333332
-26659.722222222223
-26667.38888888889
-26674.11111111111
-26726.0
-26691.61111111111
-26692.222222222223
-26757.055555555555
-26781.555555555555
-26859.555555555555
-26802.222222222223
-26755.333333333332
-26826.61111111111
-26798.944444444445
-26703.61111111111
-26790.88888888889
-26743.38888888889
-26740.166666666668
-26758.0
-26806.5
-26705.722222222223
-26805.333333333332
-26769.944444444445
-26694.055555555555
-26866.5
-26683.055555555555
-26769.5
-26869.333333333332
-26750.666666666668
-26856.666666666668
-26722.5
-26837.5
-26822.944444444445
-26857.277777777777
-26740.5
-26760.833333333332
-26878.666666666668
-26828.88888888889
-26805.277777777777
-26682.055555555555
-26808.11111111111
-26739.055555555555
-26753.0
-26773.555555555555
-26581.555555555555
-26802.055555555555
-26683.11111111111
-26885.055555555555
-26700.833333333332
-26658.055555555555
-26829.722222222223
-26627.555555555555
-26871.722222222223
-26715.833333333332
-26838.777777777777
-26802.38888888889
-26926.11111111111
-26747.61111111111
-26776.0
-26656.777777777777
-26726.055555555555
-26716.944444444445
-26786.222222222223
-26869.666666666668
-26664.444444444445
-26892.38888888889
-26709.833333333332
-26775.333333333332
-26652.777777777777
-26670.222222222223
-26644.166666666668
-26772.666666666668
-26925.277777777777
-26746.88888888889
-26805.833333333332
-26808.166666666668
-26691.722222222223
-26735.61111111111
-26766.5
-26710.277777777777
-26699.88888888889
-26745.722222222223
-26763.777777777777
-26712.833333333332
-26816.222222222223
-26851.0
-26748.5
-26809.555555555555
-26780.333333333332
-26822.88888888889
-26875.11111111111
-26761.38888888889
-26740.277777777777
-26720.38888888889
-26793.11111111111
-26721.5
-26611.722222222223
-26645.38888888889
-26722.055555555555
-26809.777777777777
-26812.333333333332
-26766.722222222223
-26821.722222222223
-26724.944444444445
-26776.277777777777
-26719.444444444445
-26781.055555555555
-26658.166666666668
-26838.38888888889
-26699.61111111111
-26698.444444444445
-26852.88888888889
-26705.722222222223
-26892.777777777777
-26824.61111111111
-26768.61111111111
-26873.0
-26698.333333333332
-26806.166666666668
-26857.944444444445
-26759.5
-26840.055555555555
-26647.11111111111
-26834.0
-26782.055555555555
-26712.88888888889
-26853.88888888889
-26651.38888888889
-26940.38888888889
-26745.833333333332
-26741.944444444445
-26765.777777777777
-26706.777777777777
-26751.722222222223
-26647.944444444445
-26663.5
-26712.166666666668
-26793.833333333332
-26761.166666666668
-26674.444444444445
-26700.61111111111
-26692.444444444445
-26611.11111111111
-26753.333333333332
-26688.222222222223
-26848.277777777777
-26646.11111111111
-26893.944444444445
-26785.38888888889
-26844.61111111111
-26758.61111111111
-26812.11111111111
-26703.666666666668
-26832.555555555555
-26784.944444444445
-26834.055555555555
-26825.055555555555
-26850.333333333332
-26700.444444444445
-26777.277777777777
-26744.055555555555
-26795.38888888889
-26781.944444444445
-26794.222222222223
-26735.222222222223
-26935.11111111111
-26782.722222222223
-26770.444444444445
-26765.61111111111
-26843.055555555555
-26818.38888888889
-26797.88888888889
-26818.055555555555
-26606.88888888889
-26770.11111111111
-26797.666666666668
-26834.166666666668
-26755.555555555555
-26713.777777777777
-26830.055555555555
-26719.0
-26723.88888888889
-26829.61111111111
-26580.166666666668
-26868.11111111111
-26805.38888888889
-26941.777777777777
-26872.88888888889
-26783.833333333332
-26881.11111111111
-26720.777777777777
-26800.833333333332
-26678.38888888889
-26753.833333333332
-26792.833333333332
-26793.11111111111
-26866.222222222223
-26740.444444444445
-26742.166666666668
-26661.277777777777
-26853.666666666668
-26852.277777777777
-26927.88888888889



The list of best values first execution 

-27790.0
-28185.0
-28247.0
-28335.0
-28275.0
-28363.0
-28272.0
-28379.0
-28386.0
-28394.0
-28440.0
-28456.0
-28432.0
-28430.0
-28456.0
-28458.0
-28460.0
-28460.0
-28460.0
-28460.0
-28460.0
-28460.0
-28458.0
-28460.0
-28460.0
-28460.0
-28460.0
-28460.0
-28460.0
-28460.0
-28460.0
-28460.0
-28460.0
-28458.0
-28460.0
-28460.0
-28460.0
-28460.0
-28458.0
-28460.0
-28460.0
-28460.0
-28460.0
-28460.0
-28460.0
-28460.0
-28460.0
-28458.0
-28460.0
-28460.0
-28460.0
-28460.0
-28460.0
-28460.0
-28460.0
-28460.0
-28460.0
-28458.0
-28460.0
-28460.0
-28460.0
-28460.0
-28460.0
-28460.0
-28460.0
-28460.0
-28458.0
-28460.0
-28460.0
-28460.0
-28460.0
-28460.0
-28460.0
-28460.0
-28458.0
-28460.0
-28460.0
-28460.0
-28460.0
-28460.0
-28460.0
-28460.0
-28460.0
-28460.0
-28460.0
-28460.0
-28460.0
-28460.0
-28460.0
-28460.0
-28460.0
-28460.0
-28460.0
-28460.0
-28460.0
-28460.0
-28460.0
-28460.0
-28458.0
-28460.0
-28460.0
-28460.0
-28460.0
-28460.0
-28460.0
-28460.0
-28460.0
-28460.0
-28460.0
-28460.0
-28460.0
-28460.0
-28460.0
-28460.0
-28460.0
-28460.0
-28460.0
-28460.0
-28460.0
-28460.0
-28460.0
-28458.0
-28460.0
-28458.0
-28460.0
-28458.0
-28460.0
-28458.0
-28460.0
-28460.0
-28460.0
-28460.0
-28460.0
-28460.0
-28460.0
-28460.0
-28460.0
-28460.0
-28458.0
-28460.0
-28460.0
-28460.0
-28460.0
-28460.0
-28460.0
-28460.0
-28460.0
-28460.0
-28460.0
-28460.0
-28460.0
-28460.0
-28460.0
-28460.0
-28460.0
-28460.0
-28460.0
-28460.0
-28460.0
-28460.0
-28460.0
-28460.0
-28460.0
-28460.0
-28460.0
-28460.0
-28460.0
-28460.0
-28460.0
-28460.0
-28460.0
-28460.0
-28460.0
-28460.0
-28460.0
-28460.0
-28460.0
-28460.0
-28460.0
-28460.0
-28460.0
-28460.0
-28460.0
-28460.0
-28460.0
-28460.0
-28460.0
-28460.0
-28460.0
-28460.0
-28460.0
-28460.0
-28460.0
-28460.0
-28460.0
-28458.0
-28460.0
-28460.0
-28460.0
-28460.0
-28460.0
-28460.0
-28458.0
-28460.0
-28458.0
-28460.0
-28460.0
-28460.0
-28460.0
-28460.0
-28460.0
-28460.0
-28460.0
-28460.0
-28460.0
-28460.0
-28460.0
-28460.0
-28460.0
-28460.0
-28460.0
-28460.0
-28460.0
-28460.0
-28460.0
-28460.0
-28460.0
-28458.0
-28460.0
-28458.0
-28460.0
-28460.0
-28458.0
-28460.0
-28460.0
-28460.0
-28460.0
-28460.0
-28458.0
-28460.0
-28460.0
-28460.0
-28460.0
-28460.0
-28460.0
-28460.0
-28460.0
-28458.0
-28460.0
-28460.0
-28460.0
-28460.0
-28460.0
-28458.0
-28460.0
-28460.0
-28460.0
-28460.0
-28456.0
-28458.0
-28460.0
-28460.0
-28460.0
-28460.0
-28460.0
-28460.0
-28460.0
-28460.0
-28460.0
-28460.0
-28458.0
-28460.0
-28460.0
-28460.0
-28460.0
-28460.0
-28458.0
-28460.0
-28460.0
-28460.0
-28460.0
-28458.0
-28460.0
-28460.0
-28460.0
-28460.0
-28460.0
-28460.0
-28460.0
-28460.0
-28460.0
-28460.0
-28460.0
-28460.0
-28460.0
-28460.0
-28460.0
-28460.0
-28460.0
-28460.0
-28460.0
-28460.0
-28458.0
-28460.0
-28460.0
-28460.0
-28460.0
-28460.0
-28460.0
-28460.0
-28460.0
-28460.0
-28460.0
-28460.0
-28460.0
-28460.0
-28460.0
-28460.0
-28460.0
-28460.0
-28458.0
-28460.0
-28458.0
-28460.0
-28460.0
-28460.0
-28460.0
-28460.0
-28460.0
-28460.0
-28460.0
-28460.0
-28460.0
-28460.0
-28460.0
-28460.0
-28460.0
-28460.0
-28460.0
-28460.0
-28460.0
-28460.0
-28460.0
-28460.0
-28460.0
-28460.0
-28460.0
-28460.0
-28460.0
-28460.0
-28458.0
-28460.0
-28458.0
-28460.0
-28460.0
-28460.0
-28460.0
-28460.0
-28460.0
-28460.0
-28460.0
-28460.0
-28460.0
-28460.0
-28460.0
-28460.0
-28460.0
-28460.0
-28460.0
-28460.0
-28460.0
-28460.0
-28460.0
-28460.0
-28460.0
-28460.0
-28460.0
-28460.0
-28460.0
-28460.0
-28460.0
-28460.0
-28458.0
-28460.0
-28460.0
-28460.0
-28460.0
-28460.0
-28460.0
-28460.0
-28460.0
-28460.0
-28460.0
-28460.0
-28460.0
-28460.0
-28460.0
-28460.0
-28460.0
-28460.0
-28460.0
-28458.0
-28460.0
-28460.0
-28460.0
-28460.0
-28460.0
-28460.0
-28460.0
-28460.0
-28460.0
-28460.0
-28460.0
-28460.0
-28460.0
-28460.0
-28460.0
-28460.0
-28460.0
-28460.0
-28460.0
-28458.0
-28458.0
-28460.0
-28458.0
-28460.0
-28460.0
-28460.0
-28460.0
-28460.0
-28458.0
-28460.0
-28460.0
-28460.0
-28460.0
-28460.0
-28460.0
-28460.0
-28460.0
-28460.0
-28460.0
-28460.0
-28460.0
-28460.0
-28460.0
-28460.0
-28458.0
-28460.0
-28460.0
-28460.0
-28460.0
-28460.0
-28460.0
-28460.0
-28458.0
-28460.0
-28460.0
-28460.0
-28460.0
-28460.0
-28460.0
-28460.0
-28460.0
-28460.0
-28460.0
-28460.0
-28460.0
-28460.0
-28460.0
-28460.0
-28460.0
-28460.0
-28458.0
-28458.0
-28460.0
-28460.0
-28460.0
-28460.0
-28460.0
-28460.0
-28460.0
-28460.0
-28460.0
-28460.0
-28460.0
-28458.0
-28460.0
-28460.0
-28460.0
-28460.0
-28460.0
-28460.0
-28460.0
-28460.0
-28460.0
-28460.0
-28460.0
-28460.0
-28460.0
-28460.0
-28460.0
-28460.0
-28460.0
-28460.0
-28460.0
-28460.0
-28460.0
-28460.0
-28458.0
-28460.0
-28460.0
-28460.0
-28460.0
-28460.0
-28460.0
-28460.0
-28460.0
-28458.0
-28460.0
-28460.0
-28460.0
-28460.0
-28460.0
-28460.0
-28460.0
-28460.0
-28460.0
-28460.0
-28460.0
-28460.0
-28460.0
-28460.0
-28460.0
-28460.0
-28460.0
-28460.0
-28460.0
-28460.0
-28460.0
-28460.0
-28460.0
-28460.0
-28460.0
-28460.0
-28458.0
-28458.0
-28460.0
-28460.0
-28460.0
-28460.0
-28460.0
-28460.0
-28460.0
-28458.0
-28460.0
-28460.0
-28460.0
-28460.0
-28460.0
-28460.0
-28460.0
-28460.0
-28460.0
-28458.0
-28460.0
-28460.0
-28460.0
-28460.0
-28460.0
-28460.0
-28460.0
-28460.0
-28460.0
-28460.0
-28460.0
-28460.0
-28460.0
-28458.0
-28460.0
-28458.0
-28460.0
-28460.0
-28460.0
-28460.0



The list of values average 

-26758.6411111111
-26891.934999999998
-26950.96444444446
-26970.541666666664
-26979.712222222224
-26979.76722222221
-26984.323333333326
-26981.37833333333
-26983.56111111112
-26973.17222222222
-26973.262777777763
-26970.035555555554
-26962.367222222227
-26959.76388888889
-26957.29944444445
-26947.817222222224
-26937.35111111111
-26919.156111111108
-26914.937777777785
-26906.727222222213
-26901.172777777767
-26888.41
-26881.744999999995
-26886.874444444442
-26869.352777777774
-26884.321111111116
-26866.106666666663
-26855.527777777774
-26840.832222222205
-26838.009444444448
-26846.45777777779
-26836.92833333334
-26835.620555555557
-26831.24222222222
-26828.092222222218
-26821.010555555542
-26812.844999999998
-26807.284999999996
-26809.626666666667
-26804.163888888896
-26802.246111111115
-26800.680555555555
-26794.409444444438
-26806.02277777777
-26793.750000000007
-26787.5788888889
-26786.613333333342
-26773.53055555555
-26776.434444444447
-26778.159444444453
-26786.44277777777
-26780.71055555555
-26779.13666666668
-26775.241666666672
-26781.067777777775
-26776.33555555555
-26766.256111111106
-26768.18722222223
-26766.415555555563
-26775.813888888897
-26776.41333333333
-26773.774999999994
-26763.469444444436
-26786.780555555564
-26770.275000000005
-26776.401666666665
-26766.32722222223
-26769.491666666665
-26778.012222222227
-26760.47944444445
-26768.691666666662
-26764.8
-26766.59833333334
-26760.663333333338
-26749.335555555568
-26771.9961111111
-26753.533888888887
-26758.949999999993
-26762.49944444443
-26758.811111111107
-26759.66666666666
-26761.42277777778
-26769.587222222213
-26760.218333333327
-26770.808888888892
-26763.248888888884
-26756.986666666653
-26759.93888888887
-26757.20666666667
-26749.62277777779
-26752.417222222226
-26778.997222222217
-26765.918888888893
-26767.405000000002
-26752.319444444438
-26760.927777777782
-26768.585555555554
-26769.708333333336
-26763.44055555555
-26754.688333333335
-26762.496666666673
-26756.931111111106
-26769.229444444445
-26764.307222222236
-26762.958333333332
-26757.186666666672
-26764.71166666666
-26769.32166666667
-26751.96444444445
-26770.462222222213
-26754.06555555555
-26767.5138888889
-26766.071111111094
-26760.823333333323
-26750.69722222222
-26754.84999999999
-26767.097777777788
-26769.714999999993
-26767.156666666673
-26755.521111111117
-26774.82555555555
-26767.795555555545
-26763.2038888889
-26759.259444444448
-26759.795555555564
-26760.88055555554
-26747.137222222227
-26757.448333333334
-26765.368888888886
-26771.780555555546
-26764.851111111115
-26763.407222222224
-26759.040555555566
-26757.932777777773
-26753.916666666657
-26759.58666666667
-26776.83111111111
-26762.10722222224
-26762.696666666667
-26767.270000000008
-26770.515
-26763.98388888889
-26757.88888888888
-26769.810000000012
-26749.287222222232
-26758.883888888893
-26766.394444444442
-26768.37833333334
-26767.69277777778
-26767.734444444446
-26761.676666666663
-26774.609999999993
-26764.34722222223
-26760.486111111124
-26751.631111111106
-26764.89944444446
-26757.85388888889
-26750.572777777776
-26773.988333333346
-26760.20333333334
-26777.453888888886
-26767.54611111111
-26780.39111111111
-26774.790555555566
-26760.44166666667
-26776.852777777764
-26761.043333333335
-26768.58333333333
-26754.102222222224
-26760.320000000003
-26764.84777777777
-26749.101111111104
-26765.81277777778
-26765.25666666666
-26772.166666666682
-26776.585
-26773.92777777778
-26767.231666666663
-26767.517222222206
-26763.7788888889
-26760.28
-26771.789999999997
-26754.060555555552
-26763.280555555553
-26757.49166666666
-26772.632777777762
-26756.93333333332
-26761.799444444445
-26768.663888888874
-26770.325555555562
-26762.35722222221
-26765.171666666673
-26761.89333333334
-26760.743888888894
-26776.446666666663
-26755.664444444436
-26767.09277777777
-26762.94333333333
-26781.588333333337
-26766.312222222215
-26764.48833333333
-26761.286111111105
-26756.161111111105
-26763.84777777778
-26761.405555555553
-26759.57944444445
-26769.451111111102
-26761.947222222232
-26776.286111111105
-26768.646111111113
-26770.648888888903
-26763.772222222226
-26747.77666666667
-26775.004444444436
-26760.770555555548
-26771.148333333334
-26771.14944444445
-26756.936111111103
-26779.22111111111
-26768.581666666672
-26772.10222222222
-26762.650000000023
-26772.105555555558
-26776.09722222222
-26770.26222222223
-26771.800555555546
-26769.62555555555
-26770.012777777793
-26762.723333333328
-26771.67111111111
-26768.91777777778
-26762.84
-26766.879999999986
-26763.238888888896
-26760.046111111118
-26766.721111111114
-26759.565555555546
-26770.42555555555
-26755.589999999997
-26767.57333333333
-26759.049444444452
-26761.87333333333
-26758.387222222227
-26752.355
-26759.74944444444
-26762.968888888896
-26765.864444444447
-26764.988888888878
-26769.040555555555
-26765.596111111117
-26759.42388888889
-26754.721111111106
-26766.116666666658
-26758.612222222215
-26766.593333333345
-26756.61388888889
-26756.400555555556
-26748.28166666667
-26761.044999999995
-26770.687777777795
-26754.999444444442
-26777.724444444448
-26762.046666666658
-26764.376111111105
-26771.551666666663
-26756.271111111106
-26763.786666666667
-26769.038333333345
-26772.053333333344
-26755.72944444445
-26766.622222222213
-26764.85666666667
-26759.644444444435
-26764.127222222218
-26769.761666666673
-26775.558333333345
-26762.344999999998
-26766.14444444445
-26776.012222222234
-26776.85722222223
-26770.61833333333
-26770.626666666667
-26759.961111111115
-26771.487222222237
-26771.018888888884
-26777.601111111122
-26773.93388888888
-26772.06722222222
-26783.85277777778
-26769.781666666666
-26765.81166666666
-26763.42611111111
-26756.946666666674
-26773.332222222227
-26771.63388888889
-26767.128333333338
-26759.331111111118
-26762.30611111112
-26758.263333333347
-26762.284999999993
-26771.646666666667
-26765.46888888889
-26768.043888888886
-26756.637777777785
-26759.4
-26752.88333333334
-26752.854999999996
-26761.399444444454
-26748.37666666666
-26765.43444444444
-26766.41500000001
-26767.864999999998
-26774.741666666654
-26761.59277777777
-26769.946666666663
-26762.135555555564
-26760.886666666673
-26760.640555555558
-26761.25833333335
-26757.2738888889
-26768.819999999996
-26766.98166666667
-26764.42666666667
-26759.651111111114
-26761.87444444444
-26761.017222222225
-26758.663333333334
-26753.43222222221
-26761.470555555567
-26769.793333333328
-26758.840000000004
-26755.838333333333
-26763.74944444444
-26759.21833333334
-26770.819444444445
-26765.107777777772
-26772.76222222221
-26761.83500000001
-26768.169444444433
-26769.88722222222
-26771.92444444443
-26768.39111111111
-26765.050000000003
-26768.024444444447
-26764.62777777778
-26769.121111111097
-26763.602777777774
-26779.072222222207
-26763.99722222223
-26768.98944444445
-26773.74888888888
-26752.678888888884
-26768.83388888889
-26746.64833333335
-26763.933333333334
-26758.804444444457
-26766.500555555558
-26762.69388888889
-26765.069444444434
-26764.46666666667
-26755.237777777762
-26766.38500000001
-26767.225555555568
-26766.741111111118
-26771.35222222222
-26765.54055555555
-26767.062777777766
-26761.29222222223
-26759.553333333333
-26759.04555555555
-26767.15166666666
-26785.201666666664
-26769.10333333333
-26784.170555555564
-26766.655555555564
-26775.58111111112
-26756.109999999993
-26777.764444444434
-26768.666111111113
-26764.14222222222
-26764.66555555554
-26756.516666666666
-26772.734444444453
-26757.57777777778
-26765.18444444445
-26764.98166666667
-26765.38777777779
-26769.342222222233
-26753.942777777775
-26760.267777777783
-26770.81055555556
-26760.91388888888
-26762.02111111113
-26762.59777777778
-26768.671666666673
-26769.06388888889
-26777.33777777778
-26768.821666666663
-26766.76055555556
-26751.691111111115
-26771.813888888883
-26766.7061111111
-26770.79444444444
-26774.557222222214
-26770.84611111111
-26765.408333333333
-26759.728888888883
-26766.791666666653
-26762.826666666664
-26759.326111111113
-26765.354999999996
-26755.80555555556
-26772.671666666665
-26769.83999999999
-26753.800555555565
-26762.65222222222
-26774.96333333332
-26764.613333333327
-26771.578888888882
-26763.952777777777
-26763.01944444445
-26756.760555555553
-26765.14333333333
-26763.92055555556
-26763.500555555554
-26766.925555555557
-26776.707777777774
-26775.242222222223
-26774.73944444446
-26776.197777777772
-26772.16277777778
-26766.039444444432
-26759.76777777777
-26759.83166666668
-26755.39611111111
-26770.570555555558
-26763.287777777787
-26766.23222222224
-26768.206666666672
-26766.65
-26769.209444444445
-26769.277222222227
-26770.362222222233
-26765.242777777778
-26757.19277777777
-26762.82333333334
-26764.084444444456
-26765.58277777777
-26764.053333333326
-26760.950555555537
-26755.46333333334
-26780.80611111111
-26769.070000000007
-26773.098888888897
-26770.24055555555
-26773.569999999996
-26772.94
-26772.28444444444
-26768.08166666667
-26765.62333333332
-26761.306666666653
-26758.24500000001
-26757.697777777772
-26769.89777777779
-26766.86777777779
-26771.28333333334
-26773.062777777777
-26767.168333333335
-26763.0711111111
-26771.52
-26763.195000000007
-26769.52166666668
-26758.878333333327
-26764.825555555562
-26767.946666666663
-26769.16388888889
-26770.034999999996
-26766.65222222221
-26778.37833333332
-26774.181666666675
-26769.907222222228
-26768.221111111114
-26762.57
-26772.467222222218
-26765.39166666666
-26775.578888888896
-26761.033333333326
-26760.64055555554
-26766.742222222227
-26763.327222222215
-26753.33166666667
-26766.070000000007
-26761.31111111111
-26761.325
-26771.387222222223
-26766.27888888888
-26755.653888888886
-26769.21499999999
-26768.131111111103
-26775.033888888884
-26767.852777777774
-26767.340000000004
-26759.001111111113
-26759.857777777775
-26760.710000000006
-26762.407222222235
-26769.15944444444
-26764.75388888889
-26776.67833333333
-26768.965
-26768.726666666655
-26768.683333333334
-26766.34444444444
-26758.675
-26771.330555555556
-26770.55888888889
-26772.368888888883
-26765.645555555555
-26765.947222222214
-26767.462222222217
-26771.35388888889
-26778.324444444443
-26760.905
-26766.37777777777
-26773.78444444444
-26753.316111111126
-26766.115555555545
-26757.318888888887
-26768.400555555552
-26769.341666666674
-26758.195555555565
-26774.040555555555
-26769.876666666656
-26769.382222222226
-26774.679444444442
-26768.31333333334
-26778.574999999993
-26770.784999999993
-26776.546111111114
-26770.851666666673
-26762.051111111123
-26758.89722222221
-26760.52555555555
-26772.222222222215
-26790.400555555556
-26758.433333333338
-26765.433333333338
-26767.88833333333
-26764.50111111112
-26776.081666666672
-26772.397777777787
-26769.86499999999
-26767.711666666666
-26770.827777777766
-26776.096666666657
-26762.53444444444
-26777.348888888897
-26776.66388888889
-26774.230000000003
-26775.827777777773
-26775.030000000006
-26776.96166666667
-26772.61111111111
-26771.670000000002
-26775.353888888887
-26778.14888888889
-26777.837222222213
-26786.287222222218
-26769.717777777776
-26771.757222222226
-26770.06833333333
-26771.636111111122
-26759.586111111104
-26761.87666666667
-26776.395000000004
-26769.262777777778
-26768.53611111111
-26772.868888888886
-26766.634444444437
-26772.12444444445
-26768.37277777778
-26763.605
-26760.659444444438
-26754.596111111114



The list of best values average 

-27722.870000000003
-28062.820000000007
-28199.240000000005
-28265.860000000008
-28303.900000000005
-28331.730000000007
-28352.729999999992
-28369.78000000001
-28374.870000000003
-28384.749999999993
-28389.77
-28395.29
-28402.289999999997
-28404.769999999997
-28406.15
-28413.230000000003
-28414.589999999993
-28414.910000000003
-28414.789999999994
-28420.129999999997
-28421.560000000012
-28421.05
-28427.699999999997
-28423.729999999992
-28426.509999999987
-28425.9
-28430.839999999993
-28431.59
-28431.789999999997
-28432.119999999995
-28433.300000000003
-28432.549999999996
-28431.66
-28433.120000000006
-28435.779999999995
-28437.89
-28434.829999999998
-28438.219999999994
-28439.540000000005
-28440.469999999998
-28437.82
-28439.740000000005
-28442.09000000001
-28440.32
-28439.770000000004
-28442.810000000005
-28440.949999999997
-28441.920000000006
-28443.510000000002
-28442.889999999996
-28442.29
-28443.110000000004
-28442.74999999999
-28443.000000000007
-28443.07
-28443.23
-28443.56
-28443.72
-28444.999999999996
-28444.250000000007
-28444.38
-28444.460000000003
-28446.14
-28445.600000000006
-28443.64
-28444.26
-28444.110000000004
-28442.809999999994
-28446.170000000002
-28446.619999999995
-28445.549999999996
-28444.95
-28443.350000000013
-28444.680000000008
-28444.000000000004
-28445.51000000001
-28445.540000000008
-28444.440000000006
-28445.16000000001
-28444.489999999994
-28445.829999999998
-28444.260000000006
-28445.86
-28445.499999999996
-28446.16
-28445.989999999994
-28445.719999999998
-28448.72999999999
-28448.390000000003
-28449.38
-28448.070000000003
-28449.710000000003
-28449.27
-28447.81000000001
-28449.019999999997
-28449.660000000007
-28451.370000000006
-28451.190000000002
-28449.700000000004
-28449.909999999996
-28450.799999999996
-28450.640000000007
-28451.58
-28452.44
-28449.83
-28451.130000000005
-28452.31000000001
-28451.26
-28451.249999999996
-28451.02000000001
-28451.660000000007
-28452.290000000005
-28451.62
-28452.249999999993
-28452.1
-28452.22000000001
-28452.72000000001
-28453.000000000004
-28453.520000000008
-28451.480000000007
-28451.730000000007
-28452.259999999995
-28452.530000000002
-28452.24
-28452.420000000002
-28451.93
-28451.860000000015
-28450.880000000012
-28451.930000000004
-28451.670000000002
-28451.89000000001
-28451.48
-28452.03000000001
-28450.900000000012
-28452.70000000001
-28451.670000000002
-28452.450000000008
-28451.29000000001
-28452.46000000001
-28453.540000000015
-28452.03000000001
-28452.42000000001
-28452.33
-28451.250000000007
-28453.0
-28453.900000000012
-28452.72000000001
-28452.88000000001
-28453.000000000007
-28452.770000000004
-28453.220000000012
-28452.950000000008
-28452.35
-28452.690000000006
-28454.17000000001
-28453.3
-28452.820000000003
-28452.710000000003
-28454.309999999998
-28453.170000000006
-28453.890000000003
-28453.489999999994
-28453.570000000003
-28452.72
-28453.69000000001
-28453.779999999995
-28452.510000000002
-28453.49000000001
-28453.340000000004
-28452.890000000003
-28453.59000000001
-28453.05
-28452.160000000007
-28454.27
-28453.480000000003
-28453.3
-28453.690000000002
-28453.25
-28454.500000000004
-28454.360000000004
-28454.06
-28454.240000000005
-28454.499999999993
-28454.25
-28453.109999999997
-28454.69
-28454.459999999995
-28453.87
-28454.45
-28454.990000000005
-28454.35
-28453.040000000008
-28454.940000000002
-28454.25
-28454.940000000006
-28453.010000000006
-28455.11
-28455.27
-28455.68000000001
-28453.760000000006
-28455.309999999994
-28455.289999999994
-28454.710000000006
-28454.17
-28455.2
-28454.760000000002
-28454.94
-28454.270000000004
-28454.530000000002
-28455.899999999994
-28454.78
-28455.169999999995
-28454.720000000005
-28455.379999999997
-28455.329999999994
-28454.31
-28454.809999999994
-28454.41
-28455.059999999998
-28454.440000000002
-28454.33
-28452.860000000004
-28455.040000000005
-28455.370000000003
-28454.89000000001
-28455.97
-28453.910000000003
-28454.719999999994
-28456.28
-28456.089999999993
-28455.479999999996
-28455.929999999993
-28456.349999999995
-28454.289999999997
-28454.739999999998
-28455.389999999996
-28455.899999999998
-28456.6
-28456.489999999994
-28455.350000000002
-28456.23
-28455.729999999996
-28455.800000000003
-28456.420000000006
-28455.179999999993
-28455.93
-28456.010000000002
-28455.999999999996
-28456.31000000001
-28457.51
-28456.220000000005
-28456.629999999997
-28456.46
-28456.81
-28456.39
-28457.379999999994
-28456.05
-28456.13999999999
-28456.549999999996
-28457.229999999996
-28456.74999999999
-28456.84
-28457.069999999996
-28456.860000000004
-28457.289999999994
-28457.829999999994
-28456.730000000003
-28456.690000000006
-28457.58000000001
-28457.980000000003
-28457.04000000001
-28456.500000000007
-28457.490000000005
-28457.81
-28457.900000000005
-28456.710000000003
-28457.34
-28458.780000000002
-28458.24
-28456.640000000003
-28458.62
-28458.350000000002
-28456.97
-28457.54
-28458.760000000002
-28458.249999999996
-28457.37
-28457.499999999993
-28457.7
-28458.46
-28457.43
-28457.08
-28457.630000000005
-28457.780000000002
-28457.029999999995
-28458.069999999996
-28457.13
-28458.239999999998
-28458.40000000001
-28457.280000000002
-28458.140000000003
-28457.370000000003
-28458.51
-28456.95
-28457.509999999995
-28458.0
-28458.879999999994
-28457.489999999998
-28458.12999999999
-28458.919999999987
-28458.720000000005
-28457.509999999995
-28458.05
-28458.930000000004
-28458.289999999994
-28458.809999999994
-28459.31999999999
-28458.85999999999
-28458.459999999992
-28458.64999999999
-28458.019999999997
-28458.749999999996
-28459.349999999995
-28458.319999999992
-28458.649999999994
-28459.63
-28460.449999999997
-28459.18
-28459.67999999999
-28459.05
-28460.089999999993
-28458.669999999995
-28459.129999999994
-28458.98999999999
-28459.829999999994
-28459.229999999996
-28459.129999999997
-28459.88
-28459.94999999999
-28459.17999999999
-28458.899999999994
-28460.719999999994
-28459.46999999999
-28459.409999999996
-28459.559999999994
-28460.219999999987
-28459.85999999999
-28460.109999999993
-28459.999999999993
-28460.709999999992
-28460.87999999999
-28459.44999999999
-28459.80999999999
-28461.049999999996
-28460.78999999999
-28459.239999999994
-28460.33999999999
-28459.47999999999
-28460.09999999999
-28459.84999999999
-28459.839999999993
-28459.88999999999
-28459.61999999999
-28460.719999999994
-28461.009999999995
-28461.079999999987
-28459.81999999999
-28459.119999999988
-28460.369999999995
-28460.07999999999
-28460.05999999999
-28459.98
-28460.88999999999
-28460.639999999992
-28460.779999999988
-28459.93999999999
-28458.86999999999
-28460.359999999997
-28460.21999999999
-28459.899999999987
-28460.689999999995
-28461.15999999999
-28460.329999999994
-28460.03999999999
-28460.16999999999
-28460.009999999984
-28459.71999999999
-28460.339999999993
-28458.699999999993
-28460.51999999999
-28459.249999999996
-28460.44999999999
-28460.169999999987
-28460.33999999999
-28459.779999999984
-28459.909999999993
-28460.799999999992
-28460.19999999999
-28459.31999999999
-28460.23999999999
-28460.179999999993
-28459.409999999985
-28460.51
-28459.479999999992
-28459.119999999988
-28459.909999999978
-28460.619999999977
-28459.249999999996
-28461.209999999992
-28460.28999999998
-28459.93999999999
-28460.249999999985
-28461.579999999987
-28460.13999999999
-28460.719999999994
-28459.899999999994
-28460.959999999995
-28459.72999999999
-28461.439999999988
-28460.08999999999
-28460.369999999988
-28460.219999999994
-28461.029999999988
-28460.809999999983
-28459.469999999983
-28460.18999999999
-28460.73999999998
-28461.599999999984
-28459.989999999987
-28461.209999999985
-28460.859999999993
-28461.359999999993
-28460.28999999999
-28461.299999999992
-28461.809999999998
-28460.879999999986
-28461.749999999993
-28460.159999999993
-28460.97999999999
-28461.059999999987
-28460.919999999995
-28461.449999999986
-28461.879999999983
-28460.629999999994
-28461.56999999999
-28461.599999999995
-28461.289999999994
-28461.159999999996
-28461.92999999999
-28461.989999999994
-28460.639999999992
-28461.729999999996
-28461.579999999994
-28462.14999999999
-28461.399999999998
-28461.349999999988
-28461.319999999992
-28462.589999999986
-28462.119999999995
-28461.419999999987
-28462.169999999995
-28461.88999999999
-28461.559999999987
-28461.66999999999
-28462.44
-28461.919999999995
-28461.399999999998
-28462.029999999995
-28461.60999999999
-28461.57999999999
-28460.939999999995
-28461.249999999985
-28462.159999999985
-28461.85999999999
-28460.889999999992
-28462.009999999987
-28462.39999999999
-28461.919999999987
-28461.219999999994
-28461.489999999998
-28460.979999999992
-28461.469999999994
-28461.16999999999
-28462.44
-28462.439999999995
-28461.689999999995
-28461.64999999999
-28461.579999999994
-28462.319999999992
-28462.299999999992
-28461.749999999993
-28462.09999999999
-28463.08999999999
-28461.93999999999
-28461.979999999992
-28462.65999999999
-28462.469999999983
-28462.359999999986
-28462.39999999999
-28462.09999999999
-28462.14999999999
-28462.789999999986
-28463.28999999999
-28462.88999999999
-28462.399999999994
-28462.74
-28463.55999999999
-28462.40999999999
-28463.659999999985
-28463.799999999992
-28463.329999999984
-28462.249999999993
-28463.329999999987
-28462.98999999999
-28462.84999999999
-28462.739999999987
-28462.45999999999
-28462.529999999988
-28462.41999999999
-28462.599999999988
-28463.95999999999
-28463.009999999984
-28462.52999999999
-28462.729999999992
-28463.149999999987
-28462.619999999984
-28463.04999999999
-28462.58999999999
-28463.239999999987
-28463.539999999994
-28462.809999999994
-28462.459999999995
-28462.89
-28462.37999999999
-28462.28999999999
-28462.929999999993
-28462.92999999999
-28463.08999999999
-28463.409999999996
-28462.769999999993
-28462.519999999993
-28463.199999999997
-28463.319999999996
-28462.67
-28463.209999999995
-28463.429999999997
-28462.09999999999
-28462.959999999992
-28462.589999999993
-28462.929999999993
-28462.629999999997
-28462.70999999999
-28462.49999999999
-28462.50999999999
-28463.309999999987
-28463.289999999986
-28462.189999999995
-28462.529999999988
-28461.76999999999
-28462.90999999999
-28462.359999999993
-28462.979999999985
-28462.689999999984
-28463.08999999999
-28462.689999999988
-28462.459999999985
-28461.44999999999
-28463.169999999987
-28462.859999999986
-28461.879999999986
-28462.87999999999
-28462.719999999998
-28462.309999999987
-28463.159999999993
-28463.789999999994
-28463.42999999999
-28462.709999999992
-28463.139999999992
-28463.229999999992
-28462.94999999999
-28463.739999999987
-28463.279999999995
-28462.429999999993
-28463.359999999993
