----------Report of simulation of Path Integral Quantum Monte Carlo-----------
The number of considered Spin 96
The considered Annealing Duration 384
The considered Annealing Number 100
The considered T 1.0
The considered Gamma0 1.0
The considered Number Of Replica 18
The solution found [-1  1 -1  1 -1  1  1 -1 -1 -1 -1 -1 -1  1  1 -1 -1 -1  1  1 -1  1  1 -1
  1  1  1 -1 -1 -1  1  1 -1  1  1  1 -1  1 -1 -1  1 -1  1 -1 -1 -1  1 -1
  1  1 -1 -1  1  1  1  1 -1 -1  1 -1 -1  1  1 -1  1  1  1 -1 -1 -1  1 -1
  1  1 -1  1  1 -1 -1 -1 -1  1  1  1 -1 -1 -1  1  1 -1  1  1  1 -1 -1  1]
The value found -12666.0
The Success probability is 0.92
The average value is -12662.66
The total execution time is 2384.3082904815674
The average time for execution is 23.843080978393555
The average time for system update is 0.06177820942054192
The average time for replica update is 0.0034316053227693944
The average time for spin update is 3.542441901331193e-05
The list of values found 

-12666.0
-12666.0
-12666.0
-12666.0
-12666.0
-12666.0
-12666.0
-12666.0
-12666.0
-12666.0
-12666.0
-12666.0
-12666.0
-12650.0
-12666.0
-12606.0
-12666.0
-12666.0
-12666.0
-12666.0
-12666.0
-12666.0
-12666.0
-12621.0
-12666.0
-12666.0
-12666.0
-12666.0
-12666.0
-12666.0
-12666.0
-12666.0
-12666.0
-12666.0
-12666.0
-12619.0
-12666.0
-12666.0
-12666.0
-12666.0
-12666.0
-12666.0
-12666.0
-12666.0
-12666.0
-12666.0
-12621.0
-12666.0
-12666.0
-12666.0
-12666.0
-12666.0
-12666.0
-12666.0
-12666.0
-12666.0
-12666.0
-12666.0
-12666.0
-12666.0
-12666.0
-12650.0
-12666.0
-12666.0
-12666.0
-12666.0
-12606.0
-12666.0
-12666.0
-12666.0
-12666.0
-12666.0
-12666.0
-12666.0
-12666.0
-12666.0
-12666.0
-12666.0
-12666.0
-12666.0
-12666.0
-12666.0
-12666.0
-12666.0
-12666.0
-12666.0
-12666.0
-12666.0
-12666.0
-12666.0
-12666.0
-12666.0
-12666.0
-12666.0
-12666.0
-12666.0
-12666.0
-12621.0
-12666.0
-12666.0



The list of values first execution 

-11559.277777777777
-11620.166666666666
-11662.166666666666
-11664.555555555555
-11698.722222222223
-11720.666666666666
-11808.555555555555
-11854.944444444445
-11915.222222222223
-11981.166666666666
-12009.277777777777
-12107.111111111111
-12172.833333333334
-12192.444444444445
-12273.777777777777
-12286.5
-12330.0
-12391.722222222223
-12483.555555555555
-12512.944444444445
-12482.5
-12528.888888888889
-12536.277777777777
-12547.888888888889
-12557.666666666666
-12565.277777777777
-12572.5
-12551.722222222223
-12565.611111111111
-12586.777777777777
-12593.555555555555
-12595.222222222223
-12593.222222222223
-12597.0
-12589.888888888889
-12591.833333333334
-12596.166666666666
-12597.777777777777
-12615.111111111111
-12612.166666666666
-12604.722222222223
-12606.444444444445
-12612.277777777777
-12607.666666666666
-12608.444444444445
-12614.5
-12614.888888888889
-12618.277777777777
-12622.666666666666
-12624.055555555555
-12626.888888888889
-12626.777777777777
-12627.388888888889
-12629.444444444445
-12628.555555555555
-12630.277777777777
-12632.111111111111
-12634.277777777777
-12630.166666666666
-12624.777777777777
-12635.222222222223
-12636.444444444445
-12637.111111111111
-12638.055555555555
-12640.833333333334
-12636.333333333334
-12641.444444444445
-12642.888888888889
-12639.444444444445
-12642.055555555555
-12642.111111111111
-12636.111111111111
-12643.888888888889
-12644.0
-12644.222222222223
-12644.444444444445
-12644.722222222223
-12646.277777777777
-12647.055555555555
-12647.222222222223
-12646.666666666666
-12647.722222222223
-12648.277777777777
-12646.611111111111
-12647.777777777777
-12649.333333333334
-12648.222222222223
-12648.722222222223
-12649.777777777777
-12651.277777777777
-12652.388888888889
-12653.555555555555
-12654.444444444445
-12653.888888888889
-12653.222222222223
-12652.777777777777
-12652.555555555555
-12652.0
-12653.333333333334
-12653.222222222223
-12653.555555555555
-12653.222222222223
-12652.888888888889
-12653.944444444445
-12653.444444444445
-12653.055555555555
-12651.777777777777
-12653.944444444445
-12653.277777777777
-12653.0
-12652.444444444445
-12653.055555555555
-12654.444444444445
-12653.5
-12653.5
-12654.444444444445
-12654.444444444445
-12654.166666666666
-12654.166666666666
-12653.444444444445
-12653.666666666666
-12653.388888888889
-12653.444444444445
-12652.5
-12653.222222222223
-12653.833333333334
-12652.777777777777
-12651.222222222223
-12652.277777777777
-12650.777777777777
-12652.333333333334
-12652.055555555555
-12653.611111111111
-12654.444444444445
-12654.166666666666
-12653.666666666666
-12653.777777777777
-12654.444444444445
-12654.444444444445
-12654.444444444445
-12654.166666666666
-12653.611111111111
-12653.833333333334
-12653.611111111111
-12653.277777777777
-12654.444444444445
-12654.444444444445
-12654.444444444445
-12654.444444444445
-12654.444444444445
-12654.444444444445
-12654.444444444445
-12654.444444444445
-12653.888888888889
-12653.833333333334
-12653.555555555555
-12654.444444444445
-12654.444444444445
-12654.055555555555
-12652.611111111111
-12654.111111111111
-12654.444444444445
-12654.166666666666
-12653.944444444445
-12654.444444444445
-12654.444444444445
-12654.444444444445
-12654.444444444445
-12654.166666666666
-12654.444444444445
-12654.444444444445
-12654.444444444445
-12654.444444444445
-12654.444444444445
-12654.444444444445
-12654.444444444445
-12654.444444444445
-12654.444444444445
-12654.444444444445
-12654.444444444445
-12654.166666666666
-12654.444444444445
-12654.444444444445
-12654.166666666666
-12654.444444444445
-12654.444444444445
-12654.444444444445
-12654.166666666666
-12654.444444444445
-12654.444444444445
-12654.166666666666
-12654.444444444445
-12654.444444444445
-12654.444444444445
-12654.444444444445
-12654.444444444445
-12654.444444444445
-12654.444444444445
-12654.444444444445
-12653.888888888889
-12653.222222222223
-12653.666666666666
-12654.444444444445
-12654.444444444445
-12654.444444444445
-12654.444444444445
-12654.444444444445
-12654.444444444445
-12654.444444444445
-12653.944444444445
-12654.444444444445
-12654.444444444445
-12654.444444444445
-12654.444444444445
-12654.166666666666
-12654.444444444445
-12654.444444444445
-12654.444444444445
-12654.444444444445
-12654.444444444445
-12653.944444444445
-12654.166666666666
-12654.444444444445
-12653.944444444445
-12653.833333333334
-12654.444444444445
-12653.388888888889
-12654.111111111111
-12653.222222222223
-12654.444444444445
-12654.444444444445
-12654.444444444445
-12654.444444444445
-12654.166666666666
-12654.444444444445
-12654.444444444445
-12654.166666666666
-12654.444444444445
-12654.444444444445
-12654.444444444445
-12654.444444444445
-12654.444444444445
-12654.444444444445
-12654.444444444445
-12654.444444444445
-12654.444444444445
-12654.444444444445
-12654.444444444445
-12654.444444444445
-12654.444444444445
-12654.444444444445
-12654.444444444445
-12654.444444444445
-12654.444444444445
-12654.444444444445
-12654.444444444445
-12654.444444444445
-12654.444444444445
-12654.444444444445
-12654.444444444445
-12654.444444444445
-12654.166666666666
-12654.444444444445
-12654.444444444445
-12654.444444444445
-12654.166666666666
-12654.444444444445
-12654.444444444445
-12654.444444444445
-12654.444444444445
-12654.444444444445
-12654.444444444445
-12654.444444444445
-12654.444444444445
-12654.444444444445
-12654.444444444445
-12654.444444444445
-12654.444444444445
-12654.444444444445
-12654.444444444445
-12654.444444444445
-12654.444444444445
-12654.444444444445
-12654.444444444445
-12654.444444444445
-12654.166666666666
-12654.166666666666
-12654.444444444445
-12654.444444444445
-12654.444444444445
-12654.444444444445
-12654.444444444445
-12654.444444444445
-12654.444444444445
-12654.444444444445
-12654.444444444445
-12654.444444444445
-12654.444444444445
-12654.444444444445
-12654.444444444445
-12654.444444444445
-12654.444444444445
-12654.166666666666
-12654.444444444445
-12654.444444444445
-12654.444444444445
-12654.444444444445
-12654.444444444445
-12654.444444444445
-12654.444444444445
-12654.444444444445
-12654.444444444445
-12654.444444444445
-12654.166666666666
-12654.444444444445
-12654.444444444445
-12654.444444444445
-12654.166666666666
-12654.444444444445
-12654.444444444445
-12654.444444444445
-12654.444444444445
-12654.444444444445
-12654.444444444445
-12654.444444444445
-12654.444444444445
-12654.444444444445
-12654.444444444445
-12654.444444444445
-12654.444444444445
-12654.444444444445
-12654.444444444445
-12654.444444444445
-12654.444444444445
-12654.444444444445
-12654.444444444445
-12654.444444444445
-12654.444444444445
-12654.444444444445
-12654.166666666666
-12654.444444444445
-12654.444444444445
-12654.444444444445
-12654.444444444445
-12654.444444444445
-12654.444444444445
-12654.444444444445
-12654.444444444445
-12654.444444444445
-12654.444444444445
-12654.444444444445
-12654.166666666666
-12654.444444444445
-12654.444444444445
-12654.444444444445
-12654.444444444445
-12654.444444444445
-12654.444444444445
-12654.444444444445
-12654.444444444445
-12654.444444444445
-12654.444444444445
-12654.444444444445
-12654.444444444445
-12654.444444444445
-12654.444444444445
-12654.444444444445
-12654.444444444445
-12654.444444444445
-12654.444444444445
-12654.444444444445
-12654.444444444445
-12654.444444444445
-12654.444444444445
-12654.444444444445
-12654.444444444445
-12654.444444444445
-12654.444444444445
-12654.444444444445
-12654.444444444445
-12654.444444444445
-12654.444444444445
-12654.444444444445
-12654.444444444445



The list of best values first execution 

-11865.0
-11807.0
-11824.0
-11876.0
-11870.0
-11928.0
-12017.0
-11994.0
-12080.0
-12218.0
-12227.0
-12237.0
-12324.0
-12507.0
-12477.0
-12517.0
-12508.0
-12591.0
-12582.0
-12597.0
-12611.0
-12641.0
-12614.0
-12636.0
-12621.0
-12640.0
-12635.0
-12646.0
-12637.0
-12638.0
-12638.0
-12643.0
-12639.0
-12648.0
-12641.0
-12637.0
-12657.0
-12645.0
-12654.0
-12648.0
-12643.0
-12649.0
-12643.0
-12648.0
-12648.0
-12648.0
-12649.0
-12649.0
-12648.0
-12650.0
-12654.0
-12657.0
-12657.0
-12654.0
-12666.0
-12666.0
-12666.0
-12666.0
-12666.0
-12666.0
-12666.0
-12666.0
-12666.0
-12666.0
-12666.0
-12666.0
-12666.0
-12666.0
-12666.0
-12666.0
-12666.0
-12666.0
-12666.0
-12666.0
-12666.0
-12666.0
-12666.0
-12666.0
-12666.0
-12666.0
-12666.0
-12666.0
-12666.0
-12666.0
-12666.0
-12666.0
-12666.0
-12666.0
-12666.0
-12666.0
-12666.0
-12666.0
-12666.0
-12666.0
-12666.0
-12666.0
-12666.0
-12666.0
-12666.0
-12666.0
-12666.0
-12666.0
-12666.0
-12666.0
-12666.0
-12666.0
-12666.0
-12666.0
-12666.0
-12666.0
-12666.0
-12666.0
-12666.0
-12666.0
-12666.0
-12666.0
-12666.0
-12666.0
-12666.0
-12666.0
-12666.0
-12666.0
-12666.0
-12666.0
-12666.0
-12666.0
-12666.0
-12666.0
-12666.0
-12666.0
-12666.0
-12666.0
-12666.0
-12666.0
-12666.0
-12666.0
-12666.0
-12666.0
-12666.0
-12666.0
-12666.0
-12666.0
-12666.0
-12666.0
-12666.0
-12666.0
-12666.0
-12666.0
-12666.0
-12666.0
-12666.0
-12666.0
-12666.0
-12666.0
-12666.0
-12666.0
-12666.0
-12666.0
-12666.0
-12666.0
-12666.0
-12666.0
-12666.0
-12666.0
-12666.0
-12666.0
-12666.0
-12666.0
-12666.0
-12666.0
-12666.0
-12666.0
-12666.0
-12666.0
-12666.0
-12666.0
-12666.0
-12666.0
-12666.0
-12666.0
-12666.0
-12666.0
-12666.0
-12666.0
-12666.0
-12666.0
-12666.0
-12666.0
-12666.0
-12666.0
-12666.0
-12666.0
-12666.0
-12666.0
-12666.0
-12666.0
-12666.0
-12666.0
-12666.0
-12666.0
-12666.0
-12666.0
-12666.0
-12666.0
-12666.0
-12666.0
-12666.0
-12666.0
-12666.0
-12666.0
-12666.0
-12666.0
-12666.0
-12666.0
-12666.0
-12666.0
-12666.0
-12666.0
-12666.0
-12666.0
-12666.0
-12666.0
-12666.0
-12666.0
-12666.0
-12666.0
-12666.0
-12666.0
-12666.0
-12666.0
-12666.0
-12666.0
-12666.0
-12666.0
-12666.0
-12666.0
-12666.0
-12666.0
-12666.0
-12666.0
-12666.0
-12666.0
-12666.0
-12666.0
-12666.0
-12666.0
-12666.0
-12666.0
-12666.0
-12666.0
-12666.0
-12666.0
-12666.0
-12666.0
-12666.0
-12666.0
-12666.0
-12666.0
-12666.0
-12666.0
-12666.0
-12666.0
-12666.0
-12666.0
-12666.0
-12666.0
-12666.0
-12666.0
-12666.0
-12666.0
-12666.0
-12666.0
-12666.0
-12666.0
-12666.0
-12666.0
-12666.0
-12666.0
-12666.0
-12666.0
-12666.0
-12666.0
-12666.0
-12666.0
-12666.0
-12666.0
-12666.0
-12666.0
-12666.0
-12666.0
-12666.0
-12666.0
-12666.0
-12666.0
-12666.0
-12666.0
-12666.0
-12666.0
-12666.0
-12666.0
-12666.0
-12666.0
-12666.0
-12666.0
-12666.0
-12666.0
-12666.0
-12666.0
-12666.0
-12666.0
-12666.0
-12666.0
-12666.0
-12666.0
-12666.0
-12666.0
-12666.0
-12666.0
-12666.0
-12666.0
-12666.0
-12666.0
-12666.0
-12666.0
-12666.0
-12666.0
-12666.0
-12666.0
-12666.0
-12666.0
-12666.0
-12666.0
-12666.0
-12666.0
-12666.0
-12666.0
-12666.0
-12666.0
-12666.0
-12666.0
-12666.0
-12666.0
-12666.0
-12666.0
-12666.0
-12666.0
-12666.0
-12666.0
-12666.0
-12666.0
-12666.0
-12666.0
-12666.0
-12666.0
-12666.0
-12666.0
-12666.0
-12666.0
-12666.0
-12666.0
-12666.0
-12666.0
-12666.0
-12666.0
-12666.0
-12666.0
-12666.0
-12666.0
-12666.0
-12666.0
-12666.0
-12666.0
-12666.0
-12666.0
-12666.0
-12666.0
-12666.0
-12666.0
-12666.0
-12666.0
-12666.0
-12666.0
-12666.0
-12666.0



The list of values average 

-11567.288333333334
-11608.311666666668
-11644.698888888885
-11680.658333333336
-11725.592222222218
-11773.206111111112
-11822.218888888885
-11868.605555555556
-11928.637222222222
-12000.431666666662
-12071.017777777772
-12149.798888888892
-12229.443333333327
-12299.941111111111
-12359.577777777775
-12411.412222222223
-12449.271111111108
-12481.994444444445
-12507.953333333331
-12526.392222222225
-12541.613333333342
-12555.284444444442
-12567.11888888889
-12577.211111111108
-12585.440000000002
-12593.047777777785
-12598.88833333334
-12603.625555555556
-12608.70666666667
-12611.798888888885
-12615.61555555556
-12619.421111111113
-12621.89555555556
-12625.027777777781
-12627.564999999995
-12630.712777777775
-12633.494444444446
-12636.7
-12638.189444444448
-12640.14277777778
-12641.521666666666
-12642.939444444439
-12644.62166666666
-12645.27166666666
-12646.537777777772
-12647.634999999993
-12648.469444444441
-12649.091111111115
-12649.788888888887
-12650.478333333325
-12650.682222222214
-12650.780555555548
-12651.27666666666
-12652.005555555554
-12652.386666666658
-12652.592777777772
-12653.02499999999
-12653.457222222218
-12653.806111111106
-12654.373333333326
-12654.60555555555
-12654.911111111107
-12655.142222222215
-12655.108888888883
-12655.454444444438
-12655.41888888888
-12655.718333333325
-12655.972222222215
-12656.258333333324
-12656.154999999988
-12656.252777777767
-12656.446111111101
-12656.506111111104
-12656.810555555547
-12657.01777777777
-12657.05499999999
-12657.248333333322
-12657.293888888878
-12657.298333333325
-12657.446666666658
-12657.788333333321
-12657.739444444436
-12657.826666666657
-12657.82666666666
-12657.904444444433
-12657.896111111104
-12657.78499999999
-12657.920555555547
-12658.051111111099
-12658.109999999991
-12657.93666666666
-12658.017777777766
-12658.034999999994
-12658.173333333323
-12658.072222222212
-12658.189444444435
-12658.252222222212
-12658.447777777768
-12658.328888888878
-12658.437777777768
-12658.457222222212
-12658.506666666659
-12658.467777777769
-12658.39499999999
-12658.372777777768
-12658.40166666666
-12658.538333333321
-12658.558333333323
-12658.566666666657
-12658.566111111102
-12658.697222222216
-12658.652222222212
-12658.71888888888
-12658.608333333324
-12658.718888888878
-12658.641111111101
-12658.738333333324
-12658.67999999999
-12658.731666666656
-12658.701111111102
-12658.682222222213
-12658.704444444433
-12658.784999999993
-12658.66777777777
-12658.723333333324
-12658.70944444443
-12658.729999999992
-12658.761111111102
-12658.77277777777
-12658.726666666658
-12658.737222222211
-12658.7561111111
-12658.80722222221
-12658.902777777768
-12658.826666666657
-12658.840555555546
-12658.836111111103
-12658.860555555546
-12658.78222222221
-12658.731666666656
-12658.810555555545
-12658.833333333323
-12658.843333333323
-12658.799444444434
-12658.776666666661
-12658.847222222214
-12658.904444444435
-12658.909444444433
-12658.928888888879
-12658.907777777766
-12658.922777777767
-12658.919444444433
-12658.949444444435
-12658.933333333323
-12658.976666666655
-12658.926666666654
-12658.954444444435
-12658.953888888878
-12658.924999999987
-12658.907222222211
-12658.94999999999
-12658.950555555544
-12658.977222222213
-12658.959444444432
-12658.93999999999
-12658.911666666656
-12658.945555555547
-12658.950555555544
-12658.951666666657
-12658.961111111103
-12658.959999999986
-12658.97222222221
-12658.933333333323
-12658.9561111111
-12658.94777777777
-12658.974444444433
-12658.946111111101
-12658.95666666666
-12658.935555555545
-12658.982222222208
-12658.994999999988
-12659.004999999986
-12659.028333333323
-12659.01388888888
-12659.050555555545
-12659.023333333324
-12659.053888888877
-12659.034999999989
-12659.05833333332
-12659.047777777765
-12659.05499999999
-12659.029999999988
-12659.0211111111
-12659.017222222212
-12659.045555555544
-12659.068333333324
-12659.051111111103
-12659.054999999991
-12659.032222222213
-12659.051666666654
-12659.001666666654
-12659.022777777765
-12659.013888888876
-12659.011111111098
-12659.029444444432
-12659.0611111111
-12659.04388888888
-12659.058333333323
-12659.027777777768
-12659.044444444437
-12659.023888888878
-12659.039444444434
-12659.056666666653
-12659.077777777764
-12659.052222222212
-12659.074444444435
-12659.052222222212
-12659.05222222221
-12659.059444444432
-12659.058888888878
-12659.021111111098
-12659.091111111096
-12659.056111111096
-12659.081666666654
-12659.061111111101
-12659.099444444435
-12659.046666666658
-12659.076666666659
-12659.039999999988
-12659.081111111098
-12659.053333333322
-12659.078333333322
-12659.04999999999
-12659.070555555545
-12659.064999999988
-12659.071111111098
-12659.061666666654
-12659.08722222221
-12659.069999999989
-12659.078333333324
-12659.06888888888
-12659.0761111111
-12659.05499999999
-12659.065555555544
-12659.061666666657
-12659.045555555545
-12659.042222222215
-12659.049444444436
-12659.055555555546
-12659.054444444431
-12659.058888888878
-12659.076111111102
-12659.075555555546
-12659.071111111101
-12659.071666666656
-12659.066111111099
-12659.06722222221
-12659.059999999989
-12659.067222222211
-12659.075555555542
-12659.08222222221
-12659.071111111098
-12659.080555555543
-12659.08222222221
-12659.034444444433
-12659.072777777768
-12659.044444444433
-12659.081666666656
-12659.057777777767
-12659.076666666657
-12659.058888888878
-12659.087777777766
-12659.065555555544
-12659.084999999988
-12659.066111111099
-12659.083888888877
-12659.070555555543
-12659.102222222211
-12659.060555555543
-12659.095555555543
-12659.043888888878
-12659.077777777766
-12659.039999999986
-12659.0961111111
-12659.050555555543
-12659.078888888878
-12659.053888888877
-12659.089444444433
-12659.060555555543
-12659.092777777765
-12659.068888888876
-12659.077777777766
-12659.073888888877
-12659.0961111111
-12659.058888888878
-12659.096666666657
-12659.063888888875
-12659.092777777765
-12659.084444444432
-12659.094444444432
-12659.08222222221
-12659.09388888888
-12659.070555555543
-12659.093333333321
-12659.075555555544
-12659.111666666655
-12659.088888888879
-12659.120555555543
-12659.078333333322
-12659.103333333322
-12659.0811111111
-12659.106111111098
-12659.081111111098
-12659.105555555545
-12659.079999999987
-12659.103888888878
-12659.080555555543
-12659.099444444435
-12659.0911111111
-12659.104444444434
-12659.075555555544
-12659.102222222211
-12659.083888888877
-12659.116666666654
-12659.09222222221
-12659.112777777766
-12659.08722222221
-12659.111666666655
-12659.088888888877
-12659.101111111098
-12659.097777777766
-12659.11722222221
-12659.088888888879
-12659.114999999987
-12659.078333333324
-12659.106666666656
-12659.093888888878
-12659.111111111099
-12659.095555555543
-12659.114999999989
-12659.085555555543
-12659.108333333323
-12659.088333333322
-12659.109999999988
-12659.088333333324
-12659.113888888876
-12659.079999999987
-12659.103888888878
-12659.09222222221
-12659.114444444433
-12659.088888888877
-12659.113333333322
-12659.080555555543
-12659.1061111111
-12659.094444444434
-12659.1161111111
-12659.093888888878
-12659.1161111111
-12659.079999999987
-12659.111666666653
-12659.093333333321
-12659.111666666653
-12659.092777777765
-12659.112222222211
-12659.086111111099
-12659.114444444434
-12659.084999999988
-12659.108333333323
-12659.094444444432
-12659.121111111099
-12659.096666666655
-12659.12222222221
-12659.087222222211
-12659.109999999988
-12659.100555555542
-12659.114999999989
-12659.098888888877
-12659.114999999989
-12659.092222222209
-12659.112222222211
-12659.099999999988
-12659.120555555544
-12659.099444444431
-12659.11833333332



The list of best values average 

-11803.619999999999
-11825.24
-11863.949999999997
-11892.98
-11936.629999999997
-11988.14
-12032.2
-12081.17
-12154.529999999999
-12233.550000000003
-12296.679999999998
-12361.989999999998
-12442.73
-12490.88
-12528.069999999998
-12561.839999999995
-12581.600000000002
-12596.349999999999
-12611.370000000003
-12619.97
-12626.970000000001
-12633.790000000005
-12638.12
-12642.060000000001
-12644.389999999998
-12647.289999999994
-12649.989999999993
-12652.259999999997
-12652.219999999994
-12653.88999999999
-12653.129999999996
-12654.689999999997
-12655.73999999999
-12656.88999999999
-12656.889999999996
-12658.089999999991
-12658.739999999989
-12659.229999999989
-12659.729999999985
-12660.249999999989
-12660.229999999989
-12660.46999999999
-12660.45999999999
-12660.789999999988
-12661.099999999986
-12661.559999999989
-12661.67999999999
-12661.729999999989
-12661.81999999999
-12661.87999999999
-12661.91999999999
-12662.01999999999
-12662.00999999999
-12661.999999999987
-12662.16999999999
-12662.009999999987
-12662.229999999989
-12662.33999999999
-12662.16999999999
-12662.209999999988
-12662.269999999988
-12662.249999999989
-12662.319999999989
-12662.279999999988
-12662.319999999989
-12662.399999999989
-12662.41999999999
-12662.45999999999
-12662.469999999988
-12662.579999999989
-12662.579999999989
-12662.479999999989
-12662.509999999987
-12662.659999999987
-12662.659999999987
-12662.659999999987
-12662.659999999987
-12662.619999999988
-12662.619999999988
-12662.619999999988
-12662.619999999988
-12662.579999999987
-12662.599999999988
-12662.659999999987
-12662.619999999988
-12662.619999999988
-12662.619999999988
-12662.619999999988
-12662.619999999988
-12662.619999999988
-12662.619999999988
-12662.579999999987
-12662.579999999987
-12662.579999999987
-12662.579999999987
-12662.579999999987
-12662.579999999987
-12662.579999999987
-12662.579999999987
-12662.579999999987
-12662.579999999987
-12662.579999999987
-12662.579999999987
-12662.579999999987
-12662.579999999987
-12662.579999999987
-12662.579999999987
-12662.579999999987
-12662.579999999987
-12662.579999999987
-12662.579999999987
-12662.579999999987
-12662.579999999987
-12662.579999999987
-12662.579999999987
-12662.579999999987
-12662.539999999988
-12662.579999999987
-12662.579999999987
-12662.579999999987
-12662.579999999987
-12662.579999999987
-12662.539999999988
-12662.539999999988
-12662.539999999988
-12662.539999999988
-12662.539999999988
-12662.539999999988
-12662.539999999988
-12662.539999999988
-12662.539999999988
-12662.539999999988
-12662.539999999988
-12662.539999999988
-12662.539999999988
-12662.539999999988
-12662.539999999988
-12662.539999999988
-12662.539999999988
-12662.539999999988
-12662.539999999988
-12662.539999999988
-12662.539999999988
-12662.539999999988
-12662.539999999988
-12662.539999999988
-12662.539999999988
-12662.539999999988
-12662.539999999988
-12662.539999999988
-12662.539999999988
-12662.539999999988
-12662.539999999988
-12662.539999999988
-12662.539999999988
-12662.539999999988
-12662.539999999988
-12662.539999999988
-12662.539999999988
-12662.539999999988
-12662.539999999988
-12662.539999999988
-12662.539999999988
-12662.539999999988
-12662.539999999988
-12662.539999999988
-12662.539999999988
-12662.539999999988
-12662.539999999988
-12662.539999999988
-12662.539999999988
-12662.539999999988
-12662.539999999988
-12662.539999999988
-12662.539999999988
-12662.539999999988
-12662.539999999988
-12662.539999999988
-12662.539999999988
-12662.539999999988
-12662.539999999988
-12662.539999999988
-12662.539999999988
-12662.539999999988
-12662.539999999988
-12662.539999999988
-12662.539999999988
-12662.539999999988
-12662.539999999988
-12662.539999999988
-12662.539999999988
-12662.539999999988
-12662.539999999988
-12662.539999999988
-12662.539999999988
-12662.539999999988
-12662.539999999988
-12662.539999999988
-12662.539999999988
-12662.539999999988
-12662.539999999988
-12662.539999999988
-12662.539999999988
-12662.539999999988
-12662.539999999988
-12662.539999999988
-12662.539999999988
-12662.539999999988
-12662.539999999988
-12662.539999999988
-12662.539999999988
-12662.539999999988
-12662.539999999988
-12662.539999999988
-12662.539999999988
-12662.539999999988
-12662.539999999988
-12662.539999999988
-12662.539999999988
-12662.539999999988
-12662.539999999988
-12662.539999999988
-12662.539999999988
-12662.539999999988
-12662.539999999988
-12662.539999999988
-12662.539999999988
-12662.539999999988
-12662.539999999988
-12662.539999999988
-12662.539999999988
-12662.539999999988
-12662.539999999988
-12662.539999999988
-12662.539999999988
-12662.539999999988
-12662.539999999988
-12662.539999999988
-12662.539999999988
-12662.539999999988
-12662.539999999988
-12662.539999999988
-12662.539999999988
-12662.539999999988
-12662.539999999988
-12662.539999999988
-12662.539999999988
-12662.539999999988
-12662.539999999988
-12662.539999999988
-12662.539999999988
-12662.539999999988
-12662.539999999988
-12662.539999999988
-12662.539999999988
-12662.539999999988
-12662.539999999988
-12662.539999999988
-12662.539999999988
-12662.539999999988
-12662.539999999988
-12662.539999999988
-12662.539999999988
-12662.539999999988
-12662.539999999988
-12662.539999999988
-12662.539999999988
-12662.539999999988
-12662.539999999988
-12662.539999999988
-12662.539999999988
-12662.539999999988
-12662.539999999988
-12662.539999999988
-12662.539999999988
-12662.539999999988
-12662.539999999988
-12662.539999999988
-12662.539999999988
-12662.539999999988
-12662.539999999988
-12662.539999999988
-12662.539999999988
-12662.539999999988
-12662.539999999988
-12662.539999999988
-12662.539999999988
-12662.539999999988
-12662.539999999988
-12662.539999999988
-12662.539999999988
-12662.539999999988
-12662.539999999988
-12662.539999999988
-12662.539999999988
-12662.539999999988
-12662.539999999988
-12662.539999999988
-12662.539999999988
-12662.539999999988
-12662.539999999988
-12662.539999999988
-12662.539999999988
-12662.539999999988
-12662.539999999988
-12662.539999999988
-12662.539999999988
-12662.539999999988
-12662.539999999988
-12662.539999999988
-12662.539999999988
-12662.539999999988
-12662.539999999988
-12662.539999999988
-12662.539999999988
-12662.539999999988
-12662.539999999988
-12662.539999999988
-12662.539999999988
-12662.539999999988
-12662.539999999988
-12662.539999999988
-12662.539999999988
-12662.539999999988
-12662.539999999988
-12662.539999999988
-12662.539999999988
-12662.539999999988
-12662.539999999988
-12662.539999999988
-12662.539999999988
-12662.539999999988
-12662.539999999988
-12662.539999999988
-12662.539999999988
-12662.539999999988
-12662.539999999988
-12662.539999999988
-12662.539999999988
-12662.539999999988
-12662.539999999988
-12662.539999999988
-12662.539999999988
-12662.539999999988
-12662.539999999988
-12662.539999999988
-12662.539999999988
-12662.539999999988
-12662.539999999988
-12662.539999999988
-12662.539999999988
-12662.539999999988
-12662.539999999988
-12662.539999999988
-12662.539999999988
-12662.539999999988
-12662.539999999988
-12662.539999999988
-12662.539999999988
-12662.539999999988
-12662.539999999988
-12662.539999999988
-12662.539999999988
-12662.539999999988
-12662.539999999988
-12662.539999999988
-12662.539999999988
-12662.539999999988
-12662.539999999988
-12662.539999999988
-12662.539999999988
-12662.539999999988
-12662.539999999988
-12662.539999999988
-12662.539999999988
-12662.539999999988
-12662.539999999988
-12662.539999999988
-12662.539999999988
-12662.539999999988
-12662.539999999988
-12662.539999999988
-12662.539999999988
-12662.539999999988
