----------Report of simulation of Quantum Parallel Tempering - Population Annealing v1-----------
The number of considered Spin44
The considered Annealing Duration 176
The considered Annealing Number 100
The considered T 1.0
The considered Gamma0 1.0
The considered Number Of Replica 3
The considered Number Of System Tempering 3
The considered Number Of System Population 3
The solution found [ 1. -1. -1.  1. -1. -1.  1. -1.  1. -1. -1. -1.  1. -1.  1. -1.  1. -1.
  1.  1.  1.  1.  1. -1. -1. -1. -1.  1.  1. -1. -1.  1.  1. -1.  1.  1.
  1.  1. -1.  1.  1.  1. -1. -1.]
The value found -2760.0
The Success probability is 0.91
The average value is -2759.73
The total execution time is 296.7388496398926
The average time for execution is 2.967386736869812
The average time for all systems update is 0.01679585704749281
The average time for system tempering update is 0.002706972012917201
The average time for system population update is 148.33411741256714
The average time for replica update is 0.0009188067085213131
The average time for spin update is 2.051139934564863e-05
The list of values found 

-2760.0
-2760.0
-2760.0
-2760.0
-2760.0
-2760.0
-2757.0
-2760.0
-2760.0
-2760.0
-2760.0
-2760.0
-2760.0
-2757.0
-2760.0
-2760.0
-2760.0
-2760.0
-2760.0
-2757.0
-2760.0
-2760.0
-2760.0
-2760.0
-2760.0
-2760.0
-2760.0
-2760.0
-2760.0
-2760.0
-2760.0
-2760.0
-2760.0
-2760.0
-2757.0
-2760.0
-2760.0
-2760.0
-2760.0
-2760.0
-2760.0
-2760.0
-2760.0
-2760.0
-2760.0
-2760.0
-2760.0
-2760.0
-2760.0
-2760.0
-2760.0
-2760.0
-2760.0
-2757.0
-2760.0
-2760.0
-2760.0
-2760.0
-2760.0
-2760.0
-2760.0
-2760.0
-2760.0
-2760.0
-2757.0
-2760.0
-2760.0
-2757.0
-2760.0
-2760.0
-2760.0
-2760.0
-2760.0
-2760.0
-2760.0
-2757.0
-2760.0
-2760.0
-2760.0
-2760.0
-2760.0
-2760.0
-2760.0
-2760.0
-2760.0
-2760.0
-2760.0
-2760.0
-2760.0
-2757.0
-2760.0
-2760.0
-2760.0
-2760.0
-2760.0
-2760.0
-2760.0
-2760.0
-2760.0
-2760.0



The list of values first execution 

-2452.4444444444443
-2469.6666666666665
-2496.9444444444443
-2502.5
-2523.8333333333335
-2532.1666666666665
-2524.0555555555557
-2528.6666666666665
-2537.3333333333335
-2550.5555555555557
-2556.9444444444443
-2571.1111111111113
-2571.3333333333335
-2582.1111111111113
-2574.6666666666665
-2585.5555555555557
-2581.1666666666665
-2587.5
-2606.5
-2602.277777777778
-2622.222222222222
-2622.3888888888887
-2635.0
-2636.1111111111113
-2634.777777777778
-2634.5555555555557
-2627.1111111111113
-2630.8888888888887
-2649.6111111111113
-2659.9444444444443
-2648.722222222222
-2651.9444444444443
-2641.777777777778
-2646.4444444444443
-2658.5555555555557
-2642.5555555555557
-2640.6111111111113
-2646.1111111111113
-2645.222222222222
-2646.3333333333335
-2651.8333333333335
-2652.9444444444443
-2637.6111111111113
-2642.1111111111113
-2638.3333333333335
-2655.1666666666665
-2651.5555555555557
-2644.5
-2644.3333333333335
-2648.3333333333335
-2647.1111111111113
-2657.1666666666665
-2651.0555555555557
-2646.8888888888887
-2632.722222222222
-2651.5
-2657.0555555555557
-2638.1111111111113
-2644.6111111111113
-2647.722222222222
-2651.777777777778
-2652.222222222222
-2651.6666666666665
-2642.4444444444443
-2648.8333333333335
-2640.3888888888887
-2639.722222222222
-2652.722222222222
-2646.0555555555557
-2656.5
-2657.6111111111113
-2638.6111111111113
-2645.4444444444443
-2648.777777777778
-2651.5555555555557
-2653.777777777778
-2641.9444444444443
-2645.222222222222
-2641.6666666666665
-2647.5
-2653.222222222222
-2630.6111111111113
-2637.277777777778
-2651.1666666666665
-2640.5
-2656.277777777778
-2650.5
-2644.777777777778
-2646.1666666666665
-2650.5
-2660.277777777778
-2657.8888888888887
-2653.3333333333335
-2647.4444444444443
-2650.5555555555557
-2659.222222222222
-2655.777777777778
-2663.722222222222
-2666.0555555555557
-2659.1111111111113
-2660.722222222222
-2667.1111111111113
-2656.5
-2665.277777777778
-2656.4444444444443
-2651.0555555555557
-2653.0
-2648.3333333333335
-2653.777777777778
-2654.777777777778
-2649.0
-2649.8333333333335
-2649.9444444444443
-2650.6111111111113
-2651.8888888888887
-2647.722222222222
-2658.0
-2649.222222222222
-2656.222222222222
-2654.3333333333335
-2646.8888888888887
-2654.0
-2662.6666666666665
-2664.1666666666665
-2663.4444444444443
-2672.8888888888887
-2662.3888888888887
-2656.777777777778
-2649.3333333333335
-2651.6666666666665
-2659.9444444444443
-2659.1111111111113
-2653.1666666666665
-2653.5
-2652.5
-2655.0555555555557
-2646.222222222222
-2652.222222222222
-2652.8333333333335
-2655.8888888888887
-2648.6666666666665
-2650.0
-2647.277777777778
-2641.5555555555557
-2645.277777777778
-2648.4444444444443
-2650.777777777778
-2659.5555555555557
-2650.3333333333335
-2652.1111111111113
-2646.6111111111113
-2656.0
-2656.6666666666665
-2660.3333333333335
-2669.6111111111113
-2684.5555555555557
-2660.777777777778
-2656.8333333333335
-2648.0
-2649.0555555555557
-2655.722222222222
-2653.5555555555557
-2646.777777777778
-2656.8333333333335
-2660.3888888888887
-2654.722222222222
-2661.0555555555557
-2651.4444444444443
-2659.6666666666665
-2654.5
-2661.5
-2654.1111111111113
-2665.4444444444443
-2653.1111111111113
-2657.6111111111113
-2658.1666666666665



The list of best values first execution 

-2602.0
-2672.0
-2734.0
-2743.0
-2743.0
-2724.0
-2743.0
-2741.0
-2745.0
-2757.0
-2757.0
-2757.0
-2757.0
-2757.0
-2757.0
-2757.0
-2757.0
-2757.0
-2757.0
-2757.0
-2757.0
-2757.0
-2757.0
-2757.0
-2757.0
-2757.0
-2757.0
-2757.0
-2753.0
-2757.0
-2757.0
-2757.0
-2757.0
-2757.0
-2757.0
-2757.0
-2757.0
-2757.0
-2760.0
-2760.0
-2757.0
-2760.0
-2760.0
-2757.0
-2760.0
-2757.0
-2757.0
-2757.0
-2757.0
-2757.0
-2757.0
-2760.0
-2760.0
-2757.0
-2757.0
-2757.0
-2757.0
-2757.0
-2757.0
-2757.0
-2757.0
-2760.0
-2757.0
-2757.0
-2757.0
-2757.0
-2757.0
-2760.0
-2757.0
-2757.0
-2760.0
-2760.0
-2760.0
-2760.0
-2760.0
-2760.0
-2760.0
-2760.0
-2760.0
-2760.0
-2760.0
-2760.0
-2760.0
-2760.0
-2760.0
-2760.0
-2760.0
-2760.0
-2760.0
-2760.0
-2760.0
-2760.0
-2760.0
-2760.0
-2760.0
-2760.0
-2760.0
-2760.0
-2760.0
-2760.0
-2760.0
-2760.0
-2760.0
-2760.0
-2760.0
-2760.0
-2760.0
-2760.0
-2760.0
-2760.0
-2760.0
-2760.0
-2760.0
-2760.0
-2760.0
-2760.0
-2760.0
-2760.0
-2760.0
-2760.0
-2760.0
-2760.0
-2760.0
-2760.0
-2760.0
-2760.0
-2760.0
-2760.0
-2760.0
-2760.0
-2760.0
-2760.0
-2760.0
-2760.0
-2760.0
-2760.0
-2760.0
-2760.0
-2760.0
-2760.0
-2760.0
-2760.0
-2760.0
-2760.0
-2760.0
-2760.0
-2760.0
-2760.0
-2760.0
-2760.0
-2760.0
-2760.0
-2760.0
-2760.0
-2760.0
-2760.0
-2760.0
-2760.0
-2760.0
-2760.0
-2760.0
-2760.0
-2760.0
-2760.0
-2760.0
-2760.0
-2760.0
-2760.0
-2760.0
-2760.0
-2760.0
-2760.0
-2760.0
-2760.0
-2760.0
-2760.0



The list of values average 

-2443.9533333333325
-2476.315555555556
-2494.0288888888886
-2503.976111111111
-2515.1077777777773
-2527.787777777778
-2530.9194444444456
-2537.518888888889
-2547.071666666667
-2552.570555555555
-2560.661111111111
-2566.145000000001
-2570.08
-2578.159444444444
-2583.5072222222234
-2588.7000000000007
-2593.4844444444443
-2599.1477777777786
-2605.4100000000008
-2609.4388888888884
-2610.966666666667
-2614.947777777777
-2619.5888888888885
-2620.5333333333338
-2623.1238888888897
-2623.3561111111117
-2626.5000000000005
-2630.727777777778
-2631.8499999999995
-2632.0322222222217
-2634.437777777778
-2635.2388888888895
-2635.1994444444454
-2635.350555555556
-2637.463333333333
-2637.6555555555556
-2638.5038888888894
-2639.6044444444437
-2641.179999999998
-2640.645
-2640.5177777777785
-2642.3927777777776
-2643.480000000001
-2643.4555555555557
-2644.1183333333333
-2645.8611111111104
-2645.7583333333346
-2643.5344444444445
-2645.159444444444
-2645.8366666666666
-2646.718888888889
-2646.9499999999994
-2648.6083333333336
-2647.653333333333
-2647.791666666667
-2648.464444444444
-2648.2227777777784
-2647.084999999999
-2647.6577777777775
-2647.8438888888877
-2648.3311111111107
-2650.0633333333344
-2649.99111111111
-2649.4405555555563
-2649.012777777777
-2650.48388888889
-2647.7844444444436
-2649.4772222222223
-2650.341666666665
-2649.976666666667
-2650.7772222222225
-2650.5099999999998
-2651.785555555556
-2650.868888888889
-2649.3622222222225
-2650.1766666666663
-2648.969444444443
-2651.141666666666
-2650.106666666668
-2651.6749999999997
-2652.717777777778
-2652.3188888888894
-2651.6666666666674
-2650.686111111111
-2651.1794444444454
-2651.9894444444444
-2651.4694444444435
-2651.3905555555557
-2651.5466666666666
-2651.4177777777772
-2652.3655555555565
-2653.3222222222225
-2653.4549999999995
-2653.016111111111
-2652.8911111111106
-2653.217222222222
-2653.005555555555
-2651.5450000000014
-2652.2988888888895
-2652.46611111111
-2651.297222222222
-2650.7061111111107
-2652.0105555555556
-2652.0077777777774
-2652.4377777777777
-2651.1072222222233
-2651.9733333333343
-2651.17611111111
-2651.4649999999997
-2651.7672222222222
-2650.5616666666665
-2651.471666666667
-2651.986666666667
-2651.103333333333
-2653.5661111111103
-2652.5788888888883
-2651.2788888888867
-2652.207777777777
-2653.095555555555
-2652.590000000001
-2652.4044444444453
-2655.1905555555554
-2653.4466666666663
-2653.4022222222234
-2654.532777777778
-2653.6538888888876
-2652.9699999999993
-2653.399444444445
-2654.421111111112
-2654.2727777777777
-2654.218888888888
-2655.355555555556
-2653.537222222222
-2653.8983333333344
-2654.9850000000006
-2654.178333333334
-2652.898333333333
-2655.369444444446
-2654.879444444445
-2652.665555555556
-2653.0761111111124
-2653.479444444445
-2653.5961111111105
-2654.461666666667
-2654.7644444444445
-2654.4150000000013
-2654.78
-2654.4733333333334
-2652.949444444446
-2653.0766666666655
-2653.5122222222226
-2652.8216666666663
-2653.556666666667
-2652.374444444444
-2652.695555555555
-2652.929444444446
-2653.124444444444
-2652.0822222222223
-2653.3955555555553
-2653.495555555555
-2652.917222222223
-2652.7494444444437
-2654.6577777777775
-2655.3427777777774
-2654.151666666667
-2653.092222222221
-2653.5916666666667
-2654.912222222222
-2654.0711111111104
-2654.453333333335
-2653.9161111111116
-2652.305
-2654.0666666666657
-2654.2899999999995
-2654.3172222222215
-2655.003888888889



The list of best values average 

-2623.38-2690.7799999999993-2715.4399999999987-2729.5099999999998-2738.459999999999-2741.3-2744.7-2745.8900000000003-2747.36-2748.0099999999993-2749.3399999999997-2749.4699999999993-2749.7899999999995-2749.4699999999993-2749.8499999999995-2750.5399999999995-2750.64-2750.62-2750.9899999999993-2751.1399999999994-2751.65-2752.4599999999996-2752.709999999998-2752.7999999999993-2752.5399999999995-2753.3700000000003-2753.1600000000003-2753.2500000000005-2754.0499999999993-2754.3499999999985-2754.5499999999993-2754.6799999999994-2754.6600000000003-2754.88-2755.129999999999-2755.5199999999986-2756.5799999999977-2756.199999999999-2756.4599999999978-2756.6599999999985-2756.8099999999986-2756.559999999998-2756.539999999998-2756.6399999999976-2756.9199999999987-2757.139999999998-2757.2099999999978-2757.749999999998-2757.7899999999986-2757.719999999998-2757.569999999998-2757.2099999999987-2757.809999999998-2757.619999999998-2757.5999999999976-2757.7399999999975-2757.9399999999964-2757.999999999997-2757.819999999997-2757.849999999997-2757.9199999999973-2757.899999999998-2757.9199999999983-2758.0899999999974-2758.009999999997-2758.059999999997-2758.459999999997-2758.2399999999975-2758.4299999999976-2758.449999999997-2758.519999999997-2758.539999999997-2758.559999999997-2758.6499999999974-2758.5999999999976-2758.6699999999973-2758.779999999997-2758.7699999999973-2758.8299999999977-2758.949999999997-2758.919999999997-2758.9599999999964-2758.949999999997-2758.829999999997-2758.979999999997-2758.949999999997-2758.7799999999975-2758.979999999997-2759.049999999997-2759.049999999997-2759.049999999997-2758.9799999999973-2758.859999999997-2758.989999999997-2759.0799999999967-2759.019999999997-2759.019999999997-2759.0599999999968-2758.999999999997-2759.0899999999965-2758.969999999997-2759.0299999999966-2758.919999999997-2758.819999999997-2758.909999999997-2758.9699999999966-2758.999999999997-2759.0299999999966-2759.0599999999968-2758.999999999997-2758.9699999999966-2758.9699999999966-2759.0299999999966-2758.939999999997-2758.939999999997-2758.999999999997-2758.939999999997-2758.999999999997-2758.899999999997-2758.939999999997-2758.9699999999966-2758.999999999997-2758.969999999997-2758.999999999997-2758.939999999997-2759.0599999999968-2758.999999999997-2758.999999999997-2758.909999999997-2759.0299999999966-2759.0299999999966-2759.0299999999966-2758.9699999999966-2758.939999999997-2759.0299999999966-2759.0299999999966-2758.959999999997-2758.9699999999966-2759.0299999999966-2758.999999999997-2758.999999999997-2759.0299999999966-2758.999999999997-2758.999999999997-2759.0299999999966-2759.0599999999968-2758.999999999997-2759.0299999999966-2759.0299999999966-2758.999999999997-2759.1199999999967-2759.1199999999967-2759.089999999997-2759.089999999997-2759.089999999997-2759.089999999997-2759.089999999997-2758.999999999997-2759.089999999997-2759.089999999997-2759.1199999999967-2759.1199999999967-2759.089999999997-2759.1199999999967-2759.1199999999967-2759.089999999997-2759.089999999997-2759.1199999999967-2759.089999999997-2759.0599999999968-2759.0599999999968-2759.1199999999967-2759.089999999997-2759.089999999997-2759.1199999999967-2759.1199999999967