----------Report of simulation of Quantum Population Annealing-----------
The number of considered Spin 121
The considered Annealing Duration 484
The considered Annealing Number 100
The considered T 1.0
The considered Gamma0 1.0
The considered Number Of Replica 3
The considered Number Of System 6
The solution found [-1. -1. -1. -1.  1. -1.  1. -1.  1.  1.  1. -1.  1.  1. -1. -1.  1.  1.
  1. -1.  1.  1. -1.  1.  1. -1.  1. -1.  1. -1.  1. -1. -1. -1.  1.  1.
 -1.  1. -1.  1.  1. -1. -1. -1.  1. -1.  1.  1.  1. -1. -1. -1. -1. -1.
  1. -1.  1.  1. -1.  1. -1. -1.  1.  1.  1.  1. -1.  1.  1. -1.  1. -1.
 -1. -1.  1.  1.  1. -1. -1.  1.  1.  1. -1. -1.  1. -1. -1.  1. -1.  1.
  1. -1. -1.  1.  1.  1.  1. -1. -1. -1. -1. -1. -1.  1. -1.  1.  1.  1.
  1. -1.  1. -1. -1.  1. -1.  1. -1. -1. -1. -1.  1.]
The value found -19708.0
The Success probability is 0.42
The average value is -19695.82
The total execution time is 3893.8524181842804
The average time for execution is 38.938522253036496
The average time for all systems update is 0.08025904594374098
The average time for system update is 0.013351929604021972
The average time for replica update is 0.004450139077953289
The average time for spin update is 3.651526836500743e-05
The list of values found 

-19708.0
-19698.0
-19688.0
-19688.0
-19708.0
-19688.0
-19708.0
-19688.0
-19675.0
-19688.0
-19708.0
-19708.0
-19698.0
-19708.0
-19678.0
-19698.0
-19698.0
-19708.0
-19699.0
-19698.0
-19708.0
-19708.0
-19682.0
-19708.0
-19708.0
-19688.0
-19708.0
-19688.0
-19688.0
-19708.0
-19708.0
-19708.0
-19682.0
-19682.0
-19682.0
-19708.0
-19708.0
-19698.0
-19676.0
-19708.0
-19708.0
-19682.0
-19688.0
-19708.0
-19708.0
-19688.0
-19683.0
-19688.0
-19688.0
-19708.0
-19708.0
-19683.0
-19682.0
-19698.0
-19673.0
-19688.0
-19708.0
-19688.0
-19682.0
-19683.0
-19688.0
-19683.0
-19708.0
-19688.0
-19688.0
-19672.0
-19708.0
-19698.0
-19688.0
-19689.0
-19683.0
-19698.0
-19688.0
-19708.0
-19708.0
-19683.0
-19708.0
-19708.0
-19698.0
-19675.0
-19708.0
-19688.0
-19708.0
-19679.0
-19708.0
-19708.0
-19708.0
-19708.0
-19708.0
-19708.0
-19708.0
-19708.0
-19688.0
-19688.0
-19683.0
-19708.0
-19688.0
-19683.0
-19688.0
-19708.0



The list of values first execution 

-18240.055555555555
-18234.38888888889
-18380.5
-18401.5
-18439.5
-18352.11111111111
-18390.722222222223
-18465.555555555555
-18662.166666666668
-18628.166666666668
-18681.38888888889
-18701.166666666668
-18725.333333333332
-18744.11111111111
-18740.722222222223
-18829.555555555555
-18795.11111111111
-18892.277777777777
-18906.777777777777
-18899.277777777777
-18955.722222222223
-18992.61111111111
-19031.833333333332
-18967.055555555555
-18980.833333333332
-19124.88888888889
-19119.444444444445
-19082.944444444445
-19174.055555555555
-19167.055555555555
-19189.722222222223
-19174.666666666668
-19176.11111111111
-19243.666666666668
-19301.944444444445
-19311.0
-19288.88888888889
-19282.277777777777
-19332.38888888889
-19303.444444444445
-19320.666666666668
-19267.61111111111
-19311.277777777777
-19327.5
-19384.38888888889
-19397.777777777777
-19448.38888888889
-19437.88888888889
-19427.5
-19454.055555555555
-19466.0
-19471.722222222223
-19470.944444444445
-19504.666666666668
-19449.055555555555
-19464.444444444445
-19472.055555555555
-19474.055555555555
-19487.0
-19500.88888888889
-19515.444444444445
-19497.333333333332
-19475.722222222223
-19506.38888888889
-19528.833333333332
-19532.666666666668
-19524.444444444445
-19546.5
-19552.166666666668
-19550.61111111111
-19564.277777777777
-19565.38888888889
-19578.61111111111
-19596.166666666668
-19606.777777777777
-19602.444444444445
-19604.61111111111
-19591.5
-19599.0
-19601.444444444445
-19597.0
-19608.555555555555
-19580.444444444445
-19578.833333333332
-19571.333333333332
-19579.277777777777
-19564.0
-19569.722222222223
-19585.38888888889
-19601.722222222223
-19602.11111111111
-19576.444444444445
-19567.666666666668
-19584.88888888889
-19601.88888888889
-19605.166666666668
-19620.055555555555
-19625.944444444445
-19630.777777777777
-19641.88888888889
-19644.88888888889
-19634.555555555555
-19633.444444444445
-19626.5
-19628.61111111111
-19631.555555555555
-19643.222222222223
-19641.11111111111
-19641.11111111111
-19659.0
-19651.722222222223
-19664.666666666668
-19664.277777777777
-19667.444444444445
-19671.722222222223
-19664.222222222223
-19662.944444444445
-19654.555555555555
-19674.5
-19673.722222222223
-19674.055555555555
-19668.444444444445
-19662.444444444445
-19653.61111111111
-19666.0
-19668.277777777777
-19671.5
-19670.555555555555
-19672.61111111111
-19672.555555555555
-19674.222222222223
-19672.222222222223
-19667.61111111111
-19664.61111111111
-19649.38888888889
-19657.277777777777
-19665.5
-19666.777777777777
-19668.38888888889
-19664.777777777777
-19672.444444444445
-19669.444444444445
-19665.333333333332
-19673.666666666668
-19673.444444444445
-19669.88888888889
-19675.444444444445
-19675.722222222223
-19675.222222222223
-19676.944444444445
-19674.944444444445
-19673.944444444445
-19671.944444444445
-19671.5
-19673.666666666668
-19675.166666666668
-19674.444444444445
-19671.0
-19671.166666666668
-19673.11111111111
-19673.166666666668
-19675.944444444445
-19674.0
-19674.222222222223
-19677.88888888889
-19676.833333333332
-19675.666666666668
-19675.944444444445
-19677.333333333332
-19677.222222222223
-19678.944444444445
-19678.277777777777
-19679.38888888889
-19679.61111111111
-19679.0
-19676.5
-19679.277777777777
-19678.722222222223
-19679.777777777777
-19679.11111111111
-19674.055555555555
-19680.944444444445
-19680.444444444445
-19680.055555555555
-19679.277777777777
-19676.944444444445
-19680.38888888889
-19679.444444444445
-19680.38888888889
-19680.333333333332
-19679.944444444445
-19678.555555555555
-19681.38888888889
-19678.944444444445
-19680.88888888889
-19682.0
-19681.166666666668
-19681.11111111111
-19680.11111111111
-19681.0
-19680.88888888889
-19680.055555555555
-19679.722222222223
-19680.38888888889
-19681.777777777777
-19681.666666666668
-19681.88888888889
-19681.11111111111
-19680.722222222223
-19680.166666666668
-19680.777777777777
-19681.11111111111
-19679.166666666668
-19679.833333333332
-19679.944444444445
-19679.166666666668
-19678.944444444445
-19680.0
-19680.722222222223
-19678.777777777777
-19679.61111111111
-19679.11111111111
-19680.0
-19679.88888888889
-19679.833333333332
-19681.277777777777
-19680.722222222223
-19680.61111111111
-19681.333333333332
-19679.722222222223
-19680.944444444445
-19679.222222222223
-19679.944444444445
-19681.5
-19679.833333333332
-19680.722222222223
-19679.222222222223
-19680.5
-19681.11111111111
-19679.444444444445
-19680.222222222223
-19680.722222222223
-19681.166666666668
-19682.0
-19681.61111111111
-19682.11111111111
-19681.88888888889
-19680.666666666668
-19681.61111111111
-19680.777777777777
-19680.88888888889
-19681.11111111111
-19681.277777777777
-19679.166666666668
-19680.833333333332
-19679.055555555555
-19679.5
-19679.777777777777
-19680.555555555555
-19679.944444444445
-19680.666666666668
-19680.722222222223
-19679.833333333332
-19680.833333333332
-19680.38888888889
-19680.833333333332
-19681.444444444445
-19681.055555555555
-19681.333333333332
-19681.944444444445
-19681.944444444445
-19681.833333333332
-19681.722222222223
-19682.5
-19681.61111111111
-19682.222222222223
-19682.055555555555
-19681.444444444445
-19681.777777777777
-19681.833333333332
-19681.38888888889
-19680.333333333332
-19681.38888888889
-19680.166666666668
-19680.555555555555
-19680.833333333332
-19680.0
-19680.555555555555
-19681.055555555555
-19681.222222222223
-19681.833333333332
-19681.777777777777
-19681.333333333332
-19681.777777777777
-19681.833333333332
-19681.61111111111
-19682.666666666668
-19682.5
-19682.5
-19681.944444444445
-19681.777777777777
-19681.166666666668
-19680.722222222223
-19681.5
-19680.722222222223
-19681.222222222223
-19680.777777777777
-19682.0
-19682.5
-19682.5
-19682.333333333332
-19682.277777777777
-19682.222222222223
-19682.0
-19681.61111111111
-19681.277777777777
-19682.333333333332
-19682.222222222223
-19682.666666666668
-19682.5
-19682.38888888889
-19681.777777777777
-19682.11111111111
-19681.333333333332
-19681.88888888889
-19681.055555555555
-19680.833333333332
-19681.833333333332
-19681.222222222223
-19682.166666666668
-19682.333333333332
-19682.5
-19682.222222222223
-19682.055555555555
-19682.166666666668
-19681.88888888889
-19681.222222222223
-19680.277777777777
-19680.333333333332
-19681.222222222223
-19681.38888888889
-19681.555555555555
-19681.722222222223
-19682.166666666668
-19681.88888888889
-19681.777777777777
-19681.722222222223
-19682.666666666668
-19682.666666666668
-19682.222222222223
-19682.222222222223
-19682.222222222223
-19681.88888888889
-19682.11111111111
-19680.944444444445
-19681.277777777777
-19681.777777777777
-19681.222222222223
-19681.61111111111
-19682.166666666668
-19681.555555555555
-19682.0
-19682.333333333332
-19682.222222222223
-19682.222222222223
-19682.055555555555
-19682.11111111111
-19682.166666666668
-19682.11111111111
-19681.333333333332
-19682.0
-19681.944444444445
-19682.0
-19681.833333333332
-19681.277777777777
-19681.38888888889
-19680.722222222223
-19680.444444444445
-19681.666666666668
-19681.5
-19681.222222222223
-19681.166666666668
-19681.833333333332
-19682.0
-19681.444444444445
-19680.833333333332
-19681.61111111111
-19681.722222222223
-19681.055555555555
-19681.666666666668
-19682.166666666668
-19682.166666666668
-19682.5
-19682.666666666668
-19682.333333333332
-19682.666666666668
-19682.666666666668
-19682.333333333332
-19682.055555555555
-19682.38888888889
-19682.666666666668
-19682.5
-19682.5
-19682.444444444445
-19682.055555555555
-19682.277777777777
-19682.38888888889
-19682.5
-19682.222222222223
-19682.277777777777
-19682.0
-19682.444444444445
-19681.222222222223
-19681.722222222223
-19682.055555555555
-19682.5
-19682.666666666668
-19682.666666666668
-19682.222222222223
-19681.666666666668
-19681.333333333332
-19681.222222222223
-19681.777777777777
-19682.166666666668
-19682.166666666668
-19682.5
-19681.666666666668
-19682.333333333332
-19682.666666666668
-19682.5
-19682.666666666668
-19682.333333333332
-19682.444444444445
-19682.11111111111
-19682.166666666668
-19681.61111111111
-19681.555555555555
-19681.833333333332
-19681.833333333332
-19682.0
-19682.333333333332
-19682.666666666668
-19682.5
-19682.666666666668
-19682.666666666668
-19682.666666666668
-19682.333333333332
-19682.5
-19682.222222222223
-19682.444444444445
-19682.5
-19682.666666666668
-19682.5
-19682.055555555555
-19681.277777777777
-19681.722222222223
-19681.666666666668
-19681.38888888889
-19681.11111111111
-19681.38888888889
-19681.88888888889
-19681.5
-19681.666666666668
-19682.166666666668
-19681.777777777777
-19682.055555555555
-19682.333333333332
-19682.333333333332
-19682.666666666668
-19682.5
-19682.666666666668
-19682.666666666668
-19682.5
-19682.5
-19682.666666666668
-19682.055555555555
-19682.333333333332
-19682.277777777777
-19682.666666666668
-19682.666666666668
-19682.5
-19682.666666666668
-19682.5
-19682.666666666668



The list of best values first execution 

-18456.0
-18598.0
-18750.0
-18608.0
-18733.0
-18639.0
-18703.0
-18856.0
-18920.0
-18894.0
-18886.0
-18978.0
-19123.0
-19041.0
-18858.0
-19045.0
-19054.0
-19182.0
-19170.0
-19078.0
-19111.0
-19200.0
-19237.0
-19288.0
-19151.0
-19303.0
-19421.0
-19362.0
-19366.0
-19441.0
-19368.0
-19386.0
-19426.0
-19473.0
-19433.0
-19504.0
-19433.0
-19445.0
-19546.0
-19397.0
-19449.0
-19415.0
-19445.0
-19514.0
-19565.0
-19493.0
-19513.0
-19540.0
-19601.0
-19629.0
-19636.0
-19588.0
-19593.0
-19585.0
-19598.0
-19568.0
-19564.0
-19553.0
-19554.0
-19620.0
-19626.0
-19586.0
-19548.0
-19589.0
-19599.0
-19619.0
-19633.0
-19641.0
-19667.0
-19637.0
-19674.0
-19635.0
-19708.0
-19661.0
-19669.0
-19672.0
-19692.0
-19677.0
-19679.0
-19673.0
-19705.0
-19669.0
-19708.0
-19682.0
-19670.0
-19639.0
-19659.0
-19647.0
-19655.0
-19689.0
-19681.0
-19664.0
-19648.0
-19650.0
-19655.0
-19683.0
-19683.0
-19683.0
-19683.0
-19683.0
-19683.0
-19683.0
-19683.0
-19683.0
-19683.0
-19686.0
-19684.0
-19683.0
-19683.0
-19683.0
-19683.0
-19683.0
-19683.0
-19683.0
-19683.0
-19683.0
-19683.0
-19683.0
-19683.0
-19683.0
-19683.0
-19683.0
-19683.0
-19683.0
-19683.0
-19683.0
-19683.0
-19683.0
-19683.0
-19683.0
-19683.0
-19683.0
-19683.0
-19683.0
-19683.0
-19683.0
-19683.0
-19683.0
-19683.0
-19683.0
-19683.0
-19683.0
-19683.0
-19683.0
-19683.0
-19683.0
-19683.0
-19683.0
-19683.0
-19683.0
-19683.0
-19683.0
-19683.0
-19683.0
-19683.0
-19683.0
-19683.0
-19683.0
-19683.0
-19683.0
-19683.0
-19683.0
-19683.0
-19683.0
-19683.0
-19683.0
-19683.0
-19683.0
-19683.0
-19683.0
-19683.0
-19683.0
-19683.0
-19683.0
-19683.0
-19683.0
-19683.0
-19683.0
-19683.0
-19683.0
-19683.0
-19683.0
-19683.0
-19683.0
-19683.0
-19683.0
-19683.0
-19683.0
-19683.0
-19683.0
-19683.0
-19683.0
-19683.0
-19683.0
-19683.0
-19683.0
-19683.0
-19683.0
-19683.0
-19683.0
-19683.0
-19683.0
-19683.0
-19683.0
-19683.0
-19683.0
-19683.0
-19683.0
-19683.0
-19683.0
-19683.0
-19683.0
-19683.0
-19683.0
-19683.0
-19683.0
-19683.0
-19683.0
-19683.0
-19683.0
-19683.0
-19683.0
-19683.0
-19683.0
-19683.0
-19683.0
-19683.0
-19683.0
-19683.0
-19683.0
-19683.0
-19683.0
-19683.0
-19683.0
-19683.0
-19683.0
-19683.0
-19683.0
-19683.0
-19683.0
-19683.0
-19683.0
-19683.0
-19683.0
-19683.0
-19683.0
-19683.0
-19683.0
-19683.0
-19683.0
-19683.0
-19683.0
-19683.0
-19683.0
-19683.0
-19683.0
-19683.0
-19683.0
-19683.0
-19683.0
-19683.0
-19683.0
-19683.0
-19683.0
-19683.0
-19683.0
-19683.0
-19683.0
-19683.0
-19683.0
-19683.0
-19683.0
-19683.0
-19683.0
-19683.0
-19683.0
-19683.0
-19683.0
-19683.0
-19683.0
-19683.0
-19683.0
-19683.0
-19683.0
-19683.0
-19683.0
-19683.0
-19683.0
-19683.0
-19683.0
-19683.0
-19683.0
-19683.0
-19683.0
-19683.0
-19683.0
-19683.0
-19683.0
-19683.0
-19683.0
-19683.0
-19683.0
-19683.0
-19683.0
-19683.0
-19683.0
-19683.0
-19683.0
-19683.0
-19683.0
-19683.0
-19683.0
-19683.0
-19683.0
-19683.0
-19683.0
-19683.0
-19683.0
-19683.0
-19683.0
-19683.0
-19683.0
-19683.0
-19683.0
-19683.0
-19683.0
-19683.0
-19683.0
-19683.0
-19683.0
-19683.0
-19683.0
-19683.0
-19683.0
-19683.0
-19683.0
-19683.0
-19683.0
-19683.0
-19683.0
-19683.0
-19683.0
-19683.0
-19683.0
-19683.0
-19683.0
-19683.0
-19683.0
-19683.0
-19683.0
-19683.0
-19683.0
-19683.0
-19683.0
-19683.0
-19683.0
-19683.0
-19683.0
-19683.0
-19683.0
-19683.0
-19683.0
-19683.0
-19683.0
-19683.0
-19683.0
-19683.0
-19683.0
-19683.0
-19683.0
-19683.0
-19683.0
-19683.0
-19683.0
-19683.0
-19683.0
-19683.0
-19683.0
-19683.0
-19683.0
-19683.0
-19683.0
-19683.0
-19683.0
-19683.0
-19683.0
-19683.0
-19683.0
-19683.0
-19683.0
-19683.0
-19683.0
-19683.0
-19683.0
-19683.0
-19683.0
-19683.0
-19683.0
-19683.0
-19683.0
-19683.0
-19683.0
-19683.0
-19683.0
-19683.0
-19683.0
-19683.0
-19683.0
-19683.0
-19683.0
-19683.0
-19683.0
-19683.0
-19683.0
-19683.0
-19683.0
-19683.0
-19683.0
-19683.0
-19683.0
-19683.0
-19683.0
-19683.0
-19683.0
-19683.0
-19683.0
-19683.0
-19683.0
-19683.0
-19683.0
-19683.0
-19683.0
-19683.0
-19683.0
-19683.0
-19683.0
-19683.0
-19683.0
-19683.0
-19683.0
-19683.0
-19683.0
-19683.0
-19683.0
-19683.0
-19683.0
-19683.0
-19683.0
-19683.0
-19683.0
-19683.0
-19683.0
-19683.0
-19683.0
-19683.0
-19683.0
-19683.0
-19683.0
-19683.0
-19683.0
-19683.0
-19683.0
-19683.0
-19683.0
-19683.0
-19683.0
-19683.0
-19683.0
-19683.0
-19683.0
-19683.0
-19683.0
-19683.0
-19683.0
-19683.0
-19683.0
-19683.0
-19683.0
-19683.0
-19683.0
-19683.0
-19683.0
-19683.0
-19683.0



The list of values average 

-18209.238333333335
-18280.02111111111
-18351.572777777772
-18387.15722222222
-18426.54555555556
-18461.112222222222
-18497.37777777778
-18526.33777777777
-18562.93833333334
-18594.171666666676
-18622.587222222213
-18650.90666666667
-18696.31722222222
-18726.058888888896
-18756.29666666668
-18791.577777777788
-18832.539999999994
-18858.422222222212
-18891.615
-18914.54777777778
-18948.248888888895
-18973.63944444444
-18999.61055555555
-19034.76388888889
-19063.026111111114
-19089.02277777778
-19119.304444444428
-19141.099444444433
-19160.524999999998
-19182.015000000003
-19210.570555555554
-19226.46444444444
-19239.66055555555
-19265.553888888877
-19285.212777777775
-19292.436111111114
-19311.809444444443
-19323.733333333326
-19339.849444444448
-19351.032777777782
-19365.24222222222
-19374.920555555556
-19386.72055555556
-19395.5
-19409.904999999995
-19418.61
-19432.869444444448
-19441.12611111111
-19448.402777777777
-19453.388888888887
-19464.99833333334
-19471.68444444446
-19476.562777777785
-19485.848333333335
-19493.022222222222
-19503.608333333323
-19508.672777777785
-19512.32833333333
-19522.19111111112
-19530.389999999996
-19536.98944444444
-19539.97166666666
-19545.44722222222
-19551.628333333334
-19555.73388888889
-19557.06833333334
-19560.73833333333
-19568.716666666667
-19573.09944444445
-19576.968888888892
-19581.246666666673
-19585.78722222222
-19589.643333333326
-19592.35833333333
-19593.548333333343
-19597.908333333336
-19601.05777777778
-19602.740555555556
-19605.95166666666
-19610.12388888888
-19610.95166666667
-19614.061111111107
-19614.54888888889
-19615.793333333342
-19618.58944444443
-19620.952777777784
-19622.921111111114
-19624.238888888885
-19625.13
-19625.212222222224
-19627.85222222222
-19629.07555555556
-19631.18777777778
-19633.215555555555
-19635.00611111111
-19635.925
-19635.921111111118
-19637.871666666666
-19640.141111111112
-19639.87388888889
-19640.97777777777
-19642.278888888886
-19643.727777777774
-19644.54722222222
-19646.293333333335
-19647.03333333334
-19647.65555555555
-19647.599999999995
-19648.77666666666
-19651.214444444442
-19651.483888888888
-19651.749999999996
-19652.624444444453
-19653.786666666663
-19653.946666666667
-19655.512777777778
-19655.90388888889
-19655.118333333336
-19655.38833333333
-19656.63666666666
-19656.67833333333
-19658.24166666667
-19658.29111111111
-19659.475000000002
-19659.771666666657
-19659.938333333335
-19661.33111111111
-19661.227777777767
-19660.819444444438
-19661.522222222222
-19662.01388888888
-19662.432777777773
-19663.112222222233
-19663.107777777775
-19664.09666666666
-19663.85055555556
-19664.83055555555
-19664.463888888877
-19664.993333333325
-19665.200555555555
-19665.64277777777
-19666.23222222223
-19667.780000000002
-19668.400555555545
-19669.17166666666
-19668.801666666663
-19669.358333333337
-19668.83555555555
-19668.36
-19668.478333333333
-19668.32388888888
-19668.472222222226
-19669.446111111105
-19669.462222222224
-19669.545555555564
-19670.366111111107
-19671.158888888887
-19671.897222222222
-19671.341666666667
-19671.61777777778
-19671.05888888889
-19670.771666666657
-19670.468888888892
-19671.320555555554
-19671.151666666654
-19672.241666666676
-19672.53166666667
-19673.47722222222
-19674.338333333326
-19674.077222222222
-19674.527222222227
-19674.6661111111
-19674.28
-19674.522777777784
-19674.81111111111
-19675.089444444435
-19675.27444444445
-19675.14555555556
-19675.77666666666
-19676.000000000004
-19676.683333333316
-19676.52666666667
-19676.66722222222
-19676.708333333336
-19676.431111111113
-19676.890000000003
-19676.86222222222
-19677.058333333334
-19677.028888888886
-19676.983888888877
-19677.41666666667
-19677.09999999999
-19677.78
-19677.229444444456
-19677.277777777766
-19677.627222222225
-19677.25777777778
-19677.381111111114
-19677.34444444444
-19677.092222222218
-19677.09666666667
-19677.38666666666
-19677.361111111113
-19678.023888888893
-19678.00111111112
-19678.35722222222
-19678.248333333333
-19678.43388888888
-19678.37
-19678.386666666665
-19678.468333333323
-19678.751666666667
-19678.84666666666
-19678.490000000005
-19678.482222222217
-19678.402222222234
-19678.881666666675
-19679.11444444444
-19679.008888888886
-19679.080555555545
-19678.974999999988
-19679.29000000001
-19679.464444444446
-19679.517222222225
-19679.56722222222
-19680.06
-19679.921111111104
-19679.785555555558
-19680.08777777778
-19679.914444444446
-19680.05777777778
-19679.80111111112
-19680.24833333333
-19680.068888888898
-19680.120555555557
-19680.099444444444
-19680.168333333317
-19680.03444444444
-19680.111666666664
-19679.94833333333
-19680.15111111111
-19679.973333333324
-19680.332777777767
-19680.64222222223
-19680.57722222221
-19680.42111111111
-19680.446111111112
-19680.691111111108
-19680.406666666666
-19680.568333333336
-19680.35666666667
-19680.60277777777
-19680.794444444447
-19680.451666666675
-19680.736111111102
-19680.60333333332
-19680.500000000004
-19680.643888888884
-19680.58722222222
-19680.765
-19680.676111111112
-19680.62222222222
-19680.716666666664
-19680.691111111108
-19680.82111111111
-19680.689444444448
-19680.999444444446
-19680.69722222222
-19680.903888888897
-19680.952222222215
-19680.9638888889
-19681.032222222228
-19681.008888888886
-19681.11222222222
-19680.95944444446
-19681.107777777775
-19681.37944444445
-19681.508888888886
-19681.402777777777
-19681.643333333333
-19681.597777777773
-19681.578888888882
-19681.582777777778
-19681.54388888888
-19681.72166666666
-19681.753888888892
-19681.681666666675
-19681.773888888885
-19681.823333333326
-19681.526111111114
-19681.611666666653
-19681.741111111114
-19681.861666666668
-19681.898333333334
-19681.742777777778
-19681.923333333336
-19681.944444444445
-19682.09722222221
-19681.991666666676
-19682.235555555562
-19682.11666666666
-19682.107222222217
-19682.015000000007
-19682.129444444436
-19682.08388888889
-19682.166111111113
-19682.150555555556
-19682.194444444434
-19682.21222222222
-19682.184999999994
-19682.113888888885
-19682.34833333334
-19682.315000000006
-19682.34944444444
-19682.314999999995
-19682.452222222215
-19682.41888888889
-19682.32833333334
-19682.40777777779
-19682.359444444446
-19682.333888888887
-19682.338333333337
-19682.47722222222
-19682.25166666667
-19682.050555555554
-19682.00444444444
-19682.12777777778
-19682.184444444432
-19682.095555555556
-19682.196666666667
-19682.266666666663
-19682.280000000002
-19682.157222222217
-19682.233333333334
-19682.201666666668
-19682.250555555565
-19682.29888888889
-19682.273888888893
-19682.000555555554
-19682.185555555563
-19682.337222222224
-19682.27111111112
-19682.458888888887
-19682.4088888889
-19682.282222222228
-19682.426666666663
-19682.325
-19682.457777777774
-19682.493888888894
-19682.40055555556
-19682.501666666663
-19682.50888888889
-19682.412222222225
-19682.41111111112
-19682.460000000006
-19682.47055555556
-19682.344444444454
-19682.27666666667
-19682.30555555555
-19682.439444444437
-19682.476111111104
-19682.438333333328
-19682.408888888884
-19682.350555555557
-19682.497222222224
-19682.66388888889
-19682.552777777782
-19682.620555555546
-19682.42444444445
-19682.626666666667
-19682.459444444437
-19682.652222222227
-19682.480000000003
-19682.533888888884
-19682.508333333335
-19682.674444444438
-19682.62
-19682.59333333333
-19682.636111111115
-19682.618333333336
-19682.55277777778
-19682.57166666667
-19682.513333333325
-19682.782222222224
-19682.708333333336
-19682.655555555557
-19682.59388888888
-19682.746111111104
-19682.74888888889
-19682.748333333333
-19682.765555555565
-19682.748888888895
-19682.668888888897
-19682.833333333347
-19682.76777777778
-19682.743333333332
-19682.785000000003
-19682.853333333336
-19682.710000000006
-19682.808333333334
-19682.7388888889
-19682.786666666667
-19682.689444444448
-19682.76277777777
-19682.909444444438
-19682.878333333334
-19682.920000000002
-19682.889444444456
-19682.963888888895
-19682.891666666666
-19683.017222222228
-19683.031111111108
-19683.048333333336
-19683.021111111117
-19683.038333333334
-19683.07944444445
-19683.00833333334
-19683.10611111112
-19683.10444444445
-19683.15
-19683.094444444447
-19683.142777777768
-19683.128333333334
-19683.114444444444
-19683.126111111113
-19683.223333333328
-19683.054444444442
-19683.060555555556
-19683.14
-19683.18444444445
-19683.029444444448
-19683.07666666667
-19682.983888888884
-19683.042222222226
-19683.062222222215
-19683.01944444445
-19683.05722222223
-19682.967777777772
-19683.0
-19683.02388888889
-19683.03777777778
-19683.128333333334
-19683.089999999993
-19683.112777777787
-19683.036111111123
-19683.150555555563
-19683.117777777778
-19683.182777777783
-19683.035555555558
-19683.187777777788
-19683.10444444445
-19683.177777777782
-19683.128888888892
-19683.156666666662
-19683.131111111114
-19683.09777777778
-19682.97
-19683.15888888889
-19683.07500000001
-19683.075555555555
-19683.10444444445
-19682.995555555564
-19683.003888888896
-19683.04777777778
-19683.10000000001
-19683.058333333338
-19683.18944444444
-19683.081666666672
-19683.16
-19683.184444444447
-19683.061666666665
-19683.021111111113
-19683.095555555552
-19683.159444444445
-19683.172777777778
-19683.06055555556
-19683.027222222227
-19683.17833333334
-19683.184444444443
-19683.231111111112
-19683.11444444445
-19683.15444444444
-19683.12111111111
-19683.190000000006



The list of best values average 

-18519.620000000003
-18540.949999999997
-18611.15000000001
-18642.6
-18687.350000000002
-18715.39
-18754.450000000004
-18789.12000000001
-18802.550000000003
-18840.350000000002
-18869.760000000002
-18903.699999999993
-18963.959999999995
-18973.40000000001
-19006.940000000002
-19027.73
-19080.960000000006
-19101.35999999999
-19136.79
-19160.61
-19170.14
-19202.139999999992
-19229.650000000005
-19262.399999999998
-19290.33
-19306.980000000007
-19336.18
-19345.470000000005
-19359.370000000006
-19393.659999999996
-19400.220000000005
-19410.77
-19417.85000000001
-19449.81
-19465.64
-19468.360000000004
-19478.37
-19494.44000000001
-19503.98
-19506.370000000003
-19522.870000000003
-19531.32
-19538.239999999998
-19543.260000000002
-19553.929999999993
-19555.44
-19561.809999999994
-19574.869999999995
-19574.549999999996
-19580.640000000003
-19592.75000000001
-19591.410000000003
-19593.9
-19599.869999999995
-19604.239999999998
-19614.639999999992
-19616.849999999988
-19617.92
-19626.66
-19630.150000000012
-19634.750000000004
-19638.239999999998
-19641.449999999993
-19644.139999999996
-19648.930000000008
-19648.620000000003
-19645.970000000005
-19654.0
-19654.01999999999
-19655.64999999999
-19661.22
-19662.110000000004
-19665.28
-19665.91999999999
-19666.60999999999
-19665.52
-19668.929999999997
-19670.7
-19671.159999999996
-19672.549999999992
-19672.489999999998
-19672.52
-19674.620000000006
-19674.99
-19676.230000000007
-19675.8
-19678.66
-19677.799999999996
-19677.22
-19679.239999999998
-19679.960000000003
-19679.56000000001
-19681.64000000001
-19681.979999999996
-19683.109999999997
-19682.910000000007
-19682.899999999998
-19683.65
-19683.880000000005
-19684.200000000008
-19684.72
-19684.450000000004
-19684.089999999993
-19684.559999999998
-19686.039999999994
-19686.18999999999
-19685.69
-19686.370000000006
-19686.39
-19687.45
-19686.690000000002
-19686.930000000008
-19687.16000000001
-19687.150000000005
-19687.210000000014
-19687.7
-19688.49
-19687.77
-19688.420000000006
-19688.26000000001
-19688.420000000002
-19688.769999999993
-19688.850000000002
-19689.290000000008
-19688.83000000001
-19688.840000000007
-19689.249999999996
-19689.21000000001
-19689.190000000002
-19689.37
-19689.360000000008
-19690.04
-19689.14
-19690.829999999998
-19690.079999999998
-19690.139999999996
-19690.40000000001
-19690.420000000002
-19690.560000000005
-19690.370000000003
-19690.53
-19690.51000000001
-19690.51
-19691.190000000002
-19691.86
-19691.760000000006
-19691.46000000001
-19691.190000000006
-19691.230000000014
-19691.600000000002
-19691.340000000007
-19691.170000000006
-19691.18
-19691.710000000003
-19691.34000000001
-19691.59000000001
-19691.570000000003
-19691.879999999997
-19691.68
-19691.980000000003
-19691.930000000008
-19691.880000000005
-19691.890000000003
-19692.310000000005
-19691.84
-19691.72
-19691.720000000005
-19691.940000000002
-19691.950000000004
-19692.090000000007
-19691.950000000004
-19692.260000000002
-19692.56
-19692.270000000008
-19692.33
-19692.580000000005
-19692.640000000003
-19692.509999999995
-19692.48000000001
-19692.30000000001
-19692.710000000003
-19692.530000000006
-19692.810000000005
-19692.770000000008
-19692.960000000006
-19692.74000000001
-19692.790000000008
-19692.770000000004
-19692.970000000005
-19692.530000000002
-19692.800000000003
-19692.530000000006
-19692.730000000007
-19692.83000000001
-19693.08
-19692.94
-19692.920000000002
-19692.720000000005
-19692.62000000001
-19692.579999999998
-19692.9
-19692.84
-19692.949999999997
-19692.880000000005
-19692.940000000002
-19692.940000000002
-19692.750000000007
-19692.980000000007
-19692.960000000003
-19692.980000000003
-19692.960000000003
-19693.090000000007
-19693.09000000001
-19693.060000000005
-19693.000000000007
-19693.07000000001
-19693.02000000001
-19693.190000000013
-19693.140000000007
-19693.22000000001
-19692.80000000001
-19692.96000000001
-19693.070000000007
-19693.15000000001
-19693.190000000002
-19693.230000000003
-19693.300000000007
-19693.390000000003
-19693.300000000003
-19693.080000000005
-19693.12000000001
-19693.090000000007
-19693.210000000003
-19693.340000000007
-19693.430000000008
-19693.37000000001
-19693.450000000008
-19693.4
-19693.340000000007
-19693.17000000001
-19693.400000000012
-19693.490000000013
-19693.28000000001
-19693.260000000006
-19693.250000000015
-19693.25000000001
-19693.25000000001
-19693.340000000007
-19693.130000000012
-19692.990000000013
-19693.240000000013
-19693.21000000001
-19693.31000000001
-19692.880000000012
-19693.35000000001
-19693.42000000001
-19693.32000000001
-19693.380000000016
-19693.240000000013
-19693.28000000001
-19693.22000000001
-19693.21000000001
-19693.190000000013
-19693.340000000007
-19693.46000000001
-19693.320000000007
-19693.240000000013
-19693.21000000001
-19693.420000000013
-19693.29000000001
-19693.29000000001
-19693.460000000006
-19693.530000000013
-19693.49000000001
-19693.30000000001
-19693.550000000007
-19693.72000000001
-19693.320000000003
-19693.430000000004
-19693.440000000006
-19693.36
-19693.440000000006
-19693.170000000006
-19693.51000000001
-19693.440000000006
-19693.500000000007
-19693.63
-19693.49
-19693.420000000006
-19693.450000000004
-19693.58
-19693.570000000003
-19693.520000000008
-19693.58000000001
-19693.530000000006
-19693.450000000008
-19693.480000000007
-19693.660000000003
-19693.68
-19693.620000000003
-19693.750000000007
-19693.750000000004
-19693.850000000006
-19693.770000000004
-19693.510000000002
-19693.660000000003
-19693.700000000008
-19693.780000000006
-19693.610000000004
-19693.66
-19693.370000000006
-19693.730000000003
-19693.78
-19693.770000000004
-19693.810000000005
-19693.680000000008
-19693.490000000013
-19693.660000000007
-19693.620000000006
-19693.590000000007
-19693.550000000007
-19693.570000000003
-19693.610000000004
-19693.520000000008
-19693.51000000001
-19693.570000000007
-19693.620000000006
-19693.54
-19693.46
-19693.440000000002
-19693.54
-19693.53
-19693.61
-19693.380000000005
-19693.540000000005
-19693.600000000006
-19693.600000000006
-19693.570000000003
-19693.410000000003
-19693.530000000006
-19693.440000000006
-19693.510000000006
-19693.550000000007
-19693.52
-19693.47
-19693.450000000004
-19693.550000000003
-19693.61
-19693.480000000003
-19693.579999999998
-19693.7
-19693.54
-19693.27
-19693.45
-19693.530000000002
-19693.440000000002
-19693.550000000003
-19693.490000000005
-19693.460000000006
-19693.41
-19693.570000000007
-19693.510000000006
-19693.400000000005
-19693.230000000007
-19693.240000000005
-19693.510000000006
-19693.550000000007
-19693.570000000007
-19693.340000000007
-19693.470000000005
-19693.070000000007
-19693.140000000003
-19693.24
-19693.190000000002
-19693.310000000005
-19693.560000000005
-19693.4
-19693.280000000006
-19693.250000000004
-19693.090000000004
-19693.390000000003
-19693.45
-19693.260000000002
-19693.410000000003
-19693.390000000003
-19693.260000000002
-19693.470000000005
-19693.530000000006
-19693.350000000006
-19693.520000000004
-19693.490000000005
-19693.460000000006
-19693.520000000004
-19693.550000000003
-19693.570000000007
-19693.44000000001
-19693.42000000001
-19693.450000000004
-19693.480000000003
-19693.500000000004
-19693.500000000007
-19693.480000000007
-19693.420000000006
-19693.420000000006
-19693.58
-19693.510000000006
-19693.600000000006
-19693.58
-19693.67
-19693.550000000003
-19693.58
-19693.63
-19693.680000000004
-19693.680000000008
-19693.660000000007
-19693.700000000004
-19693.820000000003
-19693.820000000003
-19693.510000000006
-19693.610000000008
-19693.630000000005
-19693.660000000007
-19693.640000000007
-19693.640000000007
-19693.640000000003
-19693.640000000007
-19693.610000000004
-19693.550000000007
-19693.540000000005
-19693.640000000007
-19693.510000000006
-19693.580000000005
-19693.440000000002
-19693.670000000002
-19693.640000000003
-19693.4
-19693.590000000004
-19693.460000000003
-19693.370000000003
-19693.56
-19693.590000000004
-19693.540000000005
-19693.68
-19693.68
-19693.500000000004
-19693.56
-19693.610000000004
-19693.500000000004
-19693.640000000003
-19693.690000000006
-19693.530000000006
-19693.690000000006
-19693.590000000004
-19693.550000000003
-19693.4
-19693.58
-19693.610000000004
-19693.680000000004
-19693.66
-19693.68
-19693.68
-19693.380000000005
-19693.600000000002
-19693.600000000002
-19693.62
-19693.57
-19693.600000000002
-19693.690000000002
-19693.690000000002
-19693.670000000002
-19693.600000000002
-19693.690000000002
-19693.640000000003
-19693.640000000003
-19693.710000000003
-19693.65
-19693.65
-19693.640000000003
-19693.730000000003
-19693.730000000003
-19693.66
-19693.41
-19693.390000000003
-19693.520000000004
