----------Report of simulation of Quantum Parallel Tempering - Population Annealing v2-----------
The number of considered Spin186
The considered Annealing Duration 744
The considered Annealing Number 100
The considered T 1.0
The considered Gamma0 1.0
The considered Number Of Replica 3
The considered Number Of System Tempering 3
The considered Number Of System Population 3
The solution found [ 1.  1.  1. -1. -1.  1.  1.  1.  1. -1.  1.  1.  1.  1. -1.  1.  1.  1.
  1. -1.  1. -1.  1.  1.  1.  1. -1. -1.  1. -1.  1.  1. -1. -1.  1. -1.
 -1. -1. -1. -1. -1.  1.  1.  1. -1. -1.  1.  1.  1. -1. -1. -1.  1. -1.
 -1.  1.  1. -1.  1.  1. -1. -1.  1. -1. -1. -1. -1. -1.  1.  1. -1. -1.
  1.  1.  1.  1.  1. -1.  1. -1.  1. -1. -1. -1. -1.  1.  1.  1.  1.  1.
 -1.  1.  1. -1.  1.  1. -1.  1.  1. -1.  1. -1. -1.  1. -1. -1. -1. -1.
  1. -1.  1.  1.  1.  1.  1. -1.  1. -1.  1. -1. -1. -1. -1.  1.  1.  1.
  1. -1.  1. -1. -1.  1. -1. -1.  1.  1.  1. -1. -1.  1. -1. -1. -1.  1.
  1. -1. -1.  1. -1.  1. -1. -1. -1.  1. -1.  1. -1.  1. -1. -1. -1. -1.
  1.  1.  1.  1. -1. -1.  1. -1. -1. -1. -1. -1.  1. -1. -1.  1. -1. -1.
 -1. -1.  1.  1. -1.  1.]
The value found -46197.0
The Success probability is 0.46
The average value is -46173.5
The total execution time is 13749.789215564728
The average time for execution is 137.4978911280632
The average time for all systems update is 0.18476524594009563
The average time for system tempering update is 0.031124439222411017
The average time for system population update is 6784.955887794495
The average time for replica update is 0.010253431724747164
The average time for spin update is 5.4896575828158225e-05
The list of values found 

-46130.0
-46140.0
-46157.0
-46151.0
-46157.0
-46141.0
-46150.0
-46197.0
-46197.0
-46162.0
-46197.0
-46150.0
-46152.0
-46197.0
-46152.0
-46197.0
-46157.0
-46181.0
-46160.0
-46169.0
-46153.0
-46160.0
-46157.0
-46197.0
-46157.0
-46197.0
-46151.0
-46197.0
-46197.0
-46197.0
-46197.0
-46197.0
-46133.0
-46151.0
-46197.0
-46146.0
-46197.0
-46197.0
-46151.0
-46134.0
-46197.0
-46157.0
-46197.0
-46197.0
-46197.0
-46157.0
-46174.0
-46162.0
-46121.0
-46139.0
-46152.0
-46197.0
-46134.0
-46197.0
-46197.0
-46197.0
-46197.0
-46143.0
-46167.0
-46197.0
-46197.0
-46157.0
-46197.0
-46197.0
-46150.0
-46197.0
-46197.0
-46197.0
-46197.0
-46157.0
-46162.0
-46197.0
-46197.0
-46197.0
-46197.0
-46197.0
-46151.0
-46162.0
-46160.0
-46197.0
-46160.0
-46197.0
-46197.0
-46149.0
-46157.0
-46160.0
-46160.0
-46145.0
-46197.0
-46157.0
-46197.0
-46197.0
-46137.0
-46162.0
-46152.0
-46162.0
-46197.0
-46197.0
-46197.0
-46180.0



The list of values first execution 

-43694.88888888889
-43804.944444444445
-43906.61111111111
-43890.38888888889
-43959.833333333336
-44018.166666666664
-43999.5
-44017.166666666664
-43977.666666666664
-44021.555555555555
-44084.0
-44092.38888888889
-44113.38888888889
-44038.22222222222
-44203.72222222222
-44130.88888888889
-44214.333333333336
-44212.22222222222
-44193.22222222222
-44237.22222222222
-44302.444444444445
-44194.555555555555
-44195.166666666664
-44348.27777777778
-44216.38888888889
-44198.5
-44382.77777777778
-44443.333333333336
-44367.88888888889
-44527.5
-44418.333333333336
-44405.88888888889
-44326.11111111111
-44529.944444444445
-44229.833333333336
-44431.055555555555
-44439.27777777778
-44559.0
-44514.61111111111
-44524.77777777778
-44654.444444444445
-44491.666666666664
-44619.444444444445
-44596.333333333336
-44590.833333333336
-44451.88888888889
-44638.38888888889
-44714.444444444445
-44653.88888888889
-44733.72222222222
-44543.944444444445
-44677.77777777778
-44688.77777777778
-44722.72222222222
-44873.38888888889
-44870.666666666664
-44967.166666666664
-44896.38888888889
-44900.22222222222
-44730.61111111111
-44845.555555555555
-44648.0
-44827.61111111111
-44514.944444444445
-44674.5
-44884.444444444445
-44776.666666666664
-44936.555555555555
-44742.38888888889
-44897.166666666664
-44647.5
-44727.444444444445
-44857.555555555555
-44835.72222222222
-44978.666666666664
-44804.27777777778
-44769.055555555555
-44993.333333333336
-44880.22222222222
-44819.055555555555
-44987.38888888889
-44884.77777777778
-44844.5
-44828.88888888889
-44748.77777777778
-44928.055555555555
-44821.61111111111
-44936.27777777778
-44925.11111111111
-44955.5
-44898.72222222222
-44909.166666666664
-44935.555555555555
-45049.166666666664
-44980.22222222222
-44995.944444444445
-45090.77777777778
-44872.61111111111
-45093.055555555555
-44852.72222222222
-44810.833333333336
-44934.38888888889
-44844.444444444445
-44961.5
-44884.666666666664
-44976.833333333336
-45021.72222222222
-44998.444444444445
-44981.555555555555
-45062.77777777778
-44975.833333333336
-44958.055555555555
-45089.77777777778
-45013.055555555555
-45084.666666666664
-44871.444444444445
-44928.555555555555
-44890.77777777778
-44845.055555555555
-44872.77777777778
-44865.38888888889
-44830.0
-44898.27777777778
-44930.555555555555
-44931.444444444445
-45016.333333333336
-44959.333333333336
-44985.666666666664
-44898.833333333336
-44778.77777777778
-44950.77777777778
-44798.38888888889
-44955.61111111111
-44934.22222222222
-44940.0
-44861.666666666664
-44801.38888888889
-44976.944444444445
-44897.5
-44962.666666666664
-44943.5
-44991.77777777778
-44802.055555555555
-44802.0
-44964.72222222222
-44858.77777777778
-44969.11111111111
-44736.444444444445
-44986.77777777778
-44920.555555555555
-44927.22222222222
-45033.27777777778
-44965.444444444445
-44994.055555555555
-44960.22222222222
-44976.555555555555
-44922.166666666664
-44871.0
-45019.555555555555
-45052.72222222222
-44965.72222222222
-45003.555555555555
-44898.166666666664
-44843.666666666664
-45014.38888888889
-44929.38888888889
-45024.944444444445
-44949.27777777778
-44973.555555555555
-44871.0
-44943.555555555555
-44941.055555555555
-45004.27777777778
-45021.944444444445
-45030.61111111111
-45116.666666666664
-45045.055555555555
-44979.11111111111
-45112.333333333336
-44985.0
-45107.11111111111
-44954.88888888889
-45151.833333333336
-44843.88888888889
-45132.88888888889
-45028.555555555555
-44998.833333333336
-44926.833333333336
-44899.5
-45052.27777777778
-45005.5
-45068.27777777778
-45074.88888888889
-45056.333333333336
-44975.38888888889
-44997.444444444445
-45098.555555555555
-44915.72222222222
-45155.27777777778
-45009.833333333336
-45089.166666666664
-45002.77777777778
-45009.055555555555
-45121.88888888889
-44915.27777777778
-45092.72222222222
-44813.88888888889
-44898.0
-44967.61111111111
-44970.333333333336
-44859.27777777778
-45061.77777777778
-45093.666666666664
-45012.166666666664
-45098.27777777778
-44872.61111111111
-45152.333333333336
-44940.88888888889
-44989.11111111111
-44867.944444444445
-45023.38888888889
-45052.333333333336
-44936.444444444445
-45090.444444444445
-44885.833333333336
-44930.5
-44975.38888888889
-44951.77777777778
-44949.944444444445
-44894.61111111111
-44884.88888888889
-44796.11111111111
-44925.833333333336
-44929.77777777778
-45019.333333333336
-44867.22222222222
-44979.833333333336
-44825.11111111111
-44935.38888888889
-44989.333333333336
-44737.833333333336
-44998.11111111111
-44851.38888888889
-45070.0
-44854.166666666664
-44918.666666666664
-44842.27777777778
-44912.444444444445
-44910.333333333336
-44947.166666666664
-44879.61111111111
-44756.055555555555
-45017.61111111111
-44819.166666666664
-45017.11111111111
-44719.055555555555
-44848.77777777778
-44897.27777777778
-44906.5
-44932.72222222222
-44933.11111111111
-44874.555555555555
-44980.22222222222
-45011.88888888889
-44859.555555555555
-45064.38888888889
-44897.944444444445
-44921.72222222222
-44960.833333333336
-45026.055555555555
-44779.88888888889
-44851.27777777778
-45043.444444444445
-44888.38888888889
-45048.72222222222
-44990.61111111111
-44933.333333333336
-45111.555555555555
-44907.27777777778
-45092.555555555555
-44917.555555555555
-44979.444444444445
-44840.555555555555
-44970.666666666664
-44805.72222222222
-44938.166666666664
-44999.22222222222
-44961.444444444445
-44862.333333333336
-44832.27777777778
-44948.11111111111
-44918.27777777778
-44980.444444444445
-44900.333333333336
-44777.555555555555
-44954.0
-44837.055555555555
-45052.0
-45045.055555555555
-44995.11111111111
-44897.38888888889
-44804.333333333336
-45009.944444444445
-44818.11111111111
-44989.555555555555
-44890.333333333336
-45030.444444444445
-44914.22222222222
-45084.72222222222
-44850.38888888889
-45054.833333333336
-44784.055555555555
-44882.944444444445
-44851.444444444445
-44847.333333333336
-44950.77777777778
-44981.055555555555
-45069.72222222222
-44978.666666666664
-45017.61111111111
-44899.72222222222
-44996.5
-45031.77777777778
-45016.88888888889
-45072.166666666664
-44922.22222222222
-45036.166666666664
-44834.0
-44959.61111111111
-44899.22222222222
-44950.944444444445
-45003.11111111111
-44797.666666666664
-44932.72222222222
-44923.27777777778
-45033.38888888889
-44905.944444444445
-45164.38888888889
-44961.5
-44994.27777777778
-44994.22222222222
-44964.666666666664
-45003.11111111111
-44914.944444444445
-44963.055555555555
-44994.11111111111
-44937.0
-44884.555555555555
-44782.444444444445
-44811.38888888889
-44881.5
-44922.88888888889
-44807.11111111111
-44924.833333333336
-44931.77777777778
-44983.77777777778
-44913.88888888889
-44869.72222222222
-44911.166666666664
-44909.666666666664
-45012.61111111111
-44974.38888888889
-45019.22222222222
-45002.61111111111
-45009.61111111111
-45031.055555555555
-45121.444444444445
-44899.61111111111
-44981.38888888889
-44983.27777777778
-44859.944444444445
-44986.166666666664
-44748.38888888889
-44931.0
-45014.77777777778
-45018.555555555555
-44896.833333333336
-44945.944444444445
-44939.0
-44904.38888888889
-44964.77777777778
-44940.055555555555
-45011.444444444445
-44903.72222222222
-44944.166666666664
-44884.333333333336
-44992.333333333336
-44820.88888888889
-44899.166666666664
-45027.444444444445
-44930.166666666664
-45050.555555555555
-45009.61111111111
-44968.555555555555
-45002.5
-44964.88888888889
-45102.77777777778
-45020.555555555555
-44955.11111111111
-44925.61111111111
-44973.11111111111
-44970.22222222222
-45007.5
-44920.22222222222
-45047.666666666664
-45007.944444444445
-44962.444444444445
-45061.72222222222
-44999.055555555555
-44941.5
-44902.055555555555
-44907.72222222222
-45048.444444444445
-44805.38888888889
-44966.38888888889
-44743.333333333336
-44779.833333333336
-44907.38888888889
-44751.0
-44947.77777777778
-44975.444444444445
-44971.27777777778
-44936.444444444445
-45059.0
-45009.944444444445
-44947.444444444445
-45029.11111111111
-44907.88888888889
-44978.61111111111
-44961.27777777778
-45107.166666666664
-44950.833333333336
-45018.5
-45056.72222222222
-44977.22222222222
-44964.22222222222
-45043.833333333336
-45089.444444444445
-45026.72222222222
-44829.72222222222
-44854.666666666664
-44888.88888888889
-44778.27777777778
-45029.61111111111
-44792.27777777778
-44986.61111111111
-44959.88888888889
-44924.38888888889
-45045.055555555555
-44947.833333333336
-44943.77777777778
-44913.444444444445
-45022.666666666664
-44924.72222222222
-44981.444444444445
-44977.5
-45036.666666666664
-44916.38888888889
-44863.833333333336
-45126.555555555555
-44932.22222222222
-45093.38888888889
-44997.166666666664
-45024.833333333336
-45042.11111111111
-44847.72222222222
-44996.27777777778
-44964.444444444445
-44897.22222222222
-44857.333333333336
-44923.0
-44976.555555555555
-45008.055555555555
-44984.166666666664
-44835.555555555555
-44992.22222222222
-44933.555555555555
-44994.055555555555
-44990.0
-44947.88888888889
-45009.333333333336
-44921.72222222222
-44988.555555555555
-45031.72222222222
-45080.88888888889
-45064.055555555555
-45004.333333333336
-44994.0
-44812.055555555555
-44919.27777777778
-44810.38888888889
-44898.38888888889
-44981.166666666664
-45096.555555555555
-45036.055555555555
-45092.27777777778
-45137.22222222222
-45082.88888888889
-45034.666666666664
-44834.055555555555
-45021.5
-44893.38888888889
-45084.0
-44977.0
-44930.27777777778
-45043.333333333336
-44947.166666666664
-44982.444444444445
-44929.166666666664
-45031.61111111111
-44881.333333333336
-45026.944444444445
-44996.61111111111
-45048.444444444445
-45040.444444444445
-44896.5
-45099.61111111111
-44926.555555555555
-45021.88888888889
-44937.444444444445
-45007.72222222222
-44978.0
-44996.666666666664
-45080.666666666664
-44949.88888888889
-44969.72222222222
-44847.72222222222
-45002.11111111111
-44819.944444444445
-44972.555555555555
-44951.333333333336
-45005.22222222222
-44934.555555555555
-44904.22222222222
-44975.77777777778
-44996.5
-45023.38888888889
-45014.0
-44910.38888888889
-45084.61111111111
-44933.055555555555
-45073.444444444445
-44879.38888888889
-45026.166666666664
-44905.666666666664
-45017.5
-44888.444444444445
-44952.22222222222
-45058.0
-44912.77777777778
-45110.27777777778
-44887.166666666664
-45064.77777777778
-44946.055555555555
-45022.555555555555
-45004.77777777778
-44969.666666666664
-44925.666666666664
-45091.0
-44951.0
-45021.88888888889
-45038.555555555555
-45041.0
-45005.555555555555
-45066.61111111111
-44968.5
-45029.22222222222
-44819.11111111111
-45063.444444444445
-44831.944444444445
-45043.444444444445
-45044.61111111111
-45031.61111111111
-45014.0
-45127.11111111111
-44970.944444444445
-45046.444444444445
-44916.38888888889
-44921.055555555555
-45062.0
-44882.666666666664
-44895.61111111111
-44903.833333333336
-44962.944444444445
-44861.055555555555
-44873.61111111111
-45013.0
-44853.555555555555
-44960.61111111111
-44936.27777777778
-45014.444444444445
-44787.0
-44964.11111111111
-44880.055555555555
-44923.88888888889
-44939.72222222222
-44845.61111111111
-44919.88888888889
-44914.055555555555
-44981.444444444445
-44993.333333333336
-45036.944444444445
-45062.333333333336
-45057.5
-45057.61111111111
-45031.5
-45111.5
-44993.833333333336
-45079.22222222222
-44926.27777777778
-45002.38888888889
-45103.444444444445
-45006.72222222222
-44904.833333333336
-44870.833333333336
-45040.22222222222
-45062.666666666664
-45026.88888888889
-45059.166666666664
-44887.444444444445
-44924.27777777778
-44975.61111111111
-45027.61111111111
-44897.0
-45024.0
-44886.77777777778
-44917.61111111111
-45009.666666666664
-44815.5
-45019.166666666664
-44913.833333333336
-45006.0
-44930.0
-44966.0
-44924.944444444445
-44908.833333333336
-45077.055555555555
-44978.944444444445
-45012.055555555555
-44925.333333333336
-45041.88888888889
-44825.5
-44873.11111111111
-45058.5
-44920.333333333336
-45006.38888888889
-44958.11111111111
-44957.666666666664
-44960.444444444445
-45079.944444444445
-44992.166666666664
-44895.666666666664
-45078.666666666664
-44843.77777777778
-44959.38888888889
-44906.333333333336
-44935.38888888889
-44810.61111111111
-45026.77777777778
-44899.61111111111
-45021.0
-44805.0
-44720.11111111111
-44873.27777777778
-44897.444444444445
-44953.88888888889
-44866.72222222222
-45033.27777777778
-44992.38888888889
-45017.5
-45042.72222222222
-44906.88888888889
-44948.38888888889
-44862.88888888889
-44971.944444444445
-44990.72222222222
-45043.5
-44855.77777777778
-44972.11111111111
-44914.72222222222
-44923.27777777778
-44920.0
-44982.0
-45100.444444444445
-44985.444444444445
-45059.38888888889
-45027.5
-45044.0
-44880.666666666664
-44988.61111111111
-44999.38888888889
-44927.333333333336
-44973.166666666664
-44885.555555555555
-45116.444444444445
-44807.22222222222
-45164.72222222222
-44968.38888888889
-44917.444444444445
-44990.77777777778
-44929.333333333336
-44935.5
-44805.72222222222
-45010.666666666664
-44937.055555555555
-44952.5
-45040.555555555555
-44833.666666666664
-44928.666666666664
-44974.22222222222
-44944.055555555555
-45000.88888888889
-45075.944444444445
-44848.5
-45008.27777777778
-44854.944444444445
-44895.27777777778
-45021.27777777778
-44867.555555555555
-45031.61111111111
-44925.88888888889
-45057.38888888889
-44898.0
-44836.333333333336
-44752.38888888889
-44918.72222222222
-44929.27777777778
-45071.61111111111
-44999.0
-44909.72222222222
-45045.333333333336
-44988.22222222222
-45031.166666666664
-44938.0
-44950.72222222222
-45020.944444444445
-44864.444444444445
-44929.555555555555
-44980.5
-45043.444444444445
-44953.055555555555
-44969.88888888889
-44941.444444444445
-44874.055555555555



The list of best values first execution 

-45284.0
-45804.0
-45865.0
-45884.0
-45968.0
-45984.0
-45993.0
-45982.0
-46025.0
-46039.0
-46046.0
-46051.0
-46053.0
-46054.0
-46049.0
-46080.0
-46080.0
-46080.0
-46064.0
-46080.0
-46083.0
-46065.0
-46023.0
-46031.0
-46061.0
-46080.0
-46024.0
-46031.0
-46056.0
-45981.0
-46009.0
-46042.0
-46060.0
-46080.0
-46056.0
-46020.0
-46027.0
-46038.0
-46069.0
-46083.0
-46083.0
-46065.0
-46055.0
-46076.0
-46080.0
-46027.0
-46042.0
-46076.0
-46031.0
-46058.0
-46063.0
-46075.0
-46080.0
-46007.0
-46019.0
-46020.0
-46027.0
-46038.0
-46014.0
-46046.0
-46002.0
-46055.0
-46002.0
-46038.0
-46045.0
-46020.0
-46047.0
-46047.0
-46047.0
-46020.0
-46047.0
-46045.0
-46020.0
-46047.0
-46049.0
-46020.0
-46068.0
-46047.0
-46020.0
-46047.0
-46045.0
-46026.0
-46075.0
-46052.0
-46053.0
-46105.0
-46102.0
-46060.0
-46054.0
-46067.0
-46118.0
-46045.0
-46091.0
-46058.0
-46051.0
-46073.0
-46062.0
-46064.0
-46050.0
-46085.0
-46068.0
-46066.0
-46063.0
-46060.0
-46100.0
-46072.0
-46092.0
-46103.0
-46121.0
-46123.0
-46101.0
-46118.0
-46080.0
-46107.0
-46090.0
-46129.0
-46120.0
-46037.0
-46038.0
-46077.0
-46046.0
-46039.0
-46006.0
-46031.0
-46041.0
-46032.0
-46048.0
-46050.0
-46032.0
-46021.0
-46040.0
-46051.0
-46058.0
-46058.0
-46051.0
-46058.0
-46058.0
-46058.0
-46058.0
-46058.0
-46058.0
-46065.0
-46058.0
-46058.0
-46058.0
-46058.0
-46058.0
-46058.0
-46066.0
-46058.0
-46082.0
-46078.0
-46074.0
-46078.0
-46083.0
-46077.0
-46077.0
-46075.0
-46086.0
-46083.0
-46073.0
-46083.0
-46083.0
-46058.0
-46085.0
-46075.0
-46093.0
-46125.0
-46102.0
-46123.0
-46114.0
-46130.0
-46123.0
-46122.0
-46122.0
-46121.0
-46127.0
-46119.0
-46125.0
-46127.0
-46124.0
-46124.0
-46127.0
-46122.0
-46124.0
-46130.0
-46130.0
-46130.0
-46130.0
-46130.0
-46125.0
-46123.0
-46120.0
-46119.0
-46125.0
-46125.0
-46106.0
-46125.0
-46121.0
-46123.0
-46125.0
-46130.0
-46130.0
-46124.0
-46117.0
-46107.0
-46123.0
-46123.0
-46123.0
-46117.0
-46123.0
-46127.0
-46127.0
-46127.0
-46127.0
-46127.0
-46058.0
-46058.0
-46058.0
-46058.0
-46058.0
-46058.0
-46058.0
-46058.0
-46058.0
-46058.0
-46058.0
-46058.0
-46058.0
-46058.0
-46058.0
-46058.0
-46058.0
-46058.0
-46058.0
-46058.0
-46058.0
-46058.0
-46058.0
-46058.0
-46058.0
-46058.0
-46058.0
-46058.0
-46058.0
-46058.0
-46058.0
-46058.0
-46058.0
-46058.0
-46058.0
-46058.0
-46058.0
-46058.0
-46058.0
-46058.0
-46058.0
-46058.0
-46058.0
-46058.0
-46058.0
-46058.0
-46058.0
-46058.0
-46058.0
-46058.0
-46058.0
-46058.0
-46058.0
-46058.0
-46058.0
-46058.0
-46058.0
-46058.0
-46058.0
-46058.0
-46058.0
-46058.0
-46058.0
-46058.0
-46058.0
-46058.0
-46058.0
-46058.0
-46058.0
-46058.0
-46058.0
-46058.0
-46058.0
-46058.0
-46058.0
-46058.0
-46058.0
-46058.0
-46058.0
-46058.0
-46058.0
-46058.0
-46058.0
-46058.0
-46058.0
-46058.0
-46058.0
-46058.0
-46058.0
-46058.0
-46058.0
-46058.0
-46058.0
-46058.0
-46058.0
-46058.0
-46058.0
-46058.0
-46058.0
-46058.0
-46058.0
-46058.0
-46058.0
-46058.0
-46058.0
-46058.0
-46058.0
-46058.0
-46058.0
-46058.0
-46058.0
-46058.0
-46058.0
-46058.0
-46058.0
-46058.0
-46058.0
-46058.0
-46058.0
-46058.0
-46058.0
-46058.0
-46058.0
-46058.0
-46058.0
-46058.0
-46058.0
-46058.0
-46058.0
-46058.0
-46058.0
-46058.0
-46058.0
-46058.0
-46058.0
-46058.0
-46058.0
-46058.0
-46058.0
-46058.0
-46058.0
-46058.0
-46058.0
-46058.0
-46058.0
-46058.0
-46058.0
-46058.0
-46058.0
-46058.0
-46058.0
-46058.0
-46058.0
-46058.0
-46058.0
-46058.0
-46058.0
-46058.0
-46058.0
-46058.0
-46058.0
-46058.0
-46058.0
-46058.0
-46058.0
-46058.0
-46058.0
-46058.0
-46058.0
-46058.0
-46058.0
-46058.0
-46058.0
-46058.0
-46058.0
-46058.0
-46058.0
-46058.0
-46058.0
-46058.0
-46058.0
-46058.0
-46058.0
-46058.0
-46058.0
-46058.0
-46058.0
-46058.0
-46058.0
-46058.0
-46058.0
-46058.0
-46058.0
-46058.0
-46058.0
-46058.0
-46058.0
-46058.0
-46058.0
-46058.0
-46058.0
-46058.0
-46058.0
-46058.0
-46058.0
-46058.0
-46058.0
-46058.0
-46058.0
-46058.0
-46058.0
-46058.0
-46058.0
-46058.0
-46058.0
-46058.0
-46058.0
-46058.0
-46058.0
-46058.0
-46058.0
-46058.0
-46058.0
-46058.0
-46058.0
-46058.0
-46058.0
-46058.0
-46058.0
-46058.0
-46058.0
-46058.0
-46058.0
-46058.0
-46058.0
-46058.0
-46058.0
-46058.0
-46058.0
-46058.0
-46058.0
-46058.0
-46058.0
-46058.0
-46058.0
-46058.0
-46058.0
-46058.0
-46058.0
-46058.0
-46058.0
-46058.0
-46058.0
-46058.0
-46058.0
-46058.0
-46058.0
-46058.0
-46058.0
-46058.0
-46058.0
-46058.0
-46058.0
-46058.0
-46058.0
-46058.0
-46058.0
-46058.0
-46058.0
-46058.0
-46058.0
-46058.0
-46058.0
-46058.0
-46058.0
-46058.0
-46058.0
-46058.0
-46058.0
-46058.0
-46058.0
-46058.0
-46058.0
-46058.0
-46058.0
-46058.0
-46058.0
-46058.0
-46058.0
-46058.0
-46058.0
-46058.0
-46058.0
-46058.0
-46058.0
-46058.0
-46058.0
-46058.0
-46058.0
-46058.0
-46058.0
-46058.0
-46058.0
-46058.0
-46058.0
-46058.0
-46058.0
-46058.0
-46058.0
-46058.0
-46058.0
-46058.0
-46058.0
-46058.0
-46058.0
-46058.0
-46058.0
-46058.0
-46058.0
-46058.0
-46058.0
-46058.0
-46058.0
-46058.0
-46058.0
-46058.0
-46058.0
-46058.0
-46058.0
-46058.0
-46058.0
-46058.0
-46058.0
-46058.0
-46058.0
-46058.0
-46058.0
-46058.0
-46058.0
-46058.0
-46058.0
-46058.0
-46058.0
-46058.0
-46058.0
-46058.0
-46058.0
-46058.0
-46058.0
-46058.0
-46058.0
-46058.0
-46058.0
-46058.0
-46058.0
-46058.0
-46058.0
-46058.0
-46058.0
-46058.0
-46058.0
-46058.0
-46058.0
-46058.0
-46058.0
-46058.0
-46058.0
-46058.0
-46058.0
-46058.0
-46058.0
-46058.0
-46058.0
-46058.0
-46058.0
-46058.0
-46058.0
-46058.0
-46058.0
-46058.0
-46058.0
-46058.0
-46058.0
-46058.0
-46058.0
-46058.0
-46058.0
-46058.0
-46058.0
-46058.0
-46058.0
-46058.0
-46058.0
-46058.0
-46058.0
-46058.0
-46058.0
-46058.0
-46058.0
-46058.0
-46058.0
-46058.0
-46058.0
-46058.0
-46058.0
-46058.0
-46058.0
-46058.0
-46058.0
-46058.0
-46058.0
-46058.0
-46058.0
-46058.0
-46058.0
-46058.0
-46058.0
-46058.0
-46058.0
-46058.0
-46058.0
-46058.0
-46058.0
-46058.0
-46058.0
-46058.0
-46058.0
-46058.0
-46058.0
-46058.0
-46058.0
-46058.0
-46058.0
-46058.0
-46058.0
-46058.0
-46058.0
-46058.0
-46058.0
-46058.0
-46058.0
-46058.0
-46058.0
-46058.0
-46058.0
-46058.0
-46058.0
-46058.0
-46058.0
-46058.0
-46058.0
-46058.0
-46058.0
-46058.0
-46058.0
-46058.0
-46058.0
-46058.0
-46058.0
-46058.0
-46058.0
-46058.0
-46058.0
-46058.0
-46058.0
-46058.0
-46058.0
-46058.0
-46058.0
-46058.0
-46058.0
-46058.0
-46058.0
-46058.0
-46058.0
-46058.0
-46058.0
-46058.0
-46058.0
-46058.0
-46058.0
-46058.0
-46058.0
-46058.0
-46058.0
-46058.0
-46058.0
-46058.0
-46058.0
-46058.0
-46058.0
-46058.0
-46058.0
-46058.0
-46058.0
-46058.0
-46058.0
-46058.0
-46058.0
-46058.0
-46058.0
-46058.0
-46058.0
-46058.0
-46058.0
-46058.0
-46058.0
-46058.0
-46058.0
-46058.0
-46058.0
-46058.0
-46058.0
-46058.0
-46058.0
-46058.0
-46058.0
-46058.0
-46058.0
-46058.0
-46058.0
-46058.0
-46058.0
-46058.0
-46058.0
-46058.0
-46058.0
-46058.0



The list of values average 

-43615.035
-43799.82555555558
-43901.57944444442
-43937.63555555553
-43986.541666666664
-44012.55888888889
-44045.81611111112
-44060.601666666655
-44077.57722222224
-44108.62000000001
-44128.044999999984
-44145.48166666669
-44159.703888888886
-44182.15444444443
-44195.10055555554
-44205.26944444444
-44218.46999999998
-44242.59111111109
-44257.518333333355
-44283.3138888889
-44289.30444444445
-44317.36499999998
-44321.78777777777
-44347.49722222222
-44365.66722222223
-44384.28333333332
-44409.11333333331
-44419.012777777774
-44438.253888888896
-44458.12111111111
-44474.28222222221
-44498.99166666669
-44503.28055555554
-44537.84777777777
-44536.034444444456
-44554.25111111113
-44572.54555555556
-44589.35444444445
-44618.886111111104
-44621.72333333332
-44623.98833333332
-44648.36111111111
-44666.46333333333
-44674.03999999998
-44688.19444444443
-44698.95166666669
-44730.28944444442
-44716.610000000015
-44734.59722222223
-44719.43277777775
-44744.446666666634
-44757.638888888905
-44760.739444444436
-44776.64666666666
-44790.99444444446
-44798.650555555556
-44800.01888888887
-44797.34277777777
-44820.8961111111
-44822.89888888889
-44829.091111111105
-44821.67944444444
-44837.70777777778
-44847.00000000002
-44862.040555555555
-44843.83388888889
-44867.25777777777
-44854.471666666665
-44860.04222222221
-44866.274999999994
-44862.99833333333
-44890.77166666667
-44876.49388888889
-44892.91222222223
-44897.17277777778
-44893.44833333335
-44896.35444444444
-44897.92666666669
-44899.075000000004
-44905.19500000001
-44916.148888888885
-44910.76944444441
-44931.024999999994
-44922.75833333334
-44928.64944444445
-44926.92666666666
-44922.777777777796
-44931.66555555554
-44936.092222222214
-44933.035
-44933.29777777778
-44946.801666666666
-44928.075
-44940.7177777778
-44932.136111111126
-44930.85777777779
-44952.02444444446
-44952.02277777778
-44959.81055555556
-44953.52499999998
-44957.22444444443
-44951.77222222221
-44961.92666666666
-44966.004444444465
-44952.23388888888
-44969.68444444443
-44960.57222222223
-44981.66555555555
-44966.13444444442
-44962.204999999965
-44965.26833333333
-44964.83999999998
-44965.17055555556
-44967.40555555556
-44971.29555555556
-44980.05055555554
-44984.052777777804
-44973.831666666665
-44971.07111111113
-44972.99666666668
-44980.83611111108
-44980.706111111096
-44975.52500000001
-44978.100555555575
-44981.517777777764
-44981.96833333332
-44990.56777777778
-44970.25833333334
-44969.418333333335
-44976.47999999998
-44979.32777777777
-44987.445
-44994.262222222205
-44981.211666666655
-44995.641111111116
-44985.899444444425
-44999.81833333335
-44990.05777777778
-44993.727777777785
-44993.03222222221
-44985.97833333332
-44989.71833333333
-44979.7688888889
-44979.44000000001
-44984.77222222222
-44990.38333333337
-45004.16833333333
-44999.14722222222
-45006.740000000005
-45005.48555555556
-44994.479999999996
-45010.311666666676
-44994.771111111106
-44997.24611111111
-44995.23055555556
-44994.09166666669
-45010.11333333336
-44991.92722222225
-44996.87166666664
-45001.99166666666
-44987.27055555555
-44989.71499999999
-44996.022222222215
-44991.78277777778
-45001.61333333333
-45001.006111111106
-45006.37166666666
-45013.07777777777
-45004.76222222222
-45015.265000000014
-45003.0677777778
-44995.44555555555
-45006.36222222223
-44995.48055555555
-45018.83666666667
-44998.950555555566
-45004.58166666666
-45007.227777777756
-45015.920000000006
-45015.21444444445
-45002.15444444443
-45002.80000000001
-45008.0661111111
-45015.831666666665
-44998.4188888889
-45008.57444444444
-45008.994444444455
-45008.48722222222
-45009.826111111106
-45013.566666666695
-45015.08333333334
-45000.044444444444
-45007.02777777777
-45002.84555555556
-45006.538333333345
-45004.082777777774
-45005.067777777775
-45005.726111111115
-45014.08777777778
-45000.12444444446
-45011.60555555554
-45021.72666666668
-44996.87000000002
-45008.798888888865
-45003.82055555556
-45008.058333333334
-45010.18222222223
-45001.02444444445
-45010.03833333333
-44998.60222222223
-44997.36111111108
-45012.56999999998
-45000.795
-45008.86555555557
-45005.40055555554
-45013.653333333314
-45012.27444444445
-44993.519444444435
-45009.411111111134
-45026.94833333333
-45012.30555555556
-45009.69444444444
-45007.99111111112
-45000.19833333333
-45011.7511111111
-44998.45166666667
-45015.97333333332
-45011.45055555555
-45012.69333333332
-45009.24500000002
-45003.13888888888
-45018.201111111106
-45007.68555555555
-45005.46888888888
-45010.970555555534
-45005.13722222224
-45010.227777777785
-45011.67777777777
-45009.188333333324
-45000.29222222223
-45005.19388888888
-45001.220555555585
-45016.92777777777
-45005.950000000004
-45017.217777777805
-45010.96888888886
-44997.424444444434
-45009.146111111106
-45010.54999999998
-45009.62666666666
-45005.99222222221
-45009.76388888889
-45012.14777777776
-45020.99222222223
-45008.49277777778
-45001.44611111114
-45006.23611111111
-45004.36722222223
-45004.15944444445
-45006.12555555555
-45013.86944444445
-44996.092222222214
-45003.976666666655
-45003.24388888888
-45004.92722222223
-45016.98444444444
-45000.49333333335
-45014.08777777777
-45004.88277777778
-45009.10722222222
-45003.74555555555
-45013.101666666655
-45009.14444444446
-45012.16111111111
-44993.87111111109
-44995.601111111115
-45025.79277777779
-45007.332777777774
-45018.476666666684
-45007.26555555553
-45016.196666666656
-44992.248333333315
-44996.174999999996
-45025.07666666667
-45002.42111111112
-45010.7733333333
-44994.227777777785
-45013.419444444444
-45004.189444444455
-45002.145555555566
-45007.626111111116
-45016.52444444444
-45002.81666666667
-44999.496666666666
-45008.827222222215
-44994.007777777784
-45018.68666666666
-45012.642222222225
-44999.17555555555
-44995.48777777777
-45003.91722222223
-45000.122222222206
-45011.02444444445
-45018.7577777778
-45015.74833333333
-45017.01444444442
-45007.74722222219
-45008.138333333336
-44994.86777777778
-45018.432222222225
-45008.64444444443
-45005.74722222223
-45014.531666666655
-45006.080555555556
-45024.36555555556
-45019.34111111111
-45021.51166666669
-45014.41166666666
-45000.615555555574
-45004.69944444443
-44995.07666666667
-45011.73222222222
-45008.83888888892
-45012.022777777776
-45006.842222222214
-45020.03055555554
-45006.18722222222
-45011.71166666666
-45008.23722222223
-44998.77444444445
-45003.59500000001
-44987.45944444445
-45009.145
-44993.7638888889
-45006.317777777746
-45004.43055555557
-44994.945000000014
-45002.12611111111
-45001.92
-45011.02777777776
-45005.88277777777
-45008.57833333332
-45005.31222222222
-45019.521111111106
-45011.69833333334
-45002.75277777778
-44995.465555555566
-44991.68666666668
-45014.23555555556
-44988.18222222222
-45011.425
-44998.32333333333
-45012.70944444442
-45003.67611111113
-45003.17555555555
-45003.752777777765
-45005.79166666667
-45005.407777777764
-44986.67000000003
-45017.99277777777
-45003.45444444444
-45019.23888888889
-45000.27666666668
-45005.2788888889
-44998.78166666667
-45001.67166666666
-45004.82944444446
-44991.011666666665
-44999.774444444454
-44991.486666666664
-45001.34166666669
-44990.63944444444
-45002.24388888888
-45017.825
-45000.652222222205
-45015.81555555556
-44989.89944444444
-45016.57222222225
-45011.1227777778
-45009.25222222222
-45010.83611111109
-45007.84777777778
-45007.023333333316
-44999.93777777778
-45001.81777777777
-44990.72555555555
-45009.33111111111
-44984.704444444455
-45012.36555555556
-45013.338333333326
-45003.37944444444
-45020.962222222195
-45000.13166666668
-45016.82888888889
-45001.918333333364
-45009.64444444443
-45002.1777777778
-44995.57666666667
-44998.05388888889
-44994.29722222223
-45001.37000000002
-44986.85166666667
-45004.970555555556
-45007.07444444444
-45012.94222222222
-44993.54388888889
-45017.06
-44998.905
-45000.90277777776
-45005.90111111111
-44993.91888888891
-45025.33777777777
-44998.281666666684
-45003.96722222222
-44995.81333333335
-45002.754444444436
-44990.91277777776
-44992.66444444444
-45004.745555555586
-45005.583333333314
-45019.186666666676
-45003.79611111114
-45013.07111111111
-44992.48888888891
-45006.245
-44998.07444444443
-44993.67222222223
-45006.311666666654
-44984.18944444447
-45017.88444444444
-44998.37222222222
-45006.62111111111
-45007.6761111111
-45002.70444444446
-45004.53999999999
-44987.8
-45020.478333333325
-44993.35888888886
-45007.60222222222
-44994.55333333334
-45007.83444444444
-45011.10833333332
-45001.098333333335
-45012.60611111111
-44991.524444444425
-45021.30166666667
-44995.34000000001
-45012.57833333334
-45012.82333333335
-45010.945
-45016.59333333332
-45011.67277777777
-45011.67611111112
-45010.50444444445
-45007.06722222222
-44998.84166666667
-45024.05388888888
-44998.227222222224
-45012.64388888886
-45011.488333333335
-44991.0372222222
-45003.345
-45000.45722222223
-44999.85611111112
-44996.973333333335
-45001.18055555558
-45007.79999999998
-45007.392222222225
-45000.52666666665
-45000.18777777778
-45001.19444444444
-45000.92888888889
-45001.79499999997
-44988.276666666665
-45006.814999999995
-44995.50944444448
-44992.51666666668
-45002.910555555565
-44993.38833333332
-44996.35277777778
-44998.16166666669
-44999.362222222204
-45003.76277777776
-45007.35777777777
-45005.79944444441
-45003.6361111111
-44993.81555555554
-45007.9438888889
-44997.439444444426
-44985.92666666666
-45002.65055555557
-44997.70333333334
-45005.61000000001
-45005.81166666668
-44989.41111111112
-45002.7061111111
-44990.953333333324
-44992.72833333332
-44988.191111111104
-45004.10666666665
-44997.50111111111
-45012.578888888864
-45009.10666666669
-44995.25722222224
-45003.26000000001
-44996.03888888891
-45009.07222222222
-44990.919444444444
-45009.118333333325
-44988.47499999998
-44992.03388888888
-45000.51444444444
-44995.48999999999
-45006.858888888855
-44985.97555555556
-45020.09833333331
-44987.22277777779
-44986.78500000001
-44990.546666666654
-45001.107222222236
-45010.15166666664
-44999.66333333335
-45009.857222222214
-44987.33000000001
-44999.5527777778
-44983.91111111112
-44996.631111111084
-44998.98111111111
-44992.52222222223
-44993.77777777779
-44988.83555555556
-44999.840000000004
-45000.63499999999
-44998.15555555557
-45016.06833333332
-45008.88611111112
-45008.593333333345
-44988.21388888885
-45004.27055555555
-45001.640000000014
-44998.927222222235
-44981.79444444445
-44999.61166666665
-44995.58055555557
-44998.737222222226
-45006.8211111111
-44997.537777777805
-45012.78833333333
-44990.3961111111
-45001.88
-44991.706111111125
-44999.21888888888
-44991.21
-44998.94222222224
-44993.36888888889
-44991.27944444444
-44993.983333333344
-44995.28666666667
-45010.98666666667
-44986.58222222223
-45008.16111111111
-44992.82944444448
-44996.862777777766
-44999.740000000005
-44998.12833333333
-45012.836111111086
-44991.02944444446
-44999.34111111113
-44990.13888888888
-44995.60611111112
-44988.85611111111
-44997.401666666665
-44998.37222222223
-44995.37166666667
-45013.92388888891
-45003.27666666669
-45004.55777777778
-45000.7088888889
-45010.181666666664
-45005.93277777777
-44995.97833333335
-45002.70722222222
-44998.35722222219
-45001.60111111112
-45003.41611111109
-45010.72111111109
-44998.04444444443
-44999.68444444443
-45009.327777777784
-45005.354999999996
-45013.508888888886
-45003.74722222224
-45003.25777777779
-45000.42888888889
-45006.80499999999
-44997.92111111113
-44997.49944444445
-45000.85833333334
-44998.67222222222
-44997.57333333333
-44992.758333333346
-44996.72833333331
-45004.97611111112
-45009.113333333364
-45007.481111111105
-45002.82722222221
-44999.5761111111
-44993.58444444444
-44999.717777777776
-44984.752222222225
-44999.860000000015
-44989.719444444454
-45002.88444444444
-44999.01166666664
-44992.193333333315
-45000.56055555552
-45000.07944444445
-44994.33666666667
-44987.481666666674
-44989.414999999986
-44994.840555555566
-45001.91722222221
-44995.45555555555
-45010.759444444426
-44995.32055555557
-44989.933333333305
-44996.468888888914
-44991.268333333326
-44994.85666666667
-44991.42111111111
-45003.005555555545
-44997.501111111116
-44984.93055555556
-45005.95388888889
-44990.62722222223
-44993.248333333344
-44990.54222222222
-44999.50777777776
-44993.143888888895
-44990.88666666667
-44999.31388888887
-45000.256666666675
-44997.979444444434
-44997.30666666666
-44995.044444444466
-44995.80888888889
-44995.034444444434
-44992.05222222223
-44992.36722222221
-44996.2722222222
-44987.2761111111
-44990.808333333334
-44992.924999999996
-45003.260555555564
-44992.17111111109
-44995.6377777778
-45008.35555555555
-45003.05000000001
-44993.04499999996
-44995.59388888889
-45005.493888888894
-44996.84000000002
-45010.02833333334
-45009.27722222221
-45014.94944444445
-45006.04722222223
-45008.08611111111
-45000.0761111111
-45002.651111111096
-44998.32722222223
-44998.770000000004
-44990.25777777777
-44993.03944444441
-45007.64944444443
-44985.7288888889
-44989.4988888889
-44982.994999999995
-44993.32944444444
-44988.19055555556
-44996.255000000005
-45012.921666666654
-44988.665
-45001.266666666685
-44992.04944444444
-44998.816111111104
-45000.885555555564
-45005.76555555554
-44997.997222222206
-44988.777777777774
-45008.29111111109
-44992.01944444445
-44992.31111111112
-44990.85055555558
-45004.4422222222
-44998.796666666705
-44995.398333333316
-44990.50888888887
-44994.070555555554
-44995.608888888884
-44994.572777777794
-45004.58777777778
-44981.51333333334
-44995.59333333333
-44981.768888888895
-44996.84333333333
-45003.36666666668
-44993.23
-45008.86277777776
-44985.556666666685
-45004.17499999998
-44998.19722222223
-44993.497222222206
-44996.778333333335
-44993.94277777781
-44996.73277777779
-45002.77777777778
-45001.9488888889
-45000.29999999998
-44991.14499999999
-45000.448888888866
-44995.37722222221
-44995.53222222224
-45007.90500000001
-45012.69166666666
-45002.93722222222
-45008.03222222223
-44997.37777777778
-45001.76444444447
-44988.24333333336
-45002.319444444445
-45005.676666666695
-45003.93333333331
-45002.38499999998
-45006.74000000001
-45002.325555555544
-44999.46222222221
-44994.11666666669
-45006.34499999999
-44991.25277777774
-44999.748333333315
-44999.69111111111
-44991.47611111109
-45000.586111111115
-45002.63055555555



The list of best values average 

-45051.64000000001
-45524.92
-45708.09
-45815.409999999996
-45878.54000000001
-45913.59
-45949.72000000003
-45968.859999999986
-45978.83
-45998.659999999996
-46009.96999999999
-46018.64999999999
-46024.41
-46027.070000000014
-46034.64000000001
-46037.00999999999
-46041.270000000026
-46043.46999999999
-46048.45
-46049.84000000001
-46054.140000000014
-46057.92999999999
-46059.48000000001
-46060.10999999999
-46063.380000000005
-46064.640000000014
-46061.750000000015
-46065.85000000002
-46068.09000000002
-46069.21000000001
-46068.720000000016
-46072.59000000002
-46073.35000000002
-46076.94000000002
-46077.39000000003
-46076.48
-46076.29000000002
-46080.470000000016
-46079.87
-46083.140000000014
-46083.07000000001
-46084.399999999994
-46083.6
-46086.65
-46086.61000000001
-46084.92999999999
-46087.54000000001
-46087.829999999994
-46089.200000000004
-46090.729999999996
-46091.19999999998
-46089.48
-46090.65999999999
-46089.83999999999
-46091.280000000006
-46089.25000000001
-46089.28
-46092.350000000006
-46090.25000000002
-46094.31999999999
-46092.57000000001
-46094.05999999999
-46093.51
-46093.95000000001
-46093.560000000005
-46092.000000000015
-46094.43
-46093.919999999984
-46094.69
-46093.590000000004
-46095.509999999995
-46095.14
-46094.430000000015
-46097.230000000025
-46098.85
-46097.57000000001
-46099.2
-46100.149999999994
-46099.64000000001
-46102.600000000006
-46099.53999999999
-46104.10999999999
-46104.53000000001
-46105.159999999996
-46105.74999999999
-46104.4
-46105.67999999999
-46107.740000000005
-46109.39000000001
-46108.380000000005
-46109.789999999964
-46109.38
-46111.27
-46111.16
-46110.01
-46115.73999999996
-46113.159999999996
-46116.75000000001
-46118.100000000006
-46117.88999999999
-46119.48999999999
-46121.63
-46121.86
-46122.47999999999
-46122.76999999999
-46125.580000000016
-46127.14000000001
-46126.020000000004
-46125.740000000005
-46128.789999999986
-46129.420000000006
-46127.98000000001
-46128.98000000001
-46129.58000000002
-46130.88000000002
-46130.90000000002
-46133.04000000001
-46130.49000000002
-46132.99000000003
-46134.37000000001
-46134.39000000001
-46136.08
-46133.570000000014
-46136.67000000001
-46135.16000000002
-46138.13000000003
-46136.24000000002
-46137.710000000014
-46137.400000000016
-46136.67000000001
-46136.53999999999
-46140.210000000014
-46141.210000000014
-46142.05000000001
-46140.39000000001
-46143.20000000002
-46141.00000000002
-46144.11
-46144.51000000003
-46144.61000000002
-46145.210000000014
-46146.390000000014
-46146.830000000016
-46147.14000000002
-46146.73000000003
-46146.770000000004
-46146.79000000002
-46148.86000000002
-46149.110000000015
-46147.44
-46145.53000000001
-46149.91000000001
-46150.05000000004
-46149.99000000003
-46150.63000000002
-46150.80000000002
-46150.71000000002
-46152.27000000004
-46151.530000000035
-46149.94000000003
-46151.53000000005
-46150.280000000035
-46150.84000000002
-46151.70000000003
-46150.37000000004
-46151.06000000003
-46151.32000000006
-46151.46000000002
-46151.46000000004
-46151.01000000001
-46151.97000000002
-46153.420000000035
-46151.83000000002
-46152.50000000002
-46154.23000000004
-46151.200000000026
-46153.93000000003
-46150.35000000002
-46150.28000000002
-46151.06000000001
-46153.270000000026
-46150.29000000004
-46152.670000000006
-46152.01000000002
-46153.70000000002
-46154.630000000005
-46154.74000000001
-46152.24000000003
-46151.14
-46151.460000000014
-46152.18000000002
-46153.28000000003
-46153.570000000014
-46153.150000000016
-46152.91000000002
-46153.07000000003
-46152.51000000002
-46152.42000000003
-46153.46000000001
-46155.570000000014
-46154.050000000025
-46154.740000000034
-46155.07000000003
-46153.80000000001
-46154.39000000003
-46154.81000000002
-46153.45000000001
-46155.36000000002
-46153.93000000002
-46154.020000000026
-46154.85000000001
-46154.40000000002
-46154.40000000002
-46154.54000000002
-46151.180000000015
-46152.430000000015
-46152.38000000001
-46152.360000000015
-46150.81999999999
-46152.75000000001
-46152.00000000003
-46151.94000000001
-46152.91000000003
-46152.00000000002
-46152.23000000002
-46151.59000000002
-46152.52000000001
-46152.290000000015
-46150.90000000001
-46151.55000000002
-46151.37000000001
-46151.62000000002
-46151.35000000003
-46151.49000000002
-46151.74000000002
-46150.82000000002
-46151.160000000025
-46150.88000000002
-46150.35000000001
-46152.05000000001
-46151.93000000003
-46151.35
-46151.70000000002
-46152.710000000014
-46152.43000000001
-46151.8
-46152.92000000002
-46151.73000000001
-46151.95000000001
-46151.42000000001
-46151.290000000015
-46149.67000000003
-46150.990000000005
-46149.92000000003
-46150.15000000002
-46151.06000000003
-46150.55000000001
-46149.13000000001
-46150.870000000024
-46150.15000000001
-46149.93000000001
-46150.31000000003
-46150.41000000001
-46148.87
-46149.37
-46149.640000000014
-46149.75000000001
-46150.020000000004
-46148.52000000001
-46149.470000000016
-46149.990000000005
-46148.560000000005
-46150.180000000015
-46150.14000000002
-46149.42000000003
-46148.370000000024
-46148.85000000001
-46148.90000000001
-46149.86000000002
-46150.54000000002
-46150.45000000001
-46148.63000000001
-46149.95000000002
-46149.710000000014
-46148.640000000014
-46149.88000000002
-46149.86000000001
-46150.25000000001
-46150.03000000001
-46148.89000000002
-46149.700000000026
-46148.650000000016
-46148.37000000001
-46148.89000000001
-46147.450000000004
-46146.02000000002
-46147.020000000004
-46146.53000000001
-46147.59000000002
-46146.590000000004
-46147.09
-46146.20000000001
-46147.100000000006
-46147.03
-46146.55000000001
-46145.860000000015
-46147.16
-46144.82000000001
-46145.98000000001
-46146.70000000002
-46144.689999999995
-46145.15999999999
-46144.619999999995
-46144.87000000001
-46145.4
-46144.59000000002
-46144.0
-46144.640000000014
-46143.66
-46144.06
-46144.23000000001
-46144.650000000016
-46144.850000000006
-46144.70000000002
-46144.82000000001
-46144.29000000001
-46144.200000000004
-46144.259999999995
-46144.420000000006
-46142.799999999996
-46142.33
-46142.93999999999
-46141.72
-46142.229999999996
-46142.33
-46142.750000000015
-46142.94000000001
-46143.130000000005
-46143.32000000001
-46144.02
-46143.41
-46143.009999999995
-46143.70999999999
-46144.22999999999
-46144.729999999996
-46143.76
-46143.68
-46144.08999999999
-46144.20000000001
-46143.000000000015
-46143.960000000014
-46142.65000000001
-46143.05000000001
-46143.3
-46142.85
-46142.49
-46144.040000000015
-46142.57
-46142.420000000006
-46143.490000000005
-46142.900000000016
-46143.200000000004
-46143.96
-46142.270000000004
-46141.25
-46141.26999999998
-46140.33999999998
-46139.819999999985
-46139.84999999999
-46140.43
-46140.64000000001
-46140.58
-46139.890000000014
-46140.64000000001
-46140.07000000001
-46140.85000000001
-46140.500000000015
-46141.04000000001
-46140.360000000015
-46140.87000000001
-46140.18000000001
-46140.12000000002
-46140.280000000006
-46139.94999999999
-46139.72
-46139.78
-46139.09999999999
-46139.22000000001
-46139.61000000001
-46139.45
-46139.55999999999
-46138.909999999996
-46139.479999999996
-46139.99999999999
-46139.649999999994
-46139.009999999995
-46138.969999999994
-46138.61999999999
-46138.25
-46137.88
-46138.02999999999
-46138.359999999986
-46139.12999999999
-46138.69999999999
-46138.90999999998
-46138.92999999999
-46136.74
-46137.770000000004
-46137.37999999999
-46137.35
-46137.48
-46137.37
-46137.83
-46137.58999999999
-46137.33000000001
-46136.850000000006
-46136.58
-46135.47
-46136.48999999999
-46136.68
-46136.17000000001
-46136.76000000001
-46136.5
-46136.830000000016
-46136.520000000004
-46136.200000000004
-46136.38000000001
-46136.54000000001
-46134.53
-46134.29
-46134.51
-46133.50000000001
-46134.94
-46134.75000000001
-46134.76
-46134.65
-46135.18000000001
-46134.36
-46134.73000000002
-46134.86
-46135.34000000001
-46134.119999999995
-46135.05000000001
-46134.79
-46135.170000000006
-46134.69000000001
-46135.16
-46134.91000000001
-46135.50000000001
-46133.83000000001
-46134.270000000026
-46134.42000000002
-46134.06000000001
-46134.150000000016
-46134.56000000002
-46134.14000000001
-46133.750000000015
-46133.610000000015
-46133.93
-46133.82000000001
-46134.53
-46131.659999999996
-46132.52999999999
-46132.38000000001
-46132.58
-46131.66000000001
-46132.320000000014
-46130.40000000002
-46130.62000000002
-46129.76000000002
-46131.66000000001
-46131.26
-46131.63000000001
-46131.34000000001
-46131.26000000001
-46131.87000000001
-46131.18
-46130.08000000001
-46130.17000000001
-46130.13000000002
-46130.04000000001
-46129.69000000001
-46129.99
-46129.63
-46129.70000000001
-46130.8
-46129.81000000003
-46130.470000000016
-46130.28000000001
-46130.670000000006
-46130.08000000002
-46130.25000000001
-46130.39000000001
-46130.390000000014
-46131.06000000001
-46131.21
-46130.20000000002
-46130.899999999994
-46130.47000000001
-46130.02000000002
-46130.12000000001
-46129.30999999999
-46129.38000000002
-46129.78999999999
-46129.69
-46129.80000000001
-46129.89000000001
-46130.280000000006
-46129.83000000001
-46129.650000000016
-46129.82000000001
-46130.4
-46129.60000000002
-46129.20000000001
-46129.670000000006
-46130.27
-46129.21
-46129.81
-46130.17999999999
-46130.14
-46130.100000000006
-46129.58
-46129.890000000014
-46130.63000000001
-46129.32000000001
-46129.34000000001
-46130.12
-46130.240000000005
-46129.40000000001
-46129.67
-46130.22999999999
-46129.87000000002
-46129.70000000001
-46129.909999999996
-46129.509999999995
-46129.450000000004
-46128.35999999999
-46128.759999999995
-46129.85
-46129.04
-46129.61000000001
-46129.419999999984
-46129.28
-46129.719999999994
-46129.580000000016
-46129.92999999999
-46129.92999999999
-46129.590000000004
-46129.65999999999
-46129.859999999986
-46129.579999999994
-46129.969999999994
-46129.670000000006
-46129.52
-46129.76
-46129.350000000006
-46129.73
-46129.95000000001
-46129.91
-46129.84
-46129.33000000001
-46130.060000000005
-46129.44
-46130.24
-46129.47
-46129.89000000001
-46129.78999999999
-46129.95000000001
-46129.62000000001
-46129.850000000006
-46129.86000000001
-46129.37000000002
-46129.720000000016
-46129.240000000005
-46129.77000000002
-46129.53000000001
-46129.26000000001
-46129.57000000001
-46129.68000000001
-46129.84000000001
-46129.30000000001
-46129.13000000002
-46129.12000000002
-46129.04000000001
-46128.90000000001
-46129.03000000001
-46128.74000000001
-46129.15
-46129.119999999995
-46128.23000000001
-46128.59
-46128.36
-46128.170000000006
-46128.270000000004
-46127.83000000001
-46128.64
-46128.45
-46128.19000000002
-46127.99000000001
-46128.01000000002
-46127.880000000005
-46127.33000000001
-46127.83000000001
-46127.12000000001
-46127.7
-46127.01000000001
-46126.950000000004
-46127.049999999996
-46127.259999999995
-46127.38
-46127.29999999999
-46127.23999999999
-46127.19999999999
-46127.0
-46127.09
-46127.20999999999
-46127.37
-46127.04000000001
-46127.189999999995
-46127.17
-46127.18000000001
-46127.119999999995
-46127.490000000005
-46127.229999999996
-46127.17
-46127.42
-46126.81
-46126.22000000001
-46127.11000000001
-46127.469999999994
-46127.01000000001
-46127.729999999996
-46127.10999999999
-46127.23
-46127.36
-46127.51
-46127.2
-46127.35
-46126.950000000004
-46127.32
-46126.86
-46127.329999999994
-46126.979999999996
-46127.02
-46126.84
-46127.11
-46127.07
-46127.33
-46126.54
-46126.83
-46126.899999999994
-46126.85999999999
-46126.549999999996
-46126.77
-46126.77999999999
-46126.34
-46126.09
-46126.81
-46126.56
-46127.02999999999
-46126.72999999999
-46126.54999999999
-46126.86999999999
-46126.999999999985
-46126.65999999999
-46126.939999999995
-46126.73999999999
-46126.789999999986
-46125.68999999999
-46126.58999999999
-46126.49999999999
-46125.26
-46124.79999999999
-46125.06999999999
-46125.05999999998
-46125.41999999999
-46124.909999999996
-46125.09999999999
-46124.57999999999
-46124.78999999999
-46124.43999999999
-46125.189999999995
-46124.659999999996
-46124.729999999996
-46124.31999999999
-46124.88999999999
-46124.22999999999
-46124.24
-46124.49999999999
-46124.47999999999
-46123.90999999999
-46124.19
-46124.119999999995
-46124.66999999999
-46124.33999999999
-46123.91999999999
-46124.48999999998
-46124.969999999994
-46123.73999999998
-46124.439999999995
-46124.76
-46124.36
-46124.07999999999
-46124.56
-46123.86
-46124.509999999995
-46124.23
-46124.23999999998
-46124.42999999999
-46124.479999999996
-46124.11
-46124.68999999999
-46124.56
-46124.08
-46124.41
-46124.22999999998
-46124.21
-46124.80999999999
-46124.67999999999
-46123.88999999999
-46124.74999999999
-46123.68999999999
-46123.83999999999
-46124.55999999999
-46124.34
-46123.17999999999
-46123.81
-46124.07
-46123.88
-46123.679999999986
-46123.79999999999
-46123.27
-46124.34
-46124.259999999995
-46123.36
-46124.24999999999
-46124.27
-46123.38999999999
-46124.44999999999
-46124.09
-46123.99999999999
-46123.59
-46123.76000000001
-46123.06999999999
