----------Report of simulation of Path Integral Quantum Monte Carlo-----------
The number of considered Spin 49
The considered Annealing Duration 196
The considered Annealing Number 100
The considered T 1.0
The considered Gamma0 1.0
The considered Number Of Replica 18
The solution found [ 1 -1 -1  1  1  1  1  1  1 -1 -1 -1 -1  1  1  1 -1 -1 -1  1  1 -1 -1  1
 -1  1  1 -1 -1 -1 -1 -1 -1  1 -1  1  1 -1 -1  1  1  1 -1 -1 -1  1  1  1
  1]
The value found -3342.0
The Success probability is 0.65
The average value is -3338.15
The total execution time is 337.5831685066223
The average time for execution is 3.3758297395706176
The average time for system update is 0.01714377938484659
The average time for replica update is 0.0009520425101797056
The average time for spin update is 1.910153810713909e-05
The list of values found 

-3326.0
-3342.0
-3337.0
-3342.0
-3342.0
-3342.0
-3337.0
-3342.0
-3342.0
-3322.0
-3342.0
-3342.0
-3342.0
-3342.0
-3342.0
-3342.0
-3342.0
-3337.0
-3326.0
-3342.0
-3342.0
-3342.0
-3325.0
-3342.0
-3326.0
-3326.0
-3337.0
-3342.0
-3337.0
-3342.0
-3342.0
-3337.0
-3342.0
-3337.0
-3342.0
-3342.0
-3342.0
-3342.0
-3337.0
-3337.0
-3342.0
-3342.0
-3342.0
-3326.0
-3326.0
-3342.0
-3342.0
-3342.0
-3326.0
-3342.0
-3342.0
-3342.0
-3342.0
-3342.0
-3326.0
-3326.0
-3337.0
-3337.0
-3342.0
-3342.0
-3342.0
-3342.0
-3342.0
-3342.0
-3337.0
-3342.0
-3342.0
-3342.0
-3342.0
-3342.0
-3342.0
-3342.0
-3342.0
-3342.0
-3326.0
-3342.0
-3342.0
-3342.0
-3326.0
-3326.0
-3337.0
-3342.0
-3322.0
-3324.0
-3326.0
-3342.0
-3337.0
-3337.0
-3342.0
-3342.0
-3325.0
-3342.0
-3342.0
-3337.0
-3342.0
-3342.0
-3342.0
-3337.0
-3342.0
-3342.0



The list of values first execution 

-2943.1666666666665
-2970.4444444444443
-2987.9444444444443
-2995.0
-3015.5
-3058.6111111111113
-3097.6666666666665
-3083.3333333333335
-3119.3888888888887
-3144.6111111111113
-3170.6666666666665
-3220.4444444444443
-3242.277777777778
-3275.5555555555557
-3285.1111111111113
-3295.222222222222
-3296.3888888888887
-3296.8333333333335
-3302.4444444444443
-3299.6111111111113
-3306.6666666666665
-3304.8333333333335
-3303.3333333333335
-3304.8888888888887
-3308.1111111111113
-3311.0555555555557
-3310.6111111111113
-3315.0
-3314.0
-3313.777777777778
-3314.777777777778
-3313.8333333333335
-3316.1666666666665
-3314.777777777778
-3316.722222222222
-3319.6666666666665
-3320.8888888888887
-3319.8333333333335
-3321.9444444444443
-3321.5555555555557
-3319.722222222222
-3320.3333333333335
-3321.5
-3322.5
-3322.8333333333335
-3322.3333333333335
-3320.0555555555557
-3322.0
-3323.0
-3323.8333333333335
-3323.6666666666665
-3323.0
-3321.222222222222
-3322.3333333333335
-3322.1111111111113
-3322.0
-3322.222222222222
-3322.8333333333335
-3323.1666666666665
-3322.3333333333335
-3322.1666666666665
-3321.1666666666665
-3322.6666666666665
-3322.8333333333335
-3322.8333333333335
-3323.3333333333335
-3323.6666666666665
-3323.6666666666665
-3323.6666666666665
-3323.8333333333335
-3323.6666666666665
-3323.3333333333335
-3323.1666666666665
-3322.6666666666665
-3323.0
-3323.1666666666665
-3323.8333333333335
-3323.8333333333335
-3323.5
-3323.8333333333335
-3323.8333333333335
-3323.5
-3323.8333333333335
-3323.6666666666665
-3323.8333333333335
-3323.6666666666665
-3323.6666666666665
-3323.8333333333335
-3323.8333333333335
-3323.6666666666665
-3323.5
-3323.8333333333335
-3323.6666666666665
-3323.8333333333335
-3323.6666666666665
-3323.6666666666665
-3323.5
-3323.8333333333335
-3323.8333333333335
-3323.8333333333335
-3323.1666666666665
-3323.8333333333335
-3323.8333333333335
-3323.8333333333335
-3323.1666666666665
-3323.8333333333335
-3323.6666666666665
-3323.1666666666665
-3323.8333333333335
-3323.6666666666665
-3323.8333333333335
-3323.8333333333335
-3323.8333333333335
-3323.8333333333335
-3323.6666666666665
-3323.8333333333335
-3323.8333333333335
-3323.8333333333335
-3323.6666666666665
-3323.8333333333335
-3323.6666666666665
-3323.6666666666665
-3323.8333333333335
-3323.8333333333335
-3323.5
-3323.6666666666665
-3323.8333333333335
-3323.8333333333335
-3323.8333333333335
-3323.8333333333335
-3323.5
-3323.3333333333335
-3323.5
-3323.3333333333335
-3323.8333333333335
-3323.8333333333335
-3323.8333333333335
-3323.5
-3323.8333333333335
-3323.6666666666665
-3323.8333333333335
-3323.6666666666665
-3323.8333333333335
-3323.5
-3323.8333333333335
-3323.8333333333335
-3323.6666666666665
-3323.6666666666665
-3323.8333333333335
-3323.8333333333335
-3323.5
-3323.6666666666665
-3323.8333333333335
-3323.8333333333335
-3323.6666666666665
-3323.8333333333335
-3323.8333333333335
-3323.8333333333335
-3323.6666666666665
-3323.8333333333335
-3323.8333333333335
-3323.5
-3323.8333333333335
-3323.8333333333335
-3323.6666666666665
-3323.3333333333335
-3323.5
-3323.3333333333335
-3323.8333333333335
-3323.8333333333335
-3323.8333333333335
-3323.8333333333335
-3323.6666666666665
-3323.8333333333335
-3323.8333333333335
-3323.8333333333335
-3323.8333333333335
-3323.6666666666665
-3323.6666666666665
-3323.8333333333335
-3323.8333333333335
-3323.8333333333335
-3323.8333333333335
-3323.8333333333335
-3323.8333333333335
-3323.8333333333335
-3323.8333333333335
-3323.8333333333335
-3323.8333333333335
-3323.6666666666665
-3323.8333333333335
-3323.8333333333335
-3323.8333333333335
-3323.8333333333335
-3323.8333333333335
-3323.8333333333335



The list of best values first execution 

-3038.0
-3095.0
-3068.0
-3075.0
-3177.0
-3121.0
-3173.0
-3188.0
-3208.0
-3260.0
-3284.0
-3303.0
-3302.0
-3309.0
-3317.0
-3325.0
-3325.0
-3322.0
-3322.0
-3322.0
-3325.0
-3326.0
-3317.0
-3326.0
-3322.0
-3322.0
-3322.0
-3322.0
-3322.0
-3322.0
-3322.0
-3322.0
-3322.0
-3325.0
-3325.0
-3325.0
-3325.0
-3325.0
-3325.0
-3325.0
-3325.0
-3322.0
-3325.0
-3325.0
-3325.0
-3325.0
-3325.0
-3325.0
-3325.0
-3325.0
-3325.0
-3325.0
-3325.0
-3325.0
-3325.0
-3325.0
-3325.0
-3325.0
-3325.0
-3325.0
-3325.0
-3325.0
-3325.0
-3325.0
-3325.0
-3325.0
-3325.0
-3325.0
-3325.0
-3325.0
-3325.0
-3325.0
-3325.0
-3325.0
-3325.0
-3325.0
-3325.0
-3325.0
-3325.0
-3325.0
-3325.0
-3325.0
-3325.0
-3325.0
-3325.0
-3325.0
-3325.0
-3325.0
-3325.0
-3325.0
-3325.0
-3325.0
-3325.0
-3325.0
-3325.0
-3325.0
-3325.0
-3325.0
-3325.0
-3325.0
-3325.0
-3325.0
-3325.0
-3325.0
-3325.0
-3325.0
-3325.0
-3325.0
-3325.0
-3325.0
-3325.0
-3325.0
-3325.0
-3325.0
-3325.0
-3325.0
-3325.0
-3325.0
-3325.0
-3325.0
-3325.0
-3325.0
-3325.0
-3325.0
-3325.0
-3325.0
-3325.0
-3325.0
-3325.0
-3325.0
-3325.0
-3325.0
-3325.0
-3325.0
-3325.0
-3325.0
-3325.0
-3325.0
-3325.0
-3325.0
-3325.0
-3325.0
-3325.0
-3325.0
-3325.0
-3325.0
-3325.0
-3325.0
-3325.0
-3325.0
-3325.0
-3325.0
-3325.0
-3325.0
-3325.0
-3325.0
-3325.0
-3325.0
-3325.0
-3325.0
-3325.0
-3325.0
-3325.0
-3325.0
-3325.0
-3325.0
-3325.0
-3325.0
-3325.0
-3325.0
-3325.0
-3325.0
-3325.0
-3325.0
-3325.0
-3325.0
-3325.0
-3325.0
-3325.0
-3325.0
-3325.0
-3325.0
-3325.0
-3325.0
-3325.0
-3325.0
-3325.0
-3325.0
-3325.0
-3325.0
-3325.0
-3325.0
-3325.0
-3325.0
-3325.0
-3325.0



The list of values average 

-2958.5355555555557
-2976.904444444444
-2997.527222222222
-3017.722777777778
-3039.1694444444447
-3059.959444444444
-3086.1322222222216
-3114.5027777777764
-3140.9105555555566
-3165.888888888889
-3191.7944444444447
-3217.7561111111113
-3236.943888888888
-3251.805
-3264.138333333333
-3274.081111111112
-3281.850555555556
-3288.73
-3294.417222222222
-3299.539999999999
-3303.672222222223
-3306.3500000000017
-3309.237222222223
-3312.3072222222218
-3314.2483333333316
-3316.8588888888885
-3317.9061111111114
-3319.018888888889
-3320.5988888888887
-3321.7322222222233
-3322.5338888888887
-3323.911666666667
-3325.1844444444455
-3325.821666666668
-3326.7727777777777
-3327.446111111112
-3327.780000000001
-3328.448333333334
-3328.9866666666676
-3328.9338888888888
-3329.7127777777787
-3329.4544444444455
-3329.688333333335
-3330.3355555555568
-3330.5044444444447
-3331.029444444445
-3331.1994444444435
-3331.6238888888893
-3331.572777777778
-3331.89611111111
-3331.9572222222228
-3332.052777777777
-3332.4083333333347
-3332.4777777777786
-3332.5644444444447
-3332.715555555555
-3332.8522222222227
-3332.901666666666
-3332.9633333333336
-3333.007222222222
-3333.0838888888893
-3333.2355555555546
-3333.2000000000003
-3333.380000000001
-3333.4683333333323
-3333.4433333333336
-3333.591111111111
-3333.5216666666665
-3333.5038888888885
-3333.5605555555544
-3333.5583333333334
-3333.6716666666657
-3333.768333333333
-3333.6638888888883
-3333.716111111111
-3333.8161111111094
-3333.8205555555555
-3333.788333333332
-3333.788888888889
-3333.768888888889
-3333.8288888888887
-3333.861666666666
-3333.8444444444444
-3333.898888888889
-3333.9344444444437
-3333.948888888888
-3333.947222222222
-3333.983333333332
-3333.9327777777776
-3333.957777777777
-3333.9944444444454
-3334.012777777779
-3334.036111111111
-3334.001666666667
-3334.0961111111105
-3334.0883333333322
-3334.1244444444433
-3334.1077777777764
-3334.107777777777
-3334.1488888888885
-3334.156111111111
-3334.1188888888883
-3334.109999999999
-3334.14611111111
-3334.1122222222207
-3334.154444444444
-3334.1694444444443
-3334.169444444444
-3334.140555555554
-3334.1822222222213
-3334.1844444444423
-3334.164444444445
-3334.118333333332
-3334.118333333332
-3334.1549999999993
-3334.1861111111107
-3334.182777777777
-3334.1983333333324
-3334.198888888888
-3334.1822222222213
-3334.169999999999
-3334.1705555555545
-3334.1872222222205
-3334.1833333333325
-3334.2005555555547
-3334.192222222221
-3334.1966666666654
-3334.1944444444425
-3334.214999999999
-3334.2122222222224
-3334.207222222221
-3334.2222222222213
-3334.2188888888877
-3334.2144444444434
-3334.2033333333316
-3334.231666666665
-3334.2361111111104
-3334.2088888888884
-3334.2322222222215
-3334.241666666665
-3334.247222222221
-3334.2516666666656
-3334.24611111111
-3334.228333333332
-3334.2488888888874
-3334.233888888888
-3334.2494444444437
-3334.2411111111105
-3334.258888888888
-3334.2516666666666
-3334.2477777777763
-3334.2494444444433
-3334.2355555555546
-3334.262222222222
-3334.240555555555
-3334.2638888888887
-3334.2527777777773
-3334.257777777777
-3334.248333333332
-3334.267222222221
-3334.2511111111103
-3334.2405555555542
-3334.26111111111
-3334.2533333333326
-3334.2572222222216
-3334.244999999999
-3334.2505555555545
-3334.2594444444435
-3334.2511111111103
-3334.2477777777763
-3334.257777777777
-3334.253333333332
-3334.25611111111
-3334.2727777777773
-3334.2461111111106
-3334.2588888888886
-3334.2522222222215
-3334.263333333333
-3334.2638888888882
-3334.2644444444436
-3334.257777777777
-3334.2577777777774
-3334.2627777777766
-3334.264999999999
-3334.2494444444437
-3334.263333333332
-3334.247777777777
-3334.2694444444437
-3334.248333333332
-3334.246666666666
-3334.261111111111
-3334.2694444444437
-3334.269999999999
-3334.2716666666656
-3334.269999999999
-3334.2649999999994



The list of best values average 

-3074.81
-3086.039999999999
-3106.5600000000018
-3123.3200000000015
-3145.4600000000005
-3159.9900000000007
-3192.259999999999
-3218.9
-3240.85
-3262.31
-3278.73
-3295.0499999999993
-3305.6600000000003
-3312.8600000000006
-3318.0599999999995
-3324.1700000000014
-3325.7800000000007
-3327.9099999999994
-3330.2500000000005
-3332.1
-3332.8500000000004
-3334.0100000000016
-3334.760000000001
-3335.840000000001
-3336.4100000000008
-3336.4900000000002
-3336.230000000001
-3336.27
-3336.650000000001
-3336.740000000001
-3337.01
-3337.1100000000006
-3337.310000000001
-3337.2600000000007
-3337.3900000000003
-3337.4300000000007
-3337.5400000000013
-3337.5600000000013
-3337.690000000001
-3337.6100000000015
-3337.6000000000013
-3337.620000000001
-3337.6600000000008
-3337.740000000001
-3337.710000000001
-3337.690000000001
-3337.6600000000008
-3337.6600000000008
-3337.700000000001
-3337.6300000000006
-3337.6600000000008
-3337.710000000001
-3337.670000000001
-3337.710000000001
-3337.6600000000008
-3337.6600000000008
-3337.710000000001
-3337.710000000001
-3337.710000000001
-3337.6600000000008
-3337.6600000000008
-3337.710000000001
-3337.710000000001
-3337.710000000001
-3337.710000000001
-3337.710000000001
-3337.710000000001
-3337.710000000001
-3337.710000000001
-3337.710000000001
-3337.710000000001
-3337.710000000001
-3337.710000000001
-3337.710000000001
-3337.710000000001
-3337.710000000001
-3337.710000000001
-3337.710000000001
-3337.710000000001
-3337.710000000001
-3337.710000000001
-3337.710000000001
-3337.710000000001
-3337.710000000001
-3337.710000000001
-3337.710000000001
-3337.710000000001
-3337.710000000001
-3337.710000000001
-3337.710000000001
-3337.710000000001
-3337.710000000001
-3337.850000000001
-3337.850000000001
-3337.850000000001
-3337.850000000001
-3337.850000000001
-3337.850000000001
-3337.850000000001
-3337.850000000001
-3337.850000000001
-3337.850000000001
-3337.850000000001
-3337.850000000001
-3337.850000000001
-3337.850000000001
-3337.850000000001
-3337.850000000001
-3337.850000000001
-3337.850000000001
-3337.850000000001
-3337.850000000001
-3337.850000000001
-3337.850000000001
-3337.850000000001
-3337.850000000001
-3337.850000000001
-3337.850000000001
-3337.850000000001
-3337.850000000001
-3337.850000000001
-3337.850000000001
-3337.850000000001
-3337.850000000001
-3337.850000000001
-3337.850000000001
-3337.850000000001
-3337.850000000001
-3337.850000000001
-3337.850000000001
-3337.850000000001
-3337.850000000001
-3337.850000000001
-3337.850000000001
-3337.850000000001
-3337.850000000001
-3337.850000000001
-3337.850000000001
-3337.850000000001
-3337.850000000001
-3337.850000000001
-3337.850000000001
-3337.850000000001
-3337.850000000001
-3337.850000000001
-3337.850000000001
-3337.850000000001
-3337.850000000001
-3337.850000000001
-3337.850000000001
-3337.850000000001
-3337.850000000001
-3337.850000000001
-3337.850000000001
-3337.850000000001
-3337.850000000001
-3337.850000000001
-3337.850000000001
-3337.850000000001
-3337.850000000001
-3337.850000000001
-3337.850000000001
-3337.850000000001
-3337.850000000001
-3337.850000000001
-3337.850000000001
-3337.850000000001
-3337.850000000001
-3337.850000000001
-3337.850000000001
-3337.850000000001
-3337.850000000001
-3337.850000000001
-3337.850000000001
-3337.850000000001
-3337.850000000001
-3337.850000000001
-3337.850000000001
-3337.850000000001
-3337.850000000001
-3337.850000000001
-3337.850000000001
-3337.850000000001
-3337.850000000001
-3337.850000000001
-3337.850000000001
-3337.850000000001
-3337.850000000001
-3337.850000000001
-3337.850000000001
-3337.850000000001
-3337.850000000001
-3337.850000000001
-3337.850000000001
-3337.850000000001
-3337.850000000001
