----------Report of simulation of Quantum Parallel Tempering-----------
The number of considered Spin 180
The considered Annealing Duration 720
The considered Annealing Number 100
The considered T 1.0
The considered Gamma0 1.0
The considered Number Of Replica 3
The considered Number Of System 6
The solution found [-1  1  1  1  1 -1 -1  1 -1 -1  1  1 -1 -1 -1 -1  1  1 -1  1  1 -1  1  1
  1 -1 -1  1  1 -1 -1  1  1 -1  1 -1 -1 -1 -1  1 -1 -1 -1 -1 -1 -1 -1 -1
  1 -1 -1  1  1 -1  1 -1  1  1  1  1  1 -1  1 -1  1 -1  1 -1  1  1 -1 -1
  1 -1  1 -1  1 -1  1 -1 -1 -1  1  1  1 -1 -1 -1 -1  1  1  1 -1  1 -1 -1
 -1  1  1 -1 -1  1  1  1 -1  1 -1 -1 -1 -1  1 -1  1 -1  1  1  1  1 -1 -1
  1 -1 -1  1  1  1  1 -1  1 -1  1  1  1 -1  1  1  1 -1 -1 -1 -1 -1  1  1
  1 -1 -1  1 -1  1  1  1 -1  1 -1  1  1  1  1  1  1  1  1 -1 -1 -1  1 -1
 -1 -1 -1 -1  1 -1  1 -1  1  1 -1 -1]
The value found -43417.0
The Success probability is 0.04
The average value is -43361.54
The total execution time is 13300.225123167038
The average time for execution is 133.00225010871887
The average time for all systems update is 0.1845512659483486
The average time for system update is 0.030744173430734212
The average time for replica update is 0.010247671509046614
The average time for spin update is 5.669410367111774e-05
The list of values found 

-43329.0
-43403.0
-43385.0
-43358.0
-43387.0
-43365.0
-43388.0
-43304.0
-43417.0
-43355.0
-43294.0
-43259.0
-43403.0
-43417.0
-43351.0
-43417.0
-43375.0
-43402.0
-43385.0
-43359.0
-43371.0
-43319.0
-43379.0
-43393.0
-43232.0
-43356.0
-43307.0
-43379.0
-43356.0
-43342.0
-43336.0
-43379.0
-43371.0
-43291.0
-43403.0
-43392.0
-43297.0
-43346.0
-43364.0
-43307.0
-43412.0
-43413.0
-43396.0
-43345.0
-43399.0
-43313.0
-43373.0
-43383.0
-43348.0
-43413.0
-43329.0
-43385.0
-43386.0
-43385.0
-43305.0
-43356.0
-43367.0
-43374.0
-43399.0
-43335.0
-43415.0
-43413.0
-43387.0
-43402.0
-43375.0
-43322.0
-43376.0
-43332.0
-43366.0
-43331.0
-43350.0
-43327.0
-43355.0
-43363.0
-43311.0
-43368.0
-43373.0
-43372.0
-43389.0
-43403.0
-43415.0
-43408.0
-43392.0
-43379.0
-43294.0
-43413.0
-43334.0
-43226.0
-43417.0
-43371.0
-43399.0
-43392.0
-43406.0
-43368.0
-43296.0
-43392.0
-43265.0
-43292.0
-43296.0
-43380.0



The list of values first execution 

-40979.666666666664
-41179.944444444445
-41240.11111111111
-41267.5
-41241.333333333336
-41262.5
-41290.833333333336
-41190.61111111111
-41176.944444444445
-41119.5
-41239.88888888889
-41260.333333333336
-41148.11111111111
-41128.77777777778
-41129.61111111111
-41039.0
-41108.77777777778
-40937.38888888889
-40913.666666666664
-41066.555555555555
-40878.5
-41097.5
-41001.166666666664
-41033.166666666664
-40927.166666666664
-41092.27777777778
-40947.38888888889
-40861.055555555555
-40966.444444444445
-40880.833333333336
-40963.38888888889
-41011.72222222222
-40781.666666666664
-40760.38888888889
-40788.5
-40810.444444444445
-40901.333333333336
-40939.11111111111
-40798.333333333336
-40835.666666666664
-41097.38888888889
-40875.61111111111
-40897.944444444445
-41019.333333333336
-40717.11111111111
-40866.61111111111
-40728.944444444445
-40820.77777777778
-40671.72222222222
-40643.61111111111
-41016.77777777778
-40791.0
-41019.77777777778
-40805.5
-40695.666666666664
-40861.444444444445
-40732.0
-40795.666666666664
-40702.166666666664
-40735.22222222222
-41020.555555555555
-40881.88888888889
-40884.666666666664
-40958.666666666664
-40901.88888888889
-40903.0
-41027.27777777778
-40873.944444444445
-40841.27777777778
-40729.833333333336
-40962.055555555555
-40849.444444444445
-40880.5
-40911.0
-40833.666666666664
-40958.5
-40888.833333333336
-41007.38888888889
-41007.72222222222
-41035.5
-40915.22222222222
-41025.27777777778
-40930.444444444445
-40803.72222222222
-40983.944444444445
-40875.166666666664
-40793.27777777778
-40995.27777777778
-41021.0
-40859.61111111111
-41003.833333333336
-40909.666666666664
-40918.666666666664
-40938.666666666664
-40859.27777777778
-41058.5
-40762.833333333336
-41086.944444444445
-40830.22222222222
-40854.77777777778
-40973.72222222222
-40927.0
-41010.666666666664
-40736.833333333336
-40768.833333333336
-40953.0
-40868.833333333336
-41041.944444444445
-40934.166666666664
-40981.555555555555
-40973.22222222222
-40917.555555555555
-40971.555555555555
-40787.11111111111
-40932.38888888889
-40629.5
-40984.166666666664
-40845.0
-40877.72222222222
-41004.38888888889
-40825.555555555555
-41040.555555555555
-41033.22222222222
-41032.555555555555
-41130.055555555555
-40750.38888888889
-40915.944444444445
-40758.5
-40844.72222222222
-41021.666666666664
-40924.88888888889
-40968.22222222222
-40866.11111111111
-40871.88888888889
-40892.88888888889
-40717.38888888889
-40858.166666666664
-40892.77777777778
-40924.11111111111
-41049.166666666664
-40876.555555555555
-40837.833333333336
-40704.5
-40852.22222222222
-40953.666666666664
-40928.444444444445
-40771.0
-40838.833333333336
-40865.11111111111
-40825.77777777778
-40726.444444444445
-40695.22222222222
-40864.27777777778
-40740.444444444445
-40757.38888888889
-40734.944444444445
-40762.444444444445
-41007.72222222222
-40877.333333333336
-41069.38888888889
-40948.444444444445
-40905.27777777778
-40772.77777777778
-40605.11111111111
-40833.166666666664
-40840.444444444445
-40696.833333333336
-40697.22222222222
-40999.77777777778
-40769.77777777778
-40986.555555555555
-40809.11111111111
-40964.11111111111
-40818.555555555555
-40787.166666666664
-41006.88888888889
-41056.5
-41030.666666666664
-40792.666666666664
-40719.38888888889
-40931.77777777778
-40840.333333333336
-40769.666666666664
-40799.5
-40815.0
-40812.72222222222
-40770.555555555555
-40840.61111111111
-40731.666666666664
-40978.555555555555
-40843.0
-40979.0
-40861.555555555555
-40869.5
-40808.944444444445
-40898.555555555555
-40836.27777777778
-40759.333333333336
-40906.61111111111
-40726.27777777778
-40853.555555555555
-41012.833333333336
-40693.22222222222
-40913.833333333336
-40635.72222222222
-40862.88888888889
-40822.0
-40791.11111111111
-40871.333333333336
-40883.0
-40928.61111111111
-40787.333333333336
-40810.0
-40943.166666666664
-40690.38888888889
-40860.38888888889
-40845.333333333336
-40959.11111111111
-40783.555555555555
-40886.944444444445
-40965.333333333336
-40811.166666666664
-40919.88888888889
-40913.27777777778
-40948.72222222222
-40858.055555555555
-41023.166666666664
-40927.055555555555
-41009.833333333336
-40897.333333333336
-41079.77777777778
-40796.88888888889
-40780.38888888889
-40756.444444444445
-40854.0
-40751.61111111111
-40785.27777777778
-40921.166666666664
-40848.61111111111
-40862.11111111111
-40901.88888888889
-40864.61111111111
-40915.11111111111
-40927.833333333336
-40899.666666666664
-40788.38888888889
-40993.88888888889
-40926.944444444445
-40824.72222222222
-40931.333333333336
-40802.11111111111
-40913.333333333336
-40989.555555555555
-40789.166666666664
-40852.055555555555
-40825.5
-40793.055555555555
-40968.22222222222
-40865.38888888889
-40832.666666666664
-40791.72222222222
-40914.61111111111
-40750.944444444445
-40921.555555555555
-40752.38888888889
-40720.666666666664
-40879.11111111111
-40634.88888888889
-40885.333333333336
-40744.333333333336
-40831.27777777778
-40621.833333333336
-40895.0
-40856.0
-40721.166666666664
-40971.444444444445
-40888.77777777778
-40987.166666666664
-40957.055555555555
-40855.22222222222
-40861.944444444445
-40985.11111111111
-40830.666666666664
-41052.333333333336
-40936.22222222222
-40958.11111111111
-40923.333333333336
-40999.88888888889
-40988.944444444445
-40814.88888888889
-40905.11111111111
-40932.38888888889
-40832.5
-40840.5
-40903.666666666664
-40821.166666666664
-40852.88888888889
-40989.38888888889
-40904.27777777778
-40866.833333333336
-40893.5
-40899.11111111111
-40903.0
-40931.166666666664
-40947.055555555555
-40784.444444444445
-40972.77777777778
-40926.22222222222
-40951.77777777778
-41002.166666666664
-40944.88888888889
-40997.333333333336
-40903.666666666664
-40709.944444444445
-40796.166666666664
-40763.944444444445
-40806.77777777778
-41084.833333333336
-40798.72222222222
-40980.72222222222
-40972.72222222222
-40796.944444444445
-41002.333333333336
-40916.22222222222
-40931.77777777778
-40990.444444444445
-40840.166666666664
-40922.555555555555
-41005.444444444445
-40948.166666666664
-41103.5
-40939.61111111111
-41063.833333333336
-40966.555555555555
-40933.833333333336
-40873.88888888889
-40898.38888888889
-40822.27777777778
-40732.944444444445
-40826.5
-40689.666666666664
-40892.5
-40815.555555555555
-40795.944444444445
-40748.444444444445
-40792.055555555555
-40817.333333333336
-40723.0
-40844.444444444445
-40890.166666666664
-40861.72222222222
-40951.833333333336
-40979.944444444445
-40956.38888888889
-40805.944444444445
-40852.833333333336
-40994.61111111111
-40980.833333333336
-40678.944444444445
-40849.055555555555
-40909.833333333336
-40921.555555555555
-40992.38888888889
-40791.11111111111
-40827.833333333336
-40828.055555555555
-40842.72222222222
-40868.27777777778
-40813.166666666664
-41067.666666666664
-40715.61111111111
-40935.944444444445
-40627.11111111111
-40841.444444444445
-40959.555555555555
-40809.666666666664
-40977.22222222222
-40913.77777777778
-40969.944444444445
-40863.166666666664
-40957.11111111111
-41033.11111111111
-40937.0
-40940.11111111111
-40913.666666666664
-40895.77777777778
-41021.333333333336
-40969.77777777778
-40991.88888888889
-40966.77777777778
-41033.666666666664
-41005.88888888889
-40902.333333333336
-40882.166666666664
-40971.833333333336
-40931.666666666664
-40921.38888888889
-41086.77777777778
-40884.11111111111
-41065.27777777778
-40964.27777777778
-40858.055555555555
-40934.61111111111
-40785.61111111111
-40822.555555555555
-40866.0
-41014.555555555555
-41024.88888888889
-40896.555555555555
-40917.666666666664
-40792.666666666664
-40779.666666666664
-40757.333333333336
-40884.22222222222
-40907.333333333336
-40681.555555555555
-40957.666666666664
-40837.055555555555
-40990.833333333336
-40969.61111111111
-40904.11111111111
-40880.666666666664
-40937.333333333336
-40883.444444444445
-40919.833333333336
-40827.0
-40836.38888888889
-40727.555555555555
-40844.0
-40901.0
-40806.27777777778
-40978.11111111111
-40841.333333333336
-40972.555555555555
-40826.444444444445
-40840.27777777778
-40866.944444444445
-40911.555555555555
-40876.666666666664
-40809.0
-41056.72222222222
-40815.333333333336
-40904.666666666664
-40873.055555555555
-40935.333333333336
-41051.77777777778
-40824.833333333336
-40892.11111111111
-41005.0
-40786.5
-40989.22222222222
-40867.88888888889
-40928.444444444445
-40973.333333333336
-40938.22222222222
-40912.444444444445
-40937.11111111111
-40739.0
-40683.0
-40877.61111111111
-40956.88888888889
-40878.38888888889
-40993.833333333336
-40978.88888888889
-40884.38888888889
-40801.5
-40867.444444444445
-40708.38888888889
-40656.5
-40809.38888888889
-40856.11111111111
-40858.333333333336
-40920.555555555555
-40881.5
-40902.27777777778
-41028.11111111111
-41079.555555555555
-41034.166666666664
-41033.38888888889
-40958.333333333336
-41043.166666666664
-40870.166666666664
-41028.11111111111
-40645.61111111111
-40995.0
-41008.61111111111
-40717.444444444445
-40916.166666666664
-40813.11111111111
-40843.77777777778
-40796.555555555555
-40814.38888888889
-40867.61111111111
-40886.944444444445
-40877.944444444445
-40967.0
-40990.0
-40938.72222222222
-40900.944444444445
-40934.833333333336
-40921.22222222222
-40688.055555555555
-40942.666666666664
-40904.77777777778
-40927.166666666664
-41139.944444444445
-40939.88888888889
-40937.833333333336
-40855.22222222222
-40823.38888888889
-41058.88888888889
-40836.944444444445
-40811.444444444445
-40889.27777777778
-40705.0
-40984.77777777778
-40803.166666666664
-40874.0
-40842.72222222222
-40852.166666666664
-40869.333333333336
-40970.72222222222
-40931.11111111111
-40897.77777777778
-41002.88888888889
-40883.88888888889
-40913.555555555555
-40897.38888888889
-40902.055555555555
-40769.38888888889
-40848.0
-40937.833333333336
-40958.77777777778
-41020.0
-40894.333333333336
-41121.333333333336
-40996.0
-40996.166666666664
-41059.22222222222
-40824.555555555555
-40912.5
-40827.88888888889
-40766.88888888889
-40821.666666666664
-40874.833333333336
-40899.72222222222
-41011.5
-40815.166666666664
-40806.61111111111
-40818.61111111111
-40805.0
-40730.77777777778
-41119.72222222222
-41022.833333333336
-41012.166666666664
-40822.38888888889
-40712.5
-40710.666666666664
-40749.88888888889
-40888.22222222222
-40782.88888888889
-40870.72222222222
-40810.72222222222
-41000.11111111111
-40837.77777777778
-40935.22222222222
-40894.555555555555
-40903.833333333336
-41018.38888888889
-40754.22222222222
-40805.38888888889
-40605.944444444445
-40869.77777777778
-40736.61111111111
-40904.72222222222
-41004.055555555555
-40927.5
-41009.833333333336
-41001.0
-40804.944444444445
-40997.444444444445
-40795.72222222222
-40741.61111111111
-41014.833333333336
-40906.555555555555
-40898.944444444445
-40941.444444444445
-40950.5
-40798.72222222222
-40761.27777777778
-40909.11111111111
-40954.77777777778
-40951.22222222222
-40825.72222222222
-40854.055555555555
-40861.166666666664
-40943.22222222222
-40986.88888888889
-40899.944444444445
-40866.055555555555
-40718.166666666664
-40882.666666666664
-40724.61111111111
-40808.555555555555
-40948.166666666664
-40839.72222222222
-40887.055555555555
-40982.0
-40983.22222222222
-40925.944444444445
-40828.0
-40724.333333333336
-41021.666666666664
-40915.77777777778
-41052.833333333336
-40750.38888888889
-40952.11111111111
-40908.555555555555
-40895.555555555555
-41004.88888888889
-40889.77777777778
-40725.11111111111
-41038.22222222222
-40940.166666666664
-41066.5
-41051.61111111111
-41109.22222222222
-40987.72222222222
-40923.666666666664
-41015.055555555555
-40917.166666666664
-40934.61111111111
-41011.166666666664
-40805.555555555555
-40932.77777777778
-40894.666666666664
-40793.61111111111
-40851.5
-40731.38888888889
-40933.0
-41041.0
-40894.72222222222
-40833.27777777778
-40980.11111111111
-41043.055555555555
-40829.61111111111
-41000.72222222222
-40735.166666666664
-40690.61111111111
-40792.333333333336
-40690.72222222222
-40817.27777777778
-40652.22222222222
-40849.0
-40849.22222222222
-40771.055555555555
-40796.5
-40805.833333333336
-40932.27777777778
-40872.38888888889
-41024.72222222222
-40798.0
-40800.72222222222
-40763.333333333336
-40873.444444444445
-40960.666666666664
-41066.444444444445
-41207.11111111111
-41041.88888888889
-41047.0
-40997.61111111111
-40866.88888888889
-41017.944444444445
-40787.444444444445
-40849.555555555555
-40979.11111111111
-40645.444444444445
-40832.0
-40793.22222222222
-40664.22222222222
-40910.38888888889
-40841.0
-40904.5
-40884.72222222222
-40811.61111111111
-40654.944444444445
-40968.77777777778
-40916.61111111111
-40800.61111111111
-40919.333333333336
-40844.11111111111
-40781.5
-40734.333333333336
-40705.5
-41043.944444444445
-40919.5
-40871.72222222222
-40910.444444444445
-40822.833333333336
-40746.444444444445
-40685.666666666664
-40910.77777777778
-40706.055555555555
-40722.77777777778
-40872.72222222222
-40842.11111111111
-41000.444444444445
-40855.444444444445
-40742.833333333336
-40962.166666666664
-40939.11111111111
-40921.333333333336
-40753.666666666664
-40820.055555555555
-41073.5
-40931.88888888889
-40930.333333333336
-40977.77777777778
-40934.77777777778
-40913.38888888889



The list of best values first execution 

-42314.0
-42815.0
-42967.0
-42989.0
-43005.0
-42987.0
-43036.0
-43084.0
-43054.0
-43129.0
-43162.0
-43202.0
-43204.0
-43173.0
-43215.0
-43168.0
-43173.0
-43207.0
-43212.0
-43212.0
-43212.0
-43212.0
-43212.0
-43212.0
-43217.0
-43217.0
-43208.0
-43190.0
-43190.0
-43207.0
-43209.0
-43212.0
-43212.0
-43212.0
-43212.0
-43212.0
-43212.0
-43212.0
-43212.0
-43212.0
-43217.0
-43217.0
-43209.0
-43212.0
-43212.0
-43212.0
-43212.0
-43212.0
-43212.0
-43212.0
-43212.0
-43212.0
-43212.0
-43217.0
-43193.0
-43217.0
-43217.0
-43209.0
-43189.0
-43215.0
-43215.0
-43215.0
-43212.0
-43215.0
-43215.0
-43215.0
-43215.0
-43215.0
-43208.0
-43207.0
-43212.0
-43212.0
-43212.0
-43212.0
-43212.0
-43212.0
-43217.0
-43217.0
-43208.0
-43209.0
-43212.0
-43215.0
-43215.0
-43187.0
-43203.0
-43177.0
-43203.0
-43173.0
-43182.0
-43205.0
-43184.0
-43202.0
-43215.0
-43188.0
-43200.0
-43202.0
-43204.0
-43209.0
-43176.0
-43193.0
-43191.0
-43212.0
-43215.0
-43203.0
-43202.0
-43207.0
-43218.0
-43220.0
-43212.0
-43218.0
-43220.0
-43212.0
-43218.0
-43220.0
-43212.0
-43218.0
-43220.0
-43212.0
-43218.0
-43220.0
-43220.0
-43210.0
-43215.0
-43218.0
-43223.0
-43199.0
-43202.0
-43217.0
-43223.0
-43208.0
-43207.0
-43215.0
-43183.0
-43208.0
-43223.0
-43236.0
-43236.0
-43217.0
-43223.0
-43236.0
-43236.0
-43202.0
-43217.0
-43228.0
-43209.0
-43212.0
-43212.0
-43214.0
-43220.0
-43215.0
-43206.0
-43223.0
-43217.0
-43196.0
-43206.0
-43217.0
-43236.0
-43236.0
-43236.0
-43217.0
-43217.0
-43207.0
-43225.0
-43185.0
-43212.0
-43207.0
-43225.0
-43186.0
-43207.0
-43210.0
-43210.0
-43207.0
-43210.0
-43214.0
-43214.0
-43214.0
-43210.0
-43213.0
-43237.0
-43279.0
-43329.0
-43329.0
-43329.0
-43329.0
-43329.0
-43329.0
-43329.0
-43309.0
-43329.0
-43329.0
-43309.0
-43329.0
-43329.0
-43329.0
-43329.0
-43329.0
-43329.0
-43329.0
-43329.0
-43329.0
-43329.0
-43329.0
-43329.0
-43329.0
-43329.0
-43329.0
-43329.0
-43329.0
-43329.0
-43329.0
-43329.0
-43329.0
-43329.0
-43329.0
-43329.0
-43329.0
-43329.0
-43329.0
-43329.0
-43329.0
-43329.0
-43329.0
-43329.0
-43329.0
-43329.0
-43329.0
-43329.0
-43304.0
-43321.0
-43321.0
-43312.0
-43324.0
-43321.0
-43317.0
-43324.0
-43321.0
-43316.0
-43316.0
-43315.0
-43324.0
-43321.0
-43317.0
-43324.0
-43321.0
-43317.0
-43324.0
-43321.0
-43321.0
-43324.0
-43321.0
-43324.0
-43321.0
-43317.0
-43324.0
-43321.0
-43324.0
-43321.0
-43324.0
-43321.0
-43317.0
-43324.0
-43321.0
-43285.0
-43315.0
-43321.0
-43321.0
-43321.0
-43321.0
-43317.0
-43324.0
-43324.0
-43321.0
-43324.0
-43324.0
-43321.0
-43321.0
-43324.0
-43321.0
-43324.0
-43321.0
-43317.0
-43324.0
-43324.0
-43321.0
-43324.0
-43324.0
-43321.0
-43321.0
-43324.0
-43321.0
-43324.0
-43321.0
-43317.0
-43324.0
-43324.0
-43321.0
-43324.0
-43324.0
-43321.0
-43321.0
-43324.0
-43321.0
-43324.0
-43321.0
-43317.0
-43324.0
-43324.0
-43321.0
-43324.0
-43324.0
-43321.0
-43321.0
-43324.0
-43324.0
-43321.0
-43321.0
-43324.0
-43321.0
-43324.0
-43321.0
-43317.0
-43324.0
-43324.0
-43321.0
-43324.0
-43324.0
-43321.0
-43321.0
-43324.0
-43321.0
-43324.0
-43321.0
-43317.0
-43324.0
-43324.0
-43321.0
-43324.0
-43324.0
-43321.0
-43321.0
-43324.0
-43321.0
-43324.0
-43321.0
-43317.0
-43324.0
-43324.0
-43321.0
-43324.0
-43324.0
-43321.0
-43321.0
-43324.0
-43321.0
-43324.0
-43321.0
-43317.0
-43324.0
-43324.0
-43321.0
-43324.0
-43324.0
-43321.0
-43321.0
-43324.0
-43321.0
-43324.0
-43321.0
-43317.0
-43324.0
-43324.0
-43321.0
-43313.0
-43324.0
-43324.0
-43321.0
-43316.0
-43315.0
-43324.0
-43321.0
-43317.0
-43324.0
-43324.0
-43321.0
-43324.0
-43321.0
-43324.0
-43321.0
-43324.0
-43321.0
-43324.0
-43321.0
-43324.0
-43321.0
-43324.0
-43321.0
-43324.0
-43321.0
-43324.0
-43321.0
-43324.0
-43321.0
-43324.0
-43321.0
-43324.0
-43321.0
-43324.0
-43321.0
-43313.0
-43324.0
-43321.0
-43321.0
-43317.0
-43324.0
-43321.0
-43321.0
-43317.0
-43324.0
-43321.0
-43321.0
-43324.0
-43321.0
-43324.0
-43321.0
-43317.0
-43324.0
-43324.0
-43321.0
-43324.0
-43324.0
-43321.0
-43321.0
-43324.0
-43321.0
-43324.0
-43321.0
-43317.0
-43324.0
-43324.0
-43321.0
-43324.0
-43324.0
-43321.0
-43321.0
-43324.0
-43321.0
-43324.0
-43321.0
-43317.0
-43324.0
-43324.0
-43321.0
-43324.0
-43324.0
-43321.0
-43289.0
-43315.0
-43324.0
-43324.0
-43321.0
-43313.0
-43324.0
-43321.0
-43321.0
-43317.0
-43324.0
-43321.0
-43321.0
-43317.0
-43324.0
-43321.0
-43321.0
-43324.0
-43321.0
-43324.0
-43321.0
-43312.0
-43324.0
-43321.0
-43321.0
-43317.0
-43324.0
-43321.0
-43321.0
-43317.0
-43324.0
-43321.0
-43321.0
-43317.0
-43324.0
-43321.0
-43321.0
-43324.0
-43321.0
-43324.0
-43321.0
-43317.0
-43324.0
-43324.0
-43321.0
-43324.0
-43324.0
-43321.0
-43321.0
-43324.0
-43321.0
-43324.0
-43321.0
-43317.0
-43324.0
-43324.0
-43321.0
-43324.0
-43324.0
-43321.0
-43321.0
-43324.0
-43321.0
-43324.0
-43321.0
-43317.0
-43324.0
-43321.0
-43289.0
-43315.0
-43321.0
-43324.0
-43321.0
-43317.0
-43324.0
-43324.0
-43321.0
-43324.0
-43324.0
-43321.0
-43321.0
-43324.0
-43321.0
-43324.0
-43321.0
-43317.0
-43324.0
-43324.0
-43321.0
-43324.0
-43324.0
-43321.0
-43321.0
-43324.0
-43321.0
-43324.0
-43321.0
-43317.0
-43324.0
-43324.0
-43321.0
-43324.0
-43324.0
-43321.0
-43321.0
-43320.0
-43321.0
-43324.0
-43321.0
-43317.0
-43324.0
-43324.0
-43321.0
-43324.0
-43324.0
-43321.0
-43321.0
-43324.0
-43321.0
-43324.0
-43321.0
-43317.0
-43324.0
-43324.0
-43321.0
-43324.0
-43324.0
-43321.0
-43321.0
-43324.0
-43321.0
-43324.0
-43321.0
-43317.0
-43324.0
-43324.0
-43321.0
-43324.0
-43324.0
-43321.0
-43321.0
-43324.0
-43321.0
-43324.0
-43321.0
-43317.0
-43324.0
-43324.0
-43321.0
-43324.0
-43324.0
-43321.0
-43321.0
-43324.0
-43321.0
-43324.0
-43321.0
-43317.0
-43324.0
-43324.0
-43321.0
-43324.0
-43324.0
-43321.0
-43321.0
-43324.0
-43321.0
-43324.0
-43321.0
-43317.0
-43324.0
-43324.0
-43321.0
-43324.0
-43324.0
-43321.0
-43321.0
-43324.0
-43321.0
-43324.0
-43321.0
-43317.0
-43324.0
-43324.0
-43321.0
-43324.0
-43324.0
-43321.0
-43321.0
-43324.0
-43321.0
-43324.0
-43321.0
-43317.0
-43324.0
-43324.0
-43321.0
-43324.0
-43324.0
-43321.0
-43321.0
-43324.0
-43321.0
-43324.0
-43321.0
-43317.0
-43324.0
-43324.0
-43321.0
-43312.0
-43324.0
-43324.0
-43321.0
-43312.0
-43324.0
-43321.0
-43329.0
-43309.0
-43316.0
-43324.0
-43321.0
-43317.0
-43324.0
-43324.0
-43321.0
-43324.0
-43324.0
-43321.0
-43321.0
-43324.0
-43321.0
-43324.0
-43321.0
-43317.0
-43324.0
-43324.0
-43321.0
-43324.0
-43324.0
-43321.0
-43321.0
-43324.0
-43321.0
-43324.0
-43321.0
-43317.0
-43324.0
-43324.0
-43321.0
-43324.0
-43324.0
-43321.0
-43321.0
-43324.0
-43321.0
-43321.0
-43321.0
-43320.0
-43321.0
-43324.0
-43321.0
-43313.0
-43324.0
-43321.0
-43321.0



The list of values average 

-40975.54611111109
-41152.6511111111
-41235.52722222224
-41257.70333333332
-41284.14499999997
-41286.58722222221
-41283.95055555556
-41274.178888888884
-41268.027222222234
-41250.108888888884
-41246.21111111112
-41231.83222222223
-41221.941111111126
-41198.885
-41198.08444444444
-41191.09555555556
-41181.8111111111
-41168.735000000015
-41131.70722222223
-41113.178888888884
-41092.18722222223
-41086.143333333355
-41064.21555555554
-41040.75166666668
-41046.66055555557
-41025.19777777778
-41015.72222222222
-40986.380000000005
-40985.2511111111
-40993.09222222221
-40977.7161111111
-40975.92666666666
-40952.07166666666
-40946.96055555555
-40928.16833333331
-40925.053888888906
-40935.787222222214
-40917.44944444446
-40930.387222222205
-40909.59722222223
-40910.08444444444
-40911.85055555555
-40903.113888888896
-40904.727222222224
-40907.439999999995
-40911.06888888889
-40910.22999999999
-40915.97000000001
-40895.54277777778
-40891.77277777778
-40904.85499999999
-40890.91777777778
-40895.75888888889
-40903.65611111112
-40893.90222222221
-40912.66777777779
-40896.16555555556
-40900.64055555556
-40900.15722222222
-40894.7988888889
-40894.05666666667
-40888.64111111109
-40884.09333333332
-40875.69388888889
-40874.22666666668
-40885.125555555554
-40888.10055555554
-40896.50611111112
-40887.83444444444
-40896.01444444444
-40888.731666666674
-40898.93555555556
-40892.617777777756
-40885.47333333333
-40892.817222222206
-40884.23833333333
-40878.45666666666
-40910.252222222225
-40893.62722222223
-40894.75388888889
-40893.57555555555
-40885.35777777777
-40904.10333333333
-40880.90166666666
-40891.645
-40883.801666666666
-40886.044444444466
-40894.0477777778
-40903.60833333334
-40896.659999999996
-40888.887777777774
-40889.20666666665
-40897.64388888889
-40889.71166666666
-40883.26111111112
-40897.963888888895
-40884.81666666667
-40886.2788888889
-40881.03111111111
-40898.812222222215
-40882.526111111125
-40897.93388888888
-40889.15222222221
-40869.942222222235
-40871.68166666666
-40867.89833333334
-40879.681666666664
-40894.27777777778
-40892.16833333333
-40885.22333333333
-40889.541111111095
-40875.38222222223
-40883.67611111111
-40869.02111111112
-40890.17388888888
-40883.753888888896
-40887.683333333334
-40887.979444444434
-40898.67999999998
-40890.517777777786
-40889.36444444443
-40896.33222222221
-40900.11333333333
-40890.09111111112
-40889.34388888889
-40893.9261111111
-40878.700000000004
-40881.40166666668
-40889.05111111113
-40885.46888888888
-40882.422222222245
-40895.21333333333
-40906.03555555554
-40881.498333333315
-40891.851666666655
-40910.63111111111
-40888.487777777795
-40884.03500000002
-40879.99444444446
-40894.34944444443
-40890.06444444446
-40894.45111111112
-40905.89777777778
-40879.012777777796
-40888.65666666666
-40878.89777777777
-40890.29777777778
-40884.86444444444
-40872.68611111112
-40890.90666666667
-40880.30055555556
-40890.67888888888
-40909.84444444443
-40914.81222222223
-40882.71611111112
-40893.977777777785
-40890.775000000016
-40877.04333333331
-40896.38777777777
-40890.82555555555
-40877.51111111111
-40889.57777777778
-40883.55777777778
-40908.03333333335
-40896.95222222221
-40904.777777777745
-40878.677222222235
-40894.35777777777
-40877.84888888889
-40884.2361111111
-40893.59666666667
-40902.76777777778
-40899.954444444455
-40873.90666666667
-40889.78666666665
-40869.10277777779
-40896.68666666667
-40870.76444444443
-40894.66555555555
-40885.33611111112
-40893.5461111111
-40894.89777777776
-40893.079444444455
-40880.22833333332
-40883.40722222221
-40880.50555555555
-40882.41999999999
-40887.564444444426
-40892.46500000001
-40888.501111111116
-40874.280555555575
-40906.35555555556
-40896.82833333333
-40900.8077777778
-40877.592777777776
-40887.90611111109
-40903.51666666665
-40881.592777777776
-40913.18222222221
-40884.903888888875
-40897.10444444443
-40882.652222222234
-40869.97444444445
-40894.741111111114
-40878.42111111109
-40884.925555555536
-40888.692222222235
-40894.92333333334
-40879.480555555565
-40898.64333333334
-40888.97500000003
-40895.47777777778
-40893.121666666666
-40891.02944444443
-40897.63277777779
-40895.51444444444
-40889.57111111112
-40895.307777777794
-40892.41
-40902.35555555556
-40879.971666666686
-40879.71611111111
-40890.84166666666
-40882.65166666668
-40882.92722222223
-40893.40666666667
-40887.83499999999
-40902.42833333334
-40885.24000000001
-40891.64777777778
-40893.232777777775
-40888.232222222214
-40895.21555555555
-40886.92722222223
-40884.68333333334
-40889.39555555556
-40876.122777777775
-40881.51666666667
-40886.57055555555
-40888.46555555554
-40894.642777777786
-40892.373333333344
-40901.157222222224
-40888.11833333334
-40890.67555555553
-40897.34722222223
-40888.82555555557
-40894.282222222246
-40904.40833333335
-40891.57000000002
-40906.72055555556
-40884.4588888889
-40895.54055555556
-40898.191111111104
-40882.183888888874
-40889.029444444444
-40881.8288888889
-40879.506666666675
-40876.428888888906
-40886.386111111104
-40884.317777777775
-40890.02666666667
-40884.5261111111
-40884.97611111111
-40888.53611111111
-40890.089444444464
-40896.35333333332
-40887.15111111111
-40893.8822222222
-40890.62555555557
-40896.05944444446
-40890.88277777776
-40884.110000000015
-40886.61999999999
-40883.28999999999
-40909.152222222205
-40895.041666666664
-40895.1277777778
-40883.99444444444
-40902.13388888888
-40890.859999999986
-40883.04222222222
-40871.878333333334
-40891.33833333333
-40882.372222222235
-40874.699444444435
-40881.95611111111
-40879.93055555557
-40876.72055555553
-40886.32833333333
-40894.22944444445
-40883.68777777777
-40892.18055555555
-40877.59499999999
-40910.24388888889
-40880.950555555544
-40888.10222222222
-40894.55388888889
-40882.95833333335
-40905.61722222224
-40894.233888888906
-40901.679444444424
-40906.51611111112
-40890.965
-40888.78277777779
-40890.412222222214
-40898.835555555546
-40888.70222222224
-40891.83166666667
-40904.80333333332
-40890.43888888889
-40888.960555555575
-40900.06611111108
-40897.92444444444
-40872.00777777777
-40907.114444444436
-40902.70833333335
-40889.687222222215
-40899.902777777774
-40902.28833333332
-40901.05944444446
-40895.3738888889
-40894.4561111111
-40897.12277777779
-40894.15555555554
-40900.70888888888
-40898.68666666666
-40874.00666666666
-40897.272222222215
-40877.03388888888
-40878.310555555545
-40886.00444444445
-40905.15444444443
-40882.24166666665
-40891.91888888889
-40885.90666666667
-40891.221111111096
-40903.88888888889
-40899.19611111111
-40904.21277777778
-40883.476666666684
-40910.02611111108
-40891.18444444444
-40900.35111111113
-40893.82444444445
-40886.291111111095
-40904.82444444445
-40891.19833333335
-40890.50777777776
-40875.272222222215
-40895.53222222221
-40877.41055555554
-40895.735
-40893.328888888886
-40895.72833333333
-40888.25777777779
-40897.956666666665
-40901.99944444444
-40898.31333333332
-40889.336666666684
-40896.80888888889
-40890.56833333331
-40891.05277777778
-40878.53166666667
-40888.22111111111
-40896.9761111111
-40908.08555555555
-40898.18222222223
-40898.91722222222
-40881.51722222222
-40889.06777777776
-40900.98888888888
-40877.92388888887
-40885.71166666665
-40891.44777777778
-40890.39666666669
-40910.19722222222
-40908.05777777777
-40908.23444444446
-40894.892222222246
-40905.69111111111
-40901.69277777777
-40883.29055555555
-40886.38666666666
-40885.817777777775
-40888.17444444446
-40899.45055555556
-40886.636666666665
-40889.06166666665
-40885.04944444445
-40885.27777777778
-40899.54
-40859.00444444446
-40886.4238888889
-40883.31722222224
-40890.65555555555
-40868.73666666666
-40870.858333333344
-40885.792777777795
-40885.42111111112
-40888.32666666667
-40897.93111111111
-40886.10944444444
-40886.08444444445
-40893.87111111111
-40896.46833333334
-40890.42999999999
-40909.87277777777
-40891.80888888887
-40887.81333333334
-40890.603888888894
-40882.61944444443
-40895.49333333333
-40884.83555555555
-40885.726111111115
-40858.07666666667
-40875.908333333326
-40880.88777777775
-40890.28722222222
-40887.30999999999
-40873.69500000001
-40881.093888888885
-40895.252777777794
-40889.62500000001
-40886.078888888864
-40888.00611111113
-40880.599444444444
-40883.928888888906
-40865.72666666666
-40896.560555555545
-40878.39944444447
-40891.972222222226
-40893.448333333305
-40890.611111111124
-40897.33166666666
-40897.977777777785
-40896.07611111114
-40897.528333333314
-40887.61833333335
-40875.57
-40880.50166666666
-40896.412222222236
-40888.756666666675
-40892.36222222222
-40889.078333333346
-40895.18555555555
-40890.145555555566
-40899.557777777794
-40900.43333333332
-40885.36833333337
-40904.61166666666
-40890.78944444445
-40888.28222222224
-40893.81722222221
-40893.49222222223
-40892.57944444444
-40867.812222222215
-40887.38222222221
-40878.32888888888
-40883.958333333336
-40878.43277777777
-40894.62722222222
-40882.95388888888
-40872.835555555524
-40897.98222222222
-40884.96388888889
-40888.91555555557
-40906.5038888889
-40902.49944444444
-40904.36166666667
-40878.26277777778
-40907.37944444444
-40890.534444444434
-40867.6388888889
-40892.376111111116
-40888.32944444445
-40883.89388888888
-40912.78
-40905.92777777778
-40896.25500000002
-40887.9438888889
-40877.262222222205
-40873.57
-40892.7261111111
-40882.71555555553
-40883.06888888887
-40899.741666666676
-40884.24555555556
-40887.20944444445
-40885.96277777778
-40900.28888888888
-40878.013888888905
-40894.29888888889
-40883.48222222222
-40894.82777777777
-40890.345
-40865.49500000001
-40879.29833333332
-40896.20888888889
-40889.97166666666
-40881.10333333334
-40891.34055555554
-40886.14166666666
-40894.70777777778
-40889.695555555554
-40906.90833333335
-40898.67166666667
-40901.83333333333
-40893.265555555554
-40881.722777777766
-40893.17166666667
-40878.267222222195
-40905.43277777779
-40894.8577777778
-40896.54333333331
-40885.58111111111
-40896.2311111111
-40896.853888888894
-40891.368333333325
-40886.33111111111
-40885.737777777795
-40871.70277777776
-40891.00944444443
-40884.54055555555
-40909.047222222245
-40886.40722222223
-40894.1411111111
-40892.890555555576
-40869.89722222222
-40883.573333333334
-40878.03166666668
-40897.43055555556
-40892.14277777777
-40885.68166666668
-40883.702777777755
-40899.01444444445
-40882.17444444447
-40900.48500000002
-40886.83722222221
-40888.21722222223
-40881.896666666675
-40867.95055555554
-40885.22277777778
-40888.132222222215
-40890.87777777777
-40888.419444444444
-40888.53277777778
-40893.786111111105
-40896.79333333331
-40893.487222222226
-40884.71000000001
-40890.316666666666
-40901.20055555555
-40902.05944444445
-40896.631111111106
-40906.56166666667
-40897.35111111109
-40885.12666666666
-40886.36333333333
-40891.62666666667
-40898.84277777778
-40903.558333333334
-40900.14166666667
-40900.00944444447
-40900.13111111111
-40887.07833333333
-40893.862777777795
-40895.785555555565
-40902.64722222224
-40887.1811111111
-40892.28888888888
-40905.910555555565
-40894.294444444444
-40900.58499999999
-40908.48888888889
-40896.84611111112
-40884.4338888889
-40883.74555555554
-40902.25111111111
-40895.41888888889
-40899.64555555556
-40872.793333333335
-40888.56
-40889.18166666665
-40894.52222222221
-40899.48611111112
-40884.095
-40877.60222222224
-40892.32777777778
-40869.91500000001
-40872.34777777779
-40901.15555555554
-40885.03277777777
-40900.90555555554
-40888.49611111112
-40885.82555555556
-40901.65333333336
-40888.47333333333
-40914.21888888888
-40898.401111111096
-40881.901666666665
-40885.54111111109
-40881.09111111111
-40893.39500000001
-40877.50666666665
-40887.69499999999
-40886.81444444445
-40869.28611111111
-40881.98611111114
-40894.53111111109
-40903.63111111111
-40882.838333333326
-40894.14777777776
-40886.83111111113
-40893.75666666668
-40894.67833333334
-40912.03333333333
-40902.37388888888
-40876.73333333334
-40904.636111111104
-40887.655000000006
-40891.83722222221
-40894.62944444446
-40893.37833333333
-40896.26666666666
-40888.62166666665
-40885.85444444444
-40889.577777777755
-40874.218888888885
-40892.510555555564
-40880.772777777776
-40881.40444444444
-40891.71277777776
-40888.187777777785
-40898.683888888874
-40882.14166666667
-40894.49166666667
-40894.132777777784
-40893.381111111106
-40890.41833333333
-40855.48611111112
-40889.154444444444
-40885.49
-40901.70166666668
-40901.38666666666
-40884.44277777776
-40906.91055555556
-40903.94833333331
-40908.82388888889
-40898.03833333335
-40903.999444444446
-40879.03722222221
-40881.72277777776
-40894.28222222223
-40891.14444444445
-40897.7677777778
-40891.70333333332
-40896.48888888889
-40905.79111111111
-40903.79111111108
-40911.021666666675
-40880.8561111111
-40872.741666666676
-40879.8088888889
-40895.75277777779
-40881.54388888889
-40894.447222222225
-40890.072222222225
-40888.15
-40896.862777777766
-40894.64000000001
-40894.17777777777
-40880.11666666668
-40897.765555555554
-40904.089999999975
-40898.873333333344
-40901.48055555558
-40903.190555555564
-40905.20888888889
-40894.80222222221
-40909.95555555555
-40898.483333333344
-40901.03055555554
-40885.51166666665
-40869.66666666666
-40894.511666666665
-40872.822777777794
-40894.89388888888
-40877.51777777778
-40881.28444444445
-40901.44944444443
-40895.672222222216
-40902.75166666665
-40894.81333333334
-40917.07666666666
-40910.43166666666
-40885.575
-40895.55333333333
-40904.13888888888
-40887.092777777776
-40902.57333333336
-40901.42166666666
-40879.319999999985
-40900.04444444445
-40899.056666666664
-40910.397777777776
-40901.47055555556
-40890.75666666667
-40889.49055555556
-40897.85611111112
-40900.48111111112
-40891.3
-40880.63944444443
-40886.81999999999
-40909.44055555556
-40881.901666666665
-40901.59833333333
-40882.243888888894
-40884.14500000001
-40889.03222222222



The list of best values average 

-42309.51000000001
-42796.520000000004
-42983.55000000001
-43071.93000000001
-43117.170000000006
-43152.05999999999
-43185.22
-43208.06000000002
-43222.76000000001
-43230.00000000001
-43238.76999999998
-43250.1
-43253.59000000001
-43259.10000000003
-43267.320000000014
-43272.85999999999
-43272.92000000001
-43282.739999999976
-43282.74999999999
-43285.17999999998
-43286.31999999999
-43286.4
-43293.11999999998
-43296.91999999999
-43295.76000000002
-43298.49000000001
-43299.31
-43300.850000000006
-43303.42000000001
-43304.11999999999
-43306.819999999985
-43309.67000000001
-43311.59
-43311.77000000001
-43312.66000000002
-43312.15999999999
-43315.379999999976
-43313.51
-43315.230000000025
-43318.07000000001
-43317.38000000001
-43318.23000000002
-43320.380000000005
-43319.909999999996
-43321.30999999999
-43321.32
-43321.92000000001
-43320.98999999999
-43322.89000000001
-43323.12000000001
-43327.44000000001
-43325.12000000001
-43325.51
-43325.740000000005
-43326.990000000005
-43326.76000000001
-43328.58999999998
-43327.23
-43327.63
-43329.840000000004
-43329.55999999999
-43329.98999999999
-43330.6
-43331.11000000001
-43332.85
-43330.57000000001
-43328.939999999995
-43332.43000000001
-43333.24
-43332.37000000001
-43331.63999999999
-43332.060000000005
-43332.71
-43333.26
-43333.80000000001
-43331.83
-43334.770000000004
-43335.59000000001
-43332.18999999999
-43332.78
-43333.33999999999
-43332.89
-43334.45
-43334.60000000001
-43332.789999999986
-43334.95
-43334.649999999994
-43334.90999999999
-43334.079999999994
-43333.31
-43333.57000000001
-43334.88000000001
-43333.43999999998
-43334.689999999995
-43334.759999999995
-43335.31
-43336.26999999998
-43334.390000000014
-43334.92000000001
-43336.14
-43336.57999999999
-43337.420000000006
-43335.23
-43337.22000000001
-43336.920000000006
-43338.60000000001
-43337.61999999999
-43337.57000000001
-43337.799999999996
-43339.58
-43339.52
-43339.85
-43339.919999999984
-43337.92000000001
-43340.11000000001
-43339.909999999996
-43340.49999999999
-43340.82000000001
-43339.34
-43341.14000000001
-43340.59
-43340.35999999999
-43339.850000000006
-43340.03000000001
-43342.119999999995
-43342.15000000001
-43342.08000000001
-43342.99999999999
-43343.02000000001
-43344.02000000002
-43342.020000000004
-43342.54
-43343.21000000002
-43342.15
-43342.45
-43344.58
-43342.21
-43344.75
-43343.040000000015
-43344.65
-43343.53999999999
-43344.41999999999
-43342.75
-43345.48
-43345.02000000002
-43344.22000000001
-43343.62000000001
-43346.21
-43344.270000000004
-43345.76000000001
-43345.58
-43345.4
-43345.28000000001
-43344.310000000005
-43346.57000000001
-43344.030000000006
-43345.66
-43345.39
-43346.009999999995
-43345.87999999999
-43345.42
-43344.45000000001
-43347.600000000006
-43345.51000000001
-43346.969999999994
-43346.05000000001
-43346.79000000001
-43346.07000000001
-43346.42
-43346.340000000004
-43346.640000000014
-43347.939999999995
-43347.14000000001
-43346.54
-43347.729999999996
-43347.14000000001
-43346.659999999996
-43347.62999999999
-43346.79
-43347.74000000001
-43347.619999999995
-43348.92
-43348.28
-43347.280000000006
-43347.25
-43346.46000000001
-43348.509999999995
-43347.649999999994
-43348.69
-43348.49000000001
-43347.250000000015
-43348.60000000001
-43349.28999999999
-43347.229999999996
-43348.16999999999
-43349.41
-43348.63999999999
-43349.32
-43348.47
-43347.850000000006
-43349.40000000001
-43349.209999999985
-43348.85
-43349.37
-43349.1
-43349.52
-43348.95
-43348.6
-43348.77999999999
-43348.15000000001
-43348.409999999996
-43348.18
-43348.23
-43347.50000000001
-43349.16999999999
-43347.15
-43347.84999999999
-43349.72
-43350.11000000001
-43347.100000000006
-43349.88999999999
-43350.05999999999
-43347.340000000004
-43349.18999999998
-43350.009999999995
-43347.689999999995
-43349.63
-43347.98000000002
-43348.59999999999
-43349.04000000001
-43348.84
-43348.840000000004
-43349.44000000001
-43348.37000000001
-43349.4
-43348.60999999999
-43349.68000000001
-43347.22000000001
-43350.84999999999
-43349.79999999999
-43349.12
-43349.85
-43350.15000000001
-43349.490000000005
-43349.139999999985
-43349.54000000001
-43349.36
-43350.46000000001
-43349.89000000001
-43348.73000000001
-43349.99
-43350.26000000001
-43349.85000000001
-43348.18000000001
-43349.32000000001
-43350.11000000001
-43349.39999999999
-43349.29000000001
-43349.19
-43350.57000000001
-43349.420000000006
-43349.34000000001
-43349.04
-43351.33
-43349.62
-43349.01000000001
-43349.68000000001
-43349.399999999994
-43349.23999999999
-43350.19
-43348.96999999999
-43348.950000000004
-43350.16
-43349.21000000002
-43348.990000000005
-43350.340000000004
-43350.11000000001
-43350.25
-43349.05
-43349.579999999994
-43351.020000000004
-43349.860000000015
-43350.350000000006
-43349.27999999999
-43350.86
-43350.15000000001
-43349.18999999999
-43350.60999999999
-43350.72
-43349.19
-43351.28999999999
-43349.44000000001
-43350.600000000006
-43351.34000000001
-43351.549999999996
-43348.350000000006
-43350.9
-43349.60000000002
-43350.500000000015
-43350.97
-43349.97000000001
-43348.65
-43351.25
-43350.45
-43349.57
-43348.47
-43350.79
-43349.38
-43350.68
-43349.76000000001
-43351.46999999999
-43349.780000000006
-43350.93000000001
-43347.320000000014
-43351.64000000001
-43350.57999999998
-43350.869999999995
-43349.32
-43350.36
-43350.62999999999
-43350.97000000001
-43350.31000000001
-43350.610000000015
-43351.04
-43351.25000000001
-43349.49000000001
-43350.41
-43351.020000000004
-43351.95999999999
-43348.60000000001
-43349.86
-43351.79
-43351.72
-43350.77000000001
-43350.720000000016
-43350.62
-43351.00000000001
-43351.30000000001
-43351.68000000001
-43351.450000000004
-43350.96000000001
-43350.440000000024
-43351.19000000002
-43350.850000000006
-43352.09999999999
-43350.32000000001
-43351.82000000001
-43351.61000000001
-43351.390000000014
-43351.13000000002
-43351.650000000016
-43351.24000000001
-43351.650000000016
-43351.96000000001
-43351.34
-43350.76
-43351.770000000004
-43352.88
-43351.48
-43352.24999999999
-43352.57999999999
-43350.85
-43352.240000000005
-43353.02999999999
-43350.54000000001
-43352.490000000005
-43352.33000000001
-43350.28
-43352.360000000015
-43352.75
-43352.36
-43351.33999999999
-43351.93000000001
-43351.89
-43352.46
-43351.509999999995
-43350.68
-43350.340000000004
-43352.71000000001
-43350.83
-43352.439999999995
-43351.920000000006
-43352.36
-43352.33
-43352.770000000004
-43352.63000000001
-43351.94
-43352.70000000002
-43352.73000000001
-43352.2
-43352.59999999999
-43352.34
-43352.270000000004
-43350.740000000005
-43351.96000000001
-43352.19
-43352.109999999986
-43352.740000000005
-43350.85
-43352.159999999996
-43352.03
-43352.320000000014
-43352.01
-43352.28000000001
-43352.170000000006
-43351.600000000006
-43351.750000000015
-43352.06000000001
-43353.100000000006
-43352.54000000002
-43352.240000000005
-43351.670000000006
-43351.67000000001
-43352.35000000001
-43350.960000000014
-43353.000000000015
-43354.36000000001
-43352.970000000016
-43351.59000000002
-43352.83
-43353.58000000001
-43352.77000000001
-43352.67000000001
-43351.04000000001
-43352.980000000025
-43353.41
-43350.98
-43352.05000000001
-43351.960000000014
-43352.72
-43352.23000000001
-43352.320000000014
-43352.02
-43351.77000000001
-43352.35000000001
-43353.27
-43352.80000000001
-43353.22000000001
-43352.56
-43353.11000000001
-43352.850000000006
-43353.24
-43352.58000000001
-43352.65
-43353.47
-43352.88
-43353.9
-43353.04000000001
-43352.23000000001
-43353.540000000015
-43351.58000000001
-43352.68000000001
-43352.13999999999
-43353.28
-43353.51999999999
-43351.75000000001
-43351.71000000001
-43353.21
-43352.45
-43352.24000000001
-43353.58000000001
-43353.47000000002
-43352.55000000002
-43353.16
-43353.40000000001
-43352.65
-43353.73
-43352.950000000004
-43352.53000000001
-43353.63
-43353.820000000014
-43353.07000000001
-43352.19000000002
-43353.189999999995
-43353.61000000001
-43353.92
-43352.84
-43353.36000000001
-43353.719999999994
-43353.130000000005
-43353.26
-43353.01000000001
-43354.37000000002
-43353.030000000006
-43352.67000000001
-43354.57000000001
-43354.130000000005
-43352.08000000001
-43353.10000000001
-43353.610000000015
-43352.77
-43352.95000000001
-43352.07000000001
-43352.470000000016
-43352.55000000001
-43351.81000000001
-43352.27000000001
-43353.08000000001
-43352.70000000002
-43353.11000000001
-43353.13000000001
-43352.540000000015
-43353.41000000001
-43354.01000000001
-43352.76000000001
-43352.25000000001
-43354.05000000001
-43352.38000000001
-43353.43000000001
-43353.42000000001
-43352.76
-43353.55000000002
-43353.34000000001
-43352.10000000001
-43352.91
-43353.170000000006
-43354.20000000001
-43352.85
-43353.65000000001
-43353.020000000004
-43353.91000000001
-43354.59000000001
-43353.500000000015
-43353.58000000001
-43353.71000000001
-43352.31000000001
-43354.46000000001
-43353.03000000002
-43353.42000000001
-43354.43000000001
-43354.23000000001
-43353.7
-43354.01000000001
-43353.95999999999
-43355.35
-43353.66
-43353.70000000001
-43354.900000000016
-43355.08000000001
-43354.12000000002
-43354.110000000015
-43354.50000000001
-43353.43000000001
-43354.220000000016
-43354.920000000006
-43353.42000000001
-43354.05
-43354.84
-43354.64
-43353.899999999994
-43354.48000000001
-43355.210000000014
-43354.34
-43354.159999999996
-43354.84
-43354.920000000006
-43355.469999999994
-43354.45
-43354.329999999994
-43355.08
-43353.11
-43354.469999999994
-43354.27999999999
-43353.71000000001
-43354.46
-43354.30999999999
-43354.27
-43354.409999999996
-43355.28
-43354.95999999999
-43353.81
-43355.469999999994
-43355.50999999999
-43354.09
-43355.19
-43354.62999999999
-43355.649999999994
-43354.98
-43353.71
-43354.289999999986
-43355.36
-43354.799999999996
-43354.2
-43354.219999999994
-43355.59
-43355.13
-43354.84999999999
-43355.240000000005
-43354.58
-43354.64000000001
-43356.16
-43355.11999999999
-43355.09999999999
-43355.60999999999
-43355.98
-43355.96000000001
-43355.21
-43354.87
-43355.65
-43355.41000000001
-43354.9
-43355.350000000006
-43355.84
-43354.03999999999
-43354.48
-43356.13
-43355.31
-43354.64000000001
-43354.66
-43355.28
-43356.68
-43354.91000000002
-43355.19000000001
-43355.69
-43354.95
-43355.57000000001
-43356.44
-43354.51000000001
-43355.329999999994
-43355.66
-43355.33000000001
-43356.04
-43354.43
-43355.290000000015
-43355.63
-43355.82000000001
-43355.09999999999
-43356.10999999999
-43355.70000000001
-43356.0
-43355.12
-43355.43
-43355.150000000016
-43356.02
-43355.64000000001
-43354.13000000001
-43355.93000000001
-43356.490000000005
-43354.68
-43354.8
-43355.55000000001
-43356.26
-43355.119999999995
-43355.41
-43355.880000000005
-43356.67999999999
-43355.09
-43354.46000000001
-43355.630000000005
-43356.01
-43355.84
-43355.499999999985
-43356.31000000001
-43356.189999999995
-43355.38999999999
-43356.03
-43354.729999999996
-43355.48
-43356.05
-43355.81
-43354.76
-43356.25000000001
-43356.17999999999
-43356.01999999998
-43355.08
-43355.87
-43356.10999999999
-43356.13
-43354.71999999999
-43355.57
-43355.429999999986
-43354.90999999999
-43355.01999999999
-43356.59
-43355.34999999999
-43356.409999999996
-43355.15
-43355.68999999999
-43355.21000000001
-43355.00999999999
-43355.48
-43355.84999999999
-43354.520000000004
-43356.159999999996
-43356.6
-43354.6
-43354.770000000004
-43356.380000000005
-43356.04000000001
-43356.71
-43355.72
-43356.3
-43357.30000000001
-43356.48
-43356.91999999999
-43357.28999999999
-43355.74
-43356.77
-43357.63999999999
-43356.83999999999
-43356.35999999999
-43357.08999999999
-43357.22000000001
-43356.43999999999
-43356.38999999998
-43356.82
-43355.259999999995
-43356.84999999999
-43356.58999999999
-43357.45
-43356.58999999999
-43356.83999999999
-43356.469999999994
-43356.59
-43356.169999999984
-43356.2
-43356.27999999999
-43357.50999999999
-43356.42999999999
-43355.639999999985
