----------Report of simulation of Path Integral Quantum Monte Carlo-----------
The number of considered Spin 100
The considered Annealing Duration 400
The considered Annealing Number 100
The considered T 1.0
The considered Gamma0 1.0
The considered Number Of Replica 18
The solution found [-1  1  1 -1 -1  1 -1 -1  1 -1 -1  1  1  1 -1  1  1  1 -1  1 -1 -1 -1  1
  1 -1  1  1 -1 -1 -1  1 -1  1  1 -1  1 -1 -1 -1  1 -1 -1 -1 -1 -1  1  1
 -1  1  1  1  1  1 -1  1  1 -1 -1  1  1  1 -1 -1 -1  1  1  1  1  1 -1 -1
  1 -1  1 -1  1 -1 -1 -1  1  1  1 -1  1 -1  1 -1  1 -1 -1 -1  1 -1  1 -1
  1  1 -1 -1]
The value found -13667.0
The Success probability is 0.42
The average value is -13662.26
The total execution time is 2669.2105720043182
The average time for execution is 26.69210390806198
The average time for system update is 0.06646951395869255
The average time for replica update is 0.003692244530055258
The average time for spin update is 3.659623599714703e-05
The list of values found 

-13667.0
-13667.0
-13667.0
-13665.0
-13635.0
-13627.0
-13665.0
-13667.0
-13667.0
-13665.0
-13659.0
-13627.0
-13665.0
-13667.0
-13627.0
-13664.0
-13665.0
-13665.0
-13665.0
-13667.0
-13667.0
-13665.0
-13665.0
-13667.0
-13667.0
-13665.0
-13665.0
-13667.0
-13665.0
-13667.0
-13664.0
-13667.0
-13667.0
-13659.0
-13664.0
-13667.0
-13667.0
-13665.0
-13665.0
-13667.0
-13665.0
-13667.0
-13667.0
-13667.0
-13667.0
-13664.0
-13635.0
-13667.0
-13667.0
-13667.0
-13665.0
-13667.0
-13667.0
-13665.0
-13667.0
-13667.0
-13665.0
-13667.0
-13665.0
-13627.0
-13646.0
-13665.0
-13627.0
-13665.0
-13633.0
-13667.0
-13664.0
-13664.0
-13659.0
-13667.0
-13667.0
-13667.0
-13665.0
-13665.0
-13665.0
-13665.0
-13664.0
-13665.0
-13664.0
-13665.0
-13665.0
-13665.0
-13667.0
-13667.0
-13667.0
-13664.0
-13637.0
-13665.0
-13667.0
-13664.0
-13664.0
-13667.0
-13667.0
-13665.0
-13667.0
-13665.0
-13667.0
-13667.0
-13665.0
-13665.0



The list of values first execution 

-12525.0
-12555.944444444445
-12645.111111111111
-12663.944444444445
-12739.166666666666
-12806.611111111111
-12811.222222222223
-12802.222222222223
-12878.833333333334
-13007.333333333334
-13076.444444444445
-13115.666666666666
-13173.888888888889
-13252.333333333334
-13317.111111111111
-13380.111111111111
-13421.833333333334
-13483.055555555555
-13514.611111111111
-13556.611111111111
-13553.888888888889
-13558.0
-13574.111111111111
-13567.833333333334
-13592.222222222223
-13614.444444444445
-13617.388888888889
-13632.0
-13627.0
-13636.666666666666
-13636.055555555555
-13642.944444444445
-13645.777777777777
-13641.333333333334
-13641.555555555555
-13639.5
-13643.055555555555
-13646.0
-13654.555555555555
-13651.444444444445
-13651.777777777777
-13652.444444444445
-13650.166666666666
-13649.5
-13659.0
-13660.555555555555
-13656.444444444445
-13654.5
-13654.666666666666
-13657.666666666666
-13660.0
-13658.277777777777
-13656.388888888889
-13653.944444444445
-13658.055555555555
-13656.055555555555
-13657.5
-13655.666666666666
-13657.888888888889
-13658.777777777777
-13656.611111111111
-13657.111111111111
-13659.0
-13660.277777777777
-13660.833333333334
-13662.888888888889
-13660.833333333334
-13660.611111111111
-13657.833333333334
-13657.666666666666
-13658.277777777777
-13659.388888888889
-13660.833333333334
-13661.555555555555
-13662.166666666666
-13662.5
-13662.611111111111
-13661.277777777777
-13662.833333333334
-13662.166666666666
-13662.166666666666
-13660.611111111111
-13661.111111111111
-13661.388888888889
-13662.666666666666
-13663.166666666666
-13664.388888888889
-13660.833333333334
-13659.5
-13662.0
-13662.666666666666
-13663.166666666666
-13663.888888888889
-13664.666666666666
-13664.055555555555
-13664.055555555555
-13664.777777777777
-13663.555555555555
-13664.333333333334
-13665.111111111111
-13665.222222222223
-13664.277777777777
-13665.222222222223
-13663.5
-13664.555555555555
-13664.277777777777
-13664.777777777777
-13663.222222222223
-13663.111111111111
-13663.388888888889
-13664.111111111111
-13664.222222222223
-13663.888888888889
-13662.333333333334
-13662.777777777777
-13661.722222222223
-13663.722222222223
-13664.222222222223
-13664.555555555555
-13664.555555555555
-13664.055555555555
-13665.333333333334
-13665.388888888889
-13665.333333333334
-13665.055555555555
-13664.722222222223
-13664.944444444445
-13665.5
-13665.222222222223
-13665.388888888889
-13665.166666666666
-13665.722222222223
-13665.944444444445
-13665.944444444445
-13665.888888888889
-13665.666666666666
-13665.888888888889
-13665.666666666666
-13665.888888888889
-13665.666666666666
-13665.666666666666
-13665.611111111111
-13665.722222222223
-13665.444444444445
-13665.166666666666
-13665.5
-13665.5
-13665.5
-13665.555555555555
-13665.722222222223
-13665.0
-13665.5
-13665.722222222223
-13664.833333333334
-13665.777777777777
-13666.0
-13666.0
-13665.777777777777
-13665.055555555555
-13665.111111111111
-13665.222222222223
-13665.222222222223
-13665.388888888889
-13665.611111111111
-13665.388888888889
-13665.166666666666
-13665.388888888889
-13665.111111111111
-13665.388888888889
-13665.444444444445
-13665.888888888889
-13665.888888888889
-13665.888888888889
-13665.888888888889
-13665.888888888889
-13665.666666666666
-13665.5
-13665.555555555555
-13665.666666666666
-13665.611111111111
-13666.111111111111
-13666.333333333334
-13666.333333333334
-13666.333333333334
-13666.333333333334
-13666.111111111111
-13666.333333333334
-13666.333333333334
-13666.333333333334
-13666.333333333334
-13666.111111111111
-13666.111111111111
-13666.333333333334
-13666.333333333334
-13666.111111111111
-13666.111111111111
-13665.888888888889
-13666.333333333334
-13666.333333333334
-13666.333333333334
-13666.111111111111
-13666.333333333334
-13666.111111111111
-13666.333333333334
-13666.333333333334
-13666.333333333334
-13666.333333333334
-13666.333333333334
-13666.333333333334
-13666.333333333334
-13666.111111111111
-13666.333333333334
-13666.333333333334
-13666.333333333334
-13666.333333333334
-13666.333333333334
-13666.333333333334
-13666.333333333334
-13666.333333333334
-13665.888888888889
-13666.333333333334
-13666.333333333334
-13666.333333333334
-13666.333333333334
-13666.333333333334
-13666.333333333334
-13666.111111111111
-13666.333333333334
-13665.833333333334
-13666.333333333334
-13666.111111111111
-13666.333333333334
-13666.333333333334
-13666.333333333334
-13666.333333333334
-13666.333333333334
-13666.333333333334
-13666.333333333334
-13666.111111111111
-13666.333333333334
-13666.333333333334
-13666.333333333334
-13666.333333333334
-13666.333333333334
-13666.333333333334
-13666.333333333334
-13666.333333333334
-13666.333333333334
-13665.833333333334
-13666.333333333334
-13666.333333333334
-13666.333333333334
-13666.333333333334
-13666.333333333334
-13666.333333333334
-13666.333333333334
-13666.333333333334
-13666.333333333334
-13666.333333333334
-13666.333333333334
-13666.333333333334
-13666.111111111111
-13666.333333333334
-13666.333333333334
-13666.111111111111
-13666.333333333334
-13666.333333333334
-13666.333333333334
-13666.333333333334
-13666.333333333334
-13666.333333333334
-13666.333333333334
-13666.111111111111
-13666.333333333334
-13666.333333333334
-13666.333333333334
-13665.666666666666
-13666.111111111111
-13666.333333333334
-13666.333333333334
-13666.333333333334
-13666.333333333334
-13666.333333333334
-13666.333333333334
-13666.111111111111
-13666.333333333334
-13666.333333333334
-13666.333333333334
-13666.111111111111
-13666.333333333334
-13666.333333333334
-13666.333333333334
-13666.333333333334
-13666.333333333334
-13666.333333333334
-13666.333333333334
-13666.333333333334
-13666.333333333334
-13666.333333333334
-13666.333333333334
-13666.333333333334
-13666.333333333334
-13666.333333333334
-13666.333333333334
-13666.333333333334
-13666.333333333334
-13666.111111111111
-13666.333333333334
-13666.333333333334
-13666.333333333334
-13666.333333333334
-13666.333333333334
-13666.333333333334
-13666.111111111111
-13666.333333333334
-13666.333333333334
-13666.333333333334
-13666.333333333334
-13666.333333333334
-13666.333333333334
-13666.333333333334
-13666.333333333334
-13666.333333333334
-13666.333333333334
-13666.333333333334
-13666.333333333334
-13666.333333333334
-13666.333333333334
-13666.333333333334
-13666.333333333334
-13666.333333333334
-13666.333333333334
-13666.333333333334
-13666.333333333334
-13666.333333333334
-13666.333333333334
-13666.333333333334
-13666.333333333334
-13666.333333333334
-13666.333333333334
-13666.333333333334
-13666.333333333334
-13666.333333333334
-13666.333333333334
-13666.333333333334
-13666.333333333334
-13666.333333333334
-13666.333333333334
-13666.333333333334
-13666.333333333334
-13666.333333333334
-13666.333333333334
-13666.111111111111
-13666.333333333334
-13666.333333333334
-13666.333333333334
-13666.333333333334
-13666.333333333334
-13666.333333333334
-13666.333333333334
-13666.111111111111
-13666.333333333334
-13666.333333333334
-13666.333333333334
-13666.333333333334
-13666.333333333334
-13666.333333333334
-13666.333333333334
-13666.333333333334
-13666.333333333334
-13666.333333333334
-13666.333333333334
-13666.333333333334
-13666.333333333334
-13666.333333333334
-13666.333333333334
-13666.333333333334
-13666.333333333334
-13666.333333333334
-13666.333333333334
-13666.333333333334
-13666.333333333334
-13666.333333333334
-13666.333333333334
-13666.333333333334
-13666.333333333334
-13666.333333333334
-13666.333333333334
-13666.333333333334
-13666.333333333334
-13666.111111111111
-13666.333333333334
-13666.333333333334
-13666.333333333334
-13666.333333333334
-13666.333333333334
-13666.333333333334
-13666.111111111111
-13666.333333333334
-13666.333333333334



The list of best values first execution 

-12741.0
-12895.0
-12876.0
-13019.0
-12933.0
-12982.0
-13016.0
-13074.0
-13017.0
-13242.0
-13332.0
-13291.0
-13438.0
-13373.0
-13423.0
-13481.0
-13522.0
-13588.0
-13602.0
-13606.0
-13616.0
-13658.0
-13629.0
-13642.0
-13656.0
-13658.0
-13657.0
-13663.0
-13663.0
-13664.0
-13664.0
-13664.0
-13664.0
-13664.0
-13664.0
-13660.0
-13664.0
-13667.0
-13667.0
-13667.0
-13667.0
-13667.0
-13667.0
-13667.0
-13667.0
-13667.0
-13667.0
-13667.0
-13664.0
-13664.0
-13667.0
-13667.0
-13667.0
-13667.0
-13667.0
-13667.0
-13664.0
-13667.0
-13667.0
-13667.0
-13667.0
-13667.0
-13667.0
-13667.0
-13667.0
-13667.0
-13667.0
-13667.0
-13667.0
-13667.0
-13667.0
-13667.0
-13667.0
-13667.0
-13667.0
-13667.0
-13667.0
-13667.0
-13667.0
-13667.0
-13667.0
-13667.0
-13667.0
-13667.0
-13667.0
-13667.0
-13667.0
-13667.0
-13667.0
-13667.0
-13667.0
-13667.0
-13667.0
-13667.0
-13667.0
-13667.0
-13667.0
-13667.0
-13667.0
-13667.0
-13667.0
-13667.0
-13667.0
-13667.0
-13667.0
-13667.0
-13667.0
-13667.0
-13667.0
-13667.0
-13667.0
-13667.0
-13667.0
-13667.0
-13667.0
-13667.0
-13667.0
-13667.0
-13667.0
-13667.0
-13667.0
-13667.0
-13667.0
-13667.0
-13667.0
-13667.0
-13667.0
-13667.0
-13667.0
-13667.0
-13667.0
-13667.0
-13667.0
-13667.0
-13667.0
-13667.0
-13667.0
-13667.0
-13667.0
-13667.0
-13667.0
-13667.0
-13667.0
-13667.0
-13667.0
-13667.0
-13667.0
-13667.0
-13667.0
-13667.0
-13667.0
-13667.0
-13667.0
-13667.0
-13667.0
-13667.0
-13667.0
-13667.0
-13667.0
-13667.0
-13667.0
-13667.0
-13667.0
-13667.0
-13667.0
-13667.0
-13667.0
-13667.0
-13667.0
-13667.0
-13667.0
-13667.0
-13667.0
-13667.0
-13667.0
-13667.0
-13667.0
-13667.0
-13667.0
-13667.0
-13667.0
-13667.0
-13667.0
-13667.0
-13667.0
-13667.0
-13667.0
-13667.0
-13667.0
-13667.0
-13667.0
-13667.0
-13667.0
-13667.0
-13667.0
-13667.0
-13667.0
-13667.0
-13667.0
-13667.0
-13667.0
-13667.0
-13667.0
-13667.0
-13667.0
-13667.0
-13667.0
-13667.0
-13667.0
-13667.0
-13667.0
-13667.0
-13667.0
-13667.0
-13667.0
-13667.0
-13667.0
-13667.0
-13667.0
-13667.0
-13667.0
-13667.0
-13667.0
-13667.0
-13667.0
-13667.0
-13667.0
-13667.0
-13667.0
-13667.0
-13667.0
-13667.0
-13667.0
-13667.0
-13667.0
-13667.0
-13667.0
-13667.0
-13667.0
-13667.0
-13667.0
-13667.0
-13667.0
-13667.0
-13667.0
-13667.0
-13667.0
-13667.0
-13667.0
-13667.0
-13667.0
-13667.0
-13667.0
-13667.0
-13667.0
-13667.0
-13667.0
-13667.0
-13667.0
-13667.0
-13667.0
-13667.0
-13667.0
-13667.0
-13667.0
-13667.0
-13667.0
-13667.0
-13667.0
-13667.0
-13667.0
-13667.0
-13667.0
-13667.0
-13667.0
-13667.0
-13667.0
-13667.0
-13667.0
-13667.0
-13667.0
-13667.0
-13667.0
-13667.0
-13667.0
-13667.0
-13667.0
-13667.0
-13667.0
-13667.0
-13667.0
-13667.0
-13667.0
-13667.0
-13667.0
-13667.0
-13667.0
-13667.0
-13667.0
-13667.0
-13667.0
-13667.0
-13667.0
-13667.0
-13667.0
-13667.0
-13667.0
-13667.0
-13667.0
-13667.0
-13667.0
-13667.0
-13667.0
-13667.0
-13667.0
-13667.0
-13667.0
-13667.0
-13667.0
-13667.0
-13667.0
-13667.0
-13667.0
-13667.0
-13667.0
-13667.0
-13667.0
-13667.0
-13667.0
-13667.0
-13667.0
-13667.0
-13667.0
-13667.0
-13667.0
-13667.0
-13667.0
-13667.0
-13667.0
-13667.0
-13667.0
-13667.0
-13667.0
-13667.0
-13667.0
-13667.0
-13667.0
-13667.0
-13667.0
-13667.0
-13667.0
-13667.0
-13667.0
-13667.0
-13667.0
-13667.0
-13667.0
-13667.0
-13667.0
-13667.0
-13667.0
-13667.0
-13667.0
-13667.0
-13667.0
-13667.0
-13667.0
-13667.0
-13667.0
-13667.0
-13667.0
-13667.0
-13667.0
-13667.0
-13667.0
-13667.0
-13667.0
-13667.0
-13667.0
-13667.0
-13667.0
-13667.0
-13667.0
-13667.0
-13667.0
-13667.0
-13667.0
-13667.0
-13667.0
-13667.0
-13667.0
-13667.0
-13667.0
-13667.0
-13667.0
-13667.0
-13667.0
-13667.0
-13667.0
-13667.0



The list of values average 

-12540.698888888894
-12577.515555555556
-12616.439444444444
-12653.327777777775
-12702.95722222222
-12750.081666666669
-12797.91722222222
-12844.58777777778
-12903.372222222219
-12966.503333333336
-13030.42833333334
-13097.334444444448
-13167.046666666663
-13240.893333333328
-13301.802777777777
-13353.380555555561
-13396.751111111114
-13436.516666666668
-13464.62555555556
-13487.611666666666
-13507.038888888881
-13526.237777777784
-13541.345000000005
-13553.813333333326
-13564.204999999996
-13573.102777777774
-13580.332222222229
-13586.94
-13593.118333333334
-13597.947222222218
-13603.606666666663
-13608.004444444447
-13612.129999999997
-13615.797777777774
-13618.057222222218
-13620.52833333333
-13622.940000000002
-13625.904444444439
-13627.973333333337
-13630.084444444448
-13632.050000000001
-13633.853888888887
-13635.469444444443
-13636.893888888892
-13638.587777777777
-13640.557777777778
-13642.462777777782
-13643.15166666667
-13643.58
-13644.905000000002
-13645.905555555555
-13646.805000000002
-13647.155555555559
-13647.971111111103
-13648.47444444445
-13649.242222222216
-13650.188888888886
-13650.438888888879
-13650.689999999997
-13650.99333333333
-13651.904444444435
-13652.251666666667
-13652.92888888889
-13653.142222222215
-13653.664444444441
-13653.832222222218
-13653.846111111106
-13653.763333333325
-13654.235555555542
-13654.562222222212
-13654.450555555548
-13654.629999999997
-13654.984999999993
-13655.15777777777
-13655.19722222221
-13655.79722222221
-13655.839444444435
-13655.916111111108
-13656.041666666659
-13656.114999999989
-13656.291111111103
-13656.609999999988
-13656.59222222221
-13656.809999999987
-13656.97388888888
-13656.994999999988
-13656.868333333325
-13657.07388888888
-13657.011666666653
-13657.238333333322
-13657.10777777777
-13657.12888888888
-13657.189999999993
-13657.216666666662
-13657.24055555555
-13657.494444444434
-13657.546111111102
-13657.677222222215
-13657.61777777777
-13657.693333333325
-13657.782777777767
-13657.89166666665
-13657.974999999988
-13657.947777777761
-13658.01277777777
-13658.130555555546
-13658.036666666656
-13658.096666666654
-13658.026666666656
-13657.997222222213
-13658.123333333324
-13658.176666666655
-13658.101111111102
-13658.128888888876
-13658.15222222221
-13658.156111111097
-13658.257777777764
-13658.28055555554
-13658.264444444436
-13658.274999999989
-13658.325555555544
-13658.327222222213
-13658.312222222214
-13658.309999999989
-13658.198333333323
-13658.236666666657
-13658.372777777762
-13658.286666666652
-13658.280555555544
-13658.301111111099
-13658.405555555542
-13658.420555555544
-13658.426666666657
-13658.42499999999
-13658.46499999999
-13658.450555555544
-13658.5511111111
-13658.552222222208
-13658.504999999988
-13658.506666666653
-13658.566111111099
-13658.577222222208
-13658.590555555544
-13658.591111111104
-13658.636666666656
-13658.664444444432
-13658.633888888875
-13658.643333333324
-13658.602777777765
-13658.629444444432
-13658.652222222212
-13658.60444444443
-13658.668888888878
-13658.607222222214
-13658.646666666655
-13658.619999999988
-13658.63944444443
-13658.614444444433
-13658.64222222221
-13658.678888888879
-13658.683333333323
-13658.658888888875
-13658.65499999999
-13658.699444444428
-13658.70944444443
-13658.642777777766
-13658.6161111111
-13658.656666666653
-13658.685555555545
-13658.651111111098
-13658.664444444434
-13658.704999999989
-13658.731111111098
-13658.71388888888
-13658.708888888876
-13658.70333333332
-13658.660555555549
-13658.67722222221
-13658.682777777767
-13658.706111111098
-13658.757777777762
-13658.712222222215
-13658.749444444435
-13658.747222222211
-13658.763333333323
-13658.746666666653
-13658.761111111098
-13658.747777777762
-13658.768888888877
-13658.725555555542
-13658.7511111111
-13658.7161111111
-13658.752222222212
-13658.721111111097
-13658.711111111099
-13658.756666666653
-13658.762222222209
-13658.736666666655
-13658.7211111111
-13658.712777777766
-13658.780555555544
-13658.754444444436
-13658.778333333321
-13658.762222222209
-13658.746111111095
-13658.76444444443
-13658.807777777763
-13658.812222222206
-13658.793333333322
-13658.800555555546
-13658.773333333322
-13658.811666666654
-13658.804999999986
-13658.82777777777
-13658.823888888875
-13658.824444444432
-13658.848888888875
-13658.840555555546
-13658.808333333322
-13658.80388888888
-13658.823333333323
-13658.83333333332
-13658.866111111098
-13658.873888888878
-13658.849444444433
-13658.876666666654
-13658.870555555543
-13658.872777777764
-13658.859444444432
-13658.889999999987
-13658.877777777767
-13658.86999999999
-13658.876111111102
-13658.873333333322
-13658.874444444433
-13658.872777777764
-13658.856666666654
-13658.85333333332
-13658.846111111101
-13658.837777777764
-13658.886666666654
-13658.870555555546
-13658.849999999988
-13658.880555555541
-13658.879999999986
-13658.899444444429
-13658.872222222211
-13658.882222222206
-13658.883888888877
-13658.89222222221
-13658.890555555545
-13658.872777777766
-13658.896666666657
-13658.885555555542
-13658.894444444433
-13658.892777777768
-13658.909999999987
-13658.90222222221
-13658.905555555544
-13658.910555555543
-13658.87999999999
-13658.887777777765
-13658.87833333332
-13658.904444444428
-13658.89333333332
-13658.883888888877
-13658.893888888879
-13658.902222222212
-13658.880555555543
-13658.88166666665
-13658.894999999991
-13658.89944444443
-13658.884999999987
-13658.879444444434
-13658.907222222213
-13658.909444444434
-13658.899444444432
-13658.881111111097
-13658.892222222208
-13658.895555555542
-13658.891111111097
-13658.902777777765
-13658.888888888876
-13658.893888888877
-13658.903333333325
-13658.907777777766
-13658.89722222221
-13658.89944444443
-13658.89222222221
-13658.902777777765
-13658.91166666665
-13658.911666666656
-13658.915555555544
-13658.926111111099
-13658.913333333321
-13658.921666666654
-13658.919444444433
-13658.902777777766
-13658.925555555546
-13658.921666666654
-13658.924444444428
-13658.924444444432
-13658.924999999987
-13658.91722222221
-13658.918888888875
-13658.9111111111
-13658.908888888875
-13658.914999999986
-13658.904444444432
-13658.916111111099
-13658.881111111099
-13658.911111111096
-13658.921111111098
-13658.904999999984
-13658.89944444443
-13658.901111111098
-13658.918888888878
-13658.909444444433
-13658.907777777766
-13658.914999999988
-13658.90222222221
-13658.915555555544
-13658.901111111098
-13658.8961111111
-13658.897777777764
-13658.91444444443
-13658.922777777765
-13658.9061111111
-13658.92333333332
-13658.915555555544
-13658.919444444433
-13658.90944444443
-13658.90722222221
-13658.926666666655
-13658.908888888875
-13658.919444444433
-13658.922777777767
-13658.923888888876
-13658.909444444433
-13658.923888888874
-13658.914444444432
-13658.91444444443
-13658.92222222221
-13658.930555555546
-13658.9311111111
-13658.925555555543
-13658.924444444432
-13658.927222222208
-13658.906666666657
-13658.900555555545
-13658.91333333332
-13658.929444444433
-13658.917777777766
-13658.923333333321
-13658.92333333332
-13658.927777777766
-13658.926111111097
-13658.926111111097
-13658.929999999986
-13658.924444444432
-13658.91833333332
-13658.925555555541
-13658.924999999988
-13658.936666666654
-13658.926666666654
-13658.924444444434
-13658.933888888878
-13658.931666666655
-13658.913888888877
-13658.92333333332
-13658.92055555554
-13658.929444444431
-13658.929444444431
-13658.931111111098
-13658.926666666654
-13658.929999999984
-13658.932222222207
-13658.929444444431
-13658.924999999987
-13658.935555555543
-13658.937222222212
-13658.92999999999
-13658.929444444431
-13658.937777777764
-13658.936666666656
-13658.9361111111
-13658.933888888878
-13658.92833333332
-13658.91722222221
-13658.9361111111
-13658.9261111111
-13658.92999999999
-13658.936666666652
-13658.931666666655
-13658.927777777764
-13658.918888888875
-13658.934999999985
-13658.933888888876
-13658.937777777764
-13658.926666666657



The list of best values average 

-12782.040000000003
-12789.81
-12842.400000000005
-12878.690000000002
-12929.12
-12967.210000000001
-13021.969999999998
-13061.160000000002
-13132.410000000005
-13201.449999999999
-13251.78
-13316.919999999996
-13387.109999999999
-13442.63
-13489.680000000006
-13525.809999999998
-13550.769999999995
-13573.350000000002
-13592.129999999994
-13601.649999999998
-13614.049999999997
-13622.330000000007
-13627.530000000006
-13633.699999999999
-13639.289999999997
-13641.46
-13646.5
-13647.64
-13650.609999999995
-13650.689999999999
-13652.22
-13653.03
-13654.719999999994
-13655.46
-13656.269999999997
-13656.859999999995
-13656.899999999994
-13657.709999999994
-13657.229999999996
-13657.889999999994
-13657.869999999995
-13659.279999999992
-13659.179999999993
-13659.289999999994
-13659.389999999996
-13659.98999999999
-13660.31999999999
-13660.769999999988
-13660.44999999999
-13660.219999999988
-13660.329999999987
-13660.659999999989
-13660.859999999991
-13660.70999999999
-13661.089999999987
-13660.899999999989
-13660.889999999987
-13661.039999999986
-13661.029999999988
-13661.159999999987
-13661.229999999987
-13661.249999999985
-13661.229999999987
-13661.259999999987
-13661.219999999988
-13661.299999999987
-13661.279999999986
-13661.279999999986
-13661.269999999986
-13661.199999999984
-13661.279999999986
-13661.229999999987
-13661.179999999988
-13661.149999999987
-13661.259999999986
-13661.219999999987
-13661.269999999986
-13661.249999999985
-13661.279999999986
-13661.289999999986
-13661.379999999986
-13661.389999999987
-13661.319999999987
-13661.379999999986
-13661.319999999985
-13661.319999999987
-13661.329999999985
-13661.329999999985
-13661.329999999985
-13661.329999999985
-13661.319999999985
-13661.279999999986
-13661.279999999986
-13661.269999999986
-13661.279999999986
-13661.279999999986
-13661.279999999986
-13661.269999999986
-13661.309999999985
-13661.319999999987
-13661.319999999987
-13661.269999999988
-13661.279999999986
-13661.279999999986
-13661.279999999986
-13661.279999999986
-13661.259999999987
-13661.269999999986
-13661.289999999986
-13661.269999999986
-13661.279999999986
-13661.269999999988
-13661.269999999986
-13661.279999999986
-13661.319999999985
-13661.349999999986
-13661.319999999985
-13661.319999999985
-13661.269999999986
-13661.269999999986
-13661.269999999986
-13661.319999999985
-13661.329999999985
-13661.269999999986
-13661.319999999985
-13661.289999999986
-13661.249999999985
-13661.269999999986
-13661.269999999986
-13661.269999999986
-13661.279999999986
-13661.309999999985
-13661.309999999985
-13661.269999999986
-13661.279999999986
-13661.269999999986
-13661.269999999986
-13661.269999999986
-13661.259999999986
-13661.279999999986
-13661.269999999986
-13661.269999999986
-13661.269999999986
-13661.279999999986
-13661.269999999986
-13661.269999999986
-13661.269999999986
-13661.269999999986
-13661.269999999986
-13661.269999999986
-13661.269999999986
-13661.269999999986
-13661.269999999986
-13661.269999999986
-13661.329999999985
-13661.269999999986
-13661.269999999986
-13661.279999999986
-13661.279999999986
-13661.259999999986
-13661.319999999985
-13661.319999999985
-13661.269999999986
-13661.269999999986
-13661.269999999986
-13661.289999999986
-13661.289999999986
-13661.289999999986
-13661.269999999986
-13661.289999999986
-13661.289999999986
-13661.269999999986
-13661.289999999986
-13661.319999999985
-13661.289999999986
-13661.269999999986
-13661.319999999985
-13661.289999999986
-13661.269999999986
-13661.269999999986
-13661.269999999986
-13661.269999999986
-13661.269999999986
-13661.269999999986
-13661.269999999986
-13661.269999999986
-13661.269999999986
-13661.269999999986
-13661.319999999985
-13661.319999999985
-13661.289999999986
-13661.319999999985
-13661.339999999986
-13661.319999999985
-13661.319999999985
-13661.319999999985
-13661.319999999985
-13661.319999999985
-13661.319999999985
-13661.319999999985
-13661.319999999985
-13661.319999999985
-13661.319999999985
-13661.319999999985
-13661.319999999985
-13661.319999999985
-13661.319999999985
-13661.319999999985
-13661.319999999985
-13661.319999999985
-13661.319999999985
-13661.319999999985
-13661.339999999986
-13661.319999999985
-13661.309999999987
-13661.319999999985
-13661.319999999985
-13661.319999999985
-13661.319999999985
-13661.319999999985
-13661.319999999985
-13661.319999999985
-13661.319999999985
-13661.319999999985
-13661.319999999985
-13661.319999999985
-13661.319999999985
-13661.319999999985
-13661.319999999985
-13661.319999999985
-13661.319999999985
-13661.319999999985
-13661.319999999985
-13661.319999999985
-13661.319999999985
-13661.319999999985
-13661.319999999985
-13661.319999999985
-13661.319999999985
-13661.319999999985
-13661.319999999985
-13661.319999999985
-13661.319999999985
-13661.319999999985
-13661.319999999985
-13661.319999999985
-13661.319999999985
-13661.319999999985
-13661.319999999985
-13661.319999999985
-13661.319999999985
-13661.319999999985
-13661.319999999985
-13661.319999999985
-13661.319999999985
-13661.319999999985
-13661.319999999985
-13661.319999999985
-13661.319999999985
-13661.319999999985
-13661.319999999985
-13661.319999999985
-13661.319999999985
-13661.319999999985
-13661.319999999985
-13661.319999999985
-13661.319999999985
-13661.319999999985
-13661.319999999985
-13661.319999999985
-13661.319999999985
-13661.319999999985
-13661.319999999985
-13661.319999999985
-13661.319999999985
-13661.319999999985
-13661.319999999985
-13661.319999999985
-13661.319999999985
-13661.319999999985
-13661.319999999985
-13661.319999999985
-13661.319999999985
-13661.319999999985
-13661.319999999985
-13661.319999999985
-13661.319999999985
-13661.319999999985
-13661.319999999985
-13661.319999999985
-13661.319999999985
-13661.319999999985
-13661.319999999985
-13661.319999999985
-13661.319999999985
-13661.319999999985
-13661.319999999985
-13661.319999999985
-13661.319999999985
-13661.319999999985
-13661.319999999985
-13661.319999999985
-13661.319999999985
-13661.319999999985
-13661.319999999985
-13661.319999999985
-13661.319999999985
-13661.319999999985
-13661.319999999985
-13661.319999999985
-13661.319999999985
-13661.319999999985
-13661.319999999985
-13661.319999999985
-13661.319999999985
-13661.319999999985
-13661.319999999985
-13661.319999999985
-13661.319999999985
-13661.319999999985
-13661.319999999985
-13661.319999999985
-13661.319999999985
-13661.319999999985
-13661.319999999985
-13661.319999999985
-13661.319999999985
-13661.319999999985
-13661.319999999985
-13661.319999999985
-13661.319999999985
-13661.319999999985
-13661.319999999985
-13661.319999999985
-13661.319999999985
-13661.319999999985
-13661.319999999985
-13661.319999999985
-13661.319999999985
-13661.319999999985
-13661.319999999985
-13661.319999999985
-13661.319999999985
-13661.319999999985
-13661.319999999985
-13661.319999999985
-13661.319999999985
-13661.319999999985
-13661.319999999985
-13661.319999999985
-13661.319999999985
-13661.319999999985
-13661.319999999985
-13661.319999999985
-13661.319999999985
-13661.319999999985
-13661.319999999985
-13661.319999999985
-13661.319999999985
-13661.319999999985
-13661.319999999985
-13661.319999999985
-13661.319999999985
-13661.319999999985
-13661.319999999985
-13661.319999999985
-13661.319999999985
-13661.319999999985
-13661.319999999985
-13661.319999999985
-13661.319999999985
-13661.319999999985
-13661.319999999985
-13661.319999999985
-13661.319999999985
-13661.319999999985
-13661.319999999985
-13661.319999999985
-13661.319999999985
-13661.319999999985
-13661.319999999985
-13661.319999999985
-13661.319999999985
-13661.319999999985
-13661.319999999985
-13661.319999999985
-13661.319999999985
-13661.319999999985
-13661.319999999985
-13661.319999999985
-13661.319999999985
-13661.319999999985
-13661.319999999985
-13661.319999999985
-13661.319999999985
-13661.319999999985
-13661.319999999985
-13661.319999999985
-13661.319999999985
-13661.319999999985
