----------Report of simulation of Quantum Parallel Tempering-----------
The number of considered Spin 159
The considered Annealing Duration 636
The considered Annealing Number 100
The considered T 1.0
The considered Gamma0 1.0
The considered Number Of Replica 3
The considered Number Of System 6
The solution found [-1 -1  1  1 -1 -1 -1  1  1  1  1  1  1  1 -1 -1 -1 -1 -1  1  1  1  1 -1
 -1  1  1 -1 -1 -1 -1 -1  1  1  1 -1 -1 -1 -1  1 -1  1 -1  1  1  1 -1 -1
 -1 -1 -1  1 -1  1  1  1 -1  1  1  1  1  1 -1 -1  1  1 -1 -1 -1 -1  1  1
 -1 -1  1 -1  1 -1 -1  1 -1 -1  1 -1 -1 -1 -1  1  1  1 -1  1  1  1  1  1
  1 -1 -1  1 -1  1  1  1 -1  1  1 -1  1 -1 -1  1  1  1 -1 -1 -1  1  1  1
 -1  1 -1  1  1 -1 -1  1  1  1  1  1 -1  1  1 -1 -1 -1  1  1 -1  1 -1 -1
  1  1 -1  1 -1 -1 -1  1  1 -1 -1 -1 -1 -1 -1]
The value found -34088.0
The Success probability is 0.13
The average value is -34017.43
The total execution time is 7931.56418633461
The average time for execution is 79.31564019203186
The average time for all systems update is 0.12448111797653653
The average time for system update is 0.02073238033356157
The average time for replica update is 0.006910418332414474
The average time for spin update is 4.322673493851617e-05
The list of values found 

-34006.0
-34064.0
-34062.0
-33944.0
-34027.0
-34025.0
-34088.0
-33950.0
-34088.0
-34064.0
-34010.0
-33991.0
-33970.0
-33955.0
-33985.0
-34034.0
-34058.0
-34016.0
-34058.0
-34013.0
-33987.0
-34026.0
-33979.0
-33998.0
-33900.0
-34088.0
-33979.0
-33937.0
-34002.0
-34088.0
-34088.0
-33940.0
-34022.0
-33980.0
-34062.0
-34088.0
-34088.0
-33993.0
-33993.0
-33948.0
-34064.0
-33979.0
-34088.0
-33906.0
-34002.0
-34008.0
-34088.0
-34012.0
-33964.0
-33975.0
-34026.0
-33964.0
-33990.0
-33986.0
-34025.0
-34064.0
-34064.0
-34049.0
-34015.0
-34025.0
-34025.0
-33950.0
-33983.0
-34008.0
-34064.0
-33959.0
-34049.0
-34064.0
-33999.0
-34005.0
-34016.0
-34088.0
-33994.0
-33965.0
-34016.0
-33991.0
-34027.0
-34004.0
-34088.0
-34003.0
-34018.0
-33998.0
-33990.0
-34088.0
-33996.0
-34062.0
-34064.0
-34064.0
-34025.0
-34088.0
-34049.0
-33998.0
-34064.0
-34002.0
-33900.0
-34002.0
-34064.0
-34084.0
-33967.0
-34034.0



The list of values first execution 

-31996.11111111111
-32110.333333333332
-32211.5
-32182.333333333332
-32158.277777777777
-32205.166666666668
-32174.333333333332
-32243.944444444445
-32208.277777777777
-32206.444444444445
-32171.0
-32258.5
-32335.11111111111
-32294.055555555555
-32316.38888888889
-32265.944444444445
-32119.38888888889
-32280.333333333332
-32220.61111111111
-32129.166666666668
-32202.944444444445
-32168.777777777777
-32255.666666666668
-32220.944444444445
-32187.666666666668
-32129.0
-32203.0
-32085.166666666668
-32163.666666666668
-32069.833333333332
-31982.055555555555
-32169.88888888889
-32099.5
-32127.944444444445
-32106.5
-32137.055555555555
-31969.944444444445
-32214.222222222223
-32042.722222222223
-31978.722222222223
-32125.722222222223
-31967.666666666668
-32011.88888888889
-31982.277777777777
-31975.166666666668
-31965.666666666668
-32017.555555555555
-32056.166666666668
-31960.555555555555
-31975.944444444445
-31916.166666666668
-31991.88888888889
-31940.833333333332
-31921.277777777777
-31954.722222222223
-31940.777777777777
-31996.5
-32063.38888888889
-31916.722222222223
-31926.555555555555
-31946.38888888889
-32057.5
-31951.333333333332
-31934.166666666668
-31984.5
-32059.166666666668
-32035.0
-31925.38888888889
-31999.11111111111
-32006.88888888889
-31948.055555555555
-31939.222222222223
-31975.555555555555
-31994.5
-31950.61111111111
-31964.444444444445
-31948.555555555555
-31918.0
-31941.166666666668
-31969.88888888889
-32025.38888888889
-31997.555555555555
-31989.444444444445
-32058.5
-32064.61111111111
-31945.833333333332
-31953.722222222223
-32153.833333333332
-31954.722222222223
-32054.333333333332
-31959.222222222223
-31912.222222222223
-32054.555555555555
-31956.444444444445
-31993.222222222223
-31999.277777777777
-31905.5
-31803.166666666668
-31932.88888888889
-32064.277777777777
-31912.5
-31972.38888888889
-31888.555555555555
-31954.0
-31996.277777777777
-31966.277777777777
-32063.11111111111
-31958.222222222223
-32015.61111111111
-31942.833333333332
-31989.277777777777
-31984.055555555555
-31823.5
-31862.38888888889
-31937.88888888889
-31897.555555555555
-31976.555555555555
-31875.0
-31835.61111111111
-31974.222222222223
-31928.722222222223
-31888.61111111111
-32072.0
-31873.833333333332
-32014.833333333332
-31953.88888888889
-31943.0
-31967.944444444445
-31896.777777777777
-32029.0
-31927.0
-32028.722222222223
-31935.277777777777
-31946.277777777777
-31983.5
-31921.666666666668
-32028.11111111111
-32039.333333333332
-31841.944444444445
-31870.444444444445
-31942.444444444445
-31963.444444444445
-31940.11111111111
-31844.38888888889
-31921.5
-31981.88888888889
-31909.944444444445
-32011.61111111111
-32088.055555555555
-32158.444444444445
-32068.277777777777
-32109.555555555555
-32130.666666666668
-32101.38888888889
-31964.555555555555
-32105.666666666668
-31994.88888888889
-32055.222222222223
-32025.333333333332
-32021.61111111111
-32050.277777777777
-32058.722222222223
-32172.61111111111
-32020.61111111111
-32087.833333333332
-32104.61111111111
-31905.0
-32177.055555555555
-32101.555555555555
-31983.277777777777
-32000.555555555555
-32052.0
-31959.5
-31929.777777777777
-31998.055555555555
-32040.222222222223
-31891.833333333332
-32075.166666666668
-32039.777777777777
-32082.444444444445
-32082.777777777777
-31919.833333333332
-32042.5
-31954.833333333332
-32009.166666666668
-32028.944444444445
-32159.777777777777
-32079.277777777777
-32054.88888888889
-31983.38888888889
-31950.88888888889
-32061.833333333332
-32072.38888888889
-31992.055555555555
-32088.722222222223
-31885.11111111111
-32073.944444444445
-31987.555555555555
-31996.88888888889
-32028.0
-31975.38888888889
-32046.222222222223
-31860.222222222223
-31945.333333333332
-31938.333333333332
-32054.333333333332
-31870.055555555555
-32023.11111111111
-31829.222222222223
-31933.555555555555
-32012.833333333332
-32048.333333333332
-32002.777777777777
-32073.5
-31981.5
-31977.833333333332
-31893.444444444445
-31900.555555555555
-31838.277777777777
-31853.61111111111
-31846.722222222223
-31980.222222222223
-31953.166666666668
-31934.055555555555
-31899.0
-31959.5
-31922.38888888889
-31806.61111111111
-31958.88888888889
-31887.11111111111
-32013.222222222223
-31930.333333333332
-32036.277777777777
-31867.055555555555
-31992.777777777777
-31762.555555555555
-31708.333333333332
-32081.722222222223
-31902.61111111111
-31965.944444444445
-31951.333333333332
-31973.61111111111
-31893.166666666668
-31991.38888888889
-31953.722222222223
-31933.555555555555
-31948.833333333332
-31777.777777777777
-31943.88888888889
-32075.777777777777
-31914.222222222223
-32076.5
-31861.88888888889
-31965.555555555555
-31912.555555555555
-32029.277777777777
-32114.333333333332
-31811.38888888889
-31893.5
-31958.0
-31782.88888888889
-32022.555555555555
-31850.166666666668
-32029.11111111111
-31955.222222222223
-32074.333333333332
-32014.555555555555
-32002.5
-31990.222222222223
-31980.055555555555
-32032.833333333332
-31942.0
-31883.777777777777
-31942.38888888889
-31800.722222222223
-31922.38888888889
-32039.777777777777
-32057.0
-32073.277777777777
-31978.5
-32017.5
-31939.11111111111
-31972.166666666668
-31919.38888888889
-32001.0
-31990.333333333332
-31920.61111111111
-32051.61111111111
-31946.166666666668
-32155.777777777777
-31910.833333333332
-32036.444444444445
-32055.833333333332
-31976.722222222223
-32117.61111111111
-31944.5
-32112.944444444445
-31893.444444444445
-32130.555555555555
-32112.833333333332
-32037.222222222223
-32173.666666666668
-31914.277777777777
-32142.166666666668
-31848.277777777777
-32087.944444444445
-32031.277777777777
-31987.444444444445
-32060.166666666668
-32081.722222222223
-32030.5
-32042.277777777777
-32045.666666666668
-31946.444444444445
-31995.555555555555
-31785.5
-31945.88888888889
-32012.833333333332
-31987.38888888889
-32083.722222222223
-32033.38888888889
-32047.055555555555
-32039.555555555555
-32094.833333333332
-32092.11111111111
-31859.0
-31964.222222222223
-31940.277777777777
-31962.555555555555
-31907.222222222223
-31968.38888888889
-31928.555555555555
-31913.666666666668
-31995.833333333332
-31834.722222222223
-31999.944444444445
-32080.0
-31927.88888888889
-31958.88888888889
-31943.333333333332
-31951.777777777777
-32081.88888888889
-32001.777777777777
-31923.444444444445
-32028.11111111111
-32093.444444444445
-31826.444444444445
-31950.38888888889
-31880.777777777777
-32021.0
-31991.5
-31954.555555555555
-32047.666666666668
-32055.944444444445
-32092.61111111111
-32044.61111111111
-32104.88888888889
-32103.61111111111
-31950.38888888889
-32089.666666666668
-32013.61111111111
-32079.88888888889
-32128.277777777777
-31890.88888888889
-31966.88888888889
-31857.11111111111
-32000.722222222223
-31848.777777777777
-32067.833333333332
-31969.38888888889
-31928.777777777777
-31914.222222222223
-31883.722222222223
-32047.88888888889
-31969.555555555555
-31959.11111111111
-32031.666666666668
-32031.277777777777
-32053.555555555555
-32040.333333333332
-32052.88888888889
-31980.833333333332
-31935.666666666668
-32010.944444444445
-31977.944444444445
-31992.277777777777
-31849.166666666668
-32074.61111111111
-31761.0
-31991.277777777777
-32020.944444444445
-32067.333333333332
-31979.11111111111
-31910.555555555555
-32038.11111111111
-31997.277777777777
-31986.555555555555
-31987.944444444445
-31962.944444444445
-31986.555555555555
-31841.055555555555
-32005.277777777777
-31894.055555555555
-31961.38888888889
-32042.38888888889
-31996.666666666668
-32122.055555555555
-31890.777777777777
-31923.222222222223
-32047.555555555555
-31859.61111111111
-31912.5
-31979.444444444445
-32062.833333333332
-31960.277777777777
-32028.666666666668
-32050.0
-32033.555555555555
-32075.5
-32108.944444444445
-32125.333333333332
-32044.38888888889
-32053.5
-32115.444444444445
-32043.166666666668
-31981.055555555555
-32088.722222222223
-32027.0
-32051.555555555555
-32061.88888888889
-32146.88888888889
-32042.0
-31989.277777777777
-31934.055555555555
-32002.666666666668
-32146.5
-31929.5
-32105.722222222223
-32150.555555555555
-32204.444444444445
-32047.166666666668
-31961.0
-32014.833333333332
-32167.88888888889
-31962.0
-32005.11111111111
-32070.38888888889
-31959.944444444445
-32088.944444444445
-31916.666666666668
-32089.555555555555
-32002.0
-32084.555555555555
-32129.166666666668
-32033.833333333332
-31811.722222222223
-32052.666666666668
-31912.333333333332
-31941.5
-31887.88888888889
-31980.722222222223
-32014.333333333332
-32008.055555555555
-32091.555555555555
-32042.277777777777
-32057.11111111111
-32095.444444444445
-32093.61111111111
-32093.11111111111
-32022.444444444445
-32062.444444444445
-31832.88888888889
-31983.166666666668
-31833.88888888889
-31940.666666666668
-31994.055555555555
-31944.333333333332
-32058.166666666668
-31962.055555555555
-31951.333333333332
-31907.222222222223
-31923.333333333332
-31873.055555555555
-31928.88888888889
-32122.833333333332
-32045.222222222223
-31865.61111111111
-32052.88888888889
-31944.61111111111
-32100.277777777777
-31923.88888888889
-32058.555555555555
-31935.88888888889
-31933.222222222223
-31981.666666666668
-31927.61111111111
-32088.833333333332
-31832.166666666668
-32030.38888888889
-32186.777777777777
-32012.277777777777
-32020.38888888889
-32054.0
-32099.833333333332
-32141.38888888889
-31995.0
-32030.38888888889
-32057.277777777777
-32080.722222222223
-32064.61111111111
-32066.555555555555
-32064.222222222223
-32084.722222222223
-31960.0
-31982.833333333332
-31961.055555555555
-31940.5
-31971.277777777777
-32009.666666666668
-31868.777777777777
-31969.444444444445
-32071.5
-31870.11111111111
-32061.5
-32019.944444444445
-31928.222222222223
-31878.88888888889
-31933.055555555555
-31958.722222222223
-31713.5
-31822.11111111111
-31746.222222222223
-31915.722222222223
-32014.777777777777
-31918.833333333332
-31994.444444444445
-31926.777777777777
-32081.944444444445
-31925.11111111111
-32027.666666666668
-32167.5
-31972.555555555555
-32094.444444444445
-31867.333333333332
-31938.444444444445
-31771.833333333332
-32064.055555555555
-32065.61111111111
-32085.277777777777
-32059.777777777777
-32060.222222222223
-32011.777777777777
-32057.722222222223
-32012.222222222223
-32064.88888888889
-32079.88888888889
-32029.88888888889
-31928.5
-32065.555555555555
-31954.0
-31953.944444444445
-31983.88888888889
-32061.166666666668
-31966.444444444445
-32085.5
-31928.944444444445
-32066.333333333332
-32061.777777777777
-32006.38888888889
-32025.0
-32004.166666666668
-32034.222222222223
-31922.222222222223
-32076.055555555555
-32024.055555555555
-31896.833333333332
-32088.666666666668
-31929.5
-32011.333333333332
-32039.666666666668
-32126.055555555555
-32082.38888888889
-31980.722222222223
-32127.722222222223
-31873.444444444445
-32118.444444444445
-32024.11111111111
-31854.11111111111
-31980.88888888889
-31722.777777777777
-32030.277777777777
-31802.0
-31816.88888888889
-31914.38888888889
-31758.555555555555
-31907.333333333332
-32054.5
-32220.38888888889
-32042.833333333332
-32019.88888888889
-32047.11111111111
-31899.944444444445
-32002.166666666668
-31916.0
-31853.38888888889
-31954.88888888889
-31895.5
-31863.722222222223
-32043.166666666668
-32044.444444444445
-31961.444444444445
-31913.777777777777
-31985.555555555555
-31898.333333333332
-31961.055555555555
-32034.222222222223
-32004.444444444445
-31946.833333333332
-31949.944444444445
-31718.11111111111
-31772.222222222223
-32041.166666666668
-32037.444444444445
-32012.5
-31889.88888888889
-31967.833333333332
-31959.555555555555
-32032.055555555555
-32010.777777777777
-31955.722222222223
-32101.61111111111
-32027.666666666668
-32027.166666666668
-32058.777777777777
-31981.833333333332
-31982.166666666668



The list of best values first execution 

-33127.0
-33428.0
-33565.0
-33710.0
-33712.0
-33755.0
-33770.0
-33774.0
-33773.0
-33777.0
-33820.0
-33776.0
-33790.0
-33840.0
-33821.0
-33838.0
-33832.0
-33836.0
-33834.0
-33836.0
-33851.0
-33856.0
-33864.0
-33868.0
-33859.0
-33863.0
-33864.0
-33868.0
-33859.0
-33863.0
-33864.0
-33868.0
-33868.0
-33868.0
-33868.0
-33868.0
-33868.0
-33868.0
-33868.0
-33868.0
-33868.0
-33868.0
-33868.0
-33868.0
-33868.0
-33868.0
-33863.0
-33864.0
-33868.0
-33864.0
-33868.0
-33864.0
-33868.0
-33868.0
-33868.0
-33868.0
-33868.0
-33868.0
-33868.0
-33868.0
-33857.0
-33862.0
-33857.0
-33857.0
-33868.0
-33868.0
-33868.0
-33868.0
-33868.0
-33868.0
-33868.0
-33866.0
-33866.0
-33871.0
-33866.0
-33866.0
-33866.0
-33873.0
-33873.0
-33873.0
-33866.0
-33866.0
-33908.0
-33908.0
-33908.0
-33908.0
-33908.0
-33889.0
-33891.0
-33900.0
-33928.0
-33912.0
-33912.0
-33931.0
-33931.0
-33931.0
-33890.0
-33916.0
-33904.0
-33912.0
-33917.0
-33925.0
-33931.0
-33917.0
-33925.0
-33901.0
-33903.0
-33903.0
-33911.0
-33905.0
-33934.0
-33941.0
-33931.0
-33944.0
-33967.0
-33979.0
-33979.0
-33979.0
-33983.0
-33983.0
-33985.0
-33983.0
-33983.0
-33985.0
-33985.0
-33983.0
-33983.0
-33985.0
-33985.0
-33983.0
-33985.0
-33985.0
-33983.0
-33985.0
-33985.0
-33983.0
-33983.0
-33985.0
-33983.0
-33985.0
-33985.0
-33983.0
-33985.0
-33985.0
-33983.0
-33985.0
-33985.0
-33985.0
-33983.0
-33983.0
-33985.0
-33983.0
-33985.0
-33985.0
-33983.0
-33985.0
-33983.0
-33983.0
-33985.0
-33983.0
-33983.0
-33985.0
-33983.0
-33983.0
-33985.0
-33985.0
-33983.0
-33985.0
-33985.0
-33983.0
-33985.0
-33985.0
-33985.0
-33983.0
-33985.0
-33985.0
-33985.0
-33972.0
-33978.0
-33978.0
-33949.0
-33977.0
-33985.0
-33969.0
-33985.0
-33983.0
-33962.0
-33947.0
-33985.0
-33985.0
-33931.0
-33938.0
-33985.0
-33985.0
-33945.0
-33947.0
-33985.0
-33985.0
-33945.0
-33970.0
-33977.0
-33982.0
-33982.0
-33982.0
-33979.0
-33979.0
-33942.0
-33977.0
-33982.0
-33982.0
-33982.0
-33979.0
-33979.0
-33979.0
-33979.0
-33979.0
-33979.0
-33979.0
-33979.0
-33979.0
-33979.0
-33979.0
-33979.0
-33979.0
-33979.0
-33979.0
-33973.0
-33977.0
-33977.0
-33978.0
-33974.0
-33978.0
-33976.0
-33979.0
-33983.0
-33985.0
-33950.0
-33977.0
-33995.0
-34006.0
-34006.0
-34006.0
-34006.0
-34006.0
-34006.0
-34005.0
-34006.0
-34006.0
-34006.0
-34006.0
-34006.0
-34006.0
-34006.0
-34006.0
-34006.0
-34006.0
-34006.0
-34005.0
-34006.0
-34006.0
-34006.0
-34005.0
-34006.0
-34006.0
-34006.0
-34006.0
-34006.0
-34005.0
-34006.0
-34006.0
-34006.0
-34006.0
-34006.0
-34006.0
-34005.0
-34006.0
-34006.0
-34005.0
-34005.0
-34005.0
-34005.0
-34006.0
-34006.0
-34005.0
-34006.0
-34006.0
-34005.0
-34006.0
-34006.0
-34006.0
-34005.0
-34006.0
-34005.0
-34006.0
-34006.0
-34006.0
-34005.0
-34006.0
-34006.0
-34005.0
-34006.0
-34005.0
-34006.0
-34005.0
-34006.0
-34006.0
-34006.0
-34005.0
-34006.0
-34006.0
-34006.0
-34005.0
-34006.0
-34005.0
-34006.0
-34005.0
-34006.0
-34006.0
-34005.0
-34006.0
-34006.0
-34005.0
-34006.0
-34006.0
-34005.0
-34006.0
-34005.0
-34006.0
-34006.0
-34005.0
-34006.0
-34005.0
-34006.0
-34006.0
-34005.0
-34006.0
-34005.0
-34006.0
-34005.0
-34006.0
-34005.0
-34006.0
-34006.0
-34006.0
-34006.0
-34005.0
-34006.0
-34005.0
-34006.0
-34006.0
-34005.0
-34006.0
-34005.0
-34006.0
-34005.0
-34006.0
-34006.0
-34006.0
-34006.0
-34005.0
-34006.0
-34005.0
-34006.0
-34006.0
-34005.0
-34006.0
-34005.0
-34005.0
-34006.0
-34006.0
-34006.0
-34005.0
-34006.0
-34005.0
-34006.0
-34006.0
-34006.0
-34006.0
-34006.0
-34005.0
-34006.0
-34005.0
-34006.0
-34006.0
-34006.0
-34006.0
-34005.0
-34006.0
-34006.0
-34006.0
-34005.0
-34006.0
-34006.0
-34005.0
-34006.0
-34006.0
-34006.0
-34005.0
-34006.0
-34005.0
-34006.0
-34005.0
-34006.0
-34006.0
-34006.0
-34006.0
-34006.0
-34006.0
-34005.0
-34006.0
-34006.0
-34005.0
-34006.0
-34005.0
-34006.0
-34005.0
-34006.0
-34005.0
-34006.0
-34005.0
-34006.0
-34006.0
-34005.0
-34006.0
-34006.0
-34006.0
-34005.0
-34006.0
-34006.0
-34006.0
-34006.0
-34006.0
-34006.0
-34006.0
-34005.0
-34006.0
-34006.0
-34006.0
-34006.0
-34006.0
-34006.0
-34006.0
-34005.0
-34006.0
-34006.0
-34005.0
-34006.0
-34006.0
-34006.0
-34006.0
-34006.0
-34006.0
-34006.0
-34006.0
-34006.0
-34005.0
-34006.0
-34006.0
-34005.0
-34006.0
-34005.0
-34006.0
-34005.0
-34006.0
-34006.0
-34005.0
-34006.0
-34006.0
-34005.0
-34006.0
-34006.0
-34005.0
-34006.0
-34005.0
-34006.0
-34005.0
-34006.0
-34005.0
-34006.0
-34005.0
-34006.0
-34006.0
-34006.0
-34006.0
-34005.0
-34006.0
-34006.0
-34006.0
-34005.0
-34006.0
-34006.0
-34005.0
-34006.0
-34006.0
-34005.0
-34006.0
-34006.0
-34005.0
-34006.0
-34005.0
-34006.0
-34006.0
-34006.0
-34006.0
-34005.0
-34006.0
-34005.0
-34006.0
-34005.0
-34006.0
-34006.0
-34006.0
-34006.0
-34005.0
-34006.0
-34005.0
-34006.0
-34006.0
-34005.0
-34006.0
-34005.0
-34006.0
-34005.0
-34006.0
-34006.0
-34005.0
-34006.0
-34006.0
-34005.0
-34006.0
-34006.0
-34006.0
-34005.0
-34006.0
-34005.0
-34006.0
-34006.0
-34006.0
-34006.0
-34006.0
-34005.0
-34006.0
-34006.0
-34006.0
-34006.0
-34005.0
-34006.0
-34006.0
-34006.0
-34005.0
-34006.0
-34005.0
-34006.0
-34005.0
-34006.0
-34005.0
-34006.0
-34005.0
-34005.0
-34005.0
-34005.0
-34005.0
-34005.0
-34006.0
-34005.0
-34006.0
-34005.0
-34006.0
-34005.0
-34006.0
-34005.0
-34006.0
-34006.0
-34006.0
-34006.0
-34006.0
-34005.0
-34006.0
-34005.0
-34006.0
-34006.0
-34006.0
-34006.0
-34005.0
-34006.0
-34006.0
-34005.0
-34006.0
-34006.0
-34006.0
-34006.0
-34006.0
-34005.0
-34006.0
-34006.0
-34005.0
-34006.0
-34006.0
-34005.0
-34006.0
-34006.0
-34006.0
-34006.0
-34005.0
-34006.0
-34005.0
-34006.0
-34006.0
-34006.0
-34006.0
-34005.0
-34006.0
-34006.0
-34006.0
-34005.0
-34006.0
-34006.0
-34005.0
-34006.0
-34006.0
-34005.0
-34006.0
-34006.0
-34005.0
-34006.0
-34005.0
-34006.0
-34005.0
-34006.0
-34006.0
-34006.0
-34006.0
-34005.0
-34006.0
-34005.0
-34006.0



The list of values average 

-32016.002222222225
-32172.653888888897
-32240.92444444442
-32263.51888888889
-32267.95722222221
-32274.02888888888
-32264.098888888893
-32271.349444444448
-32271.972777777773
-32266.243333333332
-32257.891111111112
-32250.742222222212
-32234.33555555556
-32231.181111111116
-32218.614444444458
-32216.090555555573
-32190.09722222222
-32187.086666666655
-32180.338888888895
-32165.915555555548
-32147.56611111111
-32136.167777777773
-32136.10222222222
-32124.664444444454
-32118.130555555563
-32120.063333333328
-32095.30388888888
-32079.74333333334
-32073.250555555554
-32082.15
-32060.804444444453
-32057.712777777782
-32058.778888888886
-32044.68055555556
-32041.332777777778
-32046.687777777766
-32032.068888888884
-32038.60777777778
-32024.45166666667
-32023.653333333332
-32018.763888888887
-32011.738333333327
-32030.947777777787
-32007.190000000013
-32016.361111111106
-32003.291666666657
-32002.716111111098
-32006.13611111112
-32003.38277777778
-32006.998333333337
-31994.48888888888
-31995.684444444447
-32009.36888888888
-31986.700555555548
-32002.18222222222
-31989.15388888889
-31996.48
-32003.444444444445
-31989.417777777777
-32012.62166666667
-31992.666666666664
-31999.185
-31995.31444444445
-31993.529444444448
-32004.56500000001
-31982.647222222226
-32002.69444444444
-31991.547777777767
-31987.119999999995
-31981.139444444445
-31982.052222222228
-31985.955555555553
-31976.55222222223
-31992.71722222222
-31978.76222222223
-31983.640555555543
-31999.343888888892
-31983.813888888897
-31972.35777777778
-31985.989999999998
-31979.79888888889
-31975.27555555555
-31988.967222222218
-31981.656666666666
-31980.461666666662
-31983.56777777778
-31991.15388888889
-31998.681666666667
-31984.110555555555
-31990.189999999995
-31991.241111111114
-31985.399444444454
-31993.7138888889
-31974.347222222226
-31978.397222222222
-31987.346666666675
-31966.903333333325
-31967.11611111111
-31981.957777777763
-31975.2588888889
-31987.653888888897
-32006.385000000006
-31984.41055555557
-31988.54888888889
-31988.027777777766
-31988.52111111111
-31991.09555555555
-31988.114444444444
-31978.323888888895
-31984.005
-31982.288333333334
-31974.341666666693
-31986.359444444446
-31978.772222222222
-31996.42611111112
-31989.806666666653
-31986.587777777764
-31983.671666666665
-31973.573888888877
-32001.475000000002
-32000.20500000002
-31985.113888888885
-31993.045555555556
-31981.803333333344
-31978.31555555556
-31989.278888888883
-31975.334999999995
-31971.323888888885
-31968.390555555554
-31980.66111111111
-31969.643333333337
-31980.164999999997
-31988.505555555552
-31981.592777777772
-31981.534444444438
-31984.36055555557
-31984.917777777777
-31966.31333333332
-31971.258888888893
-31975.455555555556
-31990.55388888888
-31980.510555555546
-31991.889444444438
-31982.613333333342
-31985.513333333336
-31987.35666666667
-31976.268888888895
-31976.477777777778
-31980.44722222223
-31979.31111111112
-31983.48277777778
-31988.475555555553
-31990.379444444443
-31976.37222222221
-31990.74833333333
-31983.169444444447
-31978.921111111118
-31977.157777777775
-31994.28333333334
-31987.969444444443
-31986.905
-31982.901111111114
-31984.943888888898
-31987.81
-31985.98444444444
-31991.557222222225
-31980.943333333336
-31989.08666666666
-31977.221666666665
-31987.487222222222
-31996.118888888886
-31989.988888888893
-31999.296666666676
-31994.60833333333
-31982.026666666683
-31991.450555555562
-31996.355000000007
-31988.676666666666
-31981.5261111111
-31999.07944444444
-31986.655555555553
-32002.799444444438
-31980.844444444447
-31996.68833333334
-31979.322222222225
-31980.423888888894
-31991.25944444444
-31992.843333333323
-31997.108333333315
-31993.949999999997
-31992.32555555556
-32003.72055555556
-31989.016666666677
-31997.871666666666
-31989.773333333327
-31994.159444444456
-31991.148888888874
-32000.48833333333
-31996.734444444446
-31991.69277777778
-31987.50833333333
-31987.334999999992
-31975.988888888885
-31989.299444444456
-31996.68888888887
-31989.04277777778
-31982.76
-31984.552222222213
-31982.24055555556
-31974.93777777777
-31989.204444444455
-32003.15388888888
-32006.905555555557
-31992.859999999993
-31983.866666666658
-31979.56888888888
-31991.111111111106
-31986.336111111108
-31993.616666666665
-31985.43500000001
-31983.45055555556
-31986.39277777779
-31996.92222222222
-31994.063333333317
-31984.816666666666
-31986.900555555552
-31998.291666666668
-31995.75777777778
-31991.284444444464
-31985.729444444438
-31972.425000000007
-31976.096666666683
-31985.108333333323
-31986.35833333333
-31996.57055555556
-31977.97333333332
-31995.627777777776
-31984.561111111114
-31977.416666666664
-31997.08444444444
-31980.176111111123
-31996.20166666667
-31997.18000000001
-32002.521666666682
-31986.259444444437
-31993.431666666667
-31988.96166666665
-31971.439444444444
-31982.63444444444
-31989.038888888892
-31985.704444444444
-31990.841111111116
-31988.679444444442
-31994.371111111086
-31986.09722222222
-31994.491111111107
-31987.31055555554
-31987.91833333333
-31990.541666666668
-31981.327777777784
-31976.03166666667
-31998.93500000001
-31985.829444444455
-31990.335555555546
-31981.54722222222
-31977.297777777778
-31969.176111111115
-31973.014999999985
-31973.293888888893
-31993.507222222226
-31976.23555555557
-31984.904444444444
-31978.13000000001
-31975.993333333336
-31985.76611111111
-31992.51333333332
-31984.268333333326
-31993.166666666675
-31988.36055555557
-31988.84111111111
-31980.196111111105
-32000.756111111117
-31988.620555555564
-31990.900555555556
-31985.711111111126
-31994.250555555565
-31995.32444444445
-31990.84111111111
-31990.696666666667
-31982.734444444453
-31984.876111111123
-31982.399999999998
-31989.68666666668
-31996.58111111111
-31992.942777777767
-31998.985555555562
-32002.018333333348
-31998.110555555562
-31992.272777777773
-31999.74277777778
-31992.838888888888
-32003.47388888889
-31987.589999999993
-31987.958888888897
-31996.394444444446
-31989.63222222222
-31994.42777777779
-31988.881111111095
-31999.94222222224
-32005.78666666667
-31988.039999999997
-31995.81666666666
-31984.77999999999
-31990.934444444443
-31982.697222222214
-31989.697777777797
-31989.988888888885
-31996.856666666656
-32007.336666666655
-32000.67722222223
-31993.979444444438
-31992.525000000005
-31994.27555555557
-31992.53055555557
-31989.827222222233
-31981.40222222222
-31990.40888888888
-31977.039444444454
-31986.591666666674
-31986.92277777778
-32010.16888888889
-31999.56722222222
-31989.280555555564
-32001.001111111113
-31984.025555555556
-31998.331666666665
-31978.650555555556
-31998.51222222222
-31981.561111111117
-31987.922222222205
-31998.807222222233
-31974.953333333327
-31976.072777777783
-31966.576666666675
-31981.69888888888
-31965.21999999999
-31979.395555555555
-31984.39055555555
-31973.18611111112
-31985.44777777779
-31973.9461111111
-31980.660555555543
-31989.570555555554
-31979.844444444447
-32000.492777777792
-31986.54333333332
-31999.94277777778
-31995.984444444453
-31992.198333333326
-31984.021666666657
-31969.870555555568
-31990.69555555555
-31979.895000000004
-31972.096111111103
-31993.67777777778
-31980.064444444437
-31990.23444444445
-31975.283888888895
-31998.062222222212
-31987.79111111111
-31982.434444444432
-31988.21611111111
-31984.137222222238
-31988.650000000005
-31990.86055555555
-31975.61388888888
-32011.966666666667
-31983.881666666668
-32000.570000000003
-31996.360555555555
-31995.23277777776
-31997.968333333334
-31999.995555555546
-31997.135555555556
-31986.13722222222
-31984.929444444453
-31983.84833333332
-31982.413333333334
-31985.19222222223
-31998.422222222227
-31989.191111111108
-32005.438333333343
-31988.595555555563
-31995.403333333325
-31996.98833333334
-31985.760000000002
-31985.80666666667
-32000.46277777777
-31987.67833333332
-31992.96222222221
-31982.29277777778
-31991.167777777766
-31990.13777777777
-31976.71388888889
-31995.578888888896
-31994.656666666655
-31992.330555555553
-31990.899999999994
-31989.093333333334
-31996.264999999992
-31985.61888888889
-31992.181666666667
-31991.920555555545
-31983.24055555556
-32002.422777777763
-31989.46611111112
-32008.163333333334
-31988.482222222214
-31994.107222222232
-31993.005555555555
-31986.594999999987
-31994.580000000005
-31977.389444444456
-31986.708333333343
-31993.415555555544
-31989.356111111112
-32001.263888888894
-31982.540000000023
-31987.372777777768
-31981.665555555574
-31986.597222222226
-31988.92944444443
-31985.67833333333
-31997.690555555568
-31990.392777777775
-31995.923333333332
-31986.36555555556
-31988.095
-31991.19777777779
-31976.674444444463
-31996.591666666667
-31975.088888888895
-31988.74888888889
-31990.810555555574
-31988.682222222225
-31993.131666666664
-31975.42500000001
-31982.22222222223
-31977.681111111116
-31999.93333333333
-31990.072222222225
-31991.5788888889
-32003.153333333335
-31985.651666666665
-31979.98111111112
-31982.58888888889
-31984.656666666673
-31987.736111111124
-31995.67444444445
-31979.94333333333
-31977.050555555543
-31985.7261111111
-31988.867777777778
-31980.53722222223
-31994.632777777784
-31988.456666666665
-31993.28611111111
-31981.275555555567
-32000.936111111114
-31972.75833333335
-31972.98555555556
-31985.06555555556
-31988.67277777777
-31979.933888888892
-31985.79111111111
-31982.755
-31997.44222222222
-31996.953333333335
-31986.860555555548
-32015.12833333334
-31976.437222222226
-31992.231111111116
-32010.408888888884
-31998.469999999987
-32003.524444444447
-31990.56277777777
-31974.83166666666
-32000.992222222223
-31982.34777777778
-32002.76944444443
-31995.524999999998
-31999.30111111112
-32012.185
-31983.295555555556
-32006.929444444464
-31987.19999999999
-31996.446666666663
-31991.219444444432
-31985.95333333333
-32001.058888888878
-31985.75111111111
-32002.891111111112
-31983.95555555557
-31988.52388888888
-32001.55111111111
-31986.399444444443
-32014.122777777786
-31989.397222222226
-31994.098333333342
-32006.190000000006
-31985.72944444444
-31999.853888888887
-31991.537777777772
-31968.40777777777
-31986.509999999995
-31977.538333333338
-31994.918333333328
-31980.804444444446
-31981.658888888895
-31978.836666666673
-31994.715555555547
-31994.75777777777
-31985.942777777782
-31979.556111111127
-31975.809444444425
-31983.75111111112
-31989.05833333333
-31989.69111111111
-31984.96388888889
-31991.265555555558
-31978.667222222222
-31973.171111111118
-31992.442777777767
-31986.043888888897
-31982.07777777778
-31976.388888888887
-31974.728333333333
-31995.449444444443
-31972.34944444446
-32013.255555555563
-31986.711666666666
-31992.30666666668
-31998.651111111118
-31984.512777777778
-31991.777222222223
-31975.84388888891
-31984.59111111109
-31979.678333333326
-31997.450000000004
-31993.78222222223
-31994.757777777788
-31996.745555555553
-31989.29222222223
-31992.715
-31987.704444444436
-31991.624999999993
-31994.722777777773
-31998.532222222224
-31982.15555555555
-31975.18166666667
-31989.71777777779
-31993.91277777777
-31989.907222222224
-31990.357222222214
-31987.752777777787
-31991.666666666653
-31998.979444444456
-32001.868333333347
-32001.203888888886
-31991.522222222226
-31992.586111111104
-31994.313888888886
-31988.47999999999
-31990.65166666668
-31987.946111111112
-32008.38833333333
-31971.780555555553
-31988.925555555546
-32002.02166666666
-31988.589999999986
-32002.618333333336
-31981.92111111111
-31989.877222222225
-32018.153333333325
-31987.76888888889
-31997.943888888898
-31997.07500000001
-31993.525555555538
-31997.381111111117
-31992.350000000006
-31994.162777777783
-31994.258888888893
-32004.39055555557
-32005.18444444445
-31984.573888888895
-31996.06055555556
-31995.181111111124
-32003.82166666667
-31999.437777777785
-31995.646111111106
-31988.674444444434
-31986.073888888885
-31994.244444444434
-31984.958333333332
-31998.54777777777
-31984.298888888894
-31979.567777777764
-31983.496111111108
-31986.472777777773
-31985.790000000008
-31977.920555555567
-31986.693333333336
-31981.06500000001
-31985.520555555573
-31978.021111111117
-31975.097777777777
-31977.6288888889
-31984.244999999995
-31971.192222222224
-31984.62
-31986.025000000016
-31986.82055555554
-31994.227222222224
-31989.83555555555
-31983.34722222221
-31986.374999999996
-31983.92333333333
-31986.46333333333
-31976.388333333325
-31981.16111111111
-31995.502222222218
-31975.882222222215
-31987.62166666667
-31984.051111111112
-31986.142777777768
-31987.489444444444



The list of best values average 

-33113.439999999995
-33487.740000000005
-33653.34999999999
-33740.799999999996
-33794.21000000001
-33832.48000000001
-33857.369999999995
-33871.909999999996
-33887.08
-33898.930000000015
-33911.96000000001
-33916.869999999995
-33922.08
-33929.21
-33935.3
-33936.350000000006
-33939.32000000001
-33945.689999999995
-33948.33
-33949.02999999999
-33950.62
-33953.560000000005
-33951.01
-33954.689999999995
-33956.34000000001
-33958.28000000001
-33960.05
-33960.71
-33961.51000000002
-33963.700000000004
-33964.31
-33964.34999999999
-33965.780000000006
-33966.130000000005
-33967.48
-33967.09
-33968.909999999996
-33966.13000000001
-33970.96000000001
-33968.880000000005
-33969.89
-33971.69
-33973.14000000001
-33975.16000000001
-33975.96000000001
-33975.840000000004
-33974.12
-33978.94
-33978.28
-33977.49000000001
-33978.030000000006
-33980.27
-33981.27
-33979.770000000004
-33980.35
-33978.81
-33980.08
-33979.14
-33979.990000000005
-33981.02
-33979.090000000004
-33980.21000000001
-33983.990000000005
-33982.719999999994
-33984.159999999996
-33980.96000000001
-33983.850000000006
-33981.46000000001
-33986.00000000001
-33984.41
-33986.09000000002
-33985.490000000005
-33988.020000000004
-33986.39000000001
-33987.96000000001
-33985.94
-33986.32000000001
-33988.420000000006
-33989.33
-33985.39000000001
-33986.469999999994
-33987.920000000006
-33989.63
-33986.24000000002
-33988.52
-33987.61
-33990.46
-33989.630000000005
-33990.259999999995
-33988.14
-33989.74
-33989.74000000001
-33990.11
-33989.49
-33990.96000000001
-33991.32000000001
-33989.17
-33989.17
-33989.97
-33990.490000000005
-33991.36
-33989.59
-33990.39
-33991.05
-33992.630000000005
-33990.23
-33990.34999999999
-33992.58
-33990.340000000004
-33992.27
-33993.35
-33994.19
-33994.16000000001
-33990.840000000004
-33992.89000000001
-33994.530000000006
-33994.219999999994
-33993.93000000001
-33993.990000000005
-33993.48000000001
-33994.46
-33995.950000000004
-33996.51000000001
-33995.520000000004
-33997.38999999999
-33996.630000000005
-33994.98
-33996.8
-33996.36
-33995.659999999996
-33997.850000000006
-33997.07000000001
-33998.37
-33997.58000000001
-33996.820000000014
-33997.44
-33997.30999999999
-33996.36000000001
-33997.43000000001
-33999.03
-33997.02000000001
-33997.63
-33996.7
-33997.25
-33996.34
-33997.780000000006
-33996.24
-33999.030000000006
-33998.51
-33998.600000000006
-33998.280000000006
-33999.08
-33999.85000000001
-33997.600000000006
-33998.530000000006
-33999.05
-33999.869999999995
-33999.130000000005
-33999.04
-33998.68000000001
-33998.75
-33999.60000000001
-33998.470000000016
-33999.08
-33998.26
-34000.64000000001
-33999.38000000001
-33999.96000000001
-33999.90000000001
-34000.240000000005
-33998.659999999996
-34000.3
-34000.450000000004
-34000.26000000001
-34000.67
-34000.66000000001
-34000.420000000006
-34000.26
-33999.76000000001
-34000.229999999996
-33999.31
-34000.950000000004
-34000.240000000005
-33999.170000000006
-34000.35
-34000.270000000004
-34000.75
-33999.990000000005
-34002.37
-34000.899999999994
-34000.21
-34001.960000000014
-34001.93000000001
-34001.36
-34000.6
-34001.16
-34002.020000000004
-34002.4
-34001.170000000006
-34000.21
-34003.030000000006
-34001.780000000006
-34000.83
-34002.520000000004
-34001.990000000005
-34000.450000000004
-34001.00000000001
-34001.229999999996
-34000.52
-34001.07
-34000.07
-34001.01
-34003.18
-34002.119999999995
-34001.6
-34002.04
-34002.65
-34000.00000000001
-34002.02999999999
-34003.05
-34002.62
-34002.25
-34002.30999999999
-34002.670000000006
-34002.8
-34002.10000000001
-34001.43000000001
-34002.44999999999
-34004.37
-34001.590000000004
-34002.79
-34003.57
-34003.560000000005
-34003.700000000004
-34002.740000000005
-34002.96000000001
-34003.37
-34003.79000000001
-34003.030000000006
-34003.56
-34003.04000000001
-34002.170000000006
-34002.86000000001
-34003.43
-34002.4
-34004.280000000006
-34003.87
-34002.07
-34003.91000000001
-34003.310000000005
-34002.71000000001
-34002.03999999999
-34003.01000000001
-34002.920000000006
-34002.12
-34002.75
-34001.67000000001
-34001.920000000006
-34002.88
-34000.92
-34002.24
-34001.200000000004
-34002.48000000001
-34003.56
-34003.47
-34004.07
-34004.18
-34004.07
-34004.78
-34004.07
-34004.100000000006
-34004.43
-34003.72
-34004.90000000001
-34003.4
-34004.58999999999
-34004.29000000001
-34004.16
-34002.78
-34004.67999999999
-34004.41
-34004.32000000001
-34003.470000000016
-34005.61999999999
-34004.17
-34004.659999999996
-34003.41
-34004.24999999999
-34004.85
-34005.9
-34004.32000000001
-34004.76
-34005.310000000005
-34006.61000000001
-34005.14000000001
-34003.07000000001
-34005.530000000006
-34006.0
-34004.630000000005
-34004.12
-34004.68
-34005.9
-34004.99
-34005.12
-34005.79000000001
-34003.89
-34005.47000000001
-34005.50000000001
-34006.73
-34006.83
-34006.20000000001
-34005.93
-34007.13
-34004.93
-34006.72
-34006.42
-34005.79
-34005.13
-34006.53
-34006.1
-34006.42
-34005.91
-34004.40000000001
-34005.27999999999
-34006.840000000004
-34006.130000000005
-34006.520000000004
-34005.82
-34005.83
-34004.54
-34006.64000000001
-34005.22
-34006.88
-34006.79
-34005.79
-34005.659999999996
-34006.950000000004
-34006.01000000001
-34005.13
-34007.15
-34006.97
-34007.13
-34006.659999999996
-34006.15
-34007.200000000004
-34006.850000000006
-34004.53000000001
-34005.78
-34007.96000000001
-34006.65
-34006.030000000006
-34006.32000000001
-34006.28
-34007.590000000004
-34006.380000000005
-34006.15
-34006.850000000006
-34005.38999999999
-34006.97
-34007.4
-34007.48
-34005.27000000001
-34005.94000000001
-34006.649999999994
-34006.170000000006
-34007.31
-34006.21
-34006.07
-34006.77
-34007.12000000001
-34005.75000000001
-34006.25
-34007.42999999999
-34006.96000000001
-34006.55
-34006.07
-34005.66999999999
-34006.920000000006
-34006.58
-34005.899999999994
-34005.530000000006
-34006.81
-34006.48
-34005.26
-34006.74
-34006.619999999995
-34005.78
-34006.95
-34006.22
-34006.75000000001
-34007.43999999999
-34006.49999999999
-34005.579999999994
-34006.560000000005
-34007.649999999994
-34006.88
-34007.08
-34007.22
-34007.68
-34006.149999999994
-34007.189999999995
-34006.590000000004
-34006.85
-34007.829999999994
-34007.68000000001
-34007.82
-34006.670000000006
-34006.55000000001
-34007.42999999999
-34007.29
-34007.26
-34006.87
-34007.74
-34007.62
-34007.509999999995
-34006.84
-34007.88
-34008.67
-34006.52
-34006.71
-34007.71
-34006.66
-34007.04
-34008.27
-34007.14
-34007.899999999994
-34007.39
-34007.16999999999
-34007.23
-34008.44
-34007.62
-34007.6
-34009.159999999996
-34007.24999999999
-34007.04
-34008.09999999999
-34009.0
-34008.74
-34009.52
-34007.17999999999
-34008.41999999999
-34009.99999999999
-34009.20999999999
-34008.909999999996
-34009.7
-34009.95
-34007.83
-34008.43
-34009.40000000001
-34009.200000000004
-34009.89
-34008.530000000006
-34008.89000000001
-34009.61
-34008.69
-34007.25
-34009.62
-34009.340000000004
-34008.52
-34007.969999999994
-34009.439999999995
-34008.530000000006
-34008.99
-34009.54
-34008.58
-34009.200000000004
-34009.24
-34008.369999999995
-34009.060000000005
-34008.909999999996
-34008.15
-34008.409999999996
-34009.85
-34009.369999999995
-34007.86000000001
-34008.73999999999
-34008.97000000001
-34008.51999999999
-34008.76000000001
-34008.65
-34008.329999999994
-34007.85
-34008.95
-34009.71
-34009.23
-34009.83
-34009.18
-34009.03
-34010.21
-34009.4
-34008.47
-34010.15
-34009.360000000015
-34010.04
-34010.03999999999
-34009.009999999995
-34009.880000000005
-34010.70000000001
-34009.47000000001
-34010.450000000004
-34010.560000000005
-34008.39
-34010.54
-34009.57
-34010.66
-34008.91
-34009.52
-34009.979999999996
-34010.07
-34010.34
-34010.520000000004
-34010.76
-34010.369999999995
-34011.01
-34011.579999999994
-34010.85
-34008.74
-34011.200000000004
-34010.97000000001
-34010.14
-34011.47000000001
-34011.350000000006
-34010.28
-34010.25000000001
-34010.81999999999
-34010.36
-34010.96
-34011.159999999996
-34010.03
-34011.329999999994
-34011.28
-34010.54
-34011.619999999995
-34011.07
-34010.51
-34010.97
-34011.27999999999
-34010.53
-34010.33
-34010.73
-34009.24
-34010.770000000004
-34011.850000000006
-34010.41
-34010.280000000006
-34011.23
-34011.38
-34010.229999999996
-34010.659999999996
-34010.13
-34010.61
-34011.08
-34009.63
-34008.89
-34011.28999999999
-34009.97
-34010.47
-34010.18999999999
-34009.80999999999
-34010.93
-34011.23999999999
-34010.619999999995
-34009.200000000004
-34009.96
-34011.35999999999
-34011.12
-34011.96
-34010.60999999999
-34011.67
-34010.99999999999
-34011.02999999999
-34010.35
-34011.77
-34011.09
-34011.50999999999
-34010.31
-34011.479999999996
-34012.310000000005
-34011.310000000005
-34009.810000000005
-34012.090000000004
-34011.969999999994
-34010.56
-34010.850000000006
-34012.07
-34011.59999999999
-34010.759999999995
-34011.19000000001
-34011.68999999999
-34011.93
-34012.869999999995
-34012.50000000001
-34012.09
-34011.3
-34012.74
-34012.23
-34012.89
-34012.85999999999
-34012.229999999996
-34011.63
-34013.329999999994
-34013.38999999999
-34012.409999999996
-34011.75
-34013.689999999995
-34013.15999999999
-34011.479999999996
-34011.78999999999
-34013.76999999999
-34013.72
-34012.98999999999
-34011.17999999999
-34013.56999999999
-34013.65999999999
-34012.03
-34011.92999999999
-34013.079999999994
-34013.06999999999
-34011.799999999996
-34012.78
-34012.01999999999
-34013.409999999996
-34013.10999999999
-34012.38
-34013.04
-34011.76999999999
-34011.45
-34013.030000000006
-34012.61
-34011.469999999994
-34012.44
-34013.64
-34012.38
-34012.75
-34013.73
-34012.51
