----------Report of simulation of Quantum Parallel Tempering - Population Annealing v1-----------
The number of considered Spin89
The considered Annealing Duration 356
The considered Annealing Number 100
The considered T 1.0
The considered Gamma0 1.0
The considered Number Of Replica 3
The considered Number Of System Tempering 3
The considered Number Of System Population 3
The solution found [-1. -1.  1.  1.  1. -1. -1.  1. -1. -1. -1. -1.  1.  1.  1. -1. -1. -1.
 -1.  1. -1.  1.  1. -1.  1.  1.  1. -1. -1. -1.  1.  1. -1.  1. -1.  1.
 -1.  1. -1.  1.  1.  1. -1. -1.  1.  1.  1. -1. -1.  1.  1. -1.  1.  1.
 -1. -1.  1.  1.  1. -1.  1. -1.  1.  1.  1. -1. -1. -1.  1. -1.  1.  1.
 -1.  1. -1. -1. -1. -1.  1.  1. -1. -1.  1. -1.  1.  1. -1.  1. -1.]
The value found -10985.0
The Success probability is 0.59
The average value is -10982.54
The total execution time is 2044.8228549957275
The average time for execution is 20.448226852416994
The average time for all systems update is 0.05735178830918301
The average time for system tempering update is 0.009427067454388078
The average time for system population update is 1023.9491717815399
The average time for replica update is 0.0031684374306978806
The average time for spin update is 3.524374886771358e-05
The list of values found 

-10985.0
-10985.0
-10979.0
-10985.0
-10985.0
-10985.0
-10985.0
-10979.0
-10979.0
-10985.0
-10979.0
-10985.0
-10979.0
-10979.0
-10985.0
-10985.0
-10985.0
-10979.0
-10979.0
-10985.0
-10985.0
-10985.0
-10985.0
-10979.0
-10979.0
-10979.0
-10985.0
-10979.0
-10985.0
-10979.0
-10979.0
-10985.0
-10985.0
-10979.0
-10985.0
-10979.0
-10985.0
-10979.0
-10985.0
-10979.0
-10985.0
-10985.0
-10985.0
-10985.0
-10985.0
-10985.0
-10985.0
-10979.0
-10979.0
-10985.0
-10979.0
-10979.0
-10979.0
-10985.0
-10979.0
-10985.0
-10979.0
-10985.0
-10979.0
-10985.0
-10979.0
-10985.0
-10979.0
-10985.0
-10979.0
-10985.0
-10985.0
-10985.0
-10985.0
-10985.0
-10985.0
-10985.0
-10985.0
-10985.0
-10985.0
-10979.0
-10979.0
-10979.0
-10985.0
-10979.0
-10985.0
-10979.0
-10985.0
-10979.0
-10979.0
-10985.0
-10985.0
-10979.0
-10985.0
-10985.0
-10979.0
-10985.0
-10979.0
-10979.0
-10979.0
-10985.0
-10985.0
-10985.0
-10985.0
-10985.0



The list of values first execution 

-10131.222222222223
-10209.0
-10257.833333333334
-10270.444444444445
-10278.5
-10261.944444444445
-10244.5
-10222.722222222223
-10317.833333333334
-10281.5
-10334.5
-10396.388888888889
-10380.388888888889
-10406.388888888889
-10422.888888888889
-10405.055555555555
-10378.0
-10425.222222222223
-10420.555555555555
-10436.166666666666
-10444.0
-10488.555555555555
-10498.277777777777
-10499.944444444445
-10530.611111111111
-10487.444444444445
-10509.333333333334
-10549.277777777777
-10579.111111111111
-10528.888888888889
-10505.277777777777
-10542.944444444445
-10500.833333333334
-10557.888888888889
-10568.944444444445
-10581.666666666666
-10597.5
-10600.166666666666
-10568.0
-10592.388888888889
-10558.777777777777
-10584.0
-10603.722222222223
-10646.777777777777
-10626.055555555555
-10588.444444444445
-10588.888888888889
-10556.777777777777
-10579.611111111111
-10595.0
-10588.555555555555
-10564.944444444445
-10581.055555555555
-10602.611111111111
-10572.444444444445
-10602.444444444445
-10675.222222222223
-10643.833333333334
-10636.333333333334
-10596.0
-10631.555555555555
-10638.166666666666
-10578.722222222223
-10618.277777777777
-10672.166666666666
-10642.722222222223
-10648.333333333334
-10651.666666666666
-10619.722222222223
-10618.055555555555
-10579.944444444445
-10641.833333333334
-10636.444444444445
-10636.277777777777
-10638.166666666666
-10622.277777777777
-10636.166666666666
-10621.166666666666
-10622.555555555555
-10620.222222222223
-10655.333333333334
-10615.611111111111
-10634.333333333334
-10638.055555555555
-10616.166666666666
-10571.222222222223
-10529.388888888889
-10631.611111111111
-10644.0
-10647.388888888889
-10680.444444444445
-10665.055555555555
-10680.666666666666
-10619.388888888889
-10625.222222222223
-10655.944444444445
-10647.722222222223
-10661.5
-10663.444444444445
-10654.5
-10638.388888888889
-10667.0
-10626.277777777777
-10627.833333333334
-10612.0
-10626.222222222223
-10636.888888888889
-10607.333333333334
-10610.333333333334
-10609.888888888889
-10623.444444444445
-10627.166666666666
-10638.277777777777
-10608.277777777777
-10611.722222222223
-10619.5
-10648.833333333334
-10637.055555555555
-10610.722222222223
-10636.0
-10615.166666666666
-10611.0
-10621.944444444445
-10633.666666666666
-10595.944444444445
-10631.388888888889
-10625.055555555555
-10629.166666666666
-10604.055555555555
-10618.0
-10626.611111111111
-10648.166666666666
-10647.055555555555
-10550.444444444445
-10582.111111111111
-10644.333333333334
-10662.888888888889
-10644.0
-10674.722222222223
-10635.611111111111
-10662.611111111111
-10655.833333333334
-10619.5
-10620.388888888889
-10623.222222222223
-10620.888888888889
-10669.388888888889
-10617.5
-10665.222222222223
-10635.0
-10641.222222222223
-10589.0
-10636.277777777777
-10634.666666666666
-10610.055555555555
-10621.333333333334
-10599.166666666666
-10655.0
-10668.666666666666
-10652.222222222223
-10642.222222222223
-10638.833333333334
-10616.222222222223
-10616.555555555555
-10653.166666666666
-10655.722222222223
-10655.388888888889
-10633.388888888889
-10602.444444444445
-10657.222222222223
-10636.388888888889
-10608.555555555555
-10643.055555555555
-10646.222222222223
-10615.333333333334
-10658.222222222223
-10647.388888888889
-10652.055555555555
-10620.666666666666
-10627.388888888889
-10666.555555555555
-10652.5
-10647.666666666666
-10645.111111111111
-10678.555555555555
-10650.388888888889
-10662.388888888889
-10659.777777777777
-10648.888888888889
-10648.0
-10677.444444444445
-10653.555555555555
-10657.555555555555
-10651.277777777777
-10642.944444444445
-10613.0
-10695.111111111111
-10626.5
-10649.666666666666
-10675.944444444445
-10662.555555555555
-10614.833333333334
-10675.944444444445
-10671.166666666666
-10646.666666666666
-10622.944444444445
-10625.222222222223
-10643.444444444445
-10640.611111111111
-10644.277777777777
-10669.055555555555
-10565.388888888889
-10631.166666666666
-10645.944444444445
-10678.222222222223
-10639.333333333334
-10634.944444444445
-10636.777777777777
-10667.555555555555
-10642.666666666666
-10636.944444444445
-10652.222222222223
-10649.0
-10636.111111111111
-10625.0
-10641.722222222223
-10616.555555555555
-10677.055555555555
-10671.555555555555
-10655.722222222223
-10679.944444444445
-10631.5
-10673.277777777777
-10616.666666666666
-10624.666666666666
-10636.555555555555
-10634.333333333334
-10626.055555555555
-10671.944444444445
-10618.888888888889
-10669.5
-10654.388888888889
-10631.388888888889
-10659.944444444445
-10613.444444444445
-10626.111111111111
-10620.166666666666
-10634.277777777777
-10626.555555555555
-10652.388888888889
-10618.555555555555
-10688.444444444445
-10633.055555555555
-10674.722222222223
-10632.388888888889
-10663.555555555555
-10611.611111111111
-10572.888888888889
-10641.5
-10648.611111111111
-10613.222222222223
-10589.333333333334
-10622.5
-10597.555555555555
-10618.0
-10632.611111111111
-10630.277777777777
-10632.611111111111
-10667.222222222223
-10629.888888888889
-10625.777777777777
-10606.666666666666
-10644.388888888889
-10566.166666666666
-10621.333333333334
-10628.777777777777
-10590.333333333334
-10620.722222222223
-10642.666666666666
-10646.0
-10620.222222222223
-10640.222222222223
-10651.888888888889
-10663.111111111111
-10638.5
-10690.277777777777
-10640.5
-10622.388888888889
-10657.777777777777
-10637.555555555555
-10628.166666666666
-10621.722222222223
-10654.777777777777
-10622.055555555555
-10647.277777777777
-10623.111111111111
-10628.888888888889
-10654.222222222223
-10642.5
-10656.277777777777
-10646.944444444445
-10650.222222222223
-10578.111111111111
-10626.388888888889
-10631.111111111111
-10635.777777777777
-10675.0
-10625.611111111111
-10642.833333333334
-10608.722222222223
-10646.888888888889
-10633.5
-10653.0
-10676.0
-10654.5
-10643.111111111111
-10636.166666666666
-10585.222222222223
-10570.5
-10589.944444444445
-10652.222222222223
-10608.388888888889
-10607.888888888889
-10640.111111111111
-10635.611111111111
-10656.833333333334
-10664.166666666666
-10663.222222222223
-10661.777777777777
-10649.111111111111
-10618.444444444445
-10663.277777777777
-10673.222222222223
-10675.0
-10686.166666666666
-10693.666666666666
-10654.111111111111
-10641.0
-10662.611111111111
-10624.111111111111
-10649.777777777777
-10649.333333333334
-10631.388888888889
-10637.277777777777
-10641.833333333334
-10647.111111111111
-10659.888888888889
-10669.111111111111
-10651.222222222223
-10658.722222222223
-10572.833333333334
-10629.333333333334
-10630.611111111111
-10640.111111111111
-10659.277777777777
-10609.333333333334



The list of best values first execution 

-10668.0
-10778.0
-10849.0
-10916.0
-10917.0
-10975.0
-10964.0
-10971.0
-10971.0
-10971.0
-10971.0
-10971.0
-10971.0
-10971.0
-10971.0
-10976.0
-10976.0
-10976.0
-10976.0
-10976.0
-10976.0
-10976.0
-10976.0
-10976.0
-10976.0
-10976.0
-10976.0
-10976.0
-10976.0
-10976.0
-10976.0
-10976.0
-10976.0
-10976.0
-10976.0
-10976.0
-10976.0
-10976.0
-10976.0
-10976.0
-10976.0
-10976.0
-10976.0
-10976.0
-10976.0
-10976.0
-10976.0
-10975.0
-10975.0
-10975.0
-10975.0
-10975.0
-10975.0
-10975.0
-10975.0
-10985.0
-10985.0
-10976.0
-10976.0
-10976.0
-10976.0
-10976.0
-10975.0
-10985.0
-10985.0
-10985.0
-10975.0
-10985.0
-10985.0
-10985.0
-10985.0
-10985.0
-10985.0
-10985.0
-10985.0
-10985.0
-10985.0
-10985.0
-10985.0
-10985.0
-10985.0
-10985.0
-10978.0
-10985.0
-10975.0
-10975.0
-10975.0
-10985.0
-10985.0
-10985.0
-10985.0
-10985.0
-10985.0
-10985.0
-10985.0
-10985.0
-10985.0
-10985.0
-10976.0
-10976.0
-10976.0
-10976.0
-10975.0
-10976.0
-10976.0
-10976.0
-10976.0
-10985.0
-10985.0
-10985.0
-10985.0
-10985.0
-10985.0
-10985.0
-10985.0
-10985.0
-10985.0
-10985.0
-10985.0
-10985.0
-10985.0
-10985.0
-10985.0
-10985.0
-10985.0
-10985.0
-10985.0
-10985.0
-10985.0
-10985.0
-10985.0
-10985.0
-10985.0
-10985.0
-10985.0
-10985.0
-10985.0
-10985.0
-10985.0
-10985.0
-10985.0
-10985.0
-10985.0
-10985.0
-10985.0
-10985.0
-10985.0
-10985.0
-10985.0
-10985.0
-10985.0
-10985.0
-10985.0
-10985.0
-10985.0
-10985.0
-10985.0
-10985.0
-10985.0
-10985.0
-10985.0
-10985.0
-10985.0
-10985.0
-10985.0
-10985.0
-10985.0
-10985.0
-10985.0
-10985.0
-10985.0
-10985.0
-10985.0
-10985.0
-10985.0
-10985.0
-10985.0
-10985.0
-10985.0
-10985.0
-10985.0
-10985.0
-10985.0
-10985.0
-10985.0
-10985.0
-10985.0
-10985.0
-10985.0
-10985.0
-10985.0
-10985.0
-10985.0
-10985.0
-10985.0
-10985.0
-10985.0
-10985.0
-10985.0
-10985.0
-10985.0
-10985.0
-10985.0
-10985.0
-10985.0
-10985.0
-10985.0
-10985.0
-10985.0
-10985.0
-10985.0
-10985.0
-10985.0
-10985.0
-10985.0
-10985.0
-10985.0
-10985.0
-10985.0
-10985.0
-10985.0
-10985.0
-10985.0
-10985.0
-10985.0
-10985.0
-10985.0
-10985.0
-10985.0
-10985.0
-10985.0
-10985.0
-10985.0
-10985.0
-10979.0
-10985.0
-10979.0
-10979.0
-10979.0
-10979.0
-10979.0
-10979.0
-10979.0
-10979.0
-10979.0
-10979.0
-10979.0
-10979.0
-10979.0
-10979.0
-10979.0
-10979.0
-10979.0
-10979.0
-10985.0
-10985.0
-10985.0
-10985.0
-10985.0
-10985.0
-10985.0
-10985.0
-10985.0
-10985.0
-10985.0
-10985.0
-10985.0
-10985.0
-10985.0
-10985.0
-10985.0
-10985.0
-10985.0
-10985.0
-10985.0
-10985.0
-10985.0
-10985.0
-10985.0
-10985.0
-10985.0
-10985.0
-10985.0
-10985.0
-10985.0
-10985.0
-10985.0
-10985.0
-10985.0
-10985.0
-10985.0
-10985.0
-10985.0
-10985.0
-10985.0
-10985.0
-10985.0
-10985.0
-10985.0
-10985.0
-10985.0
-10985.0
-10985.0
-10985.0
-10985.0
-10985.0
-10985.0
-10985.0
-10985.0
-10985.0
-10985.0
-10985.0
-10985.0
-10985.0
-10985.0
-10985.0
-10985.0
-10985.0
-10985.0
-10985.0
-10985.0
-10985.0
-10985.0
-10985.0
-10985.0
-10985.0
-10985.0
-10985.0
-10985.0
-10985.0
-10985.0
-10985.0
-10985.0
-10985.0
-10985.0
-10985.0
-10985.0
-10985.0
-10985.0
-10985.0
-10985.0
-10985.0
-10985.0
-10985.0
-10985.0
-10985.0
-10985.0
-10985.0
-10985.0
-10985.0
-10985.0
-10985.0
-10985.0
-10985.0
-10985.0
-10985.0



The list of values average 

-10112.313888888888
-10171.657777777777
-10213.015
-10234.871666666664
-10263.239999999996
-10275.744999999997
-10293.921111111113
-10306.005000000001
-10318.009444444442
-10327.602777777776
-10340.349999999999
-10354.30722222222
-10366.070000000002
-10379.079444444442
-10389.971111111103
-10397.564444444442
-10409.255555555555
-10418.519999999997
-10430.278333333335
-10439.142222222225
-10450.642777777775
-10464.108333333335
-10473.584444444445
-10480.840555555555
-10487.617777777776
-10494.166111111112
-10502.839444444444
-10506.323888888886
-10519.49055555556
-10517.257222222215
-10526.200000000004
-10536.240555555556
-10541.714444444446
-10546.112222222222
-10549.436111111112
-10555.616666666665
-10560.139999999996
-10567.623888888882
-10569.247777777784
-10573.717222222222
-10577.000555555556
-10584.472777777777
-10585.091666666669
-10593.472777777783
-10596.490555555552
-10597.638333333329
-10600.500555555556
-10600.023888888896
-10604.028888888892
-10604.762777777776
-10605.151111111114
-10608.258888888888
-10608.215
-10610.680555555547
-10608.662777777781
-10609.26722222222
-10615.629444444447
-10616.557777777783
-10620.560000000001
-10616.371111111108
-10620.432222222224
-10623.942222222222
-10624.772222222222
-10623.828333333335
-10624.096666666663
-10623.12388888889
-10622.308888888894
-10622.143888888893
-10624.966111111109
-10627.758888888891
-10628.765555555558
-10633.56111111111
-10630.807777777778
-10633.242777777778
-10633.84388888889
-10632.259999999998
-10635.563333333335
-10635.181111111111
-10641.14055555556
-10639.29833333333
-10633.448888888883
-10631.644444444446
-10630.962222222226
-10632.762777777776
-10634.89444444445
-10635.89833333333
-10638.83611111111
-10637.665555555555
-10638.562777777777
-10636.732777777774
-10641.934444444441
-10638.564999999999
-10642.648333333333
-10644.825555555557
-10640.980555555554
-10641.37388888889
-10640.323333333334
-10638.420000000004
-10641.894999999995
-10642.880000000003
-10644.059999999998
-10645.002777777781
-10642.134444444442
-10639.378333333334
-10643.11222222223
-10639.792777777771
-10639.970000000003
-10639.037222222221
-10641.417777777773
-10639.89333333333
-10641.451666666668
-10642.698333333334
-10643.025000000003
-10642.950555555553
-10640.443333333333
-10645.516111111112
-10642.763888888887
-10642.683888888889
-10640.706111111112
-10641.702777777771
-10643.669444444442
-10641.977222222218
-10643.287222222229
-10643.020555555553
-10646.633888888893
-10643.230000000007
-10646.416111111113
-10641.829444444451
-10647.380000000003
-10647.22666666667
-10647.064999999993
-10648.063333333334
-10644.779999999993
-10644.967777777774
-10644.447777777785
-10645.267777777774
-10646.576666666666
-10647.811666666666
-10650.295555555556
-10646.187222222221
-10646.403333333326
-10644.877777777781
-10649.048888888887
-10648.062222222223
-10648.492777777781
-10647.610555555555
-10644.012777777778
-10648.487222222218
-10648.957222222227
-10649.461666666668
-10645.955000000002
-10643.739999999998
-10643.943888888889
-10645.41611111111
-10649.980000000009
-10646.122777777775
-10646.25833333333
-10645.074999999997
-10645.658333333333
-10646.668888888888
-10645.305
-10641.348333333332
-10643.469444444449
-10644.636666666662
-10644.651111111109
-10647.508888888891
-10645.977777777778
-10643.96722222222
-10642.567777777778
-10649.810555555558
-10648.647777777775
-10647.27166666667
-10649.535555555556
-10642.52944444445
-10644.40277777778
-10645.953888888884
-10648.649444444449
-10649.386666666669
-10644.169444444437
-10650.272222222222
-10650.519444444444
-10647.281111111106
-10648.388888888892
-10647.167777777779
-10652.732777777777
-10651.17722222222
-10648.494444444452
-10648.128333333334
-10649.138888888887
-10647.178333333331
-10644.348333333333
-10647.803333333335
-10645.743333333332
-10645.193333333338
-10648.509999999997
-10648.062777777777
-10651.79111111111
-10647.347222222219
-10647.57222222223
-10649.701666666666
-10647.403888888892
-10644.7
-10647.416111111117
-10648.633333333337
-10648.027777777781
-10645.402777777772
-10647.705555555558
-10648.9
-10648.626666666667
-10650.056111111107
-10651.878888888892
-10647.092777777783
-10647.738888888884
-10648.818333333336
-10650.684444444445
-10649.939444444448
-10644.83333333333
-10650.040555555559
-10649.403888888886
-10644.700555555553
-10648.76055555556
-10648.943333333335
-10650.299444444447
-10647.902222222221
-10651.791666666662
-10651.387777777778
-10648.267222222219
-10650.750000000002
-10650.539444444446
-10652.153888888888
-10651.508333333331
-10651.681111111111
-10650.804999999997
-10644.386666666664
-10648.451666666666
-10646.18388888889
-10648.057222222222
-10650.385000000004
-10646.50333333333
-10650.583333333336
-10649.431666666664
-10645.724444444448
-10644.210555555557
-10649.14333333333
-10648.83388888889
-10648.571666666669
-10649.602222222225
-10647.241666666663
-10650.255555555557
-10646.176666666663
-10646.273888888887
-10648.027222222221
-10650.920555555555
-10646.177777777782
-10649.300000000005
-10649.677777777777
-10648.3
-10648.922777777781
-10650.285555555554
-10649.89222222222
-10651.276666666665
-10649.58722222222
-10648.284999999996
-10653.086666666668
-10650.155000000002
-10653.116666666665
-10644.67611111111
-10643.67777777778
-10650.518333333328
-10644.151111111112
-10643.79722222222
-10647.385000000002
-10650.032777777784
-10646.311111111116
-10646.752777777783
-10647.921111111114
-10645.539444444448
-10651.046111111114
-10646.891111111117
-10648.127222222223
-10649.313333333332
-10649.909444444449
-10647.794444444442
-10650.488333333331
-10650.287777777774
-10647.617777777776
-10650.544999999998
-10646.955000000002
-10648.77777777777
-10649.414999999994
-10648.848888888895
-10644.07388888889
-10650.591666666669
-10651.998888888891
-10650.684444444441
-10647.895555555553
-10650.547222222223
-10649.947777777776
-10650.08555555556
-10650.929999999995
-10649.59
-10649.186111111108
-10648.953888888891
-10650.301666666663
-10649.327777777777
-10649.878333333334
-10648.198333333337
-10650.885000000002
-10650.640555555552
-10652.192777777776
-10646.451666666666
-10647.460555555552
-10648.988333333331
-10652.373888888886
-10648.528333333332
-10646.395000000002
-10652.756111111112
-10648.956111111112
-10650.153888888892
-10646.417777777784
-10651.595555555557
-10648.662777777772
-10647.794999999996
-10649.879999999996
-10654.75055555556
-10652.683333333332
-10652.455555555563
-10647.830555555558
-10646.479444444447
-10651.386666666665
-10651.692222222224
-10652.578888888887
-10651.348333333335
-10645.499999999998
-10649.066111111108
-10649.500555555562
-10648.792777777775
-10649.01833333333
-10645.068888888887
-10647.634444444448
-10647.286666666661
-10651.887777777774
-10649.45555555556
-10648.906111111108
-10647.130000000001
-10648.035555555554
-10645.122222222224
-10649.037777777776
-10649.037222222227
-10647.68722222222
-10643.426666666668
-10649.299444444445
-10647.199444444446
-10648.594444444443
-10645.870555555559
-10645.340555555551



The list of best values average 

-10593.13-10745.539999999999-10812.880000000001-10858.960000000005-10882.8-10895.78-10910.699999999999-10915.140000000005-10922.95-10926.790000000006-10928.190000000006-10930.36000000001-10932.830000000007-10934.950000000006-10938.17000000001-10939.440000000006-10939.540000000005-10939.770000000004-10941.540000000005-10942.420000000004-10944.090000000007-10943.65000000001-10943.420000000006-10944.250000000005-10945.310000000005-10945.630000000003-10946.17000000001-10945.970000000008-10947.63000000001-10947.470000000005-10948.480000000012-10948.25000000001-10948.90000000001-10946.980000000009-10949.220000000008-10949.970000000008-10951.800000000005-10950.140000000012-10951.320000000009-10953.110000000011-10954.160000000003-10955.540000000008-10955.330000000007-10957.650000000005-10959.100000000006-10959.710000000008-10961.120000000006-10963.520000000008-10963.100000000008-10965.380000000006-10965.970000000003-10966.160000000007-10966.11000000001-10966.400000000005-10966.830000000009-10968.670000000006-10970.10000000001-10969.860000000011-10970.610000000004-10971.730000000009-10972.20000000001-10973.160000000007-10971.330000000009-10972.010000000013-10972.750000000011-10972.890000000014-10972.230000000012-10973.900000000012-10974.340000000013-10975.290000000014-10974.860000000011-10975.380000000014-10974.980000000012-10975.190000000013-10975.420000000011-10976.090000000015-10976.310000000009-10975.960000000012-10976.390000000012-10976.520000000011-10976.240000000009-10977.08000000001-10976.950000000013-10976.970000000012-10976.590000000013-10976.260000000013-10976.950000000013-10977.290000000015-10977.140000000012-10978.570000000016-10978.680000000017-10978.290000000015-10978.490000000013-10978.910000000016-10978.690000000017-10978.850000000019-10979.26000000002-10979.420000000016-10979.310000000016-10978.65000000002-10978.860000000017-10979.020000000013-10979.460000000017-10979.270000000019-10979.400000000018-10979.450000000019-10980.370000000019-10980.14000000002-10980.20000000002-10979.620000000017-10980.100000000019-10979.240000000018-10979.890000000021-10979.800000000021-10979.850000000019-10980.170000000022-10980.150000000021-10979.960000000021-10979.960000000021-10980.07000000002-10979.910000000022-10980.010000000022-10980.23000000002-10980.13000000002-10980.48000000002-10980.170000000018-10980.50000000002-10980.370000000017-10980.56000000002-10980.280000000019-10980.68000000002-10980.67000000002-10980.530000000019-10980.600000000019-10981.000000000022-10980.990000000023-10980.970000000021-10980.720000000021-10980.71000000002-10980.960000000017-10980.440000000019-10980.440000000017-10980.500000000018-10980.370000000019-10980.65000000002-10980.95000000002-10980.730000000021-10980.860000000022-10980.89000000002-10980.75000000002-10980.890000000021-10980.89000000002-10980.86000000002-10981.020000000019-10981.080000000018-10981.170000000018-10981.32000000002-10981.210000000023-10981.510000000018-10981.00000000002-10981.45000000002-10981.51000000002-10981.390000000021-10981.48000000002-10981.650000000021-10981.560000000021-10981.440000000019-10981.60000000002-10981.570000000022-10981.210000000021-10981.41000000002-10981.50000000002-10981.62000000002-10981.76000000002-10981.78000000002-10981.560000000021-10981.650000000021-10981.53000000002-10981.500000000022-10981.600000000022-10981.570000000022-10981.620000000023-10981.510000000024-10981.670000000024-10981.550000000023-10981.470000000023-10981.53000000002-10981.660000000024-10981.330000000024-10981.610000000024-10981.520000000024-10981.620000000024-10981.810000000023-10981.740000000023-10981.790000000025-10981.840000000022-10981.640000000023-10981.800000000023-10981.880000000021-10981.690000000024-10981.660000000022-10982.000000000022-10981.830000000024-10981.62000000002-10981.56000000002-10981.570000000022-10981.760000000022-10981.810000000021-10981.630000000021-10981.720000000023-10981.730000000023-10981.670000000024-10981.600000000024-10981.720000000023-10981.710000000023-10981.830000000024-10981.760000000022-10981.860000000022-10982.010000000022-10982.130000000023-10982.140000000023-10982.050000000023-10982.110000000022-10982.160000000024-10982.060000000023-10982.060000000025-10982.020000000024-10982.140000000023-10982.070000000023-10981.970000000025-10982.000000000024-10981.990000000025-10981.880000000025-10982.000000000024-10981.920000000024-10982.000000000024-10982.010000000024-10982.050000000025-10981.980000000025-10982.090000000024-10982.010000000024-10981.890000000025-10982.040000000025-10981.960000000023-10982.050000000025-10981.890000000023-10982.010000000024-10981.970000000025-10981.950000000024-10981.940000000024-10981.840000000024-10982.040000000025-10981.950000000024-10981.960000000025-10982.010000000024-10982.060000000023-10981.960000000023-10981.950000000024-10981.870000000024-10982.030000000024-10981.770000000024-10981.910000000024-10981.990000000023-10981.970000000025-10982.050000000023-10982.060000000023-10982.000000000024-10982.150000000023-10982.210000000023-10982.040000000023-10982.110000000022-10982.160000000024-10982.130000000023-10982.190000000022-10982.230000000023-10982.130000000023-10982.110000000022-10982.100000000024-10982.000000000024-10981.980000000023-10981.960000000023-10981.900000000023-10982.000000000022-10981.95000000002-10982.040000000023-10982.030000000022-10982.030000000022-10981.970000000023-10981.940000000022-10981.960000000023-10981.900000000023-10981.950000000023-10981.960000000023-10982.010000000022-10981.900000000023-10981.960000000023-10981.960000000023-10981.890000000023-10981.890000000021-10981.890000000023-10981.990000000023-10982.040000000023-10982.070000000023-10981.990000000023-10982.020000000024-10982.080000000024-10982.080000000024-10981.960000000023-10982.120000000023-10982.120000000023-10982.150000000023-10982.120000000023-10982.210000000023-10982.210000000023-10982.220000000021-10982.130000000021-10981.920000000022-10982.140000000021-10982.140000000021-10981.990000000022-10982.130000000021-10982.070000000022-10982.010000000022-10982.130000000021-10982.010000000022-10981.950000000023-10982.130000000021-10982.140000000021-10982.080000000022-10982.180000000022-10982.12000000002-10982.060000000021-10982.170000000022-10982.170000000022-10982.010000000022-10982.100000000022-10982.270000000022-10982.200000000023-10982.260000000022-10982.260000000022-10982.140000000023-10982.200000000023-10982.200000000023-10982.110000000022-10982.140000000023-10982.200000000023-10982.200000000023-10982.110000000022-10982.230000000021-10982.230000000021-10982.180000000022-10982.240000000022-10982.270000000022-10982.210000000023-10982.330000000022-10982.170000000022