----------Report of simulation of Quantum Population Annealing-----------
The number of considered Spin 42
The considered Annealing Duration 168
The considered Annealing Number 100
The considered T 1.0
The considered Gamma0 1.0
The considered Number Of Replica 3
The considered Number Of System 6
The solution found [ 1. -1.  1. -1.  1.  1. -1. -1.  1. -1.  1.  1.  1.  1.  1. -1. -1.  1.
 -1.  1. -1. -1.  1.  1.  1. -1.  1.  1.  1. -1. -1. -1. -1. -1. -1. -1.
 -1. -1.  1. -1. -1.  1.]
The value found -2518.0
The Success probability is 1.0
The average value is -2518.0
The total execution time is 199.67879462242126
The average time for execution is 1.9967857503890991
The average time for all systems update is 0.011817741791407268
The average time for system update is 0.001949574469573914
The average time for replica update is 0.000649412695377592
The average time for spin update is 1.5173883041947457e-05
The list of values found 

-2518.0
-2518.0
-2518.0
-2518.0
-2518.0
-2518.0
-2518.0
-2518.0
-2518.0
-2518.0
-2518.0
-2518.0
-2518.0
-2518.0
-2518.0
-2518.0
-2518.0
-2518.0
-2518.0
-2518.0
-2518.0
-2518.0
-2518.0
-2518.0
-2518.0
-2518.0
-2518.0
-2518.0
-2518.0
-2518.0
-2518.0
-2518.0
-2518.0
-2518.0
-2518.0
-2518.0
-2518.0
-2518.0
-2518.0
-2518.0
-2518.0
-2518.0
-2518.0
-2518.0
-2518.0
-2518.0
-2518.0
-2518.0
-2518.0
-2518.0
-2518.0
-2518.0
-2518.0
-2518.0
-2518.0
-2518.0
-2518.0
-2518.0
-2518.0
-2518.0
-2518.0
-2518.0
-2518.0
-2518.0
-2518.0
-2518.0
-2518.0
-2518.0
-2518.0
-2518.0
-2518.0
-2518.0
-2518.0
-2518.0
-2518.0
-2518.0
-2518.0
-2518.0
-2518.0
-2518.0
-2518.0
-2518.0
-2518.0
-2518.0
-2518.0
-2518.0
-2518.0
-2518.0
-2518.0
-2518.0
-2518.0
-2518.0
-2518.0
-2518.0
-2518.0
-2518.0
-2518.0
-2518.0
-2518.0
-2518.0



The list of values first execution 

-2183.0555555555557
-2194.777777777778
-2226.1666666666665
-2237.222222222222
-2266.722222222222
-2244.8333333333335
-2302.777777777778
-2311.8333333333335
-2317.1111111111113
-2337.8888888888887
-2357.4444444444443
-2343.6666666666665
-2365.4444444444443
-2373.6666666666665
-2382.3333333333335
-2368.3333333333335
-2387.277777777778
-2391.8333333333335
-2387.8888888888887
-2408.5
-2424.5555555555557
-2424.6111111111113
-2445.3333333333335
-2464.1111111111113
-2454.9444444444443
-2459.8888888888887
-2460.6666666666665
-2468.222222222222
-2466.3888888888887
-2476.8333333333335
-2486.1666666666665
-2490.1666666666665
-2500.5
-2500.0
-2502.722222222222
-2506.3888888888887
-2505.5
-2509.222222222222
-2509.3333333333335
-2509.3333333333335
-2512.9444444444443
-2508.5
-2508.722222222222
-2513.4444444444443
-2507.8888888888887
-2513.777777777778
-2510.6111111111113
-2512.3333333333335
-2513.3888888888887
-2512.1111111111113
-2513.777777777778
-2513.0
-2514.6111111111113
-2511.722222222222
-2515.0
-2514.0555555555557
-2514.222222222222
-2513.8333333333335
-2511.5555555555557
-2510.1111111111113
-2511.777777777778
-2513.777777777778
-2514.6666666666665
-2515.3333333333335
-2515.0555555555557
-2513.722222222222
-2513.6666666666665
-2513.222222222222
-2514.1111111111113
-2515.222222222222
-2514.1111111111113
-2513.9444444444443
-2516.5
-2515.8888888888887
-2515.6111111111113
-2515.6666666666665
-2515.6111111111113
-2516.0555555555557
-2516.1666666666665
-2516.6666666666665
-2516.4444444444443
-2516.5555555555557
-2516.4444444444443
-2516.222222222222
-2514.8888888888887
-2514.8888888888887
-2515.1666666666665
-2515.8888888888887
-2516.777777777778
-2517.5
-2517.777777777778
-2517.1666666666665
-2516.722222222222
-2516.5555555555557
-2516.277777777778
-2510.5555555555557
-2514.722222222222
-2514.8333333333335
-2516.6111111111113
-2515.3888888888887
-2513.6111111111113
-2516.4444444444443
-2516.5555555555557
-2516.777777777778
-2516.6111111111113
-2515.8333333333335
-2516.6111111111113
-2516.777777777778
-2516.1111111111113
-2516.9444444444443
-2516.722222222222
-2517.222222222222
-2514.8888888888887
-2516.8888888888887
-2516.6666666666665
-2516.6111111111113
-2516.8333333333335
-2516.277777777778
-2516.9444444444443
-2517.1666666666665
-2517.9444444444443
-2517.6666666666665
-2517.6666666666665
-2517.1666666666665
-2516.277777777778
-2514.5
-2515.3333333333335
-2515.3333333333335
-2516.8888888888887
-2517.722222222222
-2517.5555555555557
-2517.3888888888887
-2517.1111111111113
-2516.777777777778
-2516.4444444444443
-2516.722222222222
-2516.9444444444443
-2517.0555555555557
-2517.3888888888887
-2517.222222222222
-2517.3333333333335
-2516.9444444444443
-2517.777777777778
-2518.0
-2517.9444444444443
-2517.9444444444443
-2518.0
-2518.0
-2518.0
-2518.0
-2518.0
-2518.0
-2518.0
-2518.0
-2518.0
-2518.0
-2518.0
-2518.0
-2518.0
-2517.9444444444443
-2517.9444444444443
-2517.8888888888887
-2517.8333333333335
-2517.9444444444443
-2518.0
-2518.0
-2518.0
-2518.0



The list of best values first execution 

-2337.0
-2276.0
-2305.0
-2336.0
-2347.0
-2312.0
-2386.0
-2382.0
-2407.0
-2424.0
-2487.0
-2417.0
-2437.0
-2486.0
-2456.0
-2426.0
-2455.0
-2452.0
-2478.0
-2467.0
-2471.0
-2509.0
-2511.0
-2513.0
-2513.0
-2513.0
-2513.0
-2518.0
-2518.0
-2513.0
-2518.0
-2518.0
-2518.0
-2518.0
-2518.0
-2517.0
-2518.0
-2518.0
-2518.0
-2517.0
-2518.0
-2518.0
-2518.0
-2518.0
-2518.0
-2518.0
-2518.0
-2518.0
-2518.0
-2518.0
-2518.0
-2518.0
-2518.0
-2518.0
-2518.0
-2517.0
-2518.0
-2518.0
-2518.0
-2518.0
-2518.0
-2518.0
-2518.0
-2518.0
-2518.0
-2518.0
-2518.0
-2517.0
-2518.0
-2518.0
-2518.0
-2518.0
-2518.0
-2518.0
-2518.0
-2518.0
-2518.0
-2518.0
-2518.0
-2518.0
-2518.0
-2518.0
-2518.0
-2518.0
-2518.0
-2518.0
-2518.0
-2518.0
-2518.0
-2518.0
-2518.0
-2518.0
-2518.0
-2518.0
-2518.0
-2518.0
-2518.0
-2518.0
-2518.0
-2518.0
-2518.0
-2518.0
-2518.0
-2518.0
-2518.0
-2518.0
-2518.0
-2518.0
-2518.0
-2518.0
-2518.0
-2518.0
-2518.0
-2518.0
-2518.0
-2518.0
-2518.0
-2518.0
-2518.0
-2518.0
-2518.0
-2518.0
-2518.0
-2518.0
-2518.0
-2518.0
-2518.0
-2518.0
-2518.0
-2518.0
-2518.0
-2518.0
-2518.0
-2518.0
-2518.0
-2518.0
-2518.0
-2518.0
-2518.0
-2518.0
-2518.0
-2518.0
-2518.0
-2518.0
-2518.0
-2518.0
-2518.0
-2518.0
-2518.0
-2518.0
-2518.0
-2518.0
-2518.0
-2518.0
-2518.0
-2518.0
-2518.0
-2518.0
-2518.0
-2518.0
-2518.0
-2518.0
-2518.0
-2518.0
-2518.0
-2518.0
-2518.0
-2518.0



The list of values average 

-2189.585555555555
-2207.757777777777
-2229.289444444444
-2240.2488888888897
-2256.672777777779
-2268.892222222222
-2281.0238888888894
-2295.219444444443
-2305.2750000000005
-2317.8855555555556
-2332.047222222222
-2342.9788888888893
-2354.0272222222216
-2366.263333333334
-2375.8633333333332
-2387.0427777777795
-2401.3227777777774
-2409.545555555557
-2419.845555555557
-2432.1899999999996
-2440.5722222222225
-2447.2222222222213
-2455.6477777777777
-2461.636666666666
-2467.69611111111
-2473.4738888888887
-2477.032777777779
-2481.706666666667
-2485.5572222222218
-2489.5588888888888
-2491.179444444444
-2493.7072222222228
-2497.071666666667
-2497.722222222221
-2499.6738888888885
-2500.5138888888882
-2501.502777777779
-2502.972222222222
-2503.7627777777766
-2504.8983333333326
-2506.6977777777774
-2507.0361111111106
-2507.2833333333333
-2507.806111111111
-2508.5916666666667
-2509.33
-2510.0699999999997
-2510.509999999999
-2510.636111111112
-2510.8355555555554
-2511.3744444444433
-2511.9922222222217
-2512.240555555555
-2512.590000000001
-2512.751666666667
-2512.736111111113
-2512.8477777777766
-2513.2705555555563
-2513.5472222222224
-2513.549444444445
-2513.4083333333347
-2513.653888888888
-2513.770555555555
-2513.743888888889
-2513.991111111111
-2514.2577777777774
-2514.581111111112
-2514.6449999999995
-2514.801111111112
-2514.413888888889
-2514.6561111111114
-2514.653333333333
-2514.8983333333335
-2514.8372222222224
-2514.6038888888893
-2514.8738888888897
-2514.9916666666672
-2515.1077777777787
-2514.972222222221
-2514.7505555555554
-2515.0316666666668
-2514.9027777777783
-2515.1461111111103
-2515.1511111111113
-2515.3822222222216
-2515.3766666666666
-2515.341666666666
-2515.3550000000005
-2515.298333333333
-2515.1894444444433
-2515.4938888888896
-2515.535555555555
-2515.4738888888883
-2515.674444444444
-2515.5633333333335
-2515.6677777777777
-2515.9344444444446
-2515.87111111111
-2515.8316666666656
-2515.772222222222
-2515.8527777777786
-2515.7744444444434
-2515.86111111111
-2515.8322222222223
-2515.822777777778
-2515.9188888888884
-2516.078888888888
-2516.0461111111117
-2516.1472222222224
-2515.9911111111114
-2516.0077777777797
-2515.997222222222
-2516.1033333333326
-2516.1733333333327
-2516.197222222222
-2516.0844444444438
-2516.3461111111114
-2516.366666666667
-2516.258888888888
-2516.3888888888882
-2516.420555555555
-2516.4572222222223
-2516.492222222222
-2516.490555555556
-2516.591111111111
-2516.505555555557
-2516.4183333333326
-2516.435000000001
-2516.5266666666657
-2516.555555555556
-2516.5566666666673
-2516.546666666666
-2516.581666666667
-2516.593333333333
-2516.5522222222235
-2516.6100000000006
-2516.636111111112
-2516.645555555556
-2516.6933333333336
-2516.6722222222234
-2516.643333333335
-2516.581111111111
-2516.671111111113
-2516.6877777777777
-2516.684444444443
-2516.651111111111
-2516.7611111111123
-2516.706111111111
-2516.76888888889
-2516.7938888888893
-2516.6744444444435
-2516.637222222221
-2516.6861111111107
-2516.7194444444444
-2516.7766666666666
-2516.7555555555555
-2516.817222222223
-2516.8144444444447
-2516.7916666666674
-2516.784444444443
-2516.791111111111
-2516.7388888888895
-2516.8316666666674
-2516.829444444443
-2516.831111111111
-2516.8450000000003
-2516.8983333333344
-2516.904444444443



The list of best values average 

-2295.75
-2300.609999999999
-2320.98
-2327.7300000000005
-2342.4300000000003
-2360.3099999999995
-2372.42
-2383.6700000000005
-2394.8599999999997
-2408.2
-2415.9500000000003
-2436.0
-2444.27
-2452.5800000000004
-2463.3799999999997
-2474.1800000000007
-2482.6600000000003
-2493.9800000000014
-2498.859999999999
-2503.850000000001
-2507.970000000001
-2510.2400000000016
-2514.060000000002
-2514.7900000000013
-2514.7800000000016
-2515.860000000002
-2516.1400000000012
-2516.710000000001
-2517.1800000000003
-2517.43
-2517.43
-2517.479999999999
-2517.4999999999995
-2517.580000000001
-2517.6899999999996
-2517.67
-2517.7499999999995
-2517.7999999999993
-2517.759999999999
-2517.79
-2517.849999999999
-2517.8899999999994
-2517.8999999999987
-2517.889999999999
-2517.8399999999992
-2517.789999999999
-2517.869999999999
-2517.8999999999987
-2517.929999999999
-2517.949999999999
-2517.9399999999987
-2517.889999999999
-2517.8499999999995
-2517.909999999999
-2517.8699999999994
-2517.8199999999993
-2517.949999999999
-2517.8799999999997
-2517.85
-2517.8999999999996
-2517.929999999999
-2517.8899999999994
-2517.879999999999
-2517.8999999999987
-2517.899999999999
-2517.889999999999
-2517.909999999999
-2517.929999999999
-2517.989999999999
-2517.9399999999987
-2517.8999999999987
-2517.889999999999
-2517.8299999999995
-2517.859999999999
-2517.8499999999995
-2517.9199999999996
-2517.9199999999996
-2517.9099999999994
-2517.899999999999
-2517.919999999999
-2517.8799999999987
-2517.8399999999992
-2517.8999999999987
-2517.8799999999987
-2517.8899999999994
-2517.909999999999
-2517.899999999999
-2517.8699999999994
-2517.859999999999
-2517.8499999999995
-2517.879999999999
-2517.889999999999
-2517.8799999999987
-2517.889999999999
-2517.909999999999
-2517.8499999999995
-2517.8699999999994
-2517.9099999999994
-2517.899999999999
-2517.9099999999994
-2517.879999999999
-2517.849999999999
-2517.889999999999
-2517.8199999999997
-2517.8
-2517.86
-2517.83
-2517.8199999999997
-2517.83
-2517.84
-2517.8300000000004
-2517.7900000000004
-2517.85
-2517.86
-2517.8999999999996
-2517.89
-2517.9099999999994
-2517.87
-2517.88
-2517.8999999999996
-2517.8999999999996
-2517.8999999999996
-2517.89
-2517.919999999999
-2517.939999999999
-2517.9399999999996
-2517.9099999999994
-2517.9099999999994
-2517.879999999999
-2517.899999999999
-2517.899999999999
-2517.8899999999994
-2517.899999999999
-2517.9099999999994
-2517.879999999999
-2517.899999999999
-2517.909999999999
-2517.909999999999
-2517.889999999999
-2517.889999999999
-2517.8799999999987
-2517.889999999999
-2517.909999999999
-2517.9399999999987
-2517.929999999999
-2517.9199999999987
-2517.909999999999
-2517.889999999999
-2517.889999999999
-2517.8699999999994
-2517.8699999999994
-2517.8499999999995
-2517.8299999999995
-2517.8399999999997
-2517.8499999999995
-2517.869999999999
-2517.879999999999
-2517.8699999999994
-2517.8699999999994
-2517.8599999999997
-2517.8699999999994
-2517.8499999999995
-2517.8599999999997
-2517.8699999999994
-2517.8699999999994
-2517.879999999999
-2517.899999999999
-2517.909999999999
