----------Report of simulation of Quantum Parallel Tempering - Population Annealing v2-----------
The number of considered Spin189
The considered Annealing Duration 756
The considered Annealing Number 100
The considered T 1.0
The considered Gamma0 1.0
The considered Number Of Replica 3
The considered Number Of System Tempering 3
The considered Number Of System Population 3
The solution found [-1. -1.  1.  1.  1. -1. -1.  1. -1.  1.  1.  1.  1.  1. -1. -1. -1.  1.
 -1.  1. -1.  1. -1.  1. -1. -1. -1. -1.  1.  1.  1. -1. -1.  1. -1.  1.
 -1. -1. -1. -1.  1. -1.  1. -1.  1.  1. -1. -1.  1.  1.  1. -1. -1.  1.
  1. -1.  1. -1. -1.  1. -1. -1. -1.  1. -1.  1. -1.  1. -1.  1. -1. -1.
 -1.  1. -1.  1.  1.  1.  1. -1. -1.  1.  1. -1. -1.  1.  1. -1.  1.  1.
  1. -1. -1.  1. -1.  1. -1.  1. -1. -1.  1. -1.  1.  1.  1.  1. -1. -1.
  1.  1. -1. -1.  1. -1. -1.  1.  1.  1.  1.  1.  1.  1.  1.  1. -1.  1.
 -1.  1. -1.  1. -1. -1.  1. -1. -1.  1. -1. -1. -1. -1.  1. -1.  1.  1.
  1. -1.  1. -1.  1. -1.  1. -1. -1.  1. -1.  1. -1. -1.  1. -1. -1.  1.
 -1.  1. -1. -1.  1.  1. -1. -1. -1. -1.  1.  1.  1. -1. -1. -1.  1.  1.
  1.  1. -1. -1.  1.  1.  1. -1.  1.]
The value found -47758.0
The Success probability is 0.59
The average value is -47735.47
The total execution time is 14458.62604379654
The average time for execution is 144.5862593793869
The average time for all systems update is 0.19120510110148678
The average time for system tempering update is 0.03220316433507089
The average time for system population update is 7136.518730163574
The average time for replica update is 0.010611171393552856
The average time for spin update is 5.592321137595202e-05
The list of values found 

-47689.0
-47758.0
-47758.0
-47688.0
-47732.0
-47758.0
-47654.0
-47717.0
-47758.0
-47750.0
-47758.0
-47758.0
-47758.0
-47676.0
-47708.0
-47758.0
-47758.0
-47717.0
-47758.0
-47758.0
-47758.0
-47719.0
-47662.0
-47758.0
-47699.0
-47758.0
-47758.0
-47679.0
-47754.0
-47689.0
-47758.0
-47758.0
-47758.0
-47696.0
-47758.0
-47758.0
-47758.0
-47738.0
-47719.0
-47758.0
-47758.0
-47689.0
-47758.0
-47689.0
-47758.0
-47758.0
-47715.0
-47758.0
-47682.0
-47758.0
-47719.0
-47758.0
-47758.0
-47758.0
-47758.0
-47758.0
-47692.0
-47758.0
-47758.0
-47672.0
-47667.0
-47758.0
-47758.0
-47689.0
-47758.0
-47758.0
-47758.0
-47758.0
-47689.0
-47656.0
-47758.0
-47680.0
-47717.0
-47758.0
-47758.0
-47758.0
-47758.0
-47719.0
-47689.0
-47758.0
-47717.0
-47689.0
-47758.0
-47758.0
-47739.0
-47758.0
-47749.0
-47728.0
-47758.0
-47682.0
-47717.0
-47758.0
-47758.0
-47758.0
-47758.0
-47754.0
-47758.0
-47758.0
-47758.0
-47758.0



The list of values first execution 

-45105.11111111111
-45252.27777777778
-45275.27777777778
-45356.5
-45422.0
-45508.333333333336
-45430.77777777778
-45453.11111111111
-45506.22222222222
-45517.166666666664
-45600.61111111111
-45623.77777777778
-45623.444444444445
-45704.166666666664
-45684.833333333336
-45649.5
-45807.333333333336
-45776.72222222222
-45722.055555555555
-45801.22222222222
-45837.333333333336
-45808.0
-45940.5
-45776.11111111111
-45898.11111111111
-45906.5
-45931.88888888889
-46010.61111111111
-46009.555555555555
-46009.666666666664
-45951.11111111111
-45958.833333333336
-45923.166666666664
-46187.38888888889
-46023.77777777778
-46018.38888888889
-46199.27777777778
-46178.833333333336
-46247.444444444445
-46222.38888888889
-46095.11111111111
-46161.38888888889
-46095.333333333336
-46139.944444444445
-46124.72222222222
-46012.944444444445
-46184.833333333336
-46087.333333333336
-46240.0
-46099.444444444445
-46244.88888888889
-46371.166666666664
-46286.11111111111
-46273.72222222222
-46193.5
-46285.333333333336
-46228.77777777778
-46221.444444444445
-46329.0
-46294.61111111111
-46276.5
-46482.555555555555
-46369.666666666664
-46382.833333333336
-46371.833333333336
-46392.444444444445
-46300.0
-46363.72222222222
-46358.38888888889
-46369.666666666664
-46385.444444444445
-46368.77777777778
-46493.72222222222
-46461.38888888889
-46484.5
-46404.38888888889
-46335.0
-46447.72222222222
-46283.5
-46509.11111111111
-46395.11111111111
-46387.0
-46390.555555555555
-46246.61111111111
-46315.27777777778
-46298.61111111111
-46417.27777777778
-46476.11111111111
-46450.72222222222
-46396.166666666664
-46541.11111111111
-46350.055555555555
-46383.555555555555
-46624.944444444445
-46375.0
-46620.666666666664
-46481.22222222222
-46485.22222222222
-46542.333333333336
-46361.833333333336
-46531.055555555555
-46436.555555555555
-46453.11111111111
-46454.055555555555
-46558.166666666664
-46457.77777777778
-46567.055555555555
-46433.944444444445
-46509.833333333336
-46584.88888888889
-46395.88888888889
-46637.38888888889
-46329.666666666664
-46496.944444444445
-46362.555555555555
-46472.333333333336
-46559.944444444445
-46355.333333333336
-46401.61111111111
-46426.61111111111
-46484.61111111111
-46468.72222222222
-46485.38888888889
-46472.666666666664
-46591.61111111111
-46554.666666666664
-46545.27777777778
-46362.555555555555
-46460.61111111111
-46605.77777777778
-46551.38888888889
-46501.77777777778
-46467.77777777778
-46530.61111111111
-46424.38888888889
-46385.27777777778
-46365.944444444445
-46456.61111111111
-46570.22222222222
-46387.166666666664
-46362.72222222222
-46362.0
-46499.444444444445
-46443.77777777778
-46487.11111111111
-46527.055555555555
-46451.77777777778
-46692.5
-46376.72222222222
-46485.166666666664
-46324.555555555555
-46365.61111111111
-46499.72222222222
-46505.5
-46593.72222222222
-46529.77777777778
-46359.555555555555
-46409.61111111111
-46532.27777777778
-46407.22222222222
-46521.444444444445
-46319.77777777778
-46482.22222222222
-46587.666666666664
-46345.61111111111
-46591.11111111111
-46497.0
-46528.88888888889
-46524.5
-46472.72222222222
-46445.666666666664
-46591.333333333336
-46600.11111111111
-46563.11111111111
-46456.166666666664
-46505.444444444445
-46608.38888888889
-46523.72222222222
-46533.444444444445
-46450.22222222222
-46482.5
-46482.555555555555
-46426.72222222222
-46526.444444444445
-46426.666666666664
-46447.61111111111
-46479.72222222222
-46435.27777777778
-46382.5
-46413.11111111111
-46608.055555555555
-46424.88888888889
-46568.444444444445
-46535.333333333336
-46588.555555555555
-46447.77777777778
-46531.38888888889
-46504.833333333336
-46415.88888888889
-46414.0
-46426.333333333336
-46526.0
-46413.0
-46452.77777777778
-46280.77777777778
-46258.0
-46445.88888888889
-46399.444444444445
-46433.944444444445
-46406.11111111111
-46425.666666666664
-46463.944444444445
-46722.27777777778
-46383.666666666664
-46522.5
-46369.27777777778
-46423.555555555555
-46519.0
-46370.5
-46498.833333333336
-46486.833333333336
-46545.27777777778
-46511.555555555555
-46516.166666666664
-46457.833333333336
-46610.944444444445
-46544.833333333336
-46503.72222222222
-46516.555555555555
-46423.77777777778
-46558.11111111111
-46390.11111111111
-46383.444444444445
-46476.166666666664
-46480.11111111111
-46490.27777777778
-46352.944444444445
-46352.5
-46426.333333333336
-46509.72222222222
-46356.444444444445
-46433.77777777778
-46382.944444444445
-46506.38888888889
-46458.166666666664
-46303.666666666664
-46415.944444444445
-46456.11111111111
-46602.88888888889
-46391.5
-46530.77777777778
-46505.5
-46561.444444444445
-46567.944444444445
-46518.22222222222
-46435.72222222222
-46410.11111111111
-46593.555555555555
-46445.333333333336
-46495.72222222222
-46532.61111111111
-46637.38888888889
-46517.72222222222
-46486.444444444445
-46560.77777777778
-46456.055555555555
-46586.77777777778
-46469.88888888889
-46533.444444444445
-46541.444444444445
-46509.11111111111
-46440.88888888889
-46488.055555555555
-46396.055555555555
-46454.72222222222
-46623.22222222222
-46615.61111111111
-46561.833333333336
-46459.22222222222
-46631.77777777778
-46427.11111111111
-46440.61111111111
-46550.333333333336
-46559.444444444445
-46445.944444444445
-46416.61111111111
-46492.0
-46552.555555555555
-46638.055555555555
-46484.22222222222
-46524.333333333336
-46455.166666666664
-46493.333333333336
-46434.0
-46459.38888888889
-46638.833333333336
-46608.333333333336
-46553.666666666664
-46541.22222222222
-46457.27777777778
-46493.166666666664
-46551.27777777778
-46521.444444444445
-46489.27777777778
-46584.055555555555
-46480.444444444445
-46605.61111111111
-46526.22222222222
-46567.27777777778
-46482.27777777778
-46455.11111111111
-46598.666666666664
-46433.444444444445
-46570.444444444445
-46459.61111111111
-46467.166666666664
-46291.27777777778
-46466.333333333336
-46442.5
-46379.444444444445
-46534.555555555555
-46431.666666666664
-46506.61111111111
-46536.77777777778
-46536.555555555555
-46554.72222222222
-46300.77777777778
-46582.27777777778
-46529.444444444445
-46568.833333333336
-46439.77777777778
-46554.444444444445
-46592.27777777778
-46437.555555555555
-46499.833333333336
-46517.055555555555
-46527.333333333336
-46428.666666666664
-46444.11111111111
-46372.77777777778
-46483.11111111111
-46464.5
-46491.27777777778
-46582.944444444445
-46444.333333333336
-46548.61111111111
-46426.27777777778
-46515.11111111111
-46321.22222222222
-46380.944444444445
-46464.833333333336
-46389.27777777778
-46468.22222222222
-46503.444444444445
-46450.166666666664
-46356.666666666664
-46567.166666666664
-46404.72222222222
-46535.11111111111
-46421.5
-46419.38888888889
-46340.555555555555
-46412.555555555555
-46581.666666666664
-46449.77777777778
-46431.333333333336
-46584.27777777778
-46544.555555555555
-46630.333333333336
-46630.27777777778
-46598.77777777778
-46389.88888888889
-46525.833333333336
-46542.555555555555
-46450.666666666664
-46397.22222222222
-46534.77777777778
-46380.5
-46462.055555555555
-46495.72222222222
-46491.72222222222
-46405.0
-46316.944444444445
-46556.77777777778
-46452.055555555555
-46349.5
-46543.666666666664
-46309.88888888889
-46347.0
-46346.055555555555
-46485.666666666664
-46336.61111111111
-46482.555555555555
-46529.166666666664
-46528.11111111111
-46442.333333333336
-46514.61111111111
-46477.055555555555
-46516.22222222222
-46490.833333333336
-46533.055555555555
-46527.333333333336
-46433.666666666664
-46435.944444444445
-46436.38888888889
-46506.72222222222
-46433.333333333336
-46468.72222222222
-46493.0
-46469.27777777778
-46516.88888888889
-46524.944444444445
-46536.11111111111
-46386.61111111111
-46556.27777777778
-46502.0
-46539.333333333336
-46500.666666666664
-46570.444444444445
-46506.38888888889
-46528.444444444445
-46624.555555555555
-46581.055555555555
-46623.61111111111
-46448.61111111111
-46505.055555555555
-46533.055555555555
-46495.11111111111
-46572.666666666664
-46476.61111111111
-46535.333333333336
-46543.166666666664
-46447.22222222222
-46483.5
-46526.61111111111
-46484.166666666664
-46476.88888888889
-46471.166666666664
-46472.72222222222
-46489.444444444445
-46417.77777777778
-46556.333333333336
-46352.0
-46497.833333333336
-46612.22222222222
-46574.555555555555
-46587.27777777778
-46566.5
-46448.333333333336
-46418.666666666664
-46444.61111111111
-46486.944444444445
-46539.5
-46436.055555555555
-46614.0
-46558.833333333336
-46459.444444444445
-46659.666666666664
-46550.0
-46672.38888888889
-46601.5
-46523.27777777778
-46543.61111111111
-46410.77777777778
-46602.944444444445
-46446.27777777778
-46500.38888888889
-46438.88888888889
-46416.833333333336
-46400.0
-46487.5
-46504.77777777778
-46533.944444444445
-46578.333333333336
-46534.11111111111
-46525.77777777778
-46464.666666666664
-46624.166666666664
-46618.166666666664
-46506.77777777778
-46596.22222222222
-46462.555555555555
-46494.944444444445
-46491.833333333336
-46487.5
-46625.77777777778
-46512.77777777778
-46628.88888888889
-46511.88888888889
-46516.88888888889
-46383.88888888889
-46456.055555555555
-46445.5
-46388.666666666664
-46406.22222222222
-46400.27777777778
-46538.055555555555
-46388.61111111111
-46608.333333333336
-46617.38888888889
-46532.055555555555
-46427.88888888889
-46406.0
-46494.27777777778
-46440.333333333336
-46620.88888888889
-46573.61111111111
-46512.055555555555
-46426.555555555555
-46632.833333333336
-46399.88888888889
-46582.77777777778
-46586.5
-46518.72222222222
-46662.666666666664
-46636.72222222222
-46593.11111111111
-46551.833333333336
-46499.72222222222
-46583.88888888889
-46495.333333333336
-46600.944444444445
-46521.5
-46462.27777777778
-46382.444444444445
-46512.72222222222
-46289.77777777778
-46449.666666666664
-46419.27777777778
-46407.61111111111
-46384.444444444445
-46406.166666666664
-46580.27777777778
-46410.38888888889
-46489.555555555555
-46485.5
-46355.944444444445
-46549.11111111111
-46441.166666666664
-46454.77777777778
-46419.555555555555
-46541.5
-46562.38888888889
-46615.88888888889
-46529.72222222222
-46543.333333333336
-46644.22222222222
-46526.61111111111
-46461.333333333336
-46570.88888888889
-46592.11111111111
-46519.72222222222
-46561.666666666664
-46594.61111111111
-46561.88888888889
-46544.72222222222
-46533.5
-46510.166666666664
-46412.444444444445
-46478.444444444445
-46315.38888888889
-46459.61111111111
-46462.22222222222
-46500.055555555555
-46617.944444444445
-46576.0
-46535.555555555555
-46561.38888888889
-46498.11111111111
-46524.72222222222
-46539.88888888889
-46409.555555555555
-46424.166666666664
-46580.055555555555
-46423.61111111111
-46458.833333333336
-46309.555555555555
-46463.77777777778
-46387.5
-46358.22222222222
-46550.166666666664
-46354.666666666664
-46535.88888888889
-46471.77777777778
-46541.38888888889
-46490.444444444445
-46512.22222222222
-46590.38888888889
-46584.88888888889
-46522.5
-46507.77777777778
-46543.666666666664
-46415.666666666664
-46501.61111111111
-46522.666666666664
-46513.11111111111
-46410.166666666664
-46555.88888888889
-46481.77777777778
-46404.944444444445
-46584.72222222222
-46434.27777777778
-46545.833333333336
-46447.11111111111
-46540.77777777778
-46636.77777777778
-46531.27777777778
-46423.88888888889
-46509.5
-46529.72222222222
-46344.666666666664
-46565.166666666664
-46407.38888888889
-46596.666666666664
-46552.944444444445
-46420.0
-46420.555555555555
-46378.72222222222
-46522.944444444445
-46393.38888888889
-46353.5
-46454.555555555555
-46663.833333333336
-46284.944444444445
-46505.27777777778
-46530.833333333336
-46415.11111111111
-46480.88888888889
-46472.11111111111
-46514.944444444445
-46412.055555555555
-46572.77777777778
-46405.166666666664
-46479.555555555555
-46571.88888888889
-46541.88888888889
-46560.61111111111
-46601.11111111111
-46465.11111111111
-46435.166666666664
-46602.61111111111
-46356.833333333336
-46612.833333333336
-46436.055555555555
-46403.61111111111
-46466.055555555555
-46466.055555555555
-46540.666666666664
-46451.444444444445
-46659.5
-46449.5
-46598.444444444445
-46439.055555555555
-46476.666666666664
-46424.666666666664
-46493.88888888889
-46508.22222222222
-46454.61111111111
-46591.38888888889
-46507.944444444445
-46538.555555555555
-46494.166666666664
-46526.555555555555
-46563.833333333336
-46494.333333333336
-46583.0
-46385.88888888889
-46473.61111111111
-46298.38888888889
-46513.27777777778
-46444.61111111111
-46571.166666666664
-46469.88888888889
-46540.833333333336
-46513.72222222222
-46453.555555555555
-46580.22222222222
-46485.61111111111
-46408.0
-46518.72222222222
-46407.555555555555
-46548.5
-46505.333333333336
-46608.88888888889
-46504.61111111111
-46558.72222222222
-46570.0
-46480.555555555555
-46533.22222222222
-46411.77777777778
-46499.88888888889
-46415.77777777778
-46468.77777777778
-46376.555555555555
-46548.0
-46483.166666666664
-46502.833333333336
-46472.72222222222
-46453.5
-46542.0
-46438.944444444445
-46630.61111111111
-46483.555555555555
-46527.444444444445
-46331.11111111111
-46486.444444444445
-46436.5
-46522.833333333336
-46429.444444444445
-46513.666666666664
-46493.833333333336
-46445.72222222222
-46603.88888888889
-46297.666666666664
-46501.333333333336
-46319.055555555555
-46500.72222222222
-46297.61111111111
-46390.666666666664
-46300.055555555555
-46456.0
-46463.944444444445
-46533.055555555555
-46487.666666666664
-46456.77777777778
-46542.333333333336
-46401.055555555555
-46452.833333333336
-46480.38888888889
-46396.444444444445
-46467.72222222222
-46520.5
-46603.555555555555
-46431.88888888889
-46526.22222222222
-46527.666666666664
-46553.0
-46511.555555555555
-46559.444444444445
-46440.77777777778
-46450.22222222222
-46590.666666666664
-46415.77777777778
-46421.72222222222
-46523.72222222222
-46549.666666666664
-46549.11111111111
-46523.666666666664
-46525.11111111111
-46462.555555555555
-46477.0
-46448.22222222222
-46521.666666666664
-46410.77777777778
-46595.833333333336
-46393.833333333336



The list of best values first execution 

-46717.0
-47143.0
-47202.0
-47296.0
-47356.0
-47408.0
-47497.0
-47556.0
-47521.0
-47519.0
-47605.0
-47560.0
-47574.0
-47577.0
-47643.0
-47621.0
-47609.0
-47643.0
-47618.0
-47628.0
-47636.0
-47643.0
-47643.0
-47643.0
-47643.0
-47643.0
-47642.0
-47640.0
-47646.0
-47645.0
-47646.0
-47643.0
-47643.0
-47642.0
-47642.0
-47639.0
-47643.0
-47643.0
-47643.0
-47643.0
-47642.0
-47643.0
-47643.0
-47643.0
-47643.0
-47643.0
-47643.0
-47643.0
-47643.0
-47643.0
-47643.0
-47643.0
-47642.0
-47643.0
-47643.0
-47646.0
-47645.0
-47643.0
-47643.0
-47643.0
-47643.0
-47642.0
-47643.0
-47643.0
-47643.0
-47643.0
-47642.0
-47645.0
-47646.0
-47643.0
-47643.0
-47642.0
-47643.0
-47643.0
-47643.0
-47646.0
-47646.0
-47643.0
-47643.0
-47643.0
-47642.0
-47643.0
-47643.0
-47643.0
-47650.0
-47668.0
-47659.0
-47658.0
-47653.0
-47672.0
-47663.0
-47646.0
-47680.0
-47689.0
-47675.0
-47665.0
-47689.0
-47656.0
-47689.0
-47679.0
-47681.0
-47655.0
-47682.0
-47657.0
-47689.0
-47689.0
-47679.0
-47682.0
-47689.0
-47676.0
-47648.0
-47662.0
-47680.0
-47668.0
-47675.0
-47679.0
-47679.0
-47648.0
-47642.0
-47658.0
-47652.0
-47677.0
-47663.0
-47675.0
-47689.0
-47689.0
-47673.0
-47667.0
-47670.0
-47672.0
-47678.0
-47651.0
-47649.0
-47664.0
-47660.0
-47656.0
-47665.0
-47663.0
-47663.0
-47668.0
-47663.0
-47676.0
-47678.0
-47680.0
-47682.0
-47666.0
-47689.0
-47689.0
-47679.0
-47682.0
-47689.0
-47689.0
-47689.0
-47689.0
-47679.0
-47678.0
-47643.0
-47643.0
-47643.0
-47643.0
-47643.0
-47643.0
-47643.0
-47643.0
-47643.0
-47643.0
-47643.0
-47647.0
-47647.0
-47644.0
-47654.0
-47654.0
-47654.0
-47652.0
-47651.0
-47654.0
-47654.0
-47652.0
-47654.0
-47654.0
-47652.0
-47654.0
-47654.0
-47649.0
-47654.0
-47654.0
-47654.0
-47652.0
-47652.0
-47654.0
-47652.0
-47654.0
-47652.0
-47654.0
-47654.0
-47654.0
-47652.0
-47654.0
-47654.0
-47654.0
-47654.0
-47651.0
-47654.0
-47652.0
-47654.0
-47654.0
-47654.0
-47654.0
-47654.0
-47654.0
-47654.0
-47652.0
-47654.0
-47652.0
-47654.0
-47651.0
-47652.0
-47654.0
-47650.0
-47652.0
-47652.0
-47651.0
-47654.0
-47654.0
-47654.0
-47652.0
-47654.0
-47654.0
-47652.0
-47654.0
-47652.0
-47654.0
-47652.0
-47654.0
-47652.0
-47651.0
-47652.0
-47654.0
-47654.0
-47654.0
-47654.0
-47652.0
-47652.0
-47654.0
-47654.0
-47654.0
-47654.0
-47654.0
-47654.0
-47652.0
-47654.0
-47651.0
-47654.0
-47654.0
-47654.0
-47651.0
-47654.0
-47654.0
-47654.0
-47654.0
-47654.0
-47652.0
-47654.0
-47654.0
-47654.0
-47654.0
-47654.0
-47654.0
-47654.0
-47654.0
-47654.0
-47651.0
-47654.0
-47654.0
-47654.0
-47652.0
-47654.0
-47652.0
-47654.0
-47654.0
-47654.0
-47654.0
-47654.0
-47652.0
-47654.0
-47654.0
-47654.0
-47654.0
-47654.0
-47654.0
-47654.0
-47652.0
-47654.0
-47654.0
-47654.0
-47654.0
-47652.0
-47654.0
-47654.0
-47652.0
-47654.0
-47654.0
-47654.0
-47654.0
-47654.0
-47654.0
-47654.0
-47654.0
-47654.0
-47654.0
-47654.0
-47654.0
-47654.0
-47654.0
-47654.0
-47654.0
-47654.0
-47654.0
-47654.0
-47652.0
-47654.0
-47654.0
-47654.0
-47654.0
-47654.0
-47654.0
-47654.0
-47654.0
-47654.0
-47652.0
-47654.0
-47654.0
-47654.0
-47654.0
-47652.0
-47654.0
-47654.0
-47652.0
-47654.0
-47654.0
-47654.0
-47654.0
-47651.0
-47654.0
-47651.0
-47654.0
-47652.0
-47654.0
-47654.0
-47654.0
-47654.0
-47654.0
-47654.0
-47654.0
-47654.0
-47654.0
-47654.0
-47654.0
-47654.0
-47654.0
-47654.0
-47652.0
-47654.0
-47654.0
-47654.0
-47652.0
-47654.0
-47654.0
-47654.0
-47652.0
-47654.0
-47654.0
-47652.0
-47654.0
-47652.0
-47654.0
-47652.0
-47654.0
-47652.0
-47654.0
-47654.0
-47652.0
-47654.0
-47654.0
-47652.0
-47654.0
-47654.0
-47654.0
-47654.0
-47654.0
-47652.0
-47654.0
-47654.0
-47652.0
-47654.0
-47654.0
-47654.0
-47654.0
-47654.0
-47652.0
-47654.0
-47654.0
-47654.0
-47654.0
-47654.0
-47652.0
-47654.0
-47654.0
-47654.0
-47654.0
-47654.0
-47654.0
-47654.0
-47654.0
-47654.0
-47654.0
-47654.0
-47654.0
-47654.0
-47654.0
-47654.0
-47654.0
-47654.0
-47654.0
-47654.0
-47654.0
-47654.0
-47654.0
-47654.0
-47654.0
-47652.0
-47654.0
-47654.0
-47654.0
-47654.0
-47654.0
-47652.0
-47654.0
-47654.0
-47654.0
-47654.0
-47654.0
-47654.0
-47652.0
-47654.0
-47654.0
-47654.0
-47654.0
-47654.0
-47654.0
-47654.0
-47654.0
-47654.0
-47654.0
-47652.0
-47654.0
-47654.0
-47652.0
-47654.0
-47654.0
-47654.0
-47654.0
-47654.0
-47654.0
-47652.0
-47654.0
-47654.0
-47654.0
-47654.0
-47654.0
-47652.0
-47654.0
-47654.0
-47654.0
-47654.0
-47654.0
-47654.0
-47654.0
-47654.0
-47652.0
-47654.0
-47654.0
-47654.0
-47654.0
-47654.0
-47654.0
-47654.0
-47654.0
-47654.0
-47654.0
-47654.0
-47654.0
-47654.0
-47654.0
-47654.0
-47654.0
-47654.0
-47654.0
-47654.0
-47654.0
-47654.0
-47654.0
-47654.0
-47652.0
-47654.0
-47652.0
-47654.0
-47654.0
-47654.0
-47654.0
-47654.0
-47654.0
-47654.0
-47654.0
-47654.0
-47654.0
-47654.0
-47652.0
-47654.0
-47654.0
-47652.0
-47654.0
-47654.0
-47654.0
-47654.0
-47654.0
-47654.0
-47654.0
-47654.0
-47654.0
-47654.0
-47654.0
-47652.0
-47654.0
-47654.0
-47654.0
-47654.0
-47654.0
-47654.0
-47654.0
-47654.0
-47654.0
-47654.0
-47654.0
-47654.0
-47654.0
-47654.0
-47654.0
-47654.0
-47654.0
-47654.0
-47654.0
-47654.0
-47654.0
-47654.0
-47654.0
-47654.0
-47654.0
-47654.0
-47654.0
-47654.0
-47654.0
-47654.0
-47654.0
-47654.0
-47654.0
-47654.0
-47654.0
-47654.0
-47654.0
-47654.0
-47654.0
-47652.0
-47654.0
-47654.0
-47654.0
-47654.0
-47654.0
-47654.0
-47654.0
-47654.0
-47654.0
-47654.0
-47654.0
-47654.0
-47654.0
-47654.0
-47654.0
-47654.0
-47654.0
-47654.0
-47654.0
-47654.0
-47654.0
-47654.0
-47654.0
-47654.0
-47654.0
-47654.0
-47654.0
-47652.0
-47654.0
-47654.0
-47654.0
-47654.0
-47654.0
-47654.0
-47654.0
-47654.0
-47654.0
-47654.0
-47654.0
-47652.0
-47654.0
-47654.0
-47654.0
-47654.0
-47654.0
-47654.0
-47654.0
-47654.0
-47654.0
-47654.0
-47654.0
-47654.0
-47654.0
-47654.0
-47654.0
-47654.0
-47654.0
-47654.0
-47654.0
-47654.0
-47654.0
-47654.0
-47654.0
-47654.0
-47654.0
-47654.0
-47654.0
-47654.0
-47654.0
-47654.0
-47654.0
-47654.0
-47654.0
-47654.0
-47654.0
-47654.0
-47652.0
-47654.0
-47654.0
-47654.0
-47654.0
-47654.0
-47654.0
-47654.0
-47654.0
-47654.0
-47654.0
-47654.0
-47654.0
-47654.0
-47654.0
-47654.0
-47654.0
-47654.0
-47654.0
-47654.0
-47654.0
-47654.0
-47654.0
-47654.0
-47654.0
-47654.0
-47654.0
-47654.0
-47654.0
-47654.0
-47654.0
-47654.0
-47654.0
-47654.0
-47654.0
-47654.0
-47654.0
-47654.0
-47654.0
-47654.0
-47654.0
-47654.0
-47654.0
-47654.0
-47654.0
-47654.0
-47654.0
-47654.0
-47654.0
-47654.0
-47654.0
-47654.0
-47654.0
-47654.0
-47654.0
-47652.0
-47654.0
-47652.0
-47654.0
-47654.0
-47654.0
-47654.0
-47654.0
-47654.0
-47654.0
-47654.0
-47654.0
-47654.0
-47654.0
-47654.0
-47654.0
-47654.0
-47654.0
-47654.0
-47654.0
-47654.0
-47654.0
-47654.0
-47654.0
-47654.0
-47654.0
-47654.0
-47654.0
-47654.0
-47654.0
-47654.0
-47654.0
-47654.0
-47654.0
-47654.0
-47654.0
-47654.0
-47654.0
-47654.0
-47654.0
-47654.0
-47654.0
-47654.0
-47654.0
-47654.0
-47654.0
-47654.0
-47654.0
-47654.0
-47654.0
-47654.0
-47654.0



The list of values average 

-45050.97055555555
-45242.97777777776
-45348.94666666664
-45398.72555555555
-45437.54999999998
-45466.536666666674
-45492.31722222223
-45517.24777777777
-45537.2188888889
-45562.68333333333
-45577.87666666665
-45597.44888888887
-45619.63777777777
-45633.12055555553
-45649.54666666665
-45654.48666666666
-45675.153888888875
-45694.71166666666
-45706.60777777777
-45726.69055555556
-45738.95722222223
-45768.7111111111
-45777.91444444443
-45799.92999999999
-45824.60333333333
-45828.32166666667
-45867.69333333332
-45876.09111111112
-45907.974444444444
-45906.50777777778
-45933.733888888906
-45944.24666666666
-45966.44666666664
-45983.07388888889
-46003.78611111111
-46015.74777777779
-46016.415
-46046.97944444443
-46069.112222222226
-46093.13666666666
-46105.571111111094
-46108.73944444446
-46128.78055555555
-46123.821111111145
-46152.00277777778
-46164.96777777778
-46168.73222222223
-46179.578333333346
-46195.20444444445
-46209.91444444443
-46213.62944444444
-46222.72888888887
-46234.263888888876
-46238.384444444455
-46244.73277777778
-46251.483888888906
-46258.24555555557
-46272.961666666684
-46279.56555555556
-46292.68055555557
-46304.7444444444
-46316.673888888894
-46316.993888888894
-46320.20222222222
-46325.97166666668
-46337.89833333333
-46319.2827777778
-46345.02666666667
-46357.94999999999
-46363.92277777776
-46362.34833333331
-46358.14111111111
-46376.33333333332
-46378.274444444454
-46366.06833333333
-46397.805000000015
-46392.90999999998
-46383.74888888889
-46403.52333333333
-46393.39833333335
-46414.150555555585
-46400.378333333334
-46416.965555555566
-46417.82222222222
-46412.561111111114
-46427.003888888896
-46437.55222222223
-46443.270000000004
-46433.950555555566
-46438.36499999999
-46430.781111111115
-46443.311111111114
-46445.35444444447
-46439.841666666674
-46457.07277777777
-46449.94333333335
-46456.13500000001
-46439.23666666666
-46447.87111111111
-46451.55833333332
-46455.596111111154
-46454.83055555554
-46457.4866666667
-46465.96999999999
-46456.92000000002
-46480.65444444447
-46453.47555555556
-46479.889444444416
-46465.720555555556
-46469.626666666656
-46478.523888888885
-46473.556666666664
-46482.23833333333
-46466.60166666666
-46482.39777777777
-46473.3611111111
-46487.31111111109
-46480.261666666665
-46478.09611111111
-46476.36944444445
-46491.90666666665
-46487.34111111111
-46475.15555555555
-46489.02833333334
-46477.296111111114
-46488.017777777764
-46480.16944444444
-46481.032777777764
-46494.46944444442
-46475.92888888889
-46488.44555555555
-46476.685555555545
-46479.05666666668
-46476.89388888888
-46485.58444444446
-46488.15444444444
-46469.726111111115
-46493.83111111111
-46484.540000000015
-46481.497222222206
-46488.25166666666
-46481.717777777805
-46475.51722222222
-46488.01722222223
-46484.5772222222
-46480.47888888889
-46482.25944444445
-46482.748888888884
-46481.67722222222
-46486.381666666675
-46487.11555555557
-46492.04833333334
-46489.460000000014
-46497.95555555554
-46487.13000000001
-46491.58833333333
-46482.28666666668
-46489.616666666676
-46487.48499999999
-46487.40777777778
-46492.402777777774
-46486.44611111111
-46494.61944444447
-46483.63999999999
-46492.891111111116
-46490.442222222206
-46507.4811111111
-46493.34277777779
-46495.76722222222
-46483.907222222224
-46483.05222222223
-46499.556111111095
-46482.521666666646
-46493.86999999999
-46497.58666666665
-46495.72222222221
-46487.14833333336
-46487.72999999999
-46493.73388888889
-46501.866666666676
-46500.216111111076
-46482.37055555556
-46494.76222222221
-46479.049444444434
-46488.75055555554
-46499.03111111109
-46497.908333333304
-46496.110000000015
-46491.967222222236
-46494.91277777778
-46496.37222222223
-46497.72944444444
-46479.70777777778
-46494.524999999994
-46480.605
-46486.041111111124
-46482.72833333335
-46486.94611111112
-46495.51388888888
-46480.44611111112
-46512.31166666666
-46501.61944444445
-46511.937222222215
-46506.71055555555
-46501.81
-46499.50444444445
-46486.64944444445
-46493.67833333333
-46499.929444444446
-46497.081666666665
-46489.50722222224
-46502.764444444445
-46490.58611111111
-46490.699444444464
-46487.79833333333
-46487.934444444465
-46494.01055555556
-46491.243888888894
-46500.62111111111
-46511.55166666668
-46500.19166666666
-46492.45111111114
-46502.98944444445
-46497.54055555555
-46491.54166666666
-46497.87277777778
-46488.52722222222
-46492.041666666686
-46484.09222222222
-46490.3911111111
-46485.00333333332
-46497.501111111116
-46492.321111111116
-46499.09666666666
-46503.545
-46495.127777777765
-46498.509999999995
-46500.50555555557
-46501.188333333324
-46504.603888888894
-46500.090555555566
-46503.745
-46497.50722222225
-46496.18722222223
-46503.69944444443
-46502.219444444425
-46495.400555555556
-46506.71333333332
-46503.65722222222
-46504.73277777777
-46505.02722222223
-46499.68833333332
-46510.55333333334
-46495.09388888888
-46498.558888888874
-46499.46999999998
-46496.93833333332
-46484.98944444444
-46493.70055555556
-46498.392777777786
-46506.29833333333
-46500.82000000003
-46493.692777777775
-46502.23833333332
-46496.43888888887
-46488.092777777776
-46505.376666666656
-46492.50666666669
-46491.732777777775
-46485.82555555555
-46502.54722222224
-46484.77555555557
-46497.28111111109
-46485.11833333335
-46482.72444444444
-46487.86444444444
-46488.01388888889
-46491.09222222223
-46487.09777777775
-46498.11611111111
-46488.620555555564
-46496.112222222226
-46498.13055555559
-46491.30166666666
-46498.5572222222
-46505.01444444445
-46499.73999999997
-46492.59722222222
-46487.33944444444
-46492.40888888891
-46489.64222222223
-46474.39666666666
-46504.82944444444
-46490.866111111114
-46506.27333333335
-46503.29166666664
-46495.70777777777
-46490.1022222222
-46486.5577777778
-46489.66277777777
-46481.83944444442
-46498.60000000002
-46478.770000000004
-46494.07888888889
-46490.698888888895
-46496.61444444444
-46501.038333333345
-46500.016666666634
-46500.01666666667
-46499.62333333333
-46501.55555555557
-46495.31499999999
-46486.27222222222
-46482.375555555576
-46486.95
-46494.49388888888
-46492.56444444443
-46487.05555555555
-46490.10055555556
-46487.68944444444
-46487.79277777778
-46497.9438888889
-46486.41944444444
-46501.87666666666
-46490.184444444436
-46483.9711111111
-46482.363888888874
-46485.459444444445
-46487.75055555556
-46495.4527777778
-46477.12611111113
-46482.84499999999
-46484.22777777778
-46496.15444444445
-46486.07555555554
-46477.541111111095
-46489.21611111112
-46498.01000000001
-46477.62388888888
-46481.55999999999
-46486.912777777754
-46487.61833333333
-46485.44611111111
-46498.170000000006
-46488.65999999998
-46482.340555555566
-46477.63166666665
-46476.338888888895
-46494.841111111105
-46489.416111111124
-46486.39444444446
-46478.23833333334
-46486.88944444445
-46488.62000000001
-46488.01111111109
-46497.112777777795
-46487.38777777777
-46491.15666666666
-46477.551111111105
-46481.924444444434
-46479.19444444444
-46474.507222222215
-46490.67888888887
-46489.26222222221
-46494.18944444445
-46484.597777777766
-46481.73222222223
-46477.97722222221
-46497.5
-46483.07166666667
-46480.943888888876
-46490.89222222219
-46482.417222222204
-46475.236666666664
-46489.73055555556
-46476.64333333335
-46483.06500000001
-46483.519444444435
-46478.3111111111
-46490.008888888886
-46486.79777777776
-46491.748333333344
-46489.43333333331
-46483.98166666666
-46491.13611111114
-46472.63777777779
-46497.9711111111
-46482.2872222222
-46488.31611111111
-46483.4122222222
-46484.99333333334
-46482.91277777778
-46473.5038888889
-46484.65944444444
-46490.485555555555
-46498.09944444444
-46490.09222222224
-46489.91444444447
-46478.23888888887
-46487.85444444446
-46488.86666666667
-46488.25777777776
-46501.51555555555
-46487.16000000002
-46486.22444444446
-46484.39388888889
-46480.94944444442
-46491.28777777778
-46485.75555555557
-46490.755000000005
-46490.32944444447
-46493.39444444442
-46492.615
-46475.345555555556
-46486.74444444444
-46483.001111111116
-46494.24999999998
-46492.23500000001
-46481.358888888884
-46491.236666666664
-46475.80277777776
-46460.62444444442
-46479.395
-46482.81
-46470.40444444443
-46486.70555555557
-46488.64222222222
-46486.35055555558
-46488.489444444436
-46486.22666666665
-46492.58555555556
-46481.91999999999
-46491.87222222222
-46493.189444444426
-46493.46722222222
-46484.88722222221
-46487.19722222223
-46478.803333333344
-46482.92333333334
-46490.21055555555
-46484.11222222223
-46490.82166666668
-46472.081111111125
-46489.99166666667
-46478.16833333334
-46493.27000000001
-46486.929999999986
-46486.42166666667
-46480.7311111111
-46470.18722222222
-46487.276111111096
-46480.01722222223
-46483.06111111112
-46476.986666666664
-46487.53722222222
-46482.032777777764
-46471.53555555556
-46483.69388888886
-46467.97833333335
-46493.120555555564
-46483.59666666667
-46485.40277777778
-46492.98055555556
-46494.11833333332
-46492.01333333336
-46477.24277777778
-46495.77611111111
-46472.637777777774
-46492.007777777784
-46478.92722222224
-46488.27611111112
-46485.67333333331
-46493.598333333335
-46480.36888888889
-46492.07888888891
-46478.31555555554
-46483.02388888891
-46497.86055555556
-46483.27388888889
-46482.87111111112
-46476.98999999999
-46486.06666666667
-46478.84888888889
-46483.627222222225
-46491.79277777777
-46485.84388888889
-46485.336666666684
-46484.68666666664
-46493.940555555586
-46481.50666666669
-46485.175
-46485.75166666667
-46483.97166666669
-46483.622777777775
-46480.042222222226
-46482.45499999999
-46477.696666666685
-46487.01055555556
-46480.30055555555
-46472.74388888889
-46483.345
-46484.84166666666
-46481.502222222225
-46479.87166666669
-46462.391111111094
-46476.372777777746
-46475.385555555564
-46471.63833333333
-46494.35722222221
-46488.7
-46482.11444444445
-46481.93500000003
-46480.75277777777
-46487.953888888886
-46476.14611111111
-46490.71444444444
-46486.79222222222
-46482.33
-46481.04111111111
-46481.68722222223
-46476.2238888889
-46489.787222222236
-46479.1788888889
-46493.72111111111
-46481.391666666656
-46475.00777777776
-46481.43944444444
-46483.666111111124
-46474.58388888889
-46483.33944444446
-46492.09277777776
-46478.42000000002
-46483.608333333344
-46489.14666666666
-46482.85666666668
-46474.12555555554
-46465.06777777779
-46469.14444444446
-46469.82499999999
-46474.07
-46488.855555555565
-46486.53277777778
-46491.43444444446
-46484.65111111112
-46493.77277777777
-46488.154444444444
-46480.88388888891
-46487.977777777756
-46488.69611111114
-46494.611666666686
-46485.76444444446
-46481.317222222235
-46471.56333333334
-46481.01555555554
-46470.527222222234
-46478.72388888889
-46491.806666666664
-46479.04277777778
-46481.17611111111
-46486.88444444445
-46471.83555555556
-46488.28222222222
-46477.56999999999
-46478.284444444456
-46480.53555555556
-46493.426666666644
-46467.47777777777
-46486.61333333333
-46472.90611111112
-46486.28055555556
-46476.60333333335
-46475.137222222234
-46483.46555555558
-46478.43944444445
-46479.6661111111
-46483.01888888889
-46476.26388888888
-46478.470000000016
-46480.48666666667
-46481.706111111096
-46486.11555555556
-46482.43499999999
-46488.11611111112
-46496.89722222224
-46483.2488888889
-46494.99055555556
-46477.62166666666
-46464.42444444444
-46490.016111111094
-46480.807222222225
-46489.57833333331
-46476.522777777776
-46481.23722222222
-46468.68500000002
-46476.99166666667
-46478.08222222223
-46465.90999999998
-46482.786666666645
-46483.60499999999
-46482.04666666667
-46487.548333333325
-46487.69555555557
-46480.6888888889
-46492.29833333335
-46482.48888888889
-46489.82277777777
-46478.49833333333
-46479.659444444434
-46494.20833333334
-46476.26499999999
-46476.80888888888
-46479.01222222223
-46488.69000000001
-46470.78444444445
-46489.012777777774
-46479.10833333334
-46490.253333333334
-46487.152777777774
-46478.79944444446
-46476.00055555558
-46478.30944444443
-46468.00555555557
-46479.63277777777
-46474.32833333334
-46478.604999999996
-46476.210555555546
-46481.40277777781
-46475.8688888889
-46483.22777777777
-46473.21055555555
-46481.285
-46470.57111111112
-46480.622222222206
-46466.94444444447
-46470.81499999999
-46478.56000000001
-46486.82944444444
-46494.94888888888
-46498.36888888891
-46490.66222222223
-46485.59333333334
-46489.6861111111
-46485.88777777779
-46478.71277777775
-46474.801111111134
-46482.50222222223
-46476.87777777777
-46475.14666666665
-46476.67666666667
-46473.03722222224
-46467.729444444434
-46469.19166666668
-46466.95666666665
-46475.534444444434
-46464.77888888888
-46481.434444444436
-46478.635
-46472.205
-46468.40833333332
-46478.31055555555
-46473.799444444434
-46477.35833333334
-46481.280000000006
-46477.07722222224
-46478.13111111113
-46487.57333333331
-46490.50944444443
-46479.79222222223
-46478.93055555553
-46475.05055555554
-46474.01999999998
-46474.0688888889
-46479.77666666669
-46487.78944444442
-46477.78333333334
-46464.58388888889
-46478.59333333332
-46475.4211111111
-46481.16611111111
-46490.423888888894
-46481.82944444442
-46490.51111111113
-46479.67000000002
-46487.84944444444
-46496.343888888885
-46482.53055555555
-46474.47833333331
-46474.426111111105
-46477.46111111111
-46467.79555555555
-46480.292222222226
-46471.10833333336
-46468.24444444444
-46470.792222222226
-46474.37166666667
-46469.824444444464
-46476.4411111111
-46483.973888888904
-46480.97333333335
-46470.34277777779
-46476.749444444446
-46471.07055555555
-46474.27944444445
-46478.412222222236
-46471.26777777779
-46464.07999999998
-46474.67777777779
-46464.80666666664
-46479.181666666664
-46471.283333333326
-46462.63277777778
-46462.813333333324
-46462.67388888886
-46472.15499999998
-46483.13333333334
-46485.51111111111
-46476.22388888888
-46478.655
-46469.969444444454
-46475.76444444446
-46473.915
-46477.886666666665
-46480.45666666669
-46467.59888888892
-46485.25166666667
-46472.91499999998
-46487.71166666666
-46480.53555555556
-46481.91722222224
-46473.24222222223
-46484.88166666669
-46482.48611111112
-46481.204999999994
-46487.67722222221
-46481.19888888889
-46465.11666666666
-46460.635555555564
-46477.534999999996
-46471.27777777777
-46477.57166666666
-46480.88666666666
-46466.84
-46476.267777777786
-46469.196666666656
-46467.99833333332
-46473.9122222222
-46452.98444444443
-46471.42944444445
-46471.91833333334
-46473.20833333334
-46478.29055555556
-46476.03833333333
-46466.40166666665
-46485.85166666668
-46484.164444444454
-46474.10333333336



The list of best values average 

-46532.99
-47024.2
-47219.08000000001
-47325.05
-47381.59000000001
-47430.38
-47458.52000000001
-47487.60999999999
-47506.399999999994
-47519.15999999998
-47524.81
-47530.54000000003
-47537.21000000003
-47547.020000000004
-47553.390000000014
-47556.13000000001
-47564.67000000003
-47570.05000000001
-47572.209999999985
-47572.77
-47580.31000000001
-47584.670000000006
-47588.45000000001
-47588.97999999998
-47591.64000000002
-47592.37000000001
-47597.01
-47596.90000000001
-47600.44
-47597.99000000001
-47600.73999999999
-47601.81999999999
-47604.819999999985
-47603.69000000002
-47607.17
-47603.619999999995
-47606.25
-47605.42
-47608.15
-47605.37999999999
-47607.36999999999
-47609.280000000006
-47605.06
-47610.55
-47609.88
-47612.00999999999
-47611.61
-47615.40999999999
-47614.939999999995
-47615.969999999994
-47615.46
-47614.51000000001
-47618.04
-47618.070000000014
-47618.270000000004
-47620.22
-47617.439999999995
-47623.740000000005
-47623.270000000004
-47624.97000000001
-47629.079999999994
-47626.02999999999
-47629.61
-47632.27000000001
-47630.450000000004
-47633.54999999999
-47637.009999999995
-47639.309999999976
-47637.85000000001
-47641.53
-47641.17999999997
-47643.229999999996
-47645.93000000002
-47646.27000000001
-47650.85000000001
-47650.05000000004
-47654.23
-47651.93
-47650.320000000014
-47656.47000000002
-47657.19
-47657.43
-47659.38000000002
-47662.00000000001
-47662.53000000001
-47666.760000000024
-47668.210000000014
-47668.76000000002
-47668.969999999994
-47675.30000000002
-47677.649999999994
-47678.03000000001
-47675.54000000001
-47682.120000000024
-47683.409999999996
-47683.82999999998
-47687.040000000015
-47688.74999999999
-47688.26000000002
-47690.510000000024
-47690.78999999999
-47692.189999999995
-47695.14000000002
-47695.72
-47697.10000000001
-47699.310000000005
-47696.41000000002
-47698.29000000003
-47696.34999999999
-47697.81000000001
-47700.90000000003
-47702.04000000002
-47700.64999999998
-47701.119999999995
-47699.02000000003
-47701.77000000001
-47700.350000000006
-47700.17000000003
-47703.21000000002
-47700.98000000001
-47702.70000000002
-47704.80000000003
-47705.740000000034
-47703.210000000014
-47705.050000000025
-47705.07000000002
-47707.35000000001
-47705.76000000004
-47705.51000000001
-47705.65000000004
-47704.06000000003
-47704.490000000005
-47706.73000000002
-47704.400000000016
-47704.09000000003
-47705.730000000025
-47706.38
-47706.79
-47699.76000000003
-47702.92
-47701.050000000025
-47700.17000000003
-47700.82000000003
-47701.96000000001
-47701.17000000001
-47700.21000000001
-47699.58000000003
-47701.51000000001
-47700.350000000035
-47702.31000000002
-47701.02000000002
-47702.10999999999
-47701.070000000014
-47702.480000000025
-47701.930000000015
-47701.24000000002
-47702.56999999999
-47702.159999999996
-47702.51000000002
-47701.99000000004
-47701.75000000002
-47704.05000000002
-47703.66000000001
-47702.50000000004
-47703.080000000016
-47703.00000000002
-47701.620000000024
-47702.44000000001
-47704.660000000025
-47703.860000000015
-47702.99000000001
-47702.380000000034
-47704.70000000002
-47704.07000000003
-47705.35000000003
-47703.290000000015
-47703.10000000002
-47704.37000000004
-47704.030000000006
-47703.60000000001
-47704.89
-47704.370000000024
-47705.23000000004
-47702.96000000003
-47704.05000000002
-47703.10000000002
-47705.21000000003
-47705.160000000025
-47703.99000000003
-47704.980000000025
-47703.870000000024
-47703.64000000004
-47703.85000000004
-47700.960000000036
-47702.39000000004
-47702.79000000003
-47702.88000000001
-47700.340000000026
-47700.57000000003
-47700.57000000002
-47702.42000000003
-47701.02000000002
-47701.21000000003
-47701.07000000005
-47700.740000000034
-47701.76000000002
-47703.13000000002
-47703.17000000002
-47703.11000000004
-47700.59000000004
-47702.80000000005
-47703.52000000003
-47704.250000000015
-47702.490000000034
-47701.59000000002
-47703.15000000003
-47702.92000000003
-47704.04000000002
-47704.75000000003
-47702.62000000004
-47704.07000000004
-47703.68000000004
-47703.25000000002
-47704.190000000024
-47703.20000000002
-47703.42000000001
-47703.81000000005
-47704.51000000004
-47702.340000000026
-47700.97000000003
-47701.25000000003
-47701.43000000003
-47700.940000000024
-47701.62000000001
-47701.35000000002
-47702.430000000044
-47702.27000000003
-47702.540000000045
-47701.27000000003
-47702.17000000001
-47702.36000000003
-47702.910000000025
-47700.79000000003
-47701.660000000025
-47699.92000000001
-47701.56000000001
-47700.910000000025
-47700.930000000015
-47702.140000000036
-47702.020000000026
-47702.08000000002
-47700.250000000015
-47700.97000000002
-47700.15000000002
-47701.32000000003
-47700.41000000001
-47701.14000000001
-47701.48000000003
-47701.93000000002
-47700.58000000002
-47701.13000000002
-47702.33000000003
-47701.81000000003
-47700.99000000003
-47701.41000000003
-47702.13000000004
-47701.59000000003
-47700.85000000004
-47702.09000000002
-47701.330000000016
-47700.79000000002
-47701.13000000002
-47700.120000000024
-47700.83000000002
-47700.85000000003
-47700.54000000004
-47701.21000000002
-47700.58000000002
-47700.72000000002
-47701.200000000026
-47701.32000000002
-47701.30000000003
-47700.21000000002
-47699.68000000003
-47700.90000000003
-47699.380000000034
-47699.84000000003
-47700.43000000004
-47698.030000000035
-47697.88000000004
-47698.67000000003
-47698.52000000004
-47697.32000000003
-47697.30000000003
-47696.40000000003
-47697.04000000002
-47695.88000000003
-47697.30000000002
-47694.65000000004
-47695.95000000003
-47695.61000000004
-47695.41000000003
-47695.60000000004
-47694.270000000026
-47693.960000000036
-47694.97000000002
-47694.35000000002
-47694.78000000003
-47695.52000000003
-47693.91000000003
-47691.870000000046
-47689.61000000003
-47689.84000000002
-47689.70000000002
-47688.94000000004
-47688.880000000034
-47689.06000000003
-47687.62000000002
-47687.940000000024
-47687.63000000002
-47685.43000000003
-47685.68000000003
-47685.660000000025
-47685.46000000003
-47685.35000000004
-47685.480000000025
-47685.40000000004
-47685.08000000004
-47685.23000000003
-47685.02000000002
-47685.780000000035
-47684.56000000001
-47683.840000000026
-47684.66000000003
-47685.38000000004
-47685.67000000002
-47685.06000000002
-47685.230000000025
-47684.30000000003
-47685.27000000003
-47683.85000000003
-47684.22000000003
-47683.90000000002
-47684.480000000025
-47684.190000000024
-47684.93000000003
-47685.75000000004
-47685.600000000035
-47683.690000000024
-47683.71000000003
-47683.950000000026
-47681.99000000003
-47679.98000000003
-47679.85000000003
-47678.700000000026
-47678.17000000003
-47678.25000000002
-47678.18000000003
-47677.88000000001
-47678.46000000001
-47678.190000000024
-47679.060000000034
-47678.94000000002
-47677.58000000001
-47677.330000000016
-47677.16000000002
-47677.180000000015
-47676.38000000003
-47675.95000000001
-47676.79000000002
-47677.17000000001
-47675.84000000001
-47676.69000000002
-47676.38000000003
-47676.27000000001
-47677.13000000002
-47677.23000000002
-47677.05000000002
-47676.97000000003
-47678.00000000002
-47678.49000000001
-47675.750000000015
-47676.04000000002
-47677.300000000025
-47675.59000000002
-47676.04000000002
-47676.700000000026
-47677.410000000025
-47677.06000000003
-47676.46000000003
-47677.660000000025
-47677.54000000004
-47677.780000000035
-47676.85000000003
-47676.72000000003
-47677.40000000002
-47677.13000000003
-47677.66000000002
-47676.25000000002
-47675.870000000024
-47675.390000000014
-47675.94000000002
-47675.590000000026
-47674.88000000002
-47675.34000000001
-47675.90000000002
-47675.15000000001
-47675.490000000005
-47675.47000000002
-47676.27000000002
-47675.790000000015
-47675.28000000002
-47675.48000000003
-47675.55000000002
-47675.13000000002
-47675.770000000026
-47675.33000000002
-47675.45000000001
-47675.99000000002
-47676.320000000014
-47675.340000000026
-47675.78000000001
-47675.53000000003
-47675.960000000014
-47676.340000000026
-47675.65000000003
-47675.770000000026
-47675.73000000002
-47676.490000000005
-47676.22000000002
-47675.61000000002
-47675.33000000002
-47675.250000000015
-47674.85000000003
-47674.97000000002
-47673.75000000002
-47674.22000000002
-47674.54000000001
-47673.90000000002
-47674.10000000002
-47674.48000000002
-47673.98000000002
-47674.53000000002
-47673.850000000006
-47673.45000000001
-47674.390000000014
-47674.10000000002
-47673.140000000014
-47674.31000000001
-47674.12000000002
-47674.330000000016
-47674.10000000002
-47673.74000000002
-47673.81000000003
-47674.27000000001
-47674.520000000026
-47673.91000000003
-47674.42000000003
-47673.81000000003
-47673.40000000002
-47673.50000000002
-47674.270000000026
-47674.16000000003
-47674.440000000024
-47674.170000000035
-47674.01000000003
-47674.28000000002
-47675.17000000002
-47675.35000000002
-47675.06000000002
-47674.90000000002
-47674.81000000001
-47675.040000000015
-47674.59000000001
-47675.21000000002
-47674.0
-47674.06000000001
-47674.87
-47674.22
-47674.07000000001
-47674.270000000004
-47674.03
-47674.24000000001
-47674.19
-47674.01000000002
-47674.020000000004
-47674.37000000001
-47673.47000000001
-47673.970000000016
-47673.220000000016
-47674.26000000001
-47674.0
-47674.17000000001
-47673.75000000001
-47674.55000000001
-47673.58000000002
-47673.38000000001
-47673.99000000002
-47673.63000000001
-47673.72000000002
-47673.970000000016
-47673.11000000002
-47673.23000000002
-47673.930000000015
-47674.12000000002
-47674.090000000004
-47674.18000000001
-47674.38000000001
-47672.99000000001
-47673.87000000002
-47673.580000000016
-47673.62000000002
-47673.3
-47673.50000000001
-47672.9
-47673.28000000001
-47673.37000000002
-47672.24000000001
-47673.68
-47673.59000000001
-47672.95000000001
-47671.78000000001
-47671.790000000015
-47671.610000000015
-47671.85000000001
-47671.75000000002
-47671.54000000002
-47671.56000000002
-47671.59000000001
-47672.06000000002
-47671.61000000002
-47670.77000000002
-47671.60000000002
-47671.820000000014
-47669.70000000002
-47669.99000000002
-47670.13000000003
-47669.76000000002
-47669.85000000002
-47670.05000000002
-47669.62000000002
-47670.25000000001
-47670.40000000002
-47669.540000000015
-47670.05000000002
-47670.24000000003
-47669.91000000001
-47669.79000000001
-47670.38000000002
-47670.580000000016
-47669.86000000001
-47670.37000000002
-47670.19000000002
-47670.28000000002
-47670.48000000002
-47670.05000000002
-47670.03000000002
-47669.92000000002
-47670.17000000001
-47669.80000000002
-47669.43000000002
-47669.900000000016
-47669.63000000001
-47668.83000000002
-47667.290000000015
-47666.930000000015
-47666.98000000002
-47667.70000000002
-47666.68000000002
-47667.18000000002
-47667.42000000002
-47667.680000000015
-47667.63000000001
-47667.99000000001
-47667.21000000002
-47667.88000000002
-47667.41000000001
-47667.110000000015
-47667.29000000002
-47667.75000000002
-47667.71000000002
-47667.51000000001
-47667.12000000002
-47667.75000000003
-47667.22000000003
-47667.68000000002
-47667.85000000002
-47667.160000000025
-47667.66000000001
-47667.42000000002
-47667.73000000002
-47667.330000000016
-47667.55000000002
-47667.35000000002
-47667.050000000025
-47667.47000000002
-47666.85000000001
-47667.81000000002
-47667.32000000002
-47667.200000000026
-47667.270000000026
-47666.70000000002
-47666.65000000002
-47667.270000000026
-47667.260000000024
-47667.32000000003
-47667.52000000003
-47667.95000000002
-47667.340000000026
-47667.48000000003
-47666.97000000002
-47667.870000000024
-47667.61000000003
-47668.14000000002
-47667.85000000001
-47667.260000000024
-47667.18000000004
-47666.95000000003
-47666.80000000003
-47666.72000000002
-47667.33000000003
-47667.09000000003
-47667.32000000003
-47666.78000000002
-47666.70000000001
-47667.08000000002
-47665.36000000003
-47665.550000000025
-47666.280000000035
-47666.450000000026
-47666.38000000001
-47665.37000000003
-47665.67000000003
-47666.25000000002
-47666.650000000016
-47665.95000000002
-47666.24000000002
-47666.81000000002
-47667.13000000003
-47666.83000000003
-47667.11000000002
-47667.27000000002
-47666.87000000002
-47666.44000000002
-47666.40000000002
-47666.53000000002
-47666.18000000003
-47665.40000000002
-47665.64000000002
-47666.39000000002
-47664.63000000003
-47664.66000000002
-47663.78000000002
-47663.67000000003
-47663.820000000014
-47664.03000000003
-47664.610000000015
-47663.82000000003
-47664.31000000002
-47664.270000000026
-47664.26000000002
-47664.68000000002
-47664.65000000003
-47664.04000000002
-47664.62000000002
-47664.48000000002
-47663.960000000014
-47664.35000000001
-47664.31000000001
-47664.710000000014
-47664.07000000002
-47664.74000000001
-47663.99000000003
-47664.04000000002
-47663.34000000002
-47664.31000000001
-47663.68000000002
-47664.17000000002
-47663.81000000002
-47663.48000000001
-47664.49000000003
-47664.26000000002
-47663.150000000016
-47664.03000000002
-47663.870000000024
-47663.970000000016
-47663.88000000002
-47664.07
-47664.04000000002
-47664.49000000001
-47664.08000000002
-47663.83000000001
-47663.62000000001
-47663.55000000001
-47663.52000000001
-47664.16000000001
-47664.13000000001
-47663.35000000002
-47663.97000000002
-47664.17000000001
-47664.02000000001
-47661.76000000001
-47662.68000000001
-47662.73000000001
-47662.41000000001
-47662.100000000006
-47662.43
-47662.93
-47662.2
-47661.780000000006
-47661.55000000002
-47662.0
-47661.920000000006
-47661.94000000001
-47661.92000000001
-47661.98000000002
-47662.15000000001
-47661.58000000001
-47661.98000000001
-47661.65000000001
-47662.33000000001
-47661.49000000001
-47661.75
-47662.280000000006
-47661.750000000015
-47661.54000000002
-47661.86000000002
-47662.720000000016
-47661.88000000002
-47661.920000000006
-47661.71000000002
-47661.56000000001
-47661.360000000015
-47662.060000000005
-47662.320000000014
-47661.700000000004
-47661.780000000006
-47661.24
-47659.70000000002
-47660.33000000001
-47659.09000000001
-47659.11000000001
-47658.71
-47659.530000000006
-47659.50000000001
-47659.07000000001
-47658.86000000001
-47658.32000000002
-47658.82
-47658.940000000024
-47657.370000000024
-47658.29000000001
-47658.05000000001
-47658.540000000015
-47657.990000000005
-47658.01000000001
