----------Report of simulation of Quantum Population Annealing-----------
The number of considered Spin 47
The considered Annealing Duration 188
The considered Annealing Number 100
The considered T 1.0
The considered Gamma0 1.0
The considered Number Of Replica 3
The considered Number Of System 6
The solution found [-1.  1.  1. -1.  1. -1. -1.  1. -1.  1.  1. -1. -1. -1.  1. -1. -1. -1.
  1. -1.  1.  1.  1.  1.  1.  1.  1. -1.  1.  1. -1. -1.  1.  1. -1. -1.
 -1.  1.  1.  1.  1. -1.  1. -1. -1. -1. -1.]
The value found -3153.0
The Success probability is 1.0
The average value is -3153.0
The total execution time is 304.405802488327
The average time for execution is 3.0440559077262876
The average time for all systems update is 0.0161224964578101
The average time for system update is 0.002666335685033325
The average time for replica update is 0.0008883001731078957
The average time for spin update is 1.859758279913718e-05
The list of values found 

-3153.0
-3153.0
-3153.0
-3153.0
-3153.0
-3153.0
-3153.0
-3153.0
-3153.0
-3153.0
-3153.0
-3153.0
-3153.0
-3153.0
-3153.0
-3153.0
-3153.0
-3153.0
-3153.0
-3153.0
-3153.0
-3153.0
-3153.0
-3153.0
-3153.0
-3153.0
-3153.0
-3153.0
-3153.0
-3153.0
-3153.0
-3153.0
-3153.0
-3153.0
-3153.0
-3153.0
-3153.0
-3153.0
-3153.0
-3153.0
-3153.0
-3153.0
-3153.0
-3153.0
-3153.0
-3153.0
-3153.0
-3153.0
-3153.0
-3153.0
-3153.0
-3153.0
-3153.0
-3153.0
-3153.0
-3153.0
-3153.0
-3153.0
-3153.0
-3153.0
-3153.0
-3153.0
-3153.0
-3153.0
-3153.0
-3153.0
-3153.0
-3153.0
-3153.0
-3153.0
-3153.0
-3153.0
-3153.0
-3153.0
-3153.0
-3153.0
-3153.0
-3153.0
-3153.0
-3153.0
-3153.0
-3153.0
-3153.0
-3153.0
-3153.0
-3153.0
-3153.0
-3153.0
-3153.0
-3153.0
-3153.0
-3153.0
-3153.0
-3153.0
-3153.0
-3153.0
-3153.0
-3153.0
-3153.0
-3153.0



The list of values first execution 

-2785.5
-2819.1666666666665
-2822.4444444444443
-2840.6111111111113
-2828.8888888888887
-2842.722222222222
-2867.3333333333335
-2866.9444444444443
-2901.5
-2935.3333333333335
-2939.4444444444443
-2921.722222222222
-2952.0
-2993.5555555555557
-2990.722222222222
-2993.0555555555557
-3027.277777777778
-3033.9444444444443
-3046.0
-3053.0555555555557
-3049.1666666666665
-3043.8888888888887
-3056.0555555555557
-3071.3333333333335
-3086.3333333333335
-3071.1666666666665
-3085.277777777778
-3099.4444444444443
-3086.3888888888887
-3094.8333333333335
-3103.5555555555557
-3111.0
-3118.0555555555557
-3117.8333333333335
-3119.0555555555557
-3105.722222222222
-3110.777777777778
-3105.1111111111113
-3124.8333333333335
-3126.9444444444443
-3126.222222222222
-3123.1111111111113
-3125.277777777778
-3126.0
-3127.3333333333335
-3134.8333333333335
-3134.1111111111113
-3128.5555555555557
-3126.9444444444443
-3130.6111111111113
-3130.0555555555557
-3134.722222222222
-3139.4444444444443
-3139.6111111111113
-3138.222222222222
-3135.4444444444443
-3139.3333333333335
-3138.0555555555557
-3136.722222222222
-3139.1111111111113
-3137.5555555555557
-3140.0
-3135.722222222222
-3134.5
-3134.6111111111113
-3131.8888888888887
-3138.3333333333335
-3135.777777777778
-3137.5555555555557
-3141.277777777778
-3138.3333333333335
-3139.4444444444443
-3140.1666666666665
-3138.0555555555557
-3140.5555555555557
-3139.4444444444443
-3138.3888888888887
-3141.1666666666665
-3144.8888888888887
-3143.4444444444443
-3142.8333333333335
-3146.0
-3146.8333333333335
-3148.8888888888887
-3149.777777777778
-3150.0555555555557
-3148.6666666666665
-3148.6111111111113
-3150.3333333333335
-3149.777777777778
-3149.5555555555557
-3148.9444444444443
-3147.8333333333335
-3149.9444444444443
-3149.8888888888887
-3149.222222222222
-3148.722222222222
-3149.4444444444443
-3149.0555555555557
-3148.8333333333335
-3150.3333333333335
-3149.722222222222
-3149.3333333333335
-3148.5
-3149.277777777778
-3150.3333333333335
-3149.9444444444443
-3150.0555555555557
-3149.722222222222
-3149.0555555555557
-3150.0555555555557
-3150.0
-3149.3888888888887
-3149.222222222222
-3150.3333333333335
-3150.0555555555557
-3150.0555555555557
-3148.6111111111113
-3149.8888888888887
-3149.9444444444443
-3151.6666666666665
-3152.1111111111113
-3152.0
-3151.4444444444443
-3152.5555555555557
-3153.0
-3153.0
-3153.0
-3153.0
-3153.0
-3153.0
-3153.0
-3153.0
-3153.0
-3153.0
-3153.0
-3153.0
-3153.0
-3153.0
-3153.0
-3153.0
-3153.0
-3153.0
-3153.0
-3153.0
-3153.0
-3153.0
-3153.0
-3153.0
-3153.0
-3153.0
-3153.0
-3153.0
-3153.0
-3153.0
-3153.0
-3153.0
-3153.0
-3153.0
-3153.0
-3153.0
-3153.0
-3153.0
-3153.0
-3153.0
-3153.0
-3153.0
-3153.0
-3153.0
-3153.0
-3153.0
-3153.0
-3153.0
-3153.0
-3153.0
-3153.0
-3153.0
-3153.0
-3153.0
-3153.0
-3153.0
-3153.0
-3153.0
-3153.0
-3153.0
-3153.0
-3153.0
-3153.0



The list of best values first execution 

-2893.0
-2943.0
-2920.0
-2900.0
-2925.0
-2916.0
-2961.0
-2958.0
-3079.0
-3026.0
-3008.0
-3000.0
-3031.0
-3107.0
-3131.0
-3080.0
-3139.0
-3107.0
-3114.0
-3131.0
-3145.0
-3109.0
-3131.0
-3122.0
-3137.0
-3142.0
-3143.0
-3134.0
-3139.0
-3142.0
-3138.0
-3142.0
-3143.0
-3142.0
-3142.0
-3140.0
-3140.0
-3143.0
-3140.0
-3142.0
-3140.0
-3145.0
-3143.0
-3145.0
-3145.0
-3153.0
-3145.0
-3143.0
-3143.0
-3153.0
-3153.0
-3145.0
-3145.0
-3145.0
-3153.0
-3145.0
-3145.0
-3145.0
-3145.0
-3145.0
-3145.0
-3145.0
-3145.0
-3145.0
-3145.0
-3145.0
-3145.0
-3145.0
-3145.0
-3145.0
-3145.0
-3145.0
-3145.0
-3145.0
-3145.0
-3145.0
-3145.0
-3153.0
-3153.0
-3153.0
-3153.0
-3153.0
-3153.0
-3153.0
-3153.0
-3153.0
-3153.0
-3153.0
-3153.0
-3153.0
-3153.0
-3153.0
-3153.0
-3153.0
-3153.0
-3153.0
-3153.0
-3153.0
-3153.0
-3153.0
-3153.0
-3153.0
-3153.0
-3153.0
-3153.0
-3153.0
-3153.0
-3153.0
-3153.0
-3153.0
-3153.0
-3153.0
-3153.0
-3153.0
-3153.0
-3153.0
-3153.0
-3153.0
-3153.0
-3153.0
-3153.0
-3153.0
-3153.0
-3153.0
-3153.0
-3153.0
-3153.0
-3153.0
-3153.0
-3153.0
-3153.0
-3153.0
-3153.0
-3153.0
-3153.0
-3153.0
-3153.0
-3153.0
-3153.0
-3153.0
-3153.0
-3153.0
-3153.0
-3153.0
-3153.0
-3153.0
-3153.0
-3153.0
-3153.0
-3153.0
-3153.0
-3153.0
-3153.0
-3153.0
-3153.0
-3153.0
-3153.0
-3153.0
-3153.0
-3153.0
-3153.0
-3153.0
-3153.0
-3153.0
-3153.0
-3153.0
-3153.0
-3153.0
-3153.0
-3153.0
-3153.0
-3153.0
-3153.0
-3153.0
-3153.0
-3153.0
-3153.0
-3153.0
-3153.0
-3153.0
-3153.0
-3153.0
-3153.0
-3153.0
-3153.0
-3153.0
-3153.0
-3153.0



The list of values average 

-2781.826111111112
-2800.3322222222228
-2816.9161111111107
-2834.979999999999
-2851.3916666666664
-2864.7499999999995
-2881.0549999999994
-2892.454999999999
-2906.4522222222217
-2918.2894444444446
-2931.219444444445
-2944.0805555555557
-2959.997222222225
-2976.9133333333343
-2987.672777777779
-2997.0805555555544
-3009.413333333333
-3020.5933333333337
-3033.090555555555
-3041.073333333334
-3049.9838888888894
-3056.9866666666658
-3064.682777777778
-3069.9855555555555
-3076.9400000000005
-3083.295000000001
-3087.8544444444433
-3091.776666666667
-3096.4211111111113
-3100.9100000000003
-3104.118333333334
-3106.3399999999997
-3108.9488888888886
-3111.8244444444435
-3115.3955555555553
-3117.9688888888886
-3120.095000000001
-3122.6816666666664
-3124.2977777777764
-3125.202222222223
-3126.502222222222
-3127.798333333333
-3128.1388888888887
-3129.0999999999985
-3130.1877777777763
-3130.3349999999987
-3130.9333333333334
-3132.4494444444445
-3133.4361111111098
-3134.15111111111
-3135.2177777777792
-3136.2544444444447
-3137.1027777777767
-3137.9077777777775
-3138.4072222222244
-3138.476111111111
-3139.116111111112
-3140.0105555555565
-3140.4355555555553
-3140.386666666668
-3140.6094444444443
-3141.3561111111107
-3142.1933333333322
-3142.043333333334
-3142.194444444446
-3142.3816666666653
-3142.4977777777767
-3143.1822222222227
-3143.2322222222233
-3143.373333333331
-3144.0577777777767
-3144.717222222222
-3144.8466666666677
-3144.8722222222236
-3145.1333333333328
-3145.0972222222217
-3144.9927777777793
-3145.1094444444457
-3145.022222222223
-3145.351111111113
-3145.536111111112
-3145.677777777778
-3145.6622222222218
-3145.789444444444
-3146.018333333333
-3145.994999999999
-3146.038888888889
-3146.0744444444435
-3146.0966666666654
-3146.2288888888893
-3146.635000000001
-3146.4900000000007
-3146.4588888888884
-3146.7366666666667
-3146.9933333333333
-3146.924444444446
-3147.11888888889
-3147.1227777777763
-3147.2744444444447
-3147.19277777778
-3147.268888888889
-3147.351666666667
-3147.59888888889
-3147.6511111111117
-3147.5838888888893
-3147.4988888888893
-3147.5327777777798
-3147.556666666667
-3147.6588888888905
-3147.55388888889
-3147.7411111111123
-3147.835000000002
-3147.7516666666684
-3147.893333333335
-3147.8700000000013
-3147.8994444444456
-3147.95888888889
-3148.002777777779
-3148.0927777777783
-3148.0877777777787
-3148.1827777777794
-3148.168888888891
-3148.2355555555573
-3148.2805555555574
-3148.300555555557
-3148.2600000000016
-3148.320000000001
-3148.2455555555575
-3148.256111111113
-3148.2650000000012
-3148.350555555558
-3148.4033333333364
-3148.3572222222247
-3148.4600000000005
-3148.4094444444454
-3148.4000000000015
-3148.405000000002
-3148.466111111112
-3148.422222222224
-3148.4094444444463
-3148.383888888891
-3148.476111111113
-3148.43777777778
-3148.440000000002
-3148.5033333333354
-3148.482222222224
-3148.447222222224
-3148.5644444444465
-3148.578333333335
-3148.5638888888902
-3148.579444444446
-3148.6122222222243
-3148.590000000002
-3148.608333333336
-3148.6033333333344
-3148.617222222225
-3148.6088888888908
-3148.590000000002
-3148.646111111114
-3148.6311111111127
-3148.5877777777796
-3148.6100000000015
-3148.609444444446
-3148.613888888891
-3148.618333333336
-3148.623888888892
-3148.626111111112
-3148.6483333333354
-3148.6827777777794
-3148.6466666666684
-3148.655000000003
-3148.6761111111136
-3148.6933333333363
-3148.6994444444476
-3148.7227777777803
-3148.7244444444464
-3148.7222222222244
-3148.722222222225
-3148.700000000003
-3148.7327777777805
-3148.741111111113
-3148.7811111111128
-3148.733333333336
-3148.735555555558
-3148.6844444444478
-3148.745000000003
-3148.7600000000025
-3148.722222222226



The list of best values average 

-2899.1100000000006
-2908.3799999999997
-2921.400000000001
-2932.559999999999
-2949.2100000000014
-2966.29
-2983.49
-2989.0300000000007
-3006.599999999999
-3017.6299999999997
-3023.6800000000003
-3039.8500000000004
-3059.340000000001
-3071.8000000000006
-3081.95
-3088.1
-3099.920000000001
-3107.340000000001
-3112.200000000002
-3115.1200000000003
-3122.820000000001
-3127.9200000000005
-3128.46
-3129.5
-3133.6099999999988
-3136.380000000002
-3138.390000000001
-3139.4800000000027
-3140.19
-3141.7000000000007
-3142.3900000000012
-3143.960000000001
-3144.340000000002
-3145.000000000003
-3146.120000000002
-3146.4200000000023
-3146.9600000000014
-3148.1300000000037
-3148.5500000000025
-3148.1500000000024
-3148.750000000003
-3148.5800000000017
-3148.500000000003
-3149.350000000003
-3149.010000000004
-3149.3400000000033
-3149.5000000000036
-3150.0000000000036
-3149.5200000000045
-3150.1500000000037
-3150.3800000000037
-3150.5100000000043
-3150.9600000000037
-3150.680000000004
-3151.0500000000043
-3150.890000000003
-3151.040000000004
-3151.0900000000033
-3151.3500000000045
-3150.980000000005
-3151.140000000005
-3150.8300000000045
-3151.240000000005
-3151.820000000005
-3151.4300000000044
-3151.490000000004
-3151.6900000000046
-3151.6000000000045
-3151.6000000000045
-3151.4800000000046
-3151.5200000000045
-3151.6400000000044
-3151.740000000005
-3151.7300000000046
-3151.5300000000043
-3151.6000000000045
-3151.7800000000043
-3151.7800000000043
-3151.7000000000044
-3151.5600000000045
-3151.6800000000044
-3151.7800000000047
-3151.9400000000046
-3151.950000000005
-3151.860000000005
-3151.830000000005
-3151.730000000005
-3151.6400000000053
-3151.8300000000054
-3151.7400000000052
-3151.650000000005
-3151.6300000000047
-3151.450000000005
-3151.8600000000056
-3151.6000000000054
-3151.7000000000053
-3151.890000000005
-3151.830000000005
-3151.750000000005
-3151.830000000005
-3151.810000000005
-3151.7400000000052
-3151.7200000000053
-3152.0000000000055
-3151.9000000000055
-3151.8100000000054
-3151.9000000000055
-3151.9800000000055
-3151.9700000000053
-3151.980000000005
-3151.880000000005
-3151.8500000000054
-3151.7900000000054
-3152.050000000005
-3152.060000000005
-3151.9700000000053
-3151.9700000000053
-3151.8700000000053
-3151.8700000000053
-3151.8700000000053
-3151.8700000000053
-3151.9700000000053
-3151.9800000000055
-3151.9800000000055
-3151.9800000000055
-3151.9800000000055
-3151.9800000000055
-3151.9800000000055
-3151.9600000000055
-3151.9800000000055
-3152.0600000000054
-3152.0600000000054
-3152.0600000000054
-3152.0600000000054
-3152.0600000000054
-3152.0600000000054
-3152.0600000000054
-3152.0600000000054
-3152.0400000000054
-3152.0400000000054
-3151.9300000000053
-3152.070000000005
-3152.070000000005
-3152.0400000000054
-3152.070000000005
-3152.070000000005
-3152.0400000000054
-3152.070000000005
-3152.070000000005
-3152.0400000000054
-3152.0400000000054
-3152.0400000000054
-3152.070000000005
-3152.0600000000054
-3152.0400000000054
-3152.0600000000054
-3152.0600000000054
-3152.0600000000054
-3152.0400000000054
-3152.0400000000054
-3152.0400000000054
-3152.0400000000054
-3152.070000000005
-3152.070000000005
-3152.070000000005
-3152.070000000005
-3152.070000000005
-3152.0400000000054
-3152.0400000000054
-3152.0400000000054
-3152.0400000000054
-3152.0400000000054
-3152.0400000000054
-3152.0400000000054
-3152.0400000000054
-3152.0400000000054
-3152.0400000000054
-3152.0400000000054
-3152.0400000000054
-3152.0400000000054
-3152.0400000000054
-3152.0400000000054
-3152.0400000000054
-3152.0600000000054
-3152.0600000000054
-3152.0600000000054
-3152.0600000000054
-3152.0600000000054
