----------Report of simulation of Quantum Population Annealing-----------
The number of considered Spin 199
The considered Annealing Duration 796
The considered Annealing Number 100
The considered T 1.0
The considered Gamma0 1.0
The considered Number Of Replica 3
The considered Number Of System 6
The solution found [ 1.  1.  1. -1. -1. -1.  1. -1. -1. -1. -1. -1. -1.  1.  1. -1. -1. -1.
 -1. -1. -1. -1.  1.  1.  1. -1. -1.  1. -1.  1. -1. -1. -1. -1. -1. -1.
 -1. -1. -1.  1. -1.  1. -1. -1. -1. -1. -1. -1.  1.  1.  1.  1.  1.  1.
 -1. -1.  1. -1.  1. -1.  1.  1. -1.  1. -1.  1.  1.  1.  1.  1. -1. -1.
  1.  1.  1. -1.  1. -1.  1.  1.  1. -1. -1. -1.  1. -1.  1.  1. -1.  1.
  1. -1.  1.  1.  1.  1. -1.  1. -1.  1.  1.  1.  1. -1.  1.  1. -1. -1.
  1. -1.  1. -1.  1.  1. -1. -1.  1. -1.  1.  1.  1. -1.  1. -1. -1.  1.
 -1. -1. -1. -1.  1.  1. -1.  1. -1.  1.  1.  1.  1.  1. -1.  1.  1. -1.
 -1. -1. -1.  1. -1.  1. -1. -1.  1. -1.  1.  1.  1.  1. -1. -1. -1.  1.
 -1.  1. -1.  1.  1.  1.  1.  1.  1. -1.  1. -1. -1.  1. -1.  1.  1.  1.
 -1. -1. -1.  1. -1.  1. -1.  1. -1.  1. -1. -1. -1.  1.  1. -1. -1. -1.
  1.]
The value found -52972.0
The Success probability is 0.95
The average value is -52969.93
The total execution time is 18278.97668170929
The average time for execution is 182.78976548194885
The average time for all systems update is 0.22955410132755585
The average time for system update is 0.03824120004522541
The average time for replica update is 0.012746636926096155
The average time for spin update is 6.381519315394009e-05
The list of values found 

-52972.0
-52972.0
-52972.0
-52972.0
-52972.0
-52972.0
-52972.0
-52972.0
-52939.0
-52972.0
-52972.0
-52972.0
-52972.0
-52972.0
-52972.0
-52972.0
-52972.0
-52972.0
-52972.0
-52972.0
-52972.0
-52972.0
-52972.0
-52972.0
-52972.0
-52972.0
-52972.0
-52972.0
-52972.0
-52972.0
-52972.0
-52972.0
-52972.0
-52972.0
-52972.0
-52972.0
-52972.0
-52972.0
-52972.0
-52972.0
-52972.0
-52972.0
-52972.0
-52972.0
-52972.0
-52895.0
-52972.0
-52972.0
-52972.0
-52972.0
-52972.0
-52972.0
-52955.0
-52972.0
-52972.0
-52972.0
-52972.0
-52972.0
-52972.0
-52972.0
-52972.0
-52972.0
-52972.0
-52972.0
-52972.0
-52972.0
-52972.0
-52972.0
-52972.0
-52972.0
-52972.0
-52895.0
-52972.0
-52972.0
-52972.0
-52972.0
-52972.0
-52972.0
-52972.0
-52972.0
-52972.0
-52972.0
-52972.0
-52972.0
-52972.0
-52972.0
-52972.0
-52972.0
-52972.0
-52972.0
-52972.0
-52972.0
-52972.0
-52969.0
-52972.0
-52972.0
-52972.0
-52972.0
-52972.0
-52972.0



The list of values first execution 

-49721.72222222222
-49971.11111111111
-49972.944444444445
-49992.833333333336
-50074.0
-50067.555555555555
-50174.5
-50206.38888888889
-50333.666666666664
-50345.833333333336
-50366.166666666664
-50384.22222222222
-50410.27777777778
-50463.166666666664
-50547.555555555555
-50610.5
-50611.77777777778
-50708.055555555555
-50951.22222222222
-50831.555555555555
-50923.11111111111
-50894.88888888889
-50967.11111111111
-51018.0
-51133.555555555555
-51064.555555555555
-51259.72222222222
-51253.833333333336
-51415.0
-51347.5
-51511.444444444445
-51538.944444444445
-51600.944444444445
-51654.38888888889
-51622.666666666664
-51745.11111111111
-51742.666666666664
-51735.72222222222
-51865.666666666664
-51938.5
-52027.833333333336
-52142.61111111111
-52112.666666666664
-52223.11111111111
-52151.166666666664
-52121.38888888889
-52231.72222222222
-52206.72222222222
-52240.944444444445
-52337.0
-52432.5
-52374.27777777778
-52372.11111111111
-52421.88888888889
-52523.666666666664
-52517.833333333336
-52484.27777777778
-52537.27777777778
-52617.72222222222
-52545.055555555555
-52565.61111111111
-52599.11111111111
-52639.72222222222
-52582.333333333336
-52626.166666666664
-52657.77777777778
-52694.27777777778
-52683.444444444445
-52687.22222222222
-52690.27777777778
-52736.22222222222
-52733.38888888889
-52729.5
-52738.27777777778
-52735.555555555555
-52772.444444444445
-52766.0
-52780.72222222222
-52789.38888888889
-52819.333333333336
-52831.22222222222
-52780.944444444445
-52815.833333333336
-52813.27777777778
-52819.833333333336
-52839.61111111111
-52810.38888888889
-52779.666666666664
-52785.22222222222
-52843.0
-52870.38888888889
-52847.88888888889
-52841.833333333336
-52880.72222222222
-52846.72222222222
-52852.833333333336
-52884.38888888889
-52862.944444444445
-52851.77777777778
-52887.555555555555
-52896.166666666664
-52879.555555555555
-52892.833333333336
-52895.38888888889
-52893.944444444445
-52899.88888888889
-52898.333333333336
-52897.0
-52897.666666666664
-52892.22222222222
-52905.944444444445
-52903.0
-52898.22222222222
-52901.5
-52884.27777777778
-52891.11111111111
-52891.0
-52922.333333333336
-52916.166666666664
-52923.555555555555
-52920.5
-52925.444444444445
-52926.61111111111
-52919.27777777778
-52924.166666666664
-52929.555555555555
-52930.27777777778
-52929.0
-52922.0
-52912.72222222222
-52921.77777777778
-52932.166666666664
-52941.11111111111
-52924.555555555555
-52923.833333333336
-52932.833333333336
-52932.833333333336
-52935.666666666664
-52914.77777777778
-52923.22222222222
-52929.77777777778
-52918.944444444445
-52918.833333333336
-52926.444444444445
-52931.77777777778
-52929.27777777778
-52922.444444444445
-52915.38888888889
-52915.166666666664
-52932.0
-52937.833333333336
-52934.833333333336
-52926.944444444445
-52921.555555555555
-52938.22222222222
-52934.833333333336
-52930.61111111111
-52931.0
-52923.666666666664
-52928.88888888889
-52907.166666666664
-52903.5
-52916.5
-52921.88888888889
-52929.444444444445
-52918.0
-52919.333333333336
-52928.0
-52930.77777777778
-52933.5
-52931.22222222222
-52942.27777777778
-52941.444444444445
-52946.666666666664
-52955.11111111111
-52955.666666666664
-52952.944444444445
-52955.833333333336
-52956.833333333336
-52957.61111111111
-52957.166666666664
-52961.27777777778
-52952.666666666664
-52961.0
-52962.666666666664
-52957.555555555555
-52962.22222222222
-52961.38888888889
-52957.166666666664
-52962.0
-52964.27777777778
-52954.555555555555
-52962.88888888889
-52962.11111111111
-52963.0
-52958.555555555555
-52959.38888888889
-52964.0
-52959.77777777778
-52950.944444444445
-52953.72222222222
-52950.88888888889
-52951.333333333336
-52951.88888888889
-52962.72222222222
-52963.666666666664
-52961.77777777778
-52955.166666666664
-52962.5
-52961.055555555555
-52956.5
-52962.27777777778
-52961.555555555555
-52963.666666666664
-52958.944444444445
-52955.166666666664
-52959.61111111111
-52958.61111111111
-52961.72222222222
-52959.77777777778
-52961.944444444445
-52959.77777777778
-52958.22222222222
-52961.0
-52962.666666666664
-52964.11111111111
-52968.22222222222
-52967.833333333336
-52962.444444444445
-52961.72222222222
-52963.444444444445
-52962.555555555555
-52964.444444444445
-52961.38888888889
-52964.055555555555
-52963.555555555555
-52963.77777777778
-52966.5
-52965.11111111111
-52964.77777777778
-52966.666666666664
-52960.555555555555
-52965.5
-52959.88888888889
-52965.38888888889
-52964.666666666664
-52963.333333333336
-52964.055555555555
-52966.22222222222
-52964.0
-52964.27777777778
-52967.833333333336
-52957.0
-52963.055555555555
-52965.11111111111
-52965.77777777778
-52964.38888888889
-52963.0
-52956.333333333336
-52963.11111111111
-52962.833333333336
-52966.72222222222
-52966.166666666664
-52964.666666666664
-52966.38888888889
-52967.88888888889
-52963.444444444445
-52964.11111111111
-52966.833333333336
-52967.166666666664
-52965.833333333336
-52967.11111111111
-52970.11111111111
-52969.555555555555
-52967.22222222222
-52969.0
-52968.444444444445
-52965.88888888889
-52965.944444444445
-52968.333333333336
-52968.27777777778
-52966.11111111111
-52966.444444444445
-52964.944444444445
-52965.0
-52958.77777777778
-52966.0
-52966.22222222222
-52966.555555555555
-52964.11111111111
-52968.22222222222
-52965.38888888889
-52966.944444444445
-52966.88888888889
-52965.833333333336
-52969.055555555555
-52969.555555555555
-52968.5
-52969.5
-52969.555555555555
-52969.444444444445
-52966.72222222222
-52967.77777777778
-52966.333333333336
-52967.27777777778
-52966.555555555555
-52969.166666666664
-52970.166666666664
-52969.11111111111
-52967.333333333336
-52967.77777777778
-52964.666666666664
-52965.22222222222
-52966.333333333336
-52966.0
-52962.5
-52964.555555555555
-52966.61111111111
-52956.555555555555
-52964.555555555555
-52963.555555555555
-52962.444444444445
-52963.38888888889
-52963.27777777778
-52960.444444444445
-52963.833333333336
-52964.72222222222
-52967.27777777778
-52967.444444444445
-52965.5
-52967.11111111111
-52965.833333333336
-52969.944444444445
-52968.22222222222
-52968.77777777778
-52969.77777777778
-52969.77777777778
-52967.61111111111
-52964.555555555555
-52968.11111111111
-52963.055555555555
-52967.22222222222
-52967.38888888889
-52969.166666666664
-52969.666666666664
-52967.11111111111
-52966.666666666664
-52966.055555555555
-52967.27777777778
-52967.944444444445
-52966.055555555555
-52966.61111111111
-52968.0
-52968.0
-52968.88888888889
-52968.27777777778
-52968.22222222222
-52968.61111111111
-52967.055555555555
-52967.22222222222
-52968.166666666664
-52967.27777777778
-52968.055555555555
-52968.27777777778
-52968.666666666664
-52967.944444444445
-52966.833333333336
-52967.27777777778
-52964.333333333336
-52965.0
-52967.555555555555
-52966.88888888889
-52966.72222222222
-52967.27777777778
-52967.61111111111
-52966.166666666664
-52967.11111111111
-52967.666666666664
-52969.166666666664
-52968.27777777778
-52969.5
-52968.61111111111
-52966.444444444445
-52965.5
-52965.61111111111
-52966.944444444445
-52965.88888888889
-52964.22222222222
-52965.61111111111
-52965.22222222222
-52967.38888888889
-52963.77777777778
-52968.27777777778
-52967.61111111111
-52965.833333333336
-52968.333333333336
-52968.38888888889
-52964.944444444445
-52966.555555555555
-52967.61111111111
-52967.77777777778
-52967.666666666664
-52969.166666666664
-52968.166666666664
-52966.77777777778
-52967.77777777778
-52968.055555555555
-52967.444444444445
-52966.77777777778
-52967.333333333336
-52966.833333333336
-52968.333333333336
-52967.555555555555
-52967.38888888889
-52968.11111111111
-52968.666666666664
-52968.166666666664
-52968.666666666664
-52968.055555555555
-52967.38888888889
-52967.22222222222
-52966.77777777778
-52965.5
-52967.666666666664
-52967.666666666664
-52968.833333333336
-52968.61111111111
-52968.833333333336
-52968.5
-52968.11111111111
-52969.0
-52968.0
-52967.27777777778
-52968.055555555555
-52967.61111111111
-52968.833333333336
-52969.0
-52968.166666666664
-52968.5
-52968.27777777778
-52967.77777777778
-52967.77777777778
-52968.0
-52967.77777777778
-52967.61111111111
-52968.5
-52967.61111111111
-52967.944444444445
-52968.0
-52968.22222222222
-52968.5
-52967.444444444445
-52965.5
-52966.88888888889
-52968.27777777778
-52967.944444444445
-52966.77777777778
-52965.27777777778
-52967.5
-52966.5
-52967.555555555555
-52968.72222222222
-52968.5
-52968.333333333336
-52967.055555555555
-52968.333333333336
-52968.0
-52968.666666666664
-52968.166666666664
-52968.5
-52968.0
-52968.5
-52967.72222222222
-52967.77777777778
-52967.944444444445
-52967.833333333336
-52968.333333333336
-52967.666666666664
-52967.5
-52968.38888888889
-52968.833333333336
-52968.5
-52968.5
-52967.77777777778
-52968.333333333336
-52968.5
-52967.77777777778
-52968.27777777778
-52967.61111111111
-52969.0
-52967.666666666664
-52968.11111111111
-52968.833333333336
-52968.22222222222
-52966.944444444445
-52967.666666666664
-52967.944444444445
-52967.72222222222
-52968.5
-52968.444444444445
-52968.5
-52968.5
-52968.666666666664
-52968.0
-52968.666666666664
-52968.333333333336
-52968.5
-52969.0
-52968.666666666664
-52968.333333333336
-52967.944444444445
-52968.833333333336
-52968.055555555555
-52969.0
-52968.333333333336
-52968.5
-52968.833333333336
-52969.0
-52968.5
-52969.0
-52968.166666666664
-52968.5
-52969.0
-52968.833333333336
-52968.833333333336
-52968.833333333336
-52967.944444444445
-52969.0
-52968.833333333336
-52968.666666666664
-52968.22222222222
-52968.555555555555
-52968.833333333336
-52968.0
-52968.833333333336
-52969.0
-52968.833333333336
-52968.61111111111
-52968.333333333336
-52967.77777777778
-52967.833333333336
-52968.22222222222
-52968.833333333336
-52967.333333333336
-52967.555555555555
-52968.166666666664
-52968.77777777778
-52968.72222222222
-52968.833333333336
-52968.333333333336
-52968.22222222222
-52969.0
-52969.0
-52968.11111111111
-52968.666666666664
-52967.833333333336
-52968.166666666664
-52968.5
-52968.666666666664
-52968.333333333336
-52968.666666666664
-52968.5
-52968.833333333336
-52968.0
-52968.333333333336
-52967.38888888889
-52968.166666666664
-52969.0
-52968.444444444445
-52968.666666666664
-52969.0
-52968.666666666664
-52968.166666666664
-52968.27777777778
-52968.5
-52967.833333333336
-52968.444444444445
-52969.0
-52968.0
-52968.0
-52968.5
-52968.333333333336
-52968.5
-52968.333333333336
-52968.833333333336
-52968.666666666664
-52968.833333333336
-52968.833333333336
-52969.0
-52968.666666666664
-52967.833333333336
-52968.333333333336
-52968.666666666664
-52968.666666666664
-52969.0
-52968.833333333336
-52968.5
-52968.444444444445
-52968.666666666664
-52968.833333333336
-52968.333333333336
-52968.5
-52968.27777777778
-52968.5
-52968.5
-52968.0
-52969.0
-52968.5
-52968.555555555555
-52968.22222222222
-52968.38888888889
-52968.833333333336
-52968.666666666664
-52969.0
-52968.5
-52968.444444444445
-52968.833333333336
-52968.333333333336
-52968.833333333336
-52968.5
-52968.666666666664
-52968.833333333336
-52969.0
-52968.666666666664
-52968.166666666664
-52968.61111111111
-52969.0
-52968.833333333336
-52968.666666666664
-52967.944444444445
-52969.0
-52968.444444444445
-52968.666666666664
-52969.0
-52968.833333333336
-52968.61111111111
-52969.0
-52968.5
-52968.833333333336
-52968.666666666664
-52969.0
-52968.5
-52968.666666666664
-52968.833333333336
-52968.666666666664
-52968.833333333336
-52969.0
-52968.666666666664
-52969.0
-52968.833333333336
-52968.666666666664
-52969.0
-52968.5
-52969.0
-52968.444444444445
-52968.833333333336
-52968.833333333336
-52968.5
-52968.833333333336
-52969.0
-52969.0
-52968.833333333336
-52968.055555555555
-52968.666666666664
-52968.0
-52967.5
-52969.0
-52969.0
-52968.833333333336
-52968.833333333336
-52968.444444444445
-52968.5
-52968.5
-52968.555555555555
-52968.666666666664
-52968.666666666664
-52968.666666666664
-52969.0
-52968.666666666664
-52968.833333333336
-52968.5
-52968.27777777778
-52968.61111111111
-52968.833333333336
-52968.666666666664
-52968.833333333336
-52969.0
-52969.0
-52968.833333333336
-52968.666666666664
-52969.0
-52968.833333333336
-52969.0
-52968.666666666664
-52968.666666666664
-52968.666666666664
-52969.0
-52968.833333333336
-52968.5
-52968.5
-52968.666666666664
-52968.833333333336
-52968.666666666664
-52968.833333333336
-52968.61111111111
-52969.0
-52967.944444444445
-52968.833333333336
-52969.0
-52968.833333333336
-52968.833333333336
-52968.666666666664
-52968.666666666664
-52968.833333333336
-52969.0
-52968.833333333336
-52968.055555555555
-52969.0
-52968.666666666664
-52968.5
-52968.833333333336
-52969.0
-52969.0
-52969.0
-52969.0
-52968.666666666664
-52968.5
-52968.833333333336
-52969.0
-52969.0
-52969.0
-52968.833333333336
-52969.0
-52969.0
-52968.666666666664
-52968.666666666664
-52969.0
-52968.333333333336
-52968.833333333336
-52968.833333333336
-52968.055555555555
-52968.833333333336
-52968.833333333336
-52969.0
-52968.5
-52968.666666666664
-52968.5
-52968.833333333336
-52968.833333333336
-52968.666666666664
-52968.5
-52968.666666666664
-52968.5
-52968.666666666664
-52968.833333333336
-52968.666666666664
-52968.833333333336
-52969.0
-52968.833333333336
-52969.0
-52968.833333333336
-52968.444444444445
-52968.666666666664
-52968.555555555555
-52968.833333333336
-52969.0
-52969.0
-52968.666666666664
-52968.5
-52969.0
-52968.666666666664
-52968.833333333336
-52968.5
-52968.833333333336
-52968.833333333336
-52969.0
-52968.666666666664
-52969.0
-52969.0
-52969.0
-52968.833333333336
-52968.833333333336
-52968.666666666664
-52968.61111111111
-52968.666666666664
-52968.833333333336
-52969.0
-52969.0
-52968.833333333336
-52969.0
-52968.833333333336
-52968.833333333336
-52968.666666666664
-52968.666666666664
-52968.555555555555
-52968.833333333336



The list of best values first execution 

-50188.0
-50355.0
-50302.0
-50514.0
-50413.0
-50547.0
-50499.0
-50531.0
-50830.0
-50767.0
-50803.0
-50709.0
-50834.0
-50698.0
-50781.0
-51148.0
-51132.0
-51164.0
-51219.0
-51177.0
-51273.0
-51182.0
-51278.0
-51355.0
-51434.0
-51389.0
-51959.0
-51482.0
-51949.0
-51899.0
-51873.0
-51885.0
-52010.0
-51967.0
-52027.0
-52032.0
-52247.0
-52278.0
-52249.0
-52409.0
-52545.0
-52584.0
-52530.0
-52524.0
-52468.0
-52562.0
-52680.0
-52731.0
-52612.0
-52796.0
-52813.0
-52705.0
-52811.0
-52785.0
-52813.0
-52801.0
-52806.0
-52760.0
-52824.0
-52867.0
-52830.0
-52833.0
-52861.0
-52839.0
-52859.0
-52820.0
-52889.0
-52865.0
-52885.0
-52845.0
-52840.0
-52902.0
-52859.0
-52930.0
-52894.0
-52944.0
-52914.0
-52912.0
-52919.0
-52957.0
-52904.0
-52955.0
-52935.0
-52929.0
-52964.0
-52951.0
-52960.0
-52936.0
-52927.0
-52929.0
-52954.0
-52960.0
-52945.0
-52952.0
-52972.0
-52947.0
-52972.0
-52961.0
-52972.0
-52971.0
-52971.0
-52962.0
-52971.0
-52946.0
-52958.0
-52966.0
-52961.0
-52972.0
-52972.0
-52972.0
-52972.0
-52968.0
-52951.0
-52972.0
-52962.0
-52968.0
-52968.0
-52971.0
-52972.0
-52971.0
-52968.0
-52972.0
-52971.0
-52972.0
-52972.0
-52968.0
-52964.0
-52968.0
-52964.0
-52966.0
-52963.0
-52971.0
-52972.0
-52966.0
-52959.0
-52966.0
-52969.0
-52971.0
-52963.0
-52957.0
-52966.0
-52966.0
-52963.0
-52971.0
-52972.0
-52971.0
-52965.0
-52954.0
-52972.0
-52972.0
-52971.0
-52971.0
-52968.0
-52972.0
-52971.0
-52972.0
-52972.0
-52972.0
-52972.0
-52971.0
-52953.0
-52953.0
-52969.0
-52968.0
-52972.0
-52969.0
-52972.0
-52972.0
-52972.0
-52971.0
-52972.0
-52972.0
-52971.0
-52971.0
-52972.0
-52972.0
-52972.0
-52972.0
-52972.0
-52972.0
-52972.0
-52972.0
-52972.0
-52972.0
-52972.0
-52972.0
-52972.0
-52972.0
-52972.0
-52972.0
-52972.0
-52972.0
-52972.0
-52972.0
-52972.0
-52972.0
-52972.0
-52972.0
-52972.0
-52971.0
-52971.0
-52966.0
-52971.0
-52972.0
-52971.0
-52971.0
-52971.0
-52971.0
-52972.0
-52972.0
-52972.0
-52972.0
-52972.0
-52972.0
-52972.0
-52969.0
-52971.0
-52971.0
-52971.0
-52971.0
-52971.0
-52972.0
-52972.0
-52972.0
-52972.0
-52972.0
-52972.0
-52972.0
-52971.0
-52971.0
-52972.0
-52972.0
-52972.0
-52972.0
-52972.0
-52972.0
-52972.0
-52972.0
-52972.0
-52972.0
-52972.0
-52972.0
-52972.0
-52972.0
-52972.0
-52972.0
-52972.0
-52972.0
-52971.0
-52972.0
-52972.0
-52972.0
-52972.0
-52972.0
-52972.0
-52972.0
-52972.0
-52971.0
-52972.0
-52972.0
-52972.0
-52972.0
-52972.0
-52972.0
-52972.0
-52972.0
-52972.0
-52972.0
-52972.0
-52972.0
-52972.0
-52972.0
-52972.0
-52972.0
-52972.0
-52972.0
-52972.0
-52972.0
-52971.0
-52972.0
-52972.0
-52972.0
-52972.0
-52972.0
-52972.0
-52972.0
-52972.0
-52972.0
-52972.0
-52972.0
-52972.0
-52972.0
-52972.0
-52972.0
-52972.0
-52972.0
-52972.0
-52972.0
-52972.0
-52972.0
-52972.0
-52972.0
-52971.0
-52972.0
-52971.0
-52972.0
-52972.0
-52972.0
-52972.0
-52972.0
-52972.0
-52972.0
-52972.0
-52972.0
-52972.0
-52972.0
-52972.0
-52972.0
-52972.0
-52972.0
-52972.0
-52972.0
-52972.0
-52972.0
-52972.0
-52972.0
-52972.0
-52972.0
-52972.0
-52972.0
-52972.0
-52972.0
-52972.0
-52972.0
-52972.0
-52972.0
-52972.0
-52972.0
-52972.0
-52972.0
-52972.0
-52972.0
-52972.0
-52972.0
-52972.0
-52972.0
-52972.0
-52972.0
-52972.0
-52971.0
-52971.0
-52972.0
-52972.0
-52971.0
-52971.0
-52971.0
-52971.0
-52971.0
-52971.0
-52971.0
-52971.0
-52971.0
-52971.0
-52971.0
-52971.0
-52971.0
-52971.0
-52971.0
-52971.0
-52971.0
-52971.0
-52971.0
-52971.0
-52971.0
-52971.0
-52971.0
-52971.0
-52971.0
-52971.0
-52971.0
-52971.0
-52971.0
-52971.0
-52971.0
-52971.0
-52971.0
-52971.0
-52971.0
-52971.0
-52969.0
-52971.0
-52972.0
-52972.0
-52972.0
-52972.0
-52972.0
-52972.0
-52972.0
-52971.0
-52971.0
-52971.0
-52971.0
-52971.0
-52971.0
-52969.0
-52971.0
-52971.0
-52971.0
-52969.0
-52969.0
-52969.0
-52969.0
-52969.0
-52969.0
-52969.0
-52969.0
-52969.0
-52969.0
-52969.0
-52969.0
-52969.0
-52969.0
-52969.0
-52969.0
-52969.0
-52969.0
-52969.0
-52969.0
-52969.0
-52969.0
-52969.0
-52969.0
-52969.0
-52969.0
-52969.0
-52969.0
-52969.0
-52969.0
-52969.0
-52969.0
-52969.0
-52969.0
-52969.0
-52969.0
-52969.0
-52969.0
-52969.0
-52969.0
-52969.0
-52969.0
-52969.0
-52969.0
-52969.0
-52969.0
-52971.0
-52971.0
-52969.0
-52969.0
-52971.0
-52971.0
-52969.0
-52969.0
-52969.0
-52969.0
-52969.0
-52969.0
-52969.0
-52969.0
-52969.0
-52969.0
-52969.0
-52969.0
-52969.0
-52969.0
-52969.0
-52969.0
-52969.0
-52969.0
-52969.0
-52969.0
-52969.0
-52969.0
-52969.0
-52969.0
-52969.0
-52969.0
-52969.0
-52969.0
-52969.0
-52969.0
-52969.0
-52969.0
-52969.0
-52969.0
-52969.0
-52969.0
-52969.0
-52969.0
-52969.0
-52969.0
-52969.0
-52969.0
-52969.0
-52969.0
-52969.0
-52969.0
-52969.0
-52969.0
-52969.0
-52969.0
-52969.0
-52969.0
-52969.0
-52969.0
-52969.0
-52969.0
-52969.0
-52969.0
-52969.0
-52969.0
-52969.0
-52969.0
-52969.0
-52969.0
-52969.0
-52969.0
-52969.0
-52969.0
-52969.0
-52969.0
-52969.0
-52969.0
-52969.0
-52969.0
-52969.0
-52969.0
-52969.0
-52969.0
-52969.0
-52969.0
-52969.0
-52969.0
-52969.0
-52969.0
-52969.0
-52969.0
-52971.0
-52971.0
-52969.0
-52969.0
-52969.0
-52969.0
-52969.0
-52969.0
-52969.0
-52969.0
-52969.0
-52969.0
-52969.0
-52969.0
-52969.0
-52969.0
-52969.0
-52969.0
-52969.0
-52969.0
-52969.0
-52969.0
-52969.0
-52969.0
-52969.0
-52969.0
-52969.0
-52969.0
-52969.0
-52969.0
-52969.0
-52969.0
-52969.0
-52969.0
-52969.0
-52969.0
-52969.0
-52969.0
-52969.0
-52969.0
-52969.0
-52969.0
-52969.0
-52969.0
-52969.0
-52969.0
-52969.0
-52969.0
-52969.0
-52969.0
-52969.0
-52969.0
-52969.0
-52969.0
-52969.0
-52969.0
-52969.0
-52969.0
-52969.0
-52969.0
-52969.0
-52969.0
-52969.0
-52969.0
-52969.0
-52969.0
-52969.0
-52969.0
-52969.0
-52969.0
-52969.0
-52969.0
-52969.0
-52969.0
-52969.0
-52969.0
-52969.0
-52969.0
-52969.0
-52969.0
-52969.0
-52969.0
-52969.0
-52969.0
-52969.0
-52969.0
-52969.0
-52969.0
-52969.0
-52969.0
-52969.0
-52969.0
-52969.0
-52969.0
-52969.0
-52969.0
-52969.0
-52969.0
-52969.0
-52969.0
-52969.0
-52969.0
-52969.0
-52969.0
-52969.0
-52969.0
-52969.0
-52969.0
-52969.0
-52969.0
-52969.0
-52969.0
-52969.0
-52969.0
-52969.0
-52969.0
-52969.0
-52969.0
-52969.0
-52969.0
-52969.0
-52969.0
-52969.0
-52969.0
-52969.0
-52969.0
-52969.0
-52969.0
-52969.0
-52969.0
-52969.0
-52969.0
-52969.0
-52969.0
-52969.0
-52969.0
-52969.0
-52969.0
-52969.0
-52969.0
-52969.0
-52969.0
-52969.0
-52969.0
-52969.0
-52969.0
-52969.0
-52969.0
-52969.0
-52969.0
-52969.0
-52969.0
-52969.0
-52969.0
-52969.0
-52969.0
-52969.0
-52969.0
-52969.0
-52969.0
-52969.0
-52969.0
-52969.0
-52969.0
-52969.0
-52969.0
-52969.0
-52969.0
-52969.0
-52969.0
-52969.0
-52969.0
-52969.0
-52969.0
-52969.0
-52969.0
-52969.0
-52969.0
-52969.0
-52969.0
-52969.0
-52969.0
-52969.0
-52969.0
-52969.0
-52969.0
-52969.0
-52969.0
-52969.0
-52969.0
-52969.0
-52969.0
-52969.0
-52969.0
-52969.0
-52969.0
-52969.0
-52969.0
-52969.0
-52969.0
-52969.0
-52969.0
-52969.0
-52969.0
-52969.0
-52969.0
-52969.0
-52969.0
-52969.0
-52969.0
-52969.0
-52969.0
-52969.0
-52969.0
-52969.0
-52969.0
-52969.0
-52969.0
-52969.0
-52969.0
-52969.0
-52969.0
-52969.0
-52969.0
-52969.0
-52969.0
-52969.0
-52969.0
-52969.0
-52969.0
-52969.0
-52969.0
-52969.0
-52969.0
-52969.0
-52969.0
-52969.0
-52969.0
-52969.0
-52969.0
-52969.0
-52969.0
-52969.0
-52969.0
-52969.0
-52969.0
-52969.0
-52969.0
-52969.0
-52969.0



The list of values average 

-49742.78833333334
-49858.50666666666
-49982.407777777764
-50035.50055555557
-50089.268888888895
-50142.18444444446
-50196.915
-50256.94777777777
-50314.22222222222
-50362.3488888889
-50425.673333333325
-50467.78888888889
-50524.41666666662
-50573.50611111111
-50629.137222222234
-50678.49722222222
-50752.476111111115
-50794.62777777779
-50849.836111111115
-50894.058333333305
-50958.856111111105
-51021.84555555556
-51060.7761111111
-51105.865555555574
-51169.167222222204
-51219.77055555559
-51289.066111111126
-51339.24777777779
-51381.44055555556
-51442.68277777774
-51502.73944444446
-51563.17000000001
-51609.83888888888
-51655.193888888876
-51702.39833333332
-51746.2666666667
-51780.79555555556
-51821.603888888894
-51870.83277777778
-51926.34722222221
-51955.560555555574
-52001.69277777778
-52044.08611111112
-52081.596666666665
-52117.50499999999
-52144.905555555575
-52173.83444444444
-52204.38611111112
-52227.07277777776
-52258.671111111136
-52278.686111111136
-52313.92500000002
-52341.49055555557
-52367.62444444447
-52392.08166666664
-52408.47444444445
-52430.64722222219
-52456.6411111111
-52472.02666666665
-52488.57055555558
-52502.58000000001
-52514.34722222225
-52532.56555555556
-52547.16444444443
-52554.3411111111
-52574.64833333332
-52589.401666666694
-52603.4038888889
-52615.64
-52626.293888888875
-52631.12222222221
-52638.602222222245
-52658.29666666666
-52669.816666666644
-52683.81944444446
-52689.64666666667
-52702.672222222216
-52707.96333333333
-52716.62333333335
-52723.21055555556
-52722.36999999999
-52729.2561111111
-52739.888888888876
-52748.80333333332
-52756.901111111125
-52762.4588888889
-52768.00500000001
-52771.290555555555
-52777.22555555553
-52780.62111111111
-52788.63166666665
-52792.71666666666
-52795.26833333335
-52796.371111111104
-52798.96722222223
-52802.891666666685
-52808.98111111111
-52813.78166666669
-52818.568888888876
-52823.30499999998
-52825.89333333332
-52829.94222222222
-52833.69277777778
-52835.93333333333
-52837.35666666665
-52842.75666666667
-52847.577777777784
-52850.07722222222
-52852.89777777779
-52853.041111111095
-52856.9227777778
-52858.962222222224
-52858.91888888888
-52860.19277777779
-52860.800555555565
-52863.485000000015
-52863.77944444443
-52868.42111111112
-52870.18888888891
-52874.78888888888
-52876.793333333306
-52880.08388888888
-52880.533333333355
-52883.61499999998
-52884.46611111112
-52886.277777777774
-52888.27333333336
-52888.006111111084
-52890.946666666685
-52894.11666666667
-52894.08722222222
-52894.76944444445
-52896.84277777779
-52895.458333333336
-52896.350555555546
-52897.69722222223
-52900.242777777785
-52901.74666666667
-52904.09111111112
-52904.15055555558
-52904.66666666666
-52905.425555555565
-52906.48000000001
-52908.940000000024
-52909.19333333334
-52910.100555555575
-52909.825555555566
-52910.69333333334
-52911.110000000015
-52913.7061111111
-52913.476666666655
-52913.07944444443
-52914.61277777779
-52915.765555555576
-52915.8788888889
-52916.98055555554
-52916.77277777778
-52918.53888888887
-52919.712222222246
-52920.86555555557
-52921.17611111109
-52921.22777777777
-52923.25555555554
-52924.19277777779
-52924.34444444446
-52924.265000000014
-52923.81277777776
-52925.14666666667
-52925.131666666675
-52924.84222222222
-52925.86055555555
-52925.418888888875
-52925.881111111135
-52927.27666666667
-52927.74944444445
-52928.93444444445
-52927.91833333332
-52929.42
-52930.509999999995
-52930.66666666664
-52930.39666666667
-52930.39833333336
-52930.50388888891
-52930.201666666675
-52931.587777777786
-52931.289444444454
-52931.049999999996
-52932.42222222224
-52932.12111111112
-52933.166111111124
-52932.7211111111
-52933.295555555545
-52933.47555555559
-52933.91388888891
-52933.58222222221
-52935.152777777774
-52935.24333333335
-52935.51499999998
-52934.54833333332
-52935.2288888889
-52936.22611111113
-52936.42555555553
-52936.56222222224
-52936.89888888886
-52937.3961111111
-52937.812777777785
-52937.54222222225
-52938.16833333332
-52938.467777777754
-52938.204444444455
-52938.705
-52938.37166666665
-52939.24166666667
-52938.92277777777
-52939.37333333335
-52939.18222222221
-52940.02444444445
-52939.74111111114
-52939.791666666686
-52940.19833333335
-52940.72166666668
-52941.21722222222
-52940.477777777785
-52940.51333333333
-52941.176666666666
-52941.541666666686
-52942.37499999997
-52942.703888888915
-52943.05055555554
-52943.30500000001
-52943.39388888892
-52943.06499999999
-52943.173333333325
-52943.62388888889
-52943.9572222222
-52943.99166666667
-52943.12666666666
-52943.50833333333
-52943.95222222222
-52943.477222222224
-52944.29666666667
-52944.16444444443
-52944.223888888875
-52944.54111111113
-52944.51166666666
-52944.54833333333
-52944.788333333316
-52945.24222222221
-52944.73333333334
-52945.1022222222
-52945.35111111112
-52945.13611111109
-52945.26555555553
-52945.66777777778
-52945.896666666646
-52945.71666666669
-52946.09055555559
-52946.11611111111
-52945.65222222223
-52946.73888888889
-52947.06944444445
-52946.69444444447
-52946.77833333332
-52946.95333333333
-52946.93611111113
-52947.327777777784
-52946.90166666665
-52947.452777777755
-52946.99111111111
-52947.34777777776
-52947.39333333333
-52947.06833333333
-52947.216111111105
-52947.84777777776
-52947.62388888886
-52947.19555555556
-52947.05111111111
-52946.797777777756
-52947.41777777778
-52947.47777777778
-52947.823888888895
-52947.66388888886
-52947.89833333334
-52948.36611111111
-52948.357777777805
-52948.38333333333
-52948.67722222222
-52948.47222222225
-52948.41555555555
-52948.68944444446
-52948.8272222222
-52948.901666666636
-52948.943888888905
-52948.89999999999
-52949.073333333356
-52948.75888888891
-52948.89333333333
-52948.73222222225
-52949.34888888888
-52949.45722222221
-52949.319444444416
-52949.266111111116
-52949.32722222223
-52949.19888888887
-52949.350000000006
-52949.23277777773
-52949.339444444435
-52949.723333333335
-52949.49777777779
-52949.33499999999
-52949.50888888888
-52949.595555555556
-52949.65555555554
-52949.98111111113
-52949.99222222221
-52950.09833333333
-52949.953888888886
-52950.046666666654
-52949.96333333335
-52950.14388888889
-52950.33833333334
-52950.0238888889
-52950.37055555556
-52950.20000000002
-52950.49944444447
-52950.84555555558
-52950.456666666665
-52950.44500000001
-52950.405000000006
-52950.712777777764
-52950.632777777784
-52950.68611111111
-52950.93944444445
-52950.98944444445
-52950.988333333335
-52950.65111111114
-52950.59666666665
-52950.68944444445
-52950.62777777777
-52950.74777777777
-52950.986666666664
-52950.84944444444
-52950.85166666665
-52951.28666666667
-52950.821111111116
-52950.95166666663
-52951.154444444444
-52950.895
-52950.939999999995
-52950.88555555557
-52950.91000000001
-52951.24833333333
-52951.23388888887
-52951.21888888891
-52951.16777777779
-52951.14944444445
-52951.32333333335
-52951.374444444424
-52951.451666666675
-52951.38555555556
-52951.79388888888
-52951.53111111113
-52951.527777777774
-52951.38722222224
-52951.65500000001
-52951.75666666665
-52951.84388888888
-52951.7211111111
-52951.66777777779
-52951.735
-52951.894444444435
-52951.83000000002
-52951.76222222225
-52951.67000000001
-52951.55722222223
-52951.72333333336
-52951.98555555557
-52951.7977777778
-52951.831111111125
-52951.740000000005
-52951.77388888891
-52951.88888888886
-52951.8088888889
-52951.82999999999
-52951.95222222223
-52951.91055555555
-52951.7461111111
-52951.80500000001
-52951.8061111111
-52951.85666666668
-52952.00166666669
-52951.8438888889
-52951.96722222221
-52951.93166666667
-52951.784444444434
-52951.89666666665
-52951.94888888889
-52951.967777777776
-52952.21444444445
-52952.085000000014
-52952.061111111085
-52952.28777777778
-52952.219444444454
-52952.24388888891
-52952.22388888889
-52952.355
-52952.28777777778
-52952.34444444443
-52952.471666666665
-52952.43777777777
-52952.45277777778
-52952.486111111095
-52952.18611111113
-52952.154444444444
-52952.228888888865
-52952.23111111113
-52952.24444444443
-52952.30222222221
-52952.400555555534
-52952.48444444445
-52952.494999999995
-52952.65333333335
-52952.50222222222
-52952.53166666663
-52952.49277777776
-52952.578333333346
-52952.69388888889
-52952.74333333332
-52952.66666666668
-52952.702777777755
-52952.90277777779
-52952.72055555555
-52952.82333333334
-52952.81111111111
-52952.87388888889
-52952.89277777779
-52952.85499999999
-52952.857222222214
-52952.890000000014
-52952.83000000001
-52952.89722222224
-52952.845
-52952.98055555554
-52952.83777777776
-52952.82611111111
-52952.828888888886
-52952.909444444456
-52952.979444444434
-52952.946111111116
-52953.027777777774
-52952.9161111111
-52952.881111111084
-52952.84777777779
-52952.84555555556
-52952.777222222234
-52952.92666666666
-52952.85055555552
-52952.88666666665
-52952.852777777785
-52952.87944444445
-52952.98888888888
-52952.864444444436
-52952.951666666675
-52952.91944444446
-52952.960555555546
-52952.99555555557
-52952.9761111111
-52952.94277777777
-52953.02666666668
-52953.05777777777
-52953.10166666666
-52952.848888888875
-52952.97111111112
-52953.08777777779
-52953.07944444442
-52953.04388888889
-52953.13388888888
-52953.09722222218
-52953.14555555557
-52953.078333333346
-52953.09333333327
-52953.13499999999
-52953.063333333324
-52952.95222222223
-52953.02166666669
-52953.072777777794
-52953.005555555574
-52953.0288888889
-52953.066111111126
-52953.06555555557
-52953.17277777777
-52953.11777777777
-52953.072222222225
-52953.04833333333
-52952.929444444424
-52953.05333333332
-52953.0961111111
-52953.0488888889
-52952.97722222222
-52952.97277777777
-52953.09166666667
-52952.936111111114
-52953.05833333333
-52953.08555555554
-52953.150555555556
-52953.107777777775
-52953.13333333332
-52953.18111111114
-52953.172777777785
-52953.317777777775
-52953.251666666656
-52953.29166666667
-52953.29277777778
-52953.29722222221
-52953.19833333333
-52953.198333333305
-52953.377777777794
-52953.42055555557
-52953.25111111114
-52953.22722222221
-52953.298888888894
-52953.443333333336
-52953.43833333335
-52953.41944444443
-52953.54
-52953.41388888886
-52953.51166666668
-52953.405555555546
-52953.495555555564
-52953.44777777775
-52953.52555555556
-52953.34500000001
-52953.43499999998
-52953.49
-52953.4638888889
-52953.45166666668
-52953.398333333345
-52953.42166666666
-52953.37777777779
-52953.423888888894
-52953.451111111106
-52953.37388888892
-52953.397777777776
-52953.421111111085
-52953.462222222224
-52953.426111111134
-52953.43388888887
-52953.43833333333
-52953.515555555525
-52953.46888888891
-52953.526111111125
-52953.5011111111
-52953.44555555556
-52953.36277777777
-52953.42388888887
-52953.45555555556
-52953.369444444426
-52953.44722222222
-52953.416111111124
-52953.46666666669
-52953.38166666666
-52953.44388888889
-52953.4577777778
-52953.429444444475
-52953.45777777779
-52953.53833333335
-52953.49888888887
-52953.573888888895
-52953.57611111109
-52953.655555555524
-52953.628888888874
-52953.651666666665
-52953.67944444445
-52953.66222222223
-52953.69944444444
-52953.61999999999
-52953.66833333336
-52953.623333333315
-52953.60055555556
-52953.613333333335
-52953.65833333333
-52953.625
-52953.65555555555
-52953.678333333315
-52953.66166666667
-52953.65888888887
-52953.62666666664
-52953.67666666667
-52953.695
-52953.67722222223
-52953.66722222222
-52953.64444444444
-52953.607222222214
-52953.62444444444
-52953.67833333333
-52953.6322222222
-52953.68388888889
-52953.74777777776
-52953.715
-52953.67333333333
-52953.64222222221
-52953.736111111095
-52953.66777777778
-52953.73555555551
-52953.69611111111
-52953.65055555556
-52953.74722222221
-52953.710000000014
-52953.73999999998
-52953.7322222222
-52953.754444444436
-52953.725
-52953.775555555556
-52953.792777777766
-52953.740000000005
-52953.70055555554
-52953.715000000004
-52953.66666666667
-52953.72833333332
-52953.70666666667
-52953.73333333334
-52953.67944444446
-52953.7022222222
-52953.74833333334
-52953.680555555555
-52953.70833333334
-52953.7327777778
-52953.759999999995
-52953.77999999999
-52953.7411111111
-52953.758888888886
-52953.75722222222
-52953.77277777778
-52953.78777777775
-52953.78722222222
-52953.767777777786
-52953.81500000001
-52953.78222222224
-52953.88333333333
-52953.82055555556
-52953.833333333336
-52953.84722222225
-52953.79944444442
-52953.811111111114
-52953.81166666663
-52953.723888888875
-52953.792777777766
-52953.840555555544
-52953.800555555565
-52953.81388888888
-52953.83444444442
-52953.918888888875
-52953.94222222221
-52953.857222222214
-52953.85388888888
-52953.82888888888
-52953.87333333332
-52953.879999999976
-52953.85666666669
-52953.84499999998
-52953.905
-52953.89777777778
-52953.87888888887
-52953.92888888889
-52953.89333333335
-52953.868333333325
-52953.89222222222
-52953.92222222222
-52953.87722222223
-52953.93333333333
-52953.91611111111
-52953.93555555556
-52953.93277777777
-52953.900555555556
-52953.89277777775
-52953.94666666666
-52953.9222222222
-52953.94611111112
-52953.94444444443
-52953.942777777775
-52953.9661111111
-52953.91111111111
-52953.945555555554
-52953.903333333314
-52953.90000000001
-52953.95444444444
-52953.96888888889
-52953.96777777777
-52953.919444444415
-52953.92222222222
-52953.91388888889
-52953.90888888887
-52953.90111111111
-52953.920555555545
-52953.93722222222
-52953.96555555553
-52953.96333333332
-52953.93111111112
-52953.908333333326
-52953.949444444464
-52953.90666666668
-52953.90944444444
-52953.93499999998
-52953.95499999999
-52953.93999999999
-52953.93166666668
-52953.92555555556
-52953.98333333332
-52953.98333333334
-52953.98
-52953.94777777776
-52953.97555555557
-52953.9138888889
-52953.927222222206
-52953.95111111112
-52953.96111111112
-52953.95333333333
-52954.00277777778
-52954.03055555558
-52954.03111111109
-52954.033888888895
-52954.0261111111
-52954.01555555555
-52954.02666666667
-52954.00333333331
-52954.02166666665
-52954.015555555554
-52954.02277777777
-52954.05388888889
-52954.060555555545
-52954.06777777777
-52954.060555555545
-52954.018888888895
-52954.04555555555
-52954.01944444446
-52954.01888888889
-52954.032777777764
-52954.01333333332
-52954.044444444444
-52954.01944444445
-52954.03833333333
-52954.0311111111
-52954.054999999986
-52954.06166666666
-52954.0383333333
-52954.037222222236
-52954.035555555565
-52954.080555555556
-52954.08444444442
-52954.071666666656
-52954.07555555555
-52954.05555555555
-52954.06555555557
-52954.08277777778
-52954.09777777777
-52954.091111111105
-52954.09777777778
-52954.073888888895
-52954.041111111124
-52954.063888888886
-52954.05388888889
-52954.0627777778
-52954.054444444446
-52954.06222222224
-52954.04555555555
-52954.013888888876
-52954.00388888888
-52953.96833333332
-52953.96666666666
-52953.95666666665
-52953.943333333336
-52953.95666666668
-52953.91555555558
-52953.94222222224
-52953.9561111111
-52953.98611111113
-52953.927777777775
-52953.94888888889
-52953.97833333332
-52953.977777777785
-52953.96333333334
-52953.99277777778
-52953.96333333332
-52954.00333333333
-52954.0188888889
-52954.046111111114
-52954.0488888889
-52954.04166666666
-52954.04055555553
-52954.04388888889
-52954.01944444445
-52954.016111111094
-52954.04444444445
-52954.05222222223
-52954.05222222223
-52954.05055555555



The list of best values average 

-50247.75000000004
-50305.989999999976
-50407.810000000005
-50455.630000000005
-50502.25999999999
-50579.880000000005
-50602.62000000001
-50686.649999999994
-50726.329999999994
-50777.34999999999
-50832.01000000001
-50869.55999999999
-50957.49999999999
-50983.54999999999
-51041.10000000003
-51093.209999999985
-51162.81999999999
-51216.840000000026
-51261.640000000014
-51309.99999999999
-51378.80000000002
-51435.64999999998
-51488.449999999975
-51502.28999999998
-51572.070000000036
-51648.01
-51717.43999999999
-51753.40999999999
-51813.800000000025
-51864.39000000001
-51926.92
-51973.509999999995
-52016.819999999985
-52066.05
-52111.06000000002
-52144.43000000003
-52189.16000000001
-52210.209999999985
-52252.86999999998
-52312.189999999995
-52333.76
-52377.24000000004
-52406.95999999997
-52436.51000000003
-52466.529999999984
-52517.95
-52528.979999999996
-52549.049999999996
-52567.87
-52585.12999999998
-52605.46999999998
-52625.290000000015
-52659.18999999998
-52664.94999999999
-52689.86
-52692.849999999984
-52705.57999999998
-52722.06
-52733.149999999994
-52748.41000000001
-52759.25999999998
-52767.72000000002
-52768.35999999998
-52781.02999999999
-52782.740000000005
-52795.11000000001
-52809.619999999995
-52816.460000000014
-52824.32000000002
-52832.82999999997
-52834.380000000005
-52837.02
-52847.46999999999
-52854.51999999998
-52858.4
-52862.71999999999
-52871.11000000003
-52872.10999999999
-52876.40999999999
-52880.04999999999
-52882.590000000004
-52885.589999999975
-52891.23999999998
-52896.04000000001
-52897.82
-52898.909999999996
-52906.62
-52910.959999999985
-52911.929999999986
-52910.75000000001
-52914.52000000001
-52917.21999999997
-52920.89
-52918.659999999996
-52919.96
-52922.45000000002
-52923.51000000003
-52923.63
-52925.83000000002
-52929.670000000006
-52930.29
-52932.319999999985
-52933.61000000001
-52934.900000000016
-52935.170000000006
-52941.700000000004
-52942.18
-52943.03000000002
-52941.020000000004
-52944.30000000001
-52945.40000000004
-52944.530000000006
-52944.25
-52946.47000000002
-52943.49
-52947.32000000001
-52947.420000000006
-52948.45000000002
-52948.959999999985
-52952.69000000003
-52951.399999999994
-52952.369999999995
-52952.79
-52954.83000000003
-52953.35000000003
-52953.359999999986
-52953.75999999999
-52955.12000000001
-52956.48000000001
-52957.96000000002
-52956.060000000005
-52955.55000000003
-52957.610000000015
-52956.34000000002
-52956.47000000001
-52955.05000000002
-52957.34000000001
-52957.86000000003
-52958.72000000002
-52959.09000000001
-52959.95000000001
-52959.40000000002
-52960.280000000006
-52958.790000000015
-52959.30000000002
-52960.64000000001
-52961.090000000026
-52961.26000000003
-52961.530000000035
-52961.92000000004
-52961.59000000002
-52962.01000000002
-52964.300000000025
-52963.690000000024
-52963.38000000001
-52963.06000000003
-52963.72000000003
-52963.51000000001
-52963.91000000001
-52964.770000000004
-52964.56000000002
-52964.28000000003
-52965.27000000002
-52965.33000000002
-52965.49000000002
-52964.75000000004
-52964.86000000003
-52964.86000000002
-52965.800000000025
-52964.43000000005
-52964.45000000004
-52965.70000000003
-52964.67000000001
-52964.280000000035
-52965.80000000003
-52964.66000000003
-52965.00000000002
-52966.120000000024
-52966.800000000025
-52966.69000000002
-52966.27000000004
-52966.620000000024
-52966.400000000016
-52965.99000000002
-52966.06000000003
-52966.22000000002
-52965.67000000003
-52966.68000000004
-52966.80000000003
-52966.17000000001
-52966.45000000003
-52966.58000000003
-52966.40000000002
-52966.260000000024
-52966.30000000003
-52966.550000000025
-52966.24000000002
-52966.910000000025
-52966.49000000003
-52967.00000000004
-52967.18000000002
-52967.08000000003
-52966.54000000003
-52967.00000000002
-52967.13000000002
-52966.94
-52966.500000000015
-52966.66000000001
-52967.11000000001
-52966.86000000001
-52967.02000000001
-52966.86000000002
-52967.21000000003
-52967.68000000002
-52968.040000000015
-52967.47000000002
-52967.770000000026
-52967.88000000001
-52967.760000000024
-52967.50000000002
-52967.77000000001
-52968.15000000002
-52968.010000000024
-52968.29000000002
-52968.12000000002
-52967.81000000002
-52968.08000000002
-52968.32000000002
-52968.260000000024
-52968.230000000025
-52968.15000000003
-52968.270000000026
-52968.28000000003
-52968.370000000024
-52968.410000000025
-52968.29000000003
-52968.11000000003
-52968.00000000004
-52968.54000000004
-52968.320000000036
-52968.49000000001
-52968.36000000003
-52968.04000000004
-52968.38000000003
-52968.20000000003
-52968.320000000036
-52968.43000000001
-52968.03000000002
-52968.350000000035
-52968.68000000003
-52968.69000000003
-52968.35000000003
-52968.68000000004
-52968.26000000003
-52968.230000000025
-52968.380000000034
-52968.580000000016
-52968.40000000004
-52968.34000000003
-52968.50000000003
-52968.640000000036
-52968.78000000003
-52968.62000000003
-52968.61000000004
-52968.34000000003
-52968.52000000003
-52968.66000000004
-52968.59000000004
-52968.59000000004
-52968.320000000036
-52968.47000000004
-52968.500000000044
-52968.54000000004
-52968.40000000004
-52968.32000000005
-52968.34000000004
-52968.43000000003
-52968.37000000004
-52968.680000000044
-52968.50000000005
-52968.580000000045
-52968.490000000034
-52968.64000000004
-52968.80000000003
-52968.740000000034
-52968.84000000003
-52968.91000000004
-52968.86000000004
-52968.94000000003
-52968.740000000034
-52968.91000000003
-52968.94000000004
-52968.74000000004
-52968.870000000046
-52968.85000000004
-52968.790000000045
-52968.79000000005
-52968.77000000005
-52968.82000000004
-52968.790000000045
-52968.680000000044
-52968.62000000003
-52968.710000000036
-52968.600000000035
-52968.71000000003
-52968.64000000004
-52968.81000000005
-52968.780000000035
-52968.85000000004
-52968.80000000005
-52968.80000000004
-52968.79000000004
-52968.720000000045
-52968.720000000045
-52968.580000000045
-52968.76000000004
-52968.67000000004
-52968.84000000004
-52968.80000000005
-52968.790000000045
-52968.69000000004
-52968.66000000004
-52968.72000000004
-52968.69000000004
-52968.72000000004
-52968.76000000004
-52968.71000000004
-52968.720000000045
-52968.72000000004
-52968.650000000045
-52968.790000000045
-52968.74000000004
-52968.73000000005
-52968.80000000005
-52968.81000000005
-52968.81000000005
-52968.92000000004
-52968.930000000044
-52968.89000000004
-52968.74000000005
-52968.67000000005
-52968.400000000045
-52968.74000000005
-52968.73000000005
-52968.59000000003
-52968.64000000004
-52968.66000000005
-52968.71000000004
-52968.66000000005
-52968.63000000005
-52968.71000000005
-52968.880000000056
-52968.84000000005
-52968.860000000044
-52968.860000000044
-52968.83000000005
-52968.82000000004
-52968.92000000005
-52968.88000000004
-52968.940000000046
-52968.90000000005
-52968.89000000005
-52968.870000000046
-52968.84000000005
-52968.88000000005
-52968.92000000004
-52968.790000000045
-52968.67000000004
-52968.67000000004
-52968.79000000004
-52968.81000000004
-52968.78000000004
-52968.85000000004
-52968.76000000004
-52968.67000000004
-52968.64000000004
-52968.81000000005
-52968.830000000045
-52968.82000000004
-52968.790000000045
-52968.80000000004
-52968.78000000004
-52968.75000000004
-52968.84000000004
-52968.810000000034
-52968.73000000004
-52968.77000000004
-52968.75000000004
-52968.830000000045
-52968.77000000005
-52968.750000000044
-52968.67000000004
-52968.56000000004
-52968.67000000004
-52968.680000000044
-52968.73000000004
-52968.750000000044
-52968.81000000004
-52968.860000000044
-52968.85000000004
-52968.78000000004
-52968.81000000004
-52968.83000000004
-52968.860000000044
-52968.830000000045
-52968.76000000004
-52968.78000000004
-52968.82000000004
-52968.84000000005
-52968.81000000004
-52968.860000000044
-52968.80000000004
-52968.79000000004
-52968.76000000004
-52968.72000000004
-52968.81000000004
-52968.73000000004
-52968.75000000004
-52968.76000000004
-52968.77000000004
-52968.78000000004
-52968.79000000004
-52968.790000000045
-52968.830000000045
-52968.77000000004
-52968.750000000044
-52968.81000000004
-52968.82000000004
-52968.77000000003
-52968.80000000004
-52968.810000000034
-52968.750000000044
-52968.77000000004
-52968.77000000003
-52968.780000000035
-52968.72000000003
-52968.70000000003
-52968.72000000003
-52968.76000000003
-52968.780000000035
-52968.76000000004
-52968.74000000004
-52968.75000000004
-52968.78000000004
-52968.78000000004
-52968.77000000004
-52968.720000000045
-52968.71000000004
-52968.77000000005
-52968.760000000046
-52968.70000000005
-52968.77000000005
-52968.760000000046
-52968.760000000046
-52968.77000000003
-52968.69000000004
-52968.760000000046
-52968.76000000004
-52968.78000000004
-52968.78000000004
-52968.77000000004
-52968.77000000004
-52968.74000000004
-52968.76000000004
-52968.75000000004
-52968.66000000004
-52968.750000000044
-52968.750000000044
-52968.750000000044
-52968.77000000004
-52968.77000000004
-52968.720000000045
-52968.760000000046
-52968.77000000004
-52968.78000000004
-52968.78000000004
-52968.78000000004
-52968.80000000005
-52968.78000000004
-52968.77000000003
-52968.78000000004
-52968.78000000004
-52968.81000000004
-52968.70000000004
-52968.73000000004
-52968.72000000004
-52968.70000000003
-52968.76000000004
-52968.76000000004
-52968.76000000004
-52968.720000000045
-52968.70000000004
-52968.68000000004
-52968.740000000034
-52968.73000000004
-52968.710000000036
-52968.72000000004
-52968.71000000004
-52968.79000000004
-52968.790000000045
-52968.80000000005
-52968.80000000005
-52968.88000000004
-52968.77000000004
-52968.85000000004
-52968.84000000004
-52968.74000000004
-52968.790000000045
-52968.760000000046
-52968.760000000046
-52968.790000000045
-52968.80000000005
-52968.77000000005
-52968.74000000004
-52968.74000000004
-52968.77000000004
-52968.760000000046
-52968.67000000004
-52968.760000000046
-52968.78000000004
-52968.80000000005
-52968.81000000004
-52968.790000000045
-52968.790000000045
-52968.81000000005
-52968.78000000004
-52968.81000000005
-52968.77000000004
-52968.78000000004
-52968.78000000004
-52968.80000000005
-52968.80000000005
-52968.790000000045
-52968.790000000045
-52968.80000000005
-52968.80000000005
-52968.78000000005
-52968.760000000046
-52968.780000000035
-52968.78000000004
-52968.77000000004
-52968.78000000004
-52968.790000000045
-52968.76000000004
-52968.77000000004
-52968.78000000004
-52968.790000000045
-52968.80000000004
-52968.73000000005
-52968.70000000004
-52968.73000000005
-52968.69000000004
-52968.71000000004
-52968.69000000004
-52968.72000000004
-52968.72000000004
-52968.70000000003
-52968.72000000004
-52968.780000000035
-52968.81000000004
-52968.79000000004
-52968.77000000003
-52968.780000000035
-52968.77000000003
-52968.76000000003
-52968.76000000003
-52968.74000000003
-52968.75000000003
-52968.76000000003
-52968.780000000035
-52968.78000000003
-52968.780000000035
-52968.77000000004
-52968.79000000004
-52968.780000000035
-52968.780000000035
-52968.77000000003
-52968.76000000003
-52968.77000000003
-52968.80000000004
-52968.79000000004
-52968.79000000004
-52968.710000000036
-52968.710000000036
-52968.72000000004
-52968.78000000004
-52968.79000000004
-52968.83000000004
-52968.82000000004
-52968.82000000004
-52968.75000000005
-52968.77000000005
-52968.77000000005
-52968.760000000046
-52968.82000000004
-52968.81000000004
-52968.81000000005
-52968.82000000004
-52968.81000000004
-52968.81000000004
-52968.80000000005
-52968.81000000004
-52968.81000000004
-52968.78000000004
-52968.78000000004
-52968.71000000004
-52968.71000000004
-52968.73000000004
-52968.72000000004
-52968.71000000004
-52968.72000000004
-52968.72000000004
-52968.72000000004
-52968.78000000004
-52968.76000000003
-52968.780000000035
-52968.73000000004
-52968.690000000046
-52968.690000000046
-52968.680000000044
-52968.680000000044
-52968.630000000056
-52968.73000000005
-52968.790000000045
-52968.78000000004
-52968.78000000004
-52968.790000000045
-52968.81000000005
-52968.80000000004
-52968.81000000004
-52968.79000000004
-52968.79000000004
-52968.790000000045
-52968.80000000004
-52968.790000000045
-52968.77000000004
-52968.76000000004
-52968.780000000035
-52968.80000000005
-52968.80000000005
-52968.790000000045
-52968.80000000004
-52968.78000000004
-52968.76000000004
-52968.76000000004
-52968.75000000004
-52968.77000000003
-52968.780000000035
-52968.81000000004
-52968.81000000004
-52968.81000000004
-52968.80000000004
-52968.82000000004
-52968.80000000004
-52968.780000000035
-52968.780000000035
-52968.80000000004
-52968.79000000004
-52968.80000000004
-52968.81000000004
-52968.82000000004
-52968.82000000004
-52968.82000000004
-52968.82000000004
-52968.82000000004
-52968.81000000004
-52968.80000000004
-52968.81000000004
-52968.80000000004
-52968.80000000004
-52968.79000000004
-52968.80000000004
-52968.82000000004
-52968.81000000004
-52968.830000000045
-52968.81000000004
-52968.80000000004
-52968.81000000004
-52968.79000000004
-52968.77000000003
-52968.76000000003
-52968.75000000003
-52968.76000000003
-52968.77000000003
-52968.780000000035
-52968.780000000035
-52968.77000000003
-52968.77000000003
-52968.780000000035
-52968.80000000004
-52968.80000000004
-52968.81000000004
-52968.82000000004
-52968.81000000004
-52968.80000000004
-52968.80000000004
-52968.780000000035
-52968.79000000004
-52968.830000000045
-52968.81000000004
-52968.79000000004
-52968.77000000003
-52968.77000000003
-52968.780000000035
-52968.77000000003
-52968.79000000004
-52968.76000000004
-52968.78000000004
-52968.790000000045
-52968.790000000045
-52968.76000000004
-52968.77000000004
-52968.78000000004
-52968.77000000004
-52968.78000000004
-52968.79000000004
-52968.780000000035
-52968.79000000004
-52968.780000000035
-52968.77000000003
-52968.80000000004
-52968.780000000035
-52968.76000000004
-52968.75000000004
-52968.78000000004
-52968.76000000004
-52968.78000000004
-52968.75000000003
-52968.780000000035
-52968.75000000004
-52968.76000000004
-52968.78000000004
-52968.78000000004
-52968.78000000004
-52968.77000000004
-52968.78000000004
-52968.80000000005
-52968.77000000004
-52968.77000000004
-52968.78000000004
-52968.790000000045
-52968.790000000045
-52968.78000000004
-52968.78000000004
-52968.78000000004
-52968.80000000004
-52968.81000000004
-52968.80000000004
-52968.81000000004
-52968.790000000045
-52968.790000000045
-52968.79000000004
-52968.78000000004
-52968.80000000005
-52968.80000000004
-52968.80000000004
-52968.790000000045
-52968.790000000045
-52968.79000000004
-52968.79000000004
-52968.77000000004
-52968.780000000035
-52968.80000000004
-52968.77000000003
-52968.77000000003
-52968.780000000035
-52968.780000000035
-52968.780000000035
-52968.77000000004
-52968.77000000004
-52968.78000000004
-52968.720000000045
-52968.71000000004
-52968.76000000004
-52968.750000000044
-52968.760000000046
-52968.750000000044
-52968.760000000046
-52968.750000000044
-52968.76000000004
-52968.75000000004
-52968.75000000004
-52968.76000000004
-52968.77000000004
-52968.74000000004
-52968.74000000004
-52968.77000000005
-52968.77000000005
-52968.77000000005
-52968.77000000005
-52968.750000000044
-52968.74000000004
-52968.76000000004
-52968.750000000044
-52968.72000000004
-52968.72000000004
