----------Report of simulation of Quantum Population Annealing-----------
The number of considered Spin 34
The considered Annealing Duration 136
The considered Annealing Number 100
The considered T 1.0
The considered Gamma0 1.0
The considered Number Of Replica 3
The considered Number Of System 6
The solution found [-1. -1.  1. -1. -1.  1.  1.  1.  1.  1. -1.  1.  1.  1. -1.  1.  1. -1.
 -1.  1. -1.  1. -1.  1. -1.  1. -1. -1. -1. -1.  1. -1. -1. -1.]
The value found -1658.0
The Success probability is 1.0
The average value is -1658.0
The total execution time is 124.05467438697815
The average time for execution is 1.2405451583862304
The average time for all systems update is 0.009051551065024208
The average time for system update is 0.0014881663813310511
The average time for replica update is 0.0004955673948222515
The average time for spin update is 1.4251863031788818e-05
The list of values found 

-1658.0
-1658.0
-1658.0
-1658.0
-1658.0
-1658.0
-1658.0
-1658.0
-1658.0
-1658.0
-1658.0
-1658.0
-1658.0
-1658.0
-1658.0
-1658.0
-1658.0
-1658.0
-1658.0
-1658.0
-1658.0
-1658.0
-1658.0
-1658.0
-1658.0
-1658.0
-1658.0
-1658.0
-1658.0
-1658.0
-1658.0
-1658.0
-1658.0
-1658.0
-1658.0
-1658.0
-1658.0
-1658.0
-1658.0
-1658.0
-1658.0
-1658.0
-1658.0
-1658.0
-1658.0
-1658.0
-1658.0
-1658.0
-1658.0
-1658.0
-1658.0
-1658.0
-1658.0
-1658.0
-1658.0
-1658.0
-1658.0
-1658.0
-1658.0
-1658.0
-1658.0
-1658.0
-1658.0
-1658.0
-1658.0
-1658.0
-1658.0
-1658.0
-1658.0
-1658.0
-1658.0
-1658.0
-1658.0
-1658.0
-1658.0
-1658.0
-1658.0
-1658.0
-1658.0
-1658.0
-1658.0
-1658.0
-1658.0
-1658.0
-1658.0
-1658.0
-1658.0
-1658.0
-1658.0
-1658.0
-1658.0
-1658.0
-1658.0
-1658.0
-1658.0
-1658.0
-1658.0
-1658.0
-1658.0
-1658.0



The list of values first execution 

-1416.388888888889
-1418.5
-1439.611111111111
-1469.111111111111
-1471.4444444444443
-1473.611111111111
-1506.5555555555557
-1497.2222222222222
-1523.6666666666667
-1529.7777777777778
-1521.888888888889
-1522.111111111111
-1537.0555555555557
-1539.9444444444443
-1548.0555555555557
-1567.388888888889
-1585.5
-1598.2222222222222
-1593.1666666666667
-1596.2222222222222
-1599.111111111111
-1608.388888888889
-1607.6666666666667
-1629.6666666666667
-1633.0555555555557
-1632.0
-1634.7222222222222
-1640.611111111111
-1640.3333333333333
-1642.5555555555557
-1644.7222222222222
-1653.0555555555557
-1654.4444444444443
-1650.2777777777778
-1645.7777777777778
-1645.388888888889
-1648.3333333333333
-1650.4444444444443
-1650.888888888889
-1655.0555555555557
-1651.3333333333333
-1655.111111111111
-1654.3333333333333
-1653.0
-1653.6666666666667
-1654.4444444444443
-1654.888888888889
-1653.5555555555557
-1653.5555555555557
-1656.4444444444443
-1656.0555555555557
-1655.388888888889
-1655.611111111111
-1656.2222222222222
-1655.1666666666667
-1654.9444444444443
-1653.2777777777778
-1655.0
-1655.611111111111
-1656.1666666666667
-1655.6666666666667
-1656.2777777777778
-1656.5
-1655.7222222222222
-1653.9444444444443
-1656.1666666666667
-1655.2777777777778
-1655.3333333333333
-1654.3333333333333
-1652.888888888889
-1656.611111111111
-1656.4444444444443
-1657.5
-1656.6666666666667
-1657.2222222222222
-1656.7777777777778
-1657.0555555555557
-1657.0555555555557
-1655.888888888889
-1656.1666666666667
-1656.5555555555557
-1655.2222222222222
-1655.0
-1656.0
-1657.0
-1657.9444444444443
-1658.0
-1657.9444444444443
-1658.0
-1657.888888888889
-1657.8333333333333
-1657.9444444444443
-1658.0
-1658.0
-1658.0
-1657.9444444444443
-1658.0
-1658.0
-1658.0
-1657.9444444444443
-1658.0
-1658.0
-1658.0
-1658.0
-1658.0
-1658.0
-1658.0
-1658.0
-1658.0
-1658.0
-1658.0
-1657.9444444444443
-1657.888888888889
-1657.8333333333333
-1657.7222222222222
-1657.5555555555557
-1657.7777777777778
-1658.0
-1657.9444444444443
-1657.888888888889
-1658.0
-1658.0
-1658.0
-1657.9444444444443
-1657.888888888889
-1657.888888888889
-1657.8333333333333
-1657.9444444444443
-1657.5
-1657.5
-1658.0
-1658.0
-1658.0
-1658.0
-1658.0
-1658.0



The list of best values first execution 

-1485.0
-1506.0
-1480.0
-1540.0
-1541.0
-1525.0
-1593.0
-1581.0
-1591.0
-1564.0
-1589.0
-1576.0
-1583.0
-1611.0
-1608.0
-1638.0
-1644.0
-1658.0
-1627.0
-1643.0
-1657.0
-1657.0
-1657.0
-1653.0
-1657.0
-1657.0
-1657.0
-1658.0
-1658.0
-1658.0
-1658.0
-1658.0
-1658.0
-1658.0
-1657.0
-1658.0
-1658.0
-1658.0
-1658.0
-1658.0
-1658.0
-1658.0
-1658.0
-1658.0
-1658.0
-1658.0
-1658.0
-1658.0
-1658.0
-1658.0
-1658.0
-1658.0
-1658.0
-1658.0
-1658.0
-1658.0
-1658.0
-1658.0
-1657.0
-1658.0
-1658.0
-1658.0
-1658.0
-1658.0
-1658.0
-1658.0
-1658.0
-1658.0
-1658.0
-1658.0
-1658.0
-1658.0
-1658.0
-1658.0
-1658.0
-1658.0
-1658.0
-1658.0
-1658.0
-1658.0
-1658.0
-1658.0
-1658.0
-1658.0
-1658.0
-1658.0
-1658.0
-1658.0
-1658.0
-1658.0
-1658.0
-1658.0
-1658.0
-1658.0
-1658.0
-1658.0
-1658.0
-1658.0
-1658.0
-1658.0
-1658.0
-1658.0
-1658.0
-1658.0
-1658.0
-1658.0
-1658.0
-1658.0
-1658.0
-1658.0
-1658.0
-1658.0
-1658.0
-1658.0
-1658.0
-1658.0
-1658.0
-1658.0
-1658.0
-1658.0
-1658.0
-1658.0
-1658.0
-1658.0
-1658.0
-1658.0
-1658.0
-1658.0
-1658.0
-1658.0
-1658.0
-1658.0
-1658.0
-1658.0
-1658.0
-1658.0



The list of values average 

-1416.0066666666671
-1429.3255555555559
-1442.3383333333331
-1456.408888888889
-1467.578888888889
-1479.6711111111113
-1491.0522222222226
-1501.3122222222219
-1511.0611111111125
-1520.2694444444442
-1531.4849999999994
-1542.4977777777779
-1554.2833333333335
-1564.7383333333335
-1575.3072222222227
-1583.184444444445
-1592.8955555555556
-1598.8105555555558
-1604.32
-1609.9950000000001
-1615.6772222222226
-1620.79
-1624.9172222222214
-1629.8288888888885
-1631.6144444444444
-1633.885
-1636.455555555556
-1638.6927777777776
-1640.658333333334
-1642.6838888888885
-1643.3688888888883
-1645.1238888888888
-1646.2683333333339
-1646.4538888888876
-1647.8466666666666
-1649.1077777777782
-1649.4727777777775
-1650.3494444444448
-1651.2622222222224
-1651.7788888888897
-1651.8800000000003
-1652.2438888888892
-1652.762777777778
-1652.977222222223
-1653.2994444444448
-1653.1222222222225
-1653.3511111111109
-1653.4572222222223
-1653.9472222222214
-1654.2133333333325
-1654.251111111112
-1654.3766666666672
-1654.4149999999995
-1654.823333333333
-1654.8350000000003
-1655.0099999999993
-1655.1377777777775
-1655.195555555555
-1655.4105555555557
-1655.5455555555557
-1655.7161111111106
-1655.8116666666667
-1655.8394444444446
-1655.8116666666672
-1655.8049999999996
-1655.8794444444443
-1655.895555555556
-1655.9738888888892
-1655.8816666666671
-1656.117222222222
-1656.3049999999998
-1656.2905555555558
-1656.1877777777786
-1656.2650000000006
-1656.272777777778
-1656.303888888889
-1656.3533333333335
-1656.2750000000005
-1656.312222222222
-1656.5044444444452
-1656.587222222223
-1656.4388888888886
-1656.5311111111114
-1656.5927777777786
-1656.634444444445
-1656.642777777777
-1656.586111111111
-1656.6372222222215
-1656.6072222222226
-1656.7444444444443
-1656.686111111111
-1656.6283333333336
-1656.6533333333332
-1656.7333333333331
-1656.7144444444448
-1656.7327777777787
-1656.7372222222218
-1656.7772222222222
-1656.9922222222212
-1656.9572222222232
-1656.879444444444
-1656.938333333334
-1656.886666666666
-1656.936666666667
-1656.9550000000004
-1656.9999999999993
-1657.0177777777776
-1656.807222222222
-1656.9050000000004
-1656.9827777777784
-1657.019444444444
-1657.034444444444
-1657.0449999999994
-1657.0738888888889
-1657.1127777777774
-1657.1194444444434
-1657.1644444444444
-1657.108888888888
-1657.1172222222222
-1657.113888888889
-1657.1461111111112
-1657.143888888889
-1657.0861111111114
-1657.112777777778
-1657.0766666666668
-1657.0972222222224
-1657.1616666666657
-1657.1033333333328
-1657.0966666666668
-1657.1261111111112
-1657.1711111111101
-1657.1849999999995
-1657.2277777777776
-1657.2127777777775
-1657.2005555555559
-1657.2722222222214



The list of best values average 

-1497.92
-1508.63
-1516.3600000000004
-1527.5799999999995
-1539.6799999999998
-1554.7599999999993
-1566.849999999999
-1578.1900000000003
-1587.7000000000003
-1592.4599999999998
-1607.6399999999994
-1614.5500000000004
-1627.18
-1634.6299999999997
-1639.2099999999998
-1645.1299999999994
-1649.5999999999992
-1652.0999999999992
-1653.0299999999986
-1652.909999999999
-1655.4899999999986
-1655.6399999999983
-1656.3899999999983
-1657.0699999999983
-1657.2899999999981
-1657.5799999999983
-1657.6199999999985
-1657.7299999999984
-1657.5699999999983
-1657.6899999999982
-1657.7199999999984
-1657.7599999999982
-1657.6699999999983
-1657.6999999999982
-1657.7899999999984
-1657.7799999999982
-1657.7899999999984
-1657.8499999999983
-1657.8599999999983
-1657.8599999999983
-1657.8099999999984
-1657.839999999998
-1657.8699999999983
-1657.8599999999983
-1657.8199999999983
-1657.7699999999984
-1657.7699999999984
-1657.7899999999984
-1657.7399999999982
-1657.7699999999984
-1657.7999999999984
-1657.7799999999984
-1657.7999999999981
-1657.8299999999983
-1657.8099999999984
-1657.8299999999983
-1657.8399999999983
-1657.8499999999983
-1657.7999999999984
-1657.8199999999983
-1657.7699999999984
-1657.7899999999984
-1657.8099999999984
-1657.7799999999984
-1657.7499999999984
-1657.7299999999984
-1657.7599999999984
-1657.7599999999984
-1657.7099999999984
-1657.7499999999984
-1657.7699999999984
-1657.7599999999984
-1657.7399999999984
-1657.7499999999984
-1657.7899999999984
-1657.7999999999984
-1657.7599999999984
-1657.7599999999984
-1657.7699999999984
-1657.8099999999984
-1657.8399999999983
-1657.8299999999983
-1657.8099999999984
-1657.7699999999984
-1657.7699999999984
-1657.7499999999984
-1657.7499999999984
-1657.7499999999984
-1657.7599999999984
-1657.7699999999984
-1657.7699999999984
-1657.7499999999984
-1657.7099999999984
-1657.7099999999984
-1657.6999999999985
-1657.6599999999985
-1657.6499999999985
-1657.6599999999985
-1657.6799999999985
-1657.6599999999985
-1657.7199999999984
-1657.7199999999984
-1657.7399999999984
-1657.7099999999984
-1657.7299999999984
-1657.7399999999984
-1657.7099999999984
-1657.6899999999985
-1657.6899999999985
-1657.7099999999984
-1657.6999999999985
-1657.6799999999985
-1657.6599999999985
-1657.7099999999984
-1657.7199999999984
-1657.7799999999984
-1657.7199999999984
-1657.7399999999984
-1657.6999999999985
-1657.6699999999985
-1657.6899999999985
-1657.6899999999985
-1657.7399999999984
-1657.7799999999984
-1657.7599999999984
-1657.7699999999984
-1657.7499999999984
-1657.7599999999984
-1657.7399999999984
-1657.7699999999984
-1657.7499999999984
-1657.7499999999984
-1657.7599999999984
-1657.7699999999984
-1657.7599999999984
-1657.7799999999984
