----------Report of simulation of Quantum Population Annealing-----------
The number of considered Spin 195
The considered Annealing Duration 780
The considered Annealing Number 100
The considered T 1.0
The considered Gamma0 1.0
The considered Number Of Replica 3
The considered Number Of System 6
The solution found [-1.  1.  1. -1. -1.  1. -1.  1.  1. -1. -1. -1. -1.  1. -1.  1. -1.  1.
 -1.  1.  1.  1. -1.  1. -1.  1. -1. -1. -1.  1. -1.  1.  1.  1. -1.  1.
 -1. -1.  1. -1.  1. -1.  1.  1.  1.  1. -1.  1. -1. -1. -1.  1.  1.  1.
  1.  1.  1. -1. -1. -1.  1.  1. -1. -1. -1.  1.  1. -1.  1.  1.  1.  1.
  1. -1. -1. -1.  1.  1.  1.  1.  1. -1.  1. -1. -1.  1.  1. -1. -1. -1.
 -1. -1. -1.  1. -1.  1.  1. -1.  1. -1.  1. -1. -1.  1.  1. -1. -1.  1.
 -1. -1. -1.  1.  1. -1.  1. -1.  1.  1.  1.  1.  1. -1.  1. -1. -1.  1.
 -1.  1. -1. -1.  1. -1.  1.  1. -1. -1. -1.  1.  1.  1. -1.  1. -1. -1.
 -1. -1.  1. -1.  1.  1. -1. -1. -1. -1. -1. -1.  1. -1.  1.  1.  1. -1.
  1. -1.  1. -1.  1. -1. -1. -1.  1.  1.  1. -1.  1. -1. -1.  1. -1.  1.
  1. -1.  1.  1.  1.  1.  1. -1. -1. -1. -1. -1. -1. -1.  1.]
The value found -50872.0
The Success probability is 0.69
The average value is -50869.77
The total execution time is 17495.285448789597
The average time for execution is 174.95285317659378
The average time for all systems update is 0.2242117790197715
The average time for system update is 0.03735046678577733
The average time for replica update is 0.012449724311162943
The average time for spin update is 6.359862597988924e-05
The list of values found 

-50867.0
-50872.0
-50872.0
-50853.0
-50872.0
-50872.0
-50867.0
-50872.0
-50872.0
-50872.0
-50872.0
-50872.0
-50867.0
-50867.0
-50872.0
-50872.0
-50872.0
-50872.0
-50867.0
-50872.0
-50872.0
-50867.0
-50872.0
-50872.0
-50872.0
-50872.0
-50872.0
-50872.0
-50872.0
-50872.0
-50872.0
-50867.0
-50872.0
-50872.0
-50867.0
-50872.0
-50872.0
-50867.0
-50872.0
-50872.0
-50872.0
-50867.0
-50872.0
-50872.0
-50872.0
-50872.0
-50867.0
-50872.0
-50867.0
-50872.0
-50867.0
-50867.0
-50865.0
-50872.0
-50847.0
-50872.0
-50872.0
-50865.0
-50867.0
-50867.0
-50872.0
-50867.0
-50872.0
-50872.0
-50872.0
-50872.0
-50872.0
-50872.0
-50872.0
-50872.0
-50867.0
-50872.0
-50872.0
-50872.0
-50872.0
-50867.0
-50853.0
-50865.0
-50872.0
-50872.0
-50867.0
-50867.0
-50872.0
-50872.0
-50872.0
-50872.0
-50867.0
-50867.0
-50872.0
-50872.0
-50872.0
-50872.0
-50872.0
-50853.0
-50872.0
-50872.0
-50872.0
-50872.0
-50867.0
-50872.0



The list of values first execution 

-47686.666666666664
-47964.22222222222
-48063.055555555555
-48170.77777777778
-48059.22222222222
-48176.333333333336
-48190.38888888889
-48278.944444444445
-48240.88888888889
-48405.055555555555
-48445.944444444445
-48516.444444444445
-48479.333333333336
-48617.38888888889
-48592.22222222222
-48619.944444444445
-48781.833333333336
-48763.833333333336
-48885.77777777778
-48905.61111111111
-48914.27777777778
-48957.5
-49147.27777777778
-49104.055555555555
-49108.88888888889
-49207.666666666664
-49212.38888888889
-49316.77777777778
-49311.666666666664
-49290.27777777778
-49304.555555555555
-49394.333333333336
-49406.666666666664
-49419.38888888889
-49454.166666666664
-49588.833333333336
-49690.22222222222
-49704.166666666664
-49878.055555555555
-49898.11111111111
-49940.944444444445
-49936.0
-50003.055555555555
-50067.166666666664
-50029.055555555555
-49983.444444444445
-49993.22222222222
-50079.944444444445
-50026.555555555555
-50113.333333333336
-50055.833333333336
-50224.61111111111
-50221.72222222222
-50221.666666666664
-50271.11111111111
-50355.5
-50376.666666666664
-50425.88888888889
-50467.333333333336
-50424.055555555555
-50494.5
-50514.444444444445
-50480.666666666664
-50495.0
-50514.77777777778
-50580.38888888889
-50557.72222222222
-50580.833333333336
-50564.11111111111
-50611.833333333336
-50630.944444444445
-50600.0
-50614.666666666664
-50559.38888888889
-50584.61111111111
-50595.0
-50615.944444444445
-50643.333333333336
-50656.833333333336
-50684.77777777778
-50656.88888888889
-50657.38888888889
-50705.666666666664
-50659.666666666664
-50673.72222222222
-50621.944444444445
-50674.0
-50697.944444444445
-50694.055555555555
-50723.22222222222
-50724.5
-50734.72222222222
-50704.72222222222
-50708.333333333336
-50712.055555555555
-50716.333333333336
-50760.5
-50720.72222222222
-50765.5
-50756.61111111111
-50750.166666666664
-50747.055555555555
-50765.0
-50774.444444444445
-50778.27777777778
-50774.61111111111
-50788.5
-50792.833333333336
-50771.22222222222
-50781.72222222222
-50778.5
-50785.5
-50792.333333333336
-50805.27777777778
-50796.38888888889
-50802.833333333336
-50802.27777777778
-50804.944444444445
-50796.0
-50806.333333333336
-50795.22222222222
-50816.38888888889
-50814.166666666664
-50799.27777777778
-50807.61111111111
-50804.38888888889
-50798.0
-50803.944444444445
-50824.11111111111
-50818.833333333336
-50812.72222222222
-50805.666666666664
-50807.944444444445
-50808.833333333336
-50807.0
-50823.444444444445
-50814.666666666664
-50818.77777777778
-50817.38888888889
-50821.0
-50821.944444444445
-50803.38888888889
-50808.22222222222
-50820.88888888889
-50819.77777777778
-50831.333333333336
-50826.61111111111
-50828.27777777778
-50810.77777777778
-50833.22222222222
-50831.11111111111
-50844.166666666664
-50835.72222222222
-50836.666666666664
-50834.833333333336
-50828.72222222222
-50832.38888888889
-50833.166666666664
-50839.555555555555
-50834.61111111111
-50833.333333333336
-50831.61111111111
-50835.055555555555
-50831.22222222222
-50849.166666666664
-50847.333333333336
-50840.88888888889
-50830.77777777778
-50840.833333333336
-50828.555555555555
-50837.055555555555
-50839.0
-50827.77777777778
-50836.27777777778
-50840.833333333336
-50846.11111111111
-50835.333333333336
-50842.555555555555
-50839.666666666664
-50841.666666666664
-50826.72222222222
-50842.333333333336
-50845.38888888889
-50831.833333333336
-50844.833333333336
-50824.77777777778
-50846.11111111111
-50843.38888888889
-50844.72222222222
-50848.61111111111
-50848.22222222222
-50838.666666666664
-50853.444444444445
-50828.666666666664
-50845.22222222222
-50846.72222222222
-50847.38888888889
-50845.11111111111
-50849.72222222222
-50855.0
-50852.944444444445
-50850.666666666664
-50851.055555555555
-50861.444444444445
-50858.333333333336
-50853.11111111111
-50856.61111111111
-50861.666666666664
-50850.666666666664
-50843.666666666664
-50828.22222222222
-50844.833333333336
-50850.77777777778
-50855.72222222222
-50847.72222222222
-50857.11111111111
-50847.0
-50854.5
-50856.166666666664
-50854.555555555555
-50852.27777777778
-50851.27777777778
-50851.666666666664
-50851.666666666664
-50854.944444444445
-50854.944444444445
-50846.27777777778
-50852.666666666664
-50851.833333333336
-50851.944444444445
-50852.88888888889
-50855.61111111111
-50851.88888888889
-50857.0
-50859.666666666664
-50857.0
-50853.833333333336
-50856.61111111111
-50859.666666666664
-50858.333333333336
-50861.944444444445
-50861.166666666664
-50863.444444444445
-50859.11111111111
-50853.444444444445
-50854.22222222222
-50853.0
-50858.5
-50860.0
-50860.055555555555
-50859.22222222222
-50857.27777777778
-50859.72222222222
-50858.444444444445
-50861.444444444445
-50864.444444444445
-50860.166666666664
-50854.833333333336
-50860.0
-50861.11111111111
-50861.77777777778
-50860.555555555555
-50860.27777777778
-50859.72222222222
-50862.666666666664
-50857.88888888889
-50847.944444444445
-50860.055555555555
-50859.38888888889
-50860.666666666664
-50857.22222222222
-50855.555555555555
-50860.555555555555
-50859.5
-50855.833333333336
-50864.833333333336
-50862.666666666664
-50856.333333333336
-50859.555555555555
-50861.22222222222
-50862.27777777778
-50861.944444444445
-50854.88888888889
-50853.5
-50858.0
-50862.333333333336
-50861.77777777778
-50862.77777777778
-50859.666666666664
-50863.166666666664
-50863.5
-50863.444444444445
-50862.0
-50857.833333333336
-50860.555555555555
-50864.444444444445
-50863.944444444445
-50863.333333333336
-50860.444444444445
-50858.944444444445
-50857.555555555555
-50861.77777777778
-50858.555555555555
-50861.72222222222
-50862.333333333336
-50861.944444444445
-50862.38888888889
-50860.38888888889
-50860.88888888889
-50860.055555555555
-50857.22222222222
-50855.333333333336
-50858.555555555555
-50861.333333333336
-50861.666666666664
-50862.944444444445
-50861.833333333336
-50861.444444444445
-50862.61111111111
-50860.833333333336
-50863.166666666664
-50864.27777777778
-50863.77777777778
-50862.944444444445
-50861.5
-50864.72222222222
-50864.11111111111
-50862.555555555555
-50863.833333333336
-50863.833333333336
-50863.833333333336
-50860.77777777778
-50863.88888888889
-50865.166666666664
-50861.27777777778
-50863.055555555555
-50861.666666666664
-50862.61111111111
-50863.833333333336
-50863.166666666664
-50862.055555555555
-50862.61111111111
-50863.22222222222
-50861.5
-50863.88888888889
-50864.944444444445
-50861.72222222222
-50857.61111111111
-50861.333333333336
-50860.444444444445
-50863.444444444445
-50864.666666666664
-50862.944444444445
-50863.555555555555
-50863.5
-50863.61111111111
-50862.5
-50863.11111111111
-50856.27777777778
-50861.38888888889
-50862.5
-50859.444444444445
-50861.0
-50865.22222222222
-50864.166666666664
-50864.333333333336
-50864.27777777778
-50864.944444444445
-50865.444444444445
-50862.055555555555
-50863.0
-50862.77777777778
-50864.333333333336
-50863.444444444445
-50863.444444444445
-50861.88888888889
-50862.77777777778
-50860.72222222222
-50864.166666666664
-50862.77777777778
-50861.61111111111
-50861.833333333336
-50861.833333333336
-50862.833333333336
-50862.444444444445
-50862.666666666664
-50862.11111111111
-50864.0
-50862.77777777778
-50865.444444444445
-50862.444444444445
-50862.833333333336
-50863.77777777778
-50865.11111111111
-50861.27777777778
-50864.055555555555
-50863.444444444445
-50864.22222222222
-50861.72222222222
-50864.61111111111
-50864.944444444445
-50866.0
-50865.88888888889
-50861.72222222222
-50863.166666666664
-50863.77777777778
-50863.61111111111
-50865.666666666664
-50864.27777777778
-50865.61111111111
-50865.11111111111
-50863.72222222222
-50864.555555555555
-50863.333333333336
-50864.11111111111
-50860.444444444445
-50863.666666666664
-50864.38888888889
-50863.055555555555
-50865.0
-50864.555555555555
-50862.38888888889
-50860.5
-50862.944444444445
-50864.27777777778
-50856.666666666664
-50864.944444444445
-50864.77777777778
-50864.27777777778
-50864.055555555555
-50863.72222222222
-50861.77777777778
-50863.666666666664
-50857.944444444445
-50864.833333333336
-50862.72222222222
-50862.27777777778
-50862.666666666664
-50864.166666666664
-50864.38888888889
-50864.555555555555
-50864.944444444445
-50864.61111111111
-50865.166666666664
-50865.166666666664
-50864.5
-50863.77777777778
-50862.0
-50863.944444444445
-50864.22222222222
-50862.77777777778
-50864.0
-50864.27777777778
-50863.77777777778
-50865.11111111111
-50864.666666666664
-50861.444444444445
-50865.11111111111
-50863.88888888889
-50863.88888888889
-50863.88888888889
-50863.22222222222
-50864.555555555555
-50862.333333333336
-50863.11111111111
-50862.5
-50864.11111111111
-50864.88888888889
-50864.88888888889
-50866.0
-50861.444444444445
-50865.22222222222
-50865.666666666664
-50865.055555555555
-50865.333333333336
-50865.055555555555
-50864.11111111111
-50863.61111111111
-50865.444444444445
-50865.72222222222
-50865.555555555555
-50866.0
-50865.22222222222
-50865.166666666664
-50865.055555555555
-50863.833333333336
-50865.666666666664
-50865.0
-50865.333333333336
-50865.77777777778
-50865.5
-50864.333333333336
-50860.61111111111
-50861.88888888889
-50862.77777777778
-50863.61111111111
-50864.555555555555
-50865.77777777778
-50865.444444444445
-50865.11111111111
-50865.22222222222
-50864.944444444445
-50864.77777777778
-50863.333333333336
-50863.5
-50865.555555555555
-50865.38888888889
-50864.444444444445
-50865.444444444445
-50865.166666666664
-50864.666666666664
-50865.555555555555
-50864.055555555555
-50862.27777777778
-50863.22222222222
-50864.22222222222
-50861.944444444445
-50866.0
-50865.444444444445
-50865.11111111111
-50865.27777777778
-50865.88888888889
-50862.38888888889
-50863.72222222222
-50863.22222222222
-50864.38888888889
-50864.5
-50864.055555555555
-50863.5
-50865.444444444445
-50865.72222222222
-50866.11111111111
-50865.833333333336
-50865.555555555555
-50866.11111111111
-50866.0
-50865.666666666664
-50863.333333333336
-50863.88888888889
-50864.666666666664
-50865.0
-50866.333333333336
-50865.27777777778
-50864.944444444445
-50864.27777777778
-50864.444444444445
-50865.666666666664
-50864.944444444445
-50862.555555555555
-50864.88888888889
-50865.27777777778
-50865.166666666664
-50865.72222222222
-50866.0
-50864.333333333336
-50866.0
-50865.944444444445
-50865.27777777778
-50864.444444444445
-50864.22222222222
-50864.11111111111
-50865.5
-50866.0
-50866.0
-50865.22222222222
-50865.833333333336
-50864.555555555555
-50864.38888888889
-50861.333333333336
-50865.61111111111
-50865.61111111111
-50865.88888888889
-50865.444444444445
-50865.22222222222
-50865.5
-50866.11111111111
-50866.11111111111
-50865.88888888889
-50865.5
-50866.0
-50865.666666666664
-50864.88888888889
-50865.88888888889
-50865.77777777778
-50865.27777777778
-50865.055555555555
-50865.444444444445
-50865.666666666664
-50865.77777777778
-50864.0
-50866.0
-50865.444444444445
-50865.27777777778
-50865.72222222222
-50865.27777777778
-50865.22222222222
-50864.72222222222
-50864.333333333336
-50865.166666666664
-50865.166666666664
-50865.38888888889
-50865.88888888889
-50864.666666666664
-50864.944444444445
-50865.555555555555
-50865.77777777778
-50865.833333333336
-50865.77777777778
-50865.61111111111
-50865.38888888889
-50865.88888888889
-50865.72222222222
-50866.0
-50866.22222222222
-50865.11111111111
-50866.055555555555
-50865.555555555555
-50865.555555555555
-50866.0
-50865.555555555555
-50864.333333333336
-50865.555555555555
-50863.11111111111
-50865.5
-50865.5
-50865.833333333336
-50865.833333333336
-50866.055555555555
-50865.88888888889
-50865.666666666664
-50865.166666666664
-50865.72222222222
-50865.666666666664
-50865.444444444445
-50865.72222222222
-50865.72222222222
-50864.333333333336
-50864.0
-50864.88888888889
-50865.555555555555
-50865.61111111111
-50864.555555555555
-50864.444444444445
-50865.666666666664
-50864.555555555555
-50865.22222222222
-50865.11111111111
-50864.77777777778
-50864.88888888889
-50865.11111111111
-50865.11111111111
-50865.22222222222
-50864.88888888889
-50865.444444444445
-50864.77777777778
-50865.555555555555
-50865.61111111111
-50864.77777777778
-50866.0
-50865.555555555555
-50865.88888888889
-50862.77777777778
-50866.22222222222
-50866.22222222222
-50866.0
-50866.11111111111
-50866.11111111111
-50866.11111111111
-50865.72222222222
-50865.944444444445
-50865.444444444445
-50866.22222222222
-50866.0
-50865.77777777778
-50865.833333333336
-50865.22222222222
-50863.77777777778
-50865.0
-50865.555555555555
-50865.5
-50865.88888888889
-50865.77777777778
-50866.0
-50865.88888888889
-50865.38888888889
-50865.11111111111
-50863.833333333336
-50863.27777777778
-50865.166666666664
-50866.0
-50865.666666666664
-50865.166666666664
-50866.11111111111
-50865.88888888889
-50866.333333333336
-50866.11111111111
-50865.22222222222
-50862.61111111111
-50865.833333333336
-50865.555555555555
-50865.88888888889
-50865.77777777778
-50863.11111111111
-50866.0
-50865.833333333336
-50865.555555555555
-50865.88888888889
-50866.11111111111
-50866.11111111111
-50865.38888888889
-50863.88888888889
-50865.055555555555
-50865.5
-50866.22222222222
-50865.666666666664
-50866.11111111111
-50865.72222222222
-50865.38888888889
-50864.333333333336
-50865.444444444445
-50865.72222222222
-50866.0
-50866.0
-50865.88888888889
-50861.555555555555
-50865.38888888889
-50866.11111111111
-50865.77777777778
-50866.333333333336
-50865.77777777778
-50865.555555555555
-50865.27777777778
-50865.944444444445
-50865.833333333336
-50866.0
-50865.77777777778
-50865.11111111111
-50865.11111111111
-50864.88888888889
-50865.944444444445
-50865.77777777778
-50858.555555555555
-50865.72222222222
-50865.88888888889
-50861.333333333336
-50865.72222222222
-50865.72222222222
-50865.666666666664
-50865.27777777778
-50866.11111111111
-50866.0
-50865.88888888889
-50866.11111111111
-50866.333333333336
-50865.88888888889
-50866.11111111111
-50865.88888888889
-50865.77777777778
-50865.444444444445
-50865.833333333336
-50865.27777777778
-50864.61111111111
-50864.333333333336
-50865.27777777778
-50861.77777777778
-50865.833333333336
-50865.944444444445
-50866.22222222222
-50865.444444444445
-50866.0
-50865.72222222222
-50866.22222222222
-50866.11111111111
-50866.333333333336
-50866.22222222222
-50866.0
-50865.666666666664
-50865.61111111111
-50865.666666666664
-50865.444444444445



The list of best values first execution 

-47977.0
-48451.0
-48397.0
-48599.0
-48401.0
-48569.0
-48587.0
-48560.0
-48626.0
-48829.0
-48871.0
-49051.0
-48799.0
-48941.0
-49304.0
-48970.0
-49066.0
-49230.0
-49280.0
-49282.0
-49358.0
-49325.0
-49653.0
-49557.0
-49635.0
-49646.0
-49631.0
-49699.0
-49625.0
-49883.0
-49665.0
-49766.0
-49859.0
-49799.0
-49963.0
-49850.0
-49918.0
-49963.0
-50232.0
-50263.0
-50317.0
-50237.0
-50297.0
-50361.0
-50334.0
-50318.0
-50351.0
-50579.0
-50571.0
-50631.0
-50556.0
-50491.0
-50608.0
-50506.0
-50635.0
-50669.0
-50631.0
-50660.0
-50679.0
-50624.0
-50730.0
-50703.0
-50648.0
-50683.0
-50699.0
-50751.0
-50727.0
-50718.0
-50700.0
-50720.0
-50804.0
-50715.0
-50767.0
-50779.0
-50728.0
-50799.0
-50755.0
-50816.0
-50810.0
-50802.0
-50764.0
-50766.0
-50851.0
-50815.0
-50849.0
-50811.0
-50842.0
-50837.0
-50838.0
-50848.0
-50827.0
-50837.0
-50830.0
-50842.0
-50849.0
-50828.0
-50831.0
-50830.0
-50847.0
-50838.0
-50833.0
-50815.0
-50838.0
-50859.0
-50854.0
-50853.0
-50865.0
-50855.0
-50852.0
-50865.0
-50865.0
-50855.0
-50858.0
-50858.0
-50847.0
-50849.0
-50858.0
-50849.0
-50843.0
-50840.0
-50865.0
-50863.0
-50865.0
-50854.0
-50856.0
-50847.0
-50847.0
-50850.0
-50863.0
-50854.0
-50858.0
-50852.0
-50856.0
-50849.0
-50851.0
-50847.0
-50865.0
-50847.0
-50854.0
-50854.0
-50860.0
-50849.0
-50855.0
-50856.0
-50863.0
-50860.0
-50860.0
-50865.0
-50865.0
-50863.0
-50865.0
-50865.0
-50865.0
-50865.0
-50865.0
-50863.0
-50863.0
-50865.0
-50865.0
-50863.0
-50859.0
-50863.0
-50862.0
-50865.0
-50865.0
-50863.0
-50865.0
-50865.0
-50865.0
-50857.0
-50863.0
-50865.0
-50865.0
-50865.0
-50863.0
-50863.0
-50865.0
-50865.0
-50865.0
-50863.0
-50865.0
-50865.0
-50865.0
-50865.0
-50865.0
-50865.0
-50866.0
-50866.0
-50865.0
-50865.0
-50865.0
-50863.0
-50865.0
-50865.0
-50865.0
-50865.0
-50865.0
-50863.0
-50865.0
-50865.0
-50865.0
-50865.0
-50863.0
-50866.0
-50867.0
-50865.0
-50867.0
-50867.0
-50865.0
-50867.0
-50861.0
-50865.0
-50862.0
-50867.0
-50866.0
-50866.0
-50866.0
-50866.0
-50867.0
-50867.0
-50865.0
-50865.0
-50865.0
-50865.0
-50863.0
-50865.0
-50865.0
-50867.0
-50867.0
-50863.0
-50866.0
-50866.0
-50865.0
-50867.0
-50867.0
-50865.0
-50867.0
-50867.0
-50867.0
-50867.0
-50867.0
-50867.0
-50867.0
-50867.0
-50867.0
-50867.0
-50867.0
-50867.0
-50867.0
-50866.0
-50867.0
-50867.0
-50867.0
-50867.0
-50867.0
-50867.0
-50867.0
-50867.0
-50867.0
-50867.0
-50867.0
-50867.0
-50867.0
-50867.0
-50867.0
-50867.0
-50867.0
-50867.0
-50867.0
-50867.0
-50867.0
-50867.0
-50867.0
-50867.0
-50867.0
-50867.0
-50867.0
-50867.0
-50867.0
-50867.0
-50867.0
-50865.0
-50867.0
-50867.0
-50867.0
-50867.0
-50867.0
-50867.0
-50867.0
-50867.0
-50867.0
-50867.0
-50867.0
-50867.0
-50867.0
-50867.0
-50867.0
-50867.0
-50867.0
-50867.0
-50867.0
-50867.0
-50867.0
-50867.0
-50867.0
-50867.0
-50867.0
-50867.0
-50865.0
-50866.0
-50867.0
-50866.0
-50867.0
-50867.0
-50867.0
-50866.0
-50866.0
-50867.0
-50867.0
-50867.0
-50867.0
-50867.0
-50867.0
-50867.0
-50867.0
-50867.0
-50867.0
-50867.0
-50867.0
-50867.0
-50867.0
-50867.0
-50867.0
-50867.0
-50867.0
-50867.0
-50867.0
-50867.0
-50867.0
-50867.0
-50866.0
-50867.0
-50867.0
-50867.0
-50867.0
-50867.0
-50867.0
-50867.0
-50867.0
-50867.0
-50867.0
-50867.0
-50867.0
-50867.0
-50867.0
-50867.0
-50867.0
-50867.0
-50867.0
-50867.0
-50867.0
-50867.0
-50867.0
-50867.0
-50867.0
-50867.0
-50867.0
-50867.0
-50867.0
-50867.0
-50867.0
-50867.0
-50867.0
-50867.0
-50867.0
-50867.0
-50867.0
-50867.0
-50867.0
-50867.0
-50867.0
-50867.0
-50867.0
-50867.0
-50867.0
-50867.0
-50867.0
-50867.0
-50867.0
-50867.0
-50867.0
-50867.0
-50867.0
-50867.0
-50867.0
-50867.0
-50867.0
-50867.0
-50867.0
-50867.0
-50867.0
-50867.0
-50867.0
-50867.0
-50867.0
-50867.0
-50867.0
-50867.0
-50867.0
-50867.0
-50867.0
-50867.0
-50867.0
-50867.0
-50867.0
-50867.0
-50867.0
-50867.0
-50867.0
-50867.0
-50867.0
-50867.0
-50867.0
-50866.0
-50866.0
-50867.0
-50867.0
-50867.0
-50867.0
-50867.0
-50867.0
-50867.0
-50867.0
-50867.0
-50867.0
-50867.0
-50867.0
-50867.0
-50867.0
-50867.0
-50867.0
-50867.0
-50867.0
-50867.0
-50867.0
-50867.0
-50867.0
-50867.0
-50866.0
-50867.0
-50867.0
-50867.0
-50867.0
-50867.0
-50867.0
-50867.0
-50867.0
-50867.0
-50867.0
-50867.0
-50867.0
-50867.0
-50867.0
-50867.0
-50867.0
-50867.0
-50867.0
-50867.0
-50867.0
-50867.0
-50867.0
-50867.0
-50867.0
-50867.0
-50867.0
-50867.0
-50867.0
-50867.0
-50867.0
-50867.0
-50867.0
-50867.0
-50867.0
-50867.0
-50867.0
-50867.0
-50867.0
-50867.0
-50867.0
-50867.0
-50867.0
-50867.0
-50866.0
-50867.0
-50866.0
-50867.0
-50867.0
-50867.0
-50867.0
-50867.0
-50867.0
-50867.0
-50867.0
-50867.0
-50867.0
-50867.0
-50867.0
-50867.0
-50867.0
-50867.0
-50867.0
-50867.0
-50867.0
-50867.0
-50867.0
-50867.0
-50867.0
-50867.0
-50867.0
-50867.0
-50867.0
-50867.0
-50867.0
-50867.0
-50867.0
-50867.0
-50867.0
-50867.0
-50867.0
-50867.0
-50867.0
-50867.0
-50867.0
-50867.0
-50867.0
-50867.0
-50867.0
-50867.0
-50867.0
-50867.0
-50867.0
-50867.0
-50867.0
-50867.0
-50867.0
-50867.0
-50867.0
-50867.0
-50867.0
-50867.0
-50867.0
-50867.0
-50867.0
-50867.0
-50867.0
-50867.0
-50867.0
-50867.0
-50867.0
-50867.0
-50867.0
-50867.0
-50867.0
-50867.0
-50867.0
-50867.0
-50867.0
-50867.0
-50867.0
-50867.0
-50867.0
-50867.0
-50867.0
-50867.0
-50867.0
-50867.0
-50867.0
-50867.0
-50867.0
-50867.0
-50867.0
-50867.0
-50867.0
-50867.0
-50867.0
-50867.0
-50867.0
-50867.0
-50867.0
-50867.0
-50867.0
-50867.0
-50867.0
-50867.0
-50867.0
-50867.0
-50867.0
-50867.0
-50867.0
-50867.0
-50867.0
-50867.0
-50867.0
-50867.0
-50867.0
-50867.0
-50867.0
-50867.0
-50867.0
-50867.0
-50867.0
-50867.0
-50867.0
-50867.0
-50867.0
-50867.0
-50867.0
-50867.0
-50867.0
-50867.0
-50867.0
-50867.0
-50867.0
-50867.0
-50867.0
-50867.0
-50867.0
-50867.0
-50867.0
-50867.0
-50867.0
-50867.0
-50867.0
-50867.0
-50867.0
-50867.0
-50867.0
-50867.0
-50867.0
-50867.0
-50867.0
-50867.0
-50867.0
-50867.0
-50867.0
-50866.0
-50866.0
-50866.0
-50866.0
-50866.0
-50866.0
-50866.0
-50866.0
-50866.0
-50866.0
-50867.0
-50867.0
-50867.0
-50867.0
-50867.0
-50867.0
-50867.0
-50867.0
-50867.0
-50867.0
-50867.0
-50867.0
-50867.0
-50867.0
-50867.0
-50867.0
-50867.0
-50867.0
-50867.0
-50867.0
-50867.0
-50867.0
-50867.0
-50867.0
-50867.0
-50867.0
-50867.0
-50867.0
-50867.0
-50867.0
-50867.0
-50867.0
-50867.0
-50867.0
-50867.0
-50867.0
-50867.0
-50867.0
-50867.0
-50867.0
-50867.0
-50867.0
-50867.0
-50867.0
-50867.0
-50867.0
-50867.0
-50867.0
-50867.0
-50867.0
-50867.0
-50867.0
-50867.0
-50867.0
-50867.0
-50867.0
-50867.0
-50867.0
-50867.0
-50867.0
-50867.0
-50867.0
-50867.0
-50867.0
-50867.0
-50867.0
-50867.0
-50867.0
-50867.0
-50867.0
-50867.0
-50867.0
-50867.0
-50867.0
-50867.0
-50867.0
-50867.0
-50867.0
-50867.0
-50867.0
-50867.0
-50867.0
-50867.0
-50867.0
-50867.0
-50867.0
-50867.0
-50867.0
-50867.0
-50867.0
-50867.0
-50867.0
-50867.0
-50867.0
-50867.0
-50867.0
-50867.0
-50867.0
-50867.0
-50867.0
-50867.0
-50867.0
-50867.0
-50867.0
-50867.0
-50867.0
-50867.0
-50867.0
-50867.0
-50867.0
-50867.0
-50867.0
-50867.0
-50867.0
-50867.0
-50867.0
-50867.0
-50867.0
-50867.0
-50867.0
-50867.0
-50867.0
-50867.0
-50867.0
-50867.0



The list of values average 

-47745.167222222226
-47874.281666666626
-47995.606666666674
-48066.73111111109
-48111.040555555555
-48161.55277777777
-48215.62111111113
-48276.99055555556
-48329.187222222215
-48384.352777777756
-48439.50166666667
-48479.07444444444
-48529.58388888889
-48591.04499999998
-48637.85166666669
-48679.89333333333
-48740.47277777776
-48796.97833333329
-48857.92999999998
-48898.73388888887
-48965.69999999998
-49014.027777777774
-49071.38777777779
-49131.728333333325
-49182.42166666666
-49239.49999999997
-49293.77555555557
-49350.28888888888
-49407.19833333333
-49448.6261111111
-49501.3688888889
-49559.46055555557
-49603.804444444446
-49654.915
-49691.79444444445
-49740.53111111113
-49775.232222222236
-49828.838888888895
-49869.75388888888
-49903.833888888905
-49948.705
-49977.83777777778
-50023.18833333331
-50050.92277777778
-50083.141111111094
-50120.544444444444
-50147.30111111113
-50180.244444444455
-50207.20888888889
-50225.50444444441
-50250.009444444426
-50280.68833333331
-50292.95277777778
-50315.092777777776
-50329.03055555554
-50347.627777777794
-50370.405000000006
-50389.75555555555
-50408.1227777778
-50421.69500000001
-50433.09500000001
-50451.48000000003
-50468.310000000005
-50485.712222222224
-50497.52222222223
-50512.07000000001
-50526.46388888888
-50532.09111111112
-50545.80944444445
-50555.843888888914
-50565.74333333334
-50570.13333333333
-50575.114444444436
-50586.11055555554
-50591.418888888904
-50601.843888888885
-50612.67166666666
-50620.33222222223
-50627.872777777775
-50639.467777777776
-50645.1416666667
-50651.46222222222
-50658.75833333334
-50662.828888888864
-50669.451111111084
-50676.486111111124
-50679.42388888888
-50684.664999999964
-50690.01499999999
-50695.5766666667
-50700.11444444444
-50705.5877777778
-50709.63222222223
-50715.71055555556
-50716.508333333324
-50719.389444444416
-50723.01555555557
-50727.251111111116
-50727.658888888865
-50734.12055555556
-50735.92333333335
-50737.79666666666
-50744.42611111113
-50746.853888888894
-50750.442222222206
-50752.462777777786
-50758.132777777784
-50757.05166666669
-50761.0416666667
-50763.412222222236
-50764.64666666668
-50768.04166666667
-50770.50277777779
-50772.84888888891
-50773.66444444445
-50775.80777777777
-50777.932777777794
-50778.47055555555
-50780.52388888888
-50782.47833333333
-50783.15666666668
-50785.47555555557
-50786.77555555558
-50787.52833333332
-50790.128333333334
-50792.01944444445
-50793.15944444446
-50793.452222222215
-50797.353888888894
-50798.97666666666
-50799.07777777779
-50799.86499999998
-50801.271111111084
-50802.34611111112
-50802.21444444445
-50804.522777777755
-50806.88888888888
-50807.690555555535
-50810.33777777779
-50811.74555555554
-50812.70833333334
-50812.568888888905
-50812.770555555566
-50813.58500000003
-50813.13222222224
-50814.685555555574
-50816.27888888888
-50818.89222222222
-50819.14500000001
-50819.18833333334
-50820.948333333334
-50821.37333333336
-50822.081111111096
-50823.392222222225
-50824.841666666696
-50824.5627777778
-50824.697777777794
-50824.98444444446
-50825.24666666668
-50827.32222222221
-50828.167222222226
-50827.74833333334
-50828.17222222221
-50830.470555555534
-50829.65222222223
-50830.32333333334
-50830.72388888889
-50830.96555555555
-50831.43555555557
-50833.32611111113
-50832.58722222222
-50832.81222222223
-50833.36000000002
-50834.28888888892
-50835.08611111109
-50836.26611111111
-50836.08722222222
-50837.60277777778
-50837.59166666665
-50838.31222222221
-50838.84500000001
-50838.84611111111
-50839.97833333334
-50839.643888888895
-50840.57277777778
-50840.53166666667
-50839.77777777778
-50839.682222222225
-50841.378333333334
-50842.083333333336
-50842.64666666667
-50842.55055555557
-50841.90444444445
-50843.13944444443
-50844.388888888876
-50844.61277777779
-50846.03666666666
-50845.64611111113
-50845.002777777794
-50845.189999999995
-50845.35833333334
-50845.84833333332
-50846.518888888895
-50847.05888888892
-50847.518888888895
-50847.63666666665
-50847.96944444445
-50848.17444444443
-50848.20722222222
-50848.6983333333
-50849.02666666665
-50848.80722222223
-50849.78888888889
-50850.287222222214
-50849.88944444442
-50850.14444444441
-50848.67611111114
-50849.32944444444
-50849.116666666676
-50849.50666666666
-50849.96666666669
-50850.49222222222
-50850.43055555555
-50850.34333333333
-50850.16
-50851.13555555556
-50851.416666666664
-50851.91500000001
-50851.57777777778
-50852.77333333333
-50852.76555555557
-50852.65222222223
-50852.812777777785
-50853.23055555557
-50852.80444444443
-50852.805555555555
-50853.28333333333
-50854.25166666667
-50853.853888888894
-50853.67166666663
-50854.25166666669
-50854.498333333344
-50854.65888888891
-50854.714444444435
-50854.74388888888
-50854.884999999995
-50854.68611111111
-50854.86444444443
-50854.622222222206
-50854.60777777777
-50854.56555555555
-50854.76944444443
-50854.73611111112
-50855.127777777794
-50855.015555555576
-50855.39499999998
-50855.348888888904
-50855.542222222226
-50855.72277777776
-50855.43944444444
-50855.56000000003
-50855.97055555556
-50855.68444444445
-50856.06777777777
-50855.837222222224
-50856.54666666666
-50855.94388888888
-50856.42388888889
-50856.02388888888
-50856.673333333325
-50856.524999999994
-50856.53777777777
-50857.05833333332
-50856.72444444446
-50856.490555555545
-50856.743333333325
-50856.84555555556
-50856.40166666665
-50857.02833333333
-50857.10111111111
-50856.77555555557
-50857.16499999999
-50857.04055555558
-50857.25833333333
-50857.27055555556
-50857.028333333335
-50857.571666666656
-50857.641666666685
-50857.23500000001
-50857.395555555544
-50857.57944444448
-50857.64444444445
-50857.761666666665
-50857.646666666675
-50857.74
-50857.56055555552
-50857.626666666656
-50857.81888888888
-50857.932777777765
-50858.09777777779
-50858.45333333332
-50858.7811111111
-50858.436111111136
-50858.49888888889
-50858.727222222224
-50858.68833333333
-50858.93944444445
-50858.648333333316
-50858.7211111111
-50858.76111111111
-50858.82000000001
-50858.71944444445
-50858.98277777781
-50858.89444444444
-50858.66555555553
-50858.96444444445
-50858.918333333335
-50858.84166666667
-50859.181111111124
-50858.90166666666
-50859.2811111111
-50858.939999999966
-50858.99833333335
-50858.99444444444
-50859.09444444444
-50859.34833333333
-50859.27999999999
-50859.55611111107
-50859.40333333332
-50859.50111111112
-50859.47388888892
-50859.17833333333
-50859.431666666664
-50859.397777777776
-50859.18277777779
-50859.384444444455
-50859.150000000016
-50859.17833333334
-50859.41555555554
-50859.670555555575
-50859.51055555556
-50859.42444444441
-50859.62611111111
-50859.24611111111
-50859.59111111109
-50859.408888888895
-50859.65055555554
-50859.45277777779
-50859.8622222222
-50859.65555555557
-50859.73611111112
-50859.67833333336
-50859.69277777776
-50859.84555555554
-50859.702222222244
-50859.866111111114
-50859.80722222225
-50859.75611111112
-50859.691666666644
-50859.591111111105
-50859.55722222223
-50859.803888888906
-50859.56166666668
-50859.69500000001
-50859.643888888866
-50859.36333333332
-50859.88499999999
-50859.93666666667
-50860.01166666664
-50860.03388888887
-50860.36333333334
-50860.30888888888
-50860.36444444446
-50860.197222222196
-50860.34222222221
-50860.14388888891
-50860.36666666666
-50860.32333333333
-50860.32888888888
-50860.22944444448
-50860.2427777778
-50860.40833333333
-50860.583333333336
-50860.54722222224
-50860.418333333335
-50860.480000000025
-50860.46111111111
-50860.63055555555
-50860.4822222222
-50860.46777777777
-50860.528888888875
-50860.58833333331
-50860.41555555555
-50860.66777777781
-50860.98833333338
-50860.89833333335
-50860.8077777778
-50860.83000000003
-50860.46833333333
-50860.72000000001
-50860.86444444447
-50860.6438888889
-50860.728333333325
-50860.66444444443
-50860.794444444444
-50860.83499999998
-50860.68499999998
-50860.68611111111
-50860.68944444445
-50860.5772222222
-50860.853888888894
-50860.797222222216
-50860.52166666666
-50860.71666666666
-50860.90166666665
-50860.86555555556
-50861.00555555556
-50860.87666666666
-50860.867777777785
-50861.061666666654
-50860.94888888891
-50860.793333333335
-50860.835
-50861.11277777778
-50860.92833333334
-50861.10777777777
-50861.17222222224
-50860.924999999996
-50860.936666666654
-50861.00777777777
-50861.20444444444
-50861.205000000016
-50860.96555555556
-50860.94166666664
-50861.148888888885
-50861.07055555557
-50861.05222222223
-50861.320000000014
-50861.16500000001
-50861.23111111113
-50861.12277777778
-50861.13277777777
-50861.302777777775
-50861.39166666666
-50861.25500000001
-50861.274444444425
-50861.32888888889
-50861.131666666646
-50861.24777777777
-50861.4483333333
-50861.3311111111
-50861.411111111105
-50861.253888888896
-50861.27944444447
-50861.157222222224
-50861.29611111109
-50861.206666666665
-50861.262222222234
-50861.30666666668
-50861.19666666668
-50861.25111111112
-50861.258333333324
-50861.43555555557
-50861.376111111116
-50861.312222222215
-50861.32944444444
-50861.47722222223
-50861.55999999998
-50861.39500000002
-50861.344999999994
-50861.32333333333
-50861.36500000002
-50861.285
-50861.51222222221
-50861.58055555554
-50861.50277777779
-50861.7238888889
-50861.73777777776
-50861.70722222223
-50861.71944444446
-50861.658333333355
-50861.59055555555
-50861.79166666668
-50861.75666666667
-50861.60111111112
-50861.55111111111
-50861.63166666669
-50861.765000000014
-50861.71944444444
-50861.670555555545
-50861.6816666667
-50861.56611111114
-50861.52222222222
-50861.60833333334
-50861.63166666666
-50861.74555555558
-50861.712222222224
-50861.79666666667
-50861.72722222224
-50861.8077777778
-50861.781666666655
-50861.632222222244
-50861.77444444446
-50861.857222222236
-50861.80444444446
-50861.85444444446
-50861.907222222224
-50861.69666666669
-50861.89166666668
-50861.77944444446
-50861.87166666665
-50861.866111111114
-50861.658888888895
-50861.586111111115
-50861.678888888884
-50861.73166666666
-50861.77055555556
-50861.92055555558
-50861.86888888888
-50861.99388888889
-50861.92944444445
-50861.8627777778
-50861.868888888894
-50861.79722222223
-50861.92055555555
-50862.10222222224
-50861.904444444466
-50861.87444444446
-50862.004444444465
-50862.01388888888
-50861.82000000003
-50861.93722222222
-50861.96666666667
-50861.941111111155
-50862.05222222223
-50861.959444444416
-50861.90166666668
-50861.94388888892
-50861.873333333344
-50861.94166666666
-50861.83333333335
-50862.016666666685
-50862.11722222223
-50862.05444444446
-50862.201666666675
-50862.06944444444
-50862.0638888889
-50861.97944444447
-50861.87666666667
-50861.95888888891
-50862.02666666666
-50862.06611111112
-50862.0677777778
-50862.12333333334
-50862.13722222224
-50862.19666666667
-50862.13444444445
-50861.99166666668
-50862.01555555558
-50861.91555555558
-50861.73555555557
-50862.05777777779
-50862.105555555565
-50862.1477777778
-50862.077222222215
-50862.228888888894
-50862.10722222223
-50861.99833333336
-50862.01666666668
-50861.93111111113
-50862.13222222226
-50862.185
-50862.25555555556
-50862.170000000006
-50862.2338888889
-50862.05777777779
-50862.09888888889
-50862.097777777795
-50862.0888888889
-50862.03444444446
-50862.0616666667
-50862.00444444445
-50862.00055555559
-50862.12388888892
-50862.093333333345
-50862.08166666667
-50862.23666666671
-50862.17055555557
-50862.090555555566
-50862.17611111113
-50862.11555555557
-50862.221666666686
-50862.12222222223
-50862.220555555585
-50862.271666666675
-50862.29000000003
-50862.314444444484
-50862.20611111112
-50862.30722222224
-50862.21888888891
-50862.33611111111
-50862.293333333335
-50862.30333333334
-50862.321666666656
-50862.210555555575
-50862.28000000002
-50862.230555555565
-50862.226111111115
-50862.23555555557
-50862.17500000003
-50862.187222222245
-50862.040000000015
-50862.20555555557
-50862.228888888916
-50862.18888888891
-50862.29611111113
-50862.24500000003
-50862.225000000035
-50862.06888888891
-50862.11166666668
-50862.27000000002
-50862.23222222224
-50862.21333333333
-50862.19000000002
-50862.19166666669
-50862.16944444447
-50862.24833333332
-50862.177222222235
-50862.20333333333
-50862.255
-50862.099444444444
-50862.23666666671
-50862.21666666669
-50862.21833333336
-50862.0727777778
-50862.23166666669
-50862.20611111113
-50862.09111111112
-50862.127222222225
-50862.18833333334
-50862.172222222245
-50862.167777777795
-50862.116666666676
-50862.15000000002
-50862.04722222223
-50862.146666666675
-50862.119444444455
-50862.13000000002
-50862.123888888906
-50862.155000000006
-50862.15166666667
-50862.20722222224
-50862.21
-50862.10444444445
-50862.239444444465
-50862.18388888891
-50862.152222222256
-50862.10444444444
-50862.029444444444
-50861.99944444446
-50862.125555555554
-50862.08944444445
-50862.20000000004
-50862.27388888889
-50862.22000000002
-50862.22666666668
-50862.18388888888
-50862.21944444447
-50862.183333333334
-50862.19888888891
-50862.174444444456
-50862.15555555559
-50862.10555555557
-50862.1688888889
-50862.162777777776
-50862.0677777778
-50862.064444444484
-50862.11444444446
-50862.16277777777
-50862.253333333356
-50862.197777777816
-50862.29888888893
-50862.24611111113
-50862.227777777814
-50862.36333333334
-50862.21555555559
-50862.086111111115
-50862.224444444466
-50862.24888888892
-50862.3116666667
-50862.38222222223
-50862.27333333336
-50862.31222222225
-50862.358888888906
-50862.28611111113
-50862.30222222225
-50862.23611111112
-50862.23500000001
-50862.33444444448
-50862.264444444445
-50862.32833333333
-50862.23222222225
-50862.20888888891
-50862.18500000001
-50862.143333333355
-50862.213888888895
-50862.220000000016
-50862.23444444447
-50862.333333333336
-50862.35388888889
-50862.338333333355
-50862.20444444446
-50862.351666666684
-50862.428333333344
-50862.27000000001
-50862.25944444446
-50862.36611111113
-50862.30555555558
-50862.26444444447
-50862.27722222224
-50862.28777777781
-50862.34500000002
-50862.29944444447
-50862.33944444445
-50862.207777777796
-50862.31055555556
-50862.42500000002
-50862.36833333333
-50862.33166666667
-50862.44111111113
-50862.39166666668
-50862.37055555559
-50862.46555555556
-50862.43000000002
-50862.37055555557
-50862.432222222254
-50862.34055555558
-50862.34055555556
-50862.43333333338
-50862.39666666668
-50862.4
-50862.35166666668
-50862.28055555555
-50862.26444444446
-50862.29166666668
-50862.28222222224
-50862.34166666668
-50862.445555555576
-50862.395555555566
-50862.40055555559
-50862.420555555575
-50862.366111111114
-50862.292222222204
-50862.28833333337
-50862.27722222223
-50862.303333333366
-50862.40611111113
-50862.325555555566
-50862.26555555557
-50862.31777777779
-50862.27111111111
-50862.2955555556
-50862.392222222225
-50862.253888888925
-50862.34111111112
-50862.401111111125
-50862.36555555557
-50862.31333333335
-50862.36055555556
-50862.358888888906
-50862.36277777779
-50862.41055555556
-50862.27666666668
-50862.34444444447
-50862.34611111112
-50862.296111111136
-50862.26944444446
-50862.17944444447
-50862.312222222245
-50862.132222222244



The list of best values average 

-48241.52999999999
-48284.43
-48401.11999999998
-48469.05
-48521.2
-48578.86000000001
-48608.06999999999
-48679.99999999998
-48729.339999999975
-48792.920000000006
-48848.90999999998
-48883.28000000002
-48944.09000000001
-49000.709999999985
-49055.16000000002
-49100.58999999999
-49143.639999999985
-49202.65000000002
-49276.280000000006
-49314.01000000001
-49387.28000000001
-49434.59
-49474.14999999999
-49554.38999999999
-49597.890000000014
-49650.02000000001
-49706.38000000001
-49782.13
-49827.380000000005
-49872.290000000015
-49925.72999999999
-49991.51
-50026.65
-50084.619999999995
-50108.01
-50124.699999999975
-50153.350000000035
-50234.300000000025
-50263.38
-50303.25999999999
-50335.48000000002
-50357.07000000001
-50393.35
-50413.28
-50443.62999999997
-50457.22000000001
-50490.93999999999
-50505.57999999999
-50520.61999999999
-50539.76
-50562.79
-50576.45999999998
-50576.39
-50594.87
-50603.11999999999
-50621.32
-50631.54000000001
-50644.79999999997
-50652.43999999999
-50664.180000000015
-50673.23000000001
-50672.779999999984
-50684.14999999997
-50698.77
-50708.73000000001
-50712.47999999999
-50721.06000000001
-50723.8
-50731.119999999995
-50739.09
-50745.91
-50741.33000000002
-50749.799999999996
-50758.130000000005
-50754.31
-50766.10999999999
-50768.329999999994
-50774.19999999999
-50779.920000000006
-50785.36
-50787.07
-50790.080000000016
-50794.89999999999
-50794.549999999974
-50802.73999999999
-50801.58
-50808.0
-50806.53
-50811.920000000006
-50813.22
-50818.820000000036
-50818.759999999995
-50823.290000000015
-50822.319999999985
-50827.52
-50823.66000000001
-50827.20000000002
-50826.39
-50826.63999999999
-50829.630000000005
-50830.02000000001
-50831.70999999999
-50834.80999999998
-50834.36000000004
-50835.86000000001
-50837.91999999999
-50840.070000000014
-50841.42999999999
-50841.529999999984
-50842.09000000004
-50843.83000000002
-50844.69000000002
-50847.24000000001
-50845.490000000005
-50845.07000000002
-50846.66
-50847.729999999996
-50848.95
-50850.04000000001
-50847.85999999999
-50851.100000000006
-50849.86
-50851.22000000001
-50851.100000000006
-50851.47
-50851.35
-50851.69000000001
-50851.81999999999
-50851.850000000006
-50854.35999999999
-50855.89000000003
-50854.390000000036
-50856.28000000001
-50856.41
-50856.610000000015
-50857.310000000005
-50858.16000000001
-50857.990000000005
-50858.96000000001
-50859.53000000002
-50859.10000000003
-50859.13
-50859.07000000001
-50858.77000000001
-50859.120000000024
-50859.98000000001
-50859.119999999966
-50860.770000000004
-50860.16000000002
-50860.419999999984
-50860.83
-50860.37000000001
-50860.7
-50861.92000000001
-50861.920000000035
-50861.85000000003
-50861.07000000001
-50861.390000000014
-50861.9
-50862.47000000001
-50861.89000000001
-50861.70999999999
-50861.26999999998
-50861.92000000001
-50863.28000000001
-50863.34000000001
-50862.27
-50862.81999999999
-50862.39
-50863.1
-50862.020000000004
-50863.860000000015
-50862.57000000002
-50862.66999999999
-50863.020000000004
-50862.90999999999
-50863.310000000005
-50863.87
-50863.69
-50863.880000000005
-50863.98000000001
-50864.31000000001
-50864.490000000005
-50864.539999999986
-50864.56000000001
-50864.07000000002
-50864.009999999995
-50863.43000000001
-50864.189999999995
-50864.64
-50865.170000000006
-50864.66000000002
-50864.93000000001
-50865.04000000001
-50865.680000000015
-50865.84000000002
-50865.410000000025
-50865.99000000003
-50865.59000000002
-50866.13000000001
-50865.96000000002
-50865.750000000015
-50866.070000000014
-50865.75000000001
-50865.74999999999
-50865.93
-50866.05000000002
-50866.430000000015
-50866.69000000003
-50866.44000000002
-50866.430000000015
-50866.70000000002
-50866.620000000024
-50866.83000000002
-50866.44000000002
-50866.650000000016
-50866.36000000003
-50866.41000000002
-50866.11000000003
-50866.36000000002
-50866.41000000002
-50866.41000000001
-50866.14000000001
-50866.390000000014
-50866.33000000001
-50866.54000000001
-50866.87
-50866.61000000001
-50866.400000000016
-50866.60000000002
-50866.760000000024
-50866.88000000003
-50866.80000000002
-50866.790000000015
-50866.930000000015
-50866.56000000001
-50866.590000000026
-50866.75000000002
-50866.62000000002
-50866.59000000003
-50866.54000000002
-50866.61000000002
-50866.58000000003
-50866.600000000006
-50866.640000000014
-50866.330000000016
-50866.58000000003
-50866.310000000005
-50866.46000000002
-50866.430000000015
-50866.40000000001
-50866.73000000002
-50866.660000000025
-50866.690000000024
-50866.83000000001
-50866.88000000003
-50866.85000000001
-50866.93000000002
-50866.80000000002
-50866.80000000002
-50866.96000000002
-50867.04000000002
-50866.470000000016
-50866.79000000003
-50866.93000000003
-50866.940000000024
-50866.72000000002
-50866.700000000026
-50866.85000000001
-50866.85000000002
-50866.930000000015
-50866.90000000002
-50866.88000000002
-50866.86000000002
-50866.85000000003
-50866.810000000034
-50866.88000000003
-50866.81000000001
-50866.73000000002
-50866.700000000026
-50866.70000000003
-50866.69000000002
-50866.74000000002
-50866.77000000003
-50866.730000000025
-50866.83000000003
-50866.97000000002
-50866.93000000002
-50866.86000000002
-50866.870000000024
-50866.97000000003
-50866.93000000004
-50866.910000000025
-50866.940000000024
-50866.840000000026
-50866.910000000025
-50866.72000000003
-50866.69000000003
-50866.76000000002
-50866.89000000003
-50867.13000000002
-50867.01000000002
-50866.99000000002
-50867.160000000025
-50866.96000000003
-50867.01000000003
-50866.93000000002
-50867.06000000003
-50867.06000000003
-50867.120000000024
-50867.08000000003
-50867.11000000002
-50867.06000000003
-50867.200000000026
-50867.15000000002
-50867.17000000003
-50867.02000000003
-50866.91000000003
-50866.96000000003
-50866.97000000003
-50867.15000000003
-50866.98000000002
-50867.160000000025
-50867.07000000002
-50866.930000000015
-50867.110000000015
-50866.96000000002
-50866.91000000002
-50867.050000000025
-50866.99000000002
-50867.13000000002
-50866.91000000002
-50867.01000000002
-50867.00000000002
-50866.98000000002
-50866.97000000002
-50866.860000000015
-50866.87000000003
-50866.950000000026
-50866.94000000003
-50866.83000000002
-50866.89000000003
-50866.87000000003
-50866.980000000025
-50866.92000000003
-50866.86000000003
-50866.89000000002
-50867.06000000003
-50866.89000000002
-50866.80000000003
-50866.870000000024
-50866.81000000003
-50866.85000000002
-50866.870000000024
-50866.99000000003
-50866.90000000002
-50866.90000000002
-50866.89000000002
-50866.81000000003
-50866.910000000025
-50866.83000000002
-50866.910000000025
-50866.78000000002
-50866.80000000002
-50866.96000000002
-50866.940000000024
-50866.76000000002
-50866.79000000002
-50866.940000000024
-50867.07000000002
-50867.020000000026
-50867.03000000003
-50866.86000000002
-50866.96000000003
-50867.01000000003
-50866.93000000003
-50866.96000000002
-50866.91000000003
-50866.96000000003
-50866.91000000003
-50866.770000000026
-50866.85000000003
-50867.010000000024
-50866.980000000025
-50866.770000000026
-50866.910000000025
-50866.91000000002
-50866.93000000002
-50867.06000000003
-50867.050000000025
-50867.05000000003
-50867.03000000003
-50867.100000000035
-50867.050000000025
-50867.07000000002
-50867.13000000003
-50866.97000000002
-50867.07000000003
-50867.03000000003
-50866.910000000025
-50867.04000000002
-50867.01000000003
-50867.04000000002
-50867.00000000002
-50866.950000000026
-50866.900000000016
-50866.950000000026
-50866.86000000002
-50867.03000000003
-50866.99000000002
-50867.10000000003
-50867.07000000003
-50867.060000000034
-50867.06000000003
-50867.07000000002
-50867.090000000026
-50867.18000000003
-50867.17000000003
-50867.15000000002
-50867.15000000002
-50867.16000000003
-50867.120000000024
-50867.00000000002
-50867.060000000034
-50867.100000000035
-50867.06000000003
-50867.020000000026
-50867.04000000002
-50867.09000000003
-50867.08000000002
-50867.010000000024
-50867.01000000003
-50867.08000000003
-50867.03000000003
-50866.98000000003
-50867.08000000003
-50867.17000000003
-50867.14000000003
-50867.07000000003
-50867.12000000003
-50867.07000000003
-50867.07000000003
-50867.12000000003
-50867.03000000003
-50867.11000000004
-50867.14000000003
-50866.99000000003
-50867.100000000035
-50866.990000000034
-50867.11000000004
-50867.11000000003
-50867.04000000003
-50867.11000000003
-50867.16000000003
-50867.07000000003
-50867.07000000003
-50867.090000000026
-50867.070000000014
-50867.17000000002
-50867.12000000003
-50867.12000000003
-50867.09000000003
-50867.13000000003
-50867.05000000003
-50867.16000000003
-50867.15000000003
-50867.030000000035
-50867.07000000003
-50867.08000000004
-50867.02000000003
-50866.97000000003
-50866.960000000036
-50867.02000000003
-50866.99000000003
-50866.99000000003
-50866.99000000003
-50867.070000000036
-50867.10000000003
-50867.04000000002
-50867.00000000003
-50867.09000000003
-50867.03000000002
-50867.15000000003
-50867.12000000003
-50867.04000000002
-50867.140000000036
-50867.12000000003
-50867.08000000003
-50867.12000000003
-50867.13000000003
-50866.93000000004
-50867.04000000003
-50867.030000000035
-50866.99000000003
-50867.090000000026
-50867.18000000004
-50867.14000000003
-50867.19000000003
-50867.10000000003
-50867.04000000003
-50867.10000000004
-50867.10000000003
-50867.06000000003
-50867.08000000002
-50867.13000000003
-50866.980000000025
-50867.13000000003
-50867.010000000024
-50867.04000000002
-50867.03000000002
-50867.06000000002
-50867.08000000002
-50867.06000000003
-50867.07000000003
-50867.160000000025
-50867.10000000003
-50867.13000000003
-50867.10000000003
-50867.090000000026
-50867.15000000003
-50867.14000000003
-50867.050000000025
-50867.15000000003
-50867.12000000003
-50867.14000000003
-50867.19000000003
-50867.19000000003
-50867.08000000002
-50867.15000000003
-50867.140000000036
-50867.12000000003
-50867.17000000003
-50867.15000000002
-50867.160000000025
-50867.17000000003
-50867.08000000002
-50867.08000000002
-50867.15000000002
-50867.15000000003
-50867.08000000003
-50867.100000000035
-50867.070000000036
-50867.12000000003
-50867.170000000035
-50867.07000000003
-50867.130000000034
-50867.14000000003
-50867.14000000003
-50867.090000000026
-50867.13000000003
-50867.07000000003
-50867.13000000003
-50867.15000000004
-50867.17000000003
-50867.160000000025
-50867.18000000003
-50867.17000000003
-50867.15000000003
-50867.18000000003
-50867.170000000035
-50867.160000000025
-50867.18000000003
-50867.16000000003
-50867.16000000003
-50867.16000000003
-50867.18000000003
-50867.13000000004
-50867.140000000036
-50867.140000000036
-50867.18000000004
-50867.170000000035
-50867.12000000003
-50867.170000000035
-50867.160000000025
-50867.170000000035
-50867.170000000035
-50867.18000000003
-50867.14000000003
-50867.15000000004
-50867.16000000003
-50867.15000000004
-50867.15000000004
-50867.15000000004
-50867.13000000004
-50867.14000000003
-50867.100000000035
-50867.08000000003
-50867.16000000003
-50867.090000000026
-50867.11000000003
-50867.14000000003
-50867.14000000003
-50867.19000000003
-50867.13000000003
-50867.12000000003
-50867.14000000003
-50867.19000000003
-50867.19000000003
-50867.19000000003
-50867.24000000003
-50867.24000000003
-50867.20000000003
-50867.210000000036
-50867.22000000003
-50867.200000000026
-50867.24000000003
-50867.24000000003
-50867.190000000024
-50867.23000000003
-50867.210000000036
-50867.23000000003
-50867.18000000003
-50867.24000000003
-50867.24000000003
-50867.23000000003
-50867.24000000003
-50867.23000000003
-50867.170000000035
-50867.14000000003
-50867.120000000024
-50867.19000000003
-50867.200000000026
-50867.24000000003
-50867.24000000003
-50867.19000000003
-50867.190000000024
-50867.22000000003
-50867.23000000003
-50867.18000000003
-50867.23000000003
-50867.23000000003
-50867.22000000003
-50867.22000000003
-50867.19000000003
-50867.19000000003
-50867.19000000003
-50867.17000000003
-50867.19000000003
-50867.17000000003
-50867.16000000003
-50867.17000000003
-50867.17000000003
-50867.17000000003
-50867.17000000003
-50867.17000000003
-50867.14000000003
-50867.16000000003
-50867.160000000025
-50867.18000000003
-50867.16000000003
-50867.10000000003
-50867.12000000003
-50867.14000000003
-50867.12000000003
-50867.14000000003
-50867.15000000003
-50867.15000000003
-50867.10000000003
-50867.11000000003
-50867.15000000003
-50867.130000000034
-50867.160000000025
-50867.19000000003
-50867.18000000003
-50867.19000000003
-50867.160000000025
-50867.14000000003
-50867.12000000003
-50867.160000000025
-50867.160000000025
-50867.11000000003
-50867.13000000003
-50867.13000000003
-50867.13000000003
-50867.13000000003
-50867.13000000003
-50867.06000000003
-50867.13000000003
-50867.14000000003
-50867.14000000003
-50867.12000000003
-50867.17000000003
-50867.17000000003
-50867.17000000003
-50867.12000000003
-50867.16000000003
-50867.10000000003
-50867.14000000003
-50867.16000000003
-50867.090000000026
-50867.17000000003
-50867.19000000003
-50867.120000000024
-50867.16000000003
-50867.14000000003
-50867.07000000002
-50867.10000000003
-50867.10000000002
-50867.14000000003
-50867.14000000003
-50867.19000000003
-50867.19000000003
-50867.14000000003
-50867.19000000003
-50867.17000000003
-50867.19000000003
-50867.130000000034
-50867.18000000004
-50867.17000000003
-50867.120000000024
-50867.14000000003
-50867.14000000003
-50867.14000000003
-50867.14000000003
-50867.14000000003
-50867.14000000003
-50867.14000000003
-50867.14000000003
-50867.17000000003
-50867.19000000003
-50867.17000000003
-50867.19000000003
-50867.19000000003
-50867.19000000003
-50867.17000000003
-50867.10000000002
-50867.15000000002
-50867.17000000003
-50867.14000000003
-50867.19000000003
-50867.17000000003
-50867.14000000003
-50867.19000000003
-50867.19000000003
-50867.14000000003
-50867.19000000003
-50867.19000000003
-50867.14000000003
-50867.17000000003
-50867.19000000003
-50867.14000000003
-50867.19000000003
-50867.19000000003
-50867.11000000003
-50867.16000000003
-50867.16000000003
-50867.11000000003
-50867.16000000003
-50867.16000000003
-50867.06000000003
-50867.11000000003
-50867.11000000003
-50867.06000000003
-50867.11000000003
-50867.11000000003
-50867.06000000003
-50867.09000000003
-50867.09000000003
-50867.04000000003
-50867.09000000003
-50867.09000000003
-50867.04000000003
-50867.06000000003
-50867.06000000003
-50867.010000000024
-50867.06000000003
-50867.06000000003
-50867.010000000024
-50867.04000000002
-50867.11000000003
-50866.96000000002
-50867.010000000024
-50867.010000000024
-50866.96000000002
-50867.010000000024
-50867.06000000003
-50867.010000000024
-50867.010000000024
-50867.06000000003
-50867.04000000003
