----------Report of simulation of Quantum Parallel Tempering - Population Annealing v2-----------
The number of considered Spin145
The considered Annealing Duration 580
The considered Annealing Number 100
The considered T 1.0
The considered Gamma0 1.0
The considered Number Of Replica 3
The considered Number Of System Tempering 3
The considered Number Of System Population 3
The solution found [-1.  1.  1. -1.  1.  1.  1.  1.  1.  1.  1.  1.  1. -1. -1. -1.  1. -1.
  1. -1. -1. -1.  1. -1. -1. -1. -1.  1. -1. -1. -1. -1. -1.  1.  1.  1.
 -1. -1.  1. -1. -1.  1.  1. -1. -1.  1. -1. -1.  1.  1. -1. -1.  1.  1.
  1. -1. -1.  1. -1. -1.  1.  1.  1. -1.  1. -1. -1.  1.  1. -1.  1.  1.
  1. -1.  1.  1. -1.  1. -1.  1.  1. -1.  1.  1.  1. -1. -1. -1.  1. -1.
 -1.  1. -1.  1. -1. -1. -1.  1. -1.  1. -1. -1.  1. -1.  1. -1.  1. -1.
 -1.  1. -1. -1.  1. -1.  1.  1.  1. -1.  1.  1. -1. -1. -1.  1. -1. -1.
  1.  1.  1.  1. -1.  1.  1.  1.  1. -1.  1. -1.  1. -1. -1. -1.  1. -1.
 -1.]
The value found -28375.0
The Success probability is 0.77
The average value is -28369.23
The total execution time is 11516.830543279648
The average time for execution is 115.16830350399017
The average time for all systems update is 0.19840318300806242
The average time for system tempering update is 0.03380017676024601
The average time for system population update is 5600.1296808719635
The average time for replica update is 0.010996642141963331
The average time for spin update is 7.52826248816698e-05
The list of values found 

-28375.0
-28354.0
-28375.0
-28375.0
-28375.0
-28375.0
-28375.0
-28375.0
-28375.0
-28375.0
-28375.0
-28375.0
-28375.0
-28322.0
-28359.0
-28375.0
-28375.0
-28375.0
-28363.0
-28353.0
-28375.0
-28375.0
-28375.0
-28375.0
-28375.0
-28375.0
-28375.0
-28375.0
-28375.0
-28375.0
-28375.0
-28375.0
-28375.0
-28375.0
-28375.0
-28354.0
-28375.0
-28359.0
-28375.0
-28375.0
-28375.0
-28365.0
-28375.0
-28324.0
-28375.0
-28375.0
-28359.0
-28354.0
-28375.0
-28375.0
-28375.0
-28375.0
-28375.0
-28375.0
-28375.0
-28375.0
-28375.0
-28375.0
-28375.0
-28375.0
-28375.0
-28347.0
-28375.0
-28354.0
-28324.0
-28359.0
-28354.0
-28375.0
-28375.0
-28375.0
-28375.0
-28375.0
-28365.0
-28375.0
-28375.0
-28354.0
-28375.0
-28375.0
-28365.0
-28375.0
-28375.0
-28365.0
-28320.0
-28321.0
-28375.0
-28375.0
-28375.0
-28375.0
-28354.0
-28375.0
-28375.0
-28375.0
-28375.0
-28375.0
-28375.0
-28375.0
-28375.0
-28375.0
-28375.0
-28375.0



The list of values first execution 

-26649.666666666668
-26679.277777777777
-26817.61111111111
-26910.0
-26849.055555555555
-26859.555555555555
-26901.166666666668
-26692.555555555555
-26692.61111111111
-26918.277777777777
-26973.166666666668
-27118.055555555555
-26985.5
-27046.11111111111
-27009.722222222223
-26979.444444444445
-27075.055555555555
-27053.444444444445
-27103.722222222223
-27170.333333333332
-27215.11111111111
-27183.555555555555
-27173.333333333332
-27153.88888888889
-27065.5
-27242.38888888889
-27223.222222222223
-27349.0
-27354.444444444445
-27343.222222222223
-27358.833333333332
-27253.833333333332
-27339.055555555555
-27260.277777777777
-27329.944444444445
-27424.222222222223
-27445.444444444445
-27463.38888888889
-27486.5
-27400.722222222223
-27384.555555555555
-27367.11111111111
-27443.944444444445
-27464.222222222223
-27375.444444444445
-27511.38888888889
-27550.833333333332
-27504.277777777777
-27491.555555555555
-27456.333333333332
-27504.0
-27485.722222222223
-27535.944444444445
-27535.944444444445
-27526.11111111111
-27570.5
-27488.11111111111
-27541.5
-27605.166666666668
-27562.38888888889
-27645.61111111111
-27555.333333333332
-27590.277777777777
-27525.666666666668
-27609.166666666668
-27530.444444444445
-27610.222222222223
-27557.833333333332
-27575.5
-27644.222222222223
-27558.61111111111
-27580.0
-27607.333333333332
-27572.944444444445
-27623.61111111111
-27603.0
-27655.5
-27615.666666666668
-27614.722222222223
-27619.277777777777
-27528.777777777777
-27541.666666666668
-27628.055555555555
-27533.833333333332
-27532.444444444445
-27625.333333333332
-27515.444444444445
-27556.944444444445
-27575.444444444445
-27514.88888888889
-27536.222222222223
-27558.5
-27592.777777777777
-27597.277777777777
-27535.944444444445
-27579.944444444445
-27578.555555555555
-27537.0
-27595.166666666668
-27574.222222222223
-27594.38888888889
-27630.0
-27615.555555555555
-27679.0
-27580.944444444445
-27579.777777777777
-27573.5
-27617.777777777777
-27667.333333333332
-27626.0
-27628.777777777777
-27648.333333333332
-27601.88888888889
-27561.11111111111
-27608.444444444445
-27569.777777777777
-27609.444444444445
-27552.666666666668
-27595.055555555555
-27518.166666666668
-27423.5
-27616.333333333332
-27621.333333333332
-27667.166666666668
-27623.944444444445
-27629.88888888889
-27597.944444444445
-27568.277777777777
-27600.5
-27603.5
-27597.777777777777
-27550.5
-27522.333333333332
-27589.555555555555
-27540.444444444445
-27529.0
-27603.722222222223
-27644.055555555555
-27525.11111111111
-27644.38888888889
-27558.722222222223
-27638.777777777777
-27603.777777777777
-27500.222222222223
-27589.88888888889
-27633.333333333332
-27639.61111111111
-27654.944444444445
-27619.555555555555
-27585.055555555555
-27609.0
-27618.88888888889
-27723.555555555555
-27670.166666666668
-27575.166666666668
-27504.666666666668
-27589.88888888889
-27674.38888888889
-27551.222222222223
-27676.11111111111
-27532.61111111111
-27485.222222222223
-27610.333333333332
-27524.333333333332
-27573.166666666668
-27542.0
-27624.444444444445
-27555.055555555555
-27644.333333333332
-27551.11111111111
-27648.38888888889
-27611.944444444445
-27638.222222222223
-27653.0
-27645.722222222223
-27628.722222222223
-27558.38888888889
-27538.777777777777
-27625.166666666668
-27612.777777777777
-27464.666666666668
-27614.222222222223
-27525.777777777777
-27647.61111111111
-27627.88888888889
-27583.722222222223
-27611.833333333332
-27558.166666666668
-27634.5
-27466.055555555555
-27612.88888888889
-27576.333333333332
-27624.722222222223
-27565.666666666668
-27569.222222222223
-27619.333333333332
-27602.833333333332
-27646.444444444445
-27617.722222222223
-27591.833333333332
-27503.11111111111
-27639.555555555555
-27640.666666666668
-27611.333333333332
-27661.166666666668
-27563.666666666668
-27638.11111111111
-27606.944444444445
-27639.0
-27660.833333333332
-27614.444444444445
-27621.166666666668
-27622.88888888889
-27624.777777777777
-27593.055555555555
-27665.0
-27661.833333333332
-27641.11111111111
-27632.777777777777
-27666.944444444445
-27656.777777777777
-27593.61111111111
-27652.666666666668
-27657.777777777777
-27657.833333333332
-27672.222222222223
-27738.277777777777
-27641.666666666668
-27569.277777777777
-27511.444444444445
-27618.38888888889
-27592.944444444445
-27534.11111111111
-27641.0
-27480.38888888889
-27583.222222222223
-27507.944444444445
-27614.055555555555
-27537.166666666668
-27619.166666666668
-27524.666666666668
-27604.11111111111
-27525.88888888889
-27609.333333333332
-27684.5
-27618.277777777777
-27630.222222222223
-27605.38888888889
-27580.38888888889
-27618.777777777777
-27492.055555555555
-27559.444444444445
-27569.555555555555
-27603.777777777777
-27536.055555555555
-27622.88888888889
-27546.722222222223
-27641.333333333332
-27525.166666666668
-27592.944444444445
-27592.61111111111
-27583.944444444445
-27662.666666666668
-27622.555555555555
-27653.166666666668
-27629.055555555555
-27590.61111111111
-27525.166666666668
-27578.38888888889
-27604.11111111111
-27523.944444444445
-27596.277777777777
-27559.944444444445
-27574.61111111111
-27616.0
-27569.777777777777
-27583.11111111111
-27657.722222222223
-27640.944444444445
-27509.11111111111
-27610.722222222223
-27483.222222222223
-27639.555555555555
-27492.11111111111
-27526.11111111111
-27591.61111111111
-27561.944444444445
-27655.38888888889
-27641.944444444445
-27578.777777777777
-27616.944444444445
-27568.555555555555
-27630.833333333332
-27599.88888888889
-27634.11111111111
-27574.833333333332
-27541.444444444445
-27538.11111111111
-27620.166666666668
-27529.444444444445
-27602.444444444445
-27570.833333333332
-27495.555555555555
-27653.5
-27537.88888888889
-27643.222222222223
-27620.88888888889
-27653.444444444445
-27625.38888888889
-27672.666666666668
-27589.833333333332
-27574.38888888889
-27554.555555555555
-27608.777777777777
-27612.777777777777
-27563.722222222223
-27654.88888888889
-27565.61111111111
-27550.777777777777
-27582.0
-27533.444444444445
-27601.055555555555
-27571.944444444445
-27536.777777777777
-27581.333333333332
-27631.555555555555
-27630.166666666668
-27543.555555555555
-27595.0
-27611.777777777777
-27629.333333333332
-27577.277777777777
-27645.555555555555
-27585.666666666668
-27585.5
-27642.88888888889
-27583.166666666668
-27592.777777777777
-27577.222222222223
-27664.88888888889
-27566.333333333332
-27637.222222222223
-27654.166666666668
-27593.333333333332
-27490.055555555555
-27571.222222222223
-27515.555555555555
-27538.833333333332
-27479.722222222223
-27498.444444444445
-27694.333333333332
-27649.222222222223
-27554.666666666668
-27612.11111111111
-27562.5
-27530.88888888889
-27555.5
-27589.777777777777
-27533.055555555555
-27602.666666666668
-27521.11111111111
-27647.055555555555
-27508.666666666668
-27615.5
-27575.444444444445
-27586.555555555555
-27476.666666666668
-27572.722222222223
-27627.833333333332
-27629.777777777777
-27668.722222222223
-27663.055555555555
-27649.166666666668
-27505.555555555555
-27519.777777777777
-27585.333333333332
-27555.444444444445
-27536.333333333332
-27508.777777777777
-27642.555555555555
-27568.833333333332
-27579.5
-27577.5
-27567.944444444445
-27588.5
-27542.944444444445
-27551.11111111111
-27621.11111111111
-27579.11111111111
-27619.38888888889
-27623.722222222223
-27516.88888888889
-27547.555555555555
-27527.666666666668
-27591.38888888889
-27569.166666666668
-27432.555555555555
-27606.88888888889
-27517.88888888889
-27551.666666666668
-27534.166666666668
-27646.277777777777
-27547.055555555555
-27492.555555555555
-27588.277777777777
-27573.277777777777
-27547.944444444445
-27625.555555555555
-27619.777777777777
-27629.88888888889
-27545.777777777777
-27492.11111111111
-27530.444444444445
-27621.222222222223
-27542.666666666668
-27581.222222222223
-27518.277777777777
-27578.222222222223
-27499.555555555555
-27555.88888888889
-27587.38888888889
-27506.277777777777
-27598.833333333332
-27549.055555555555
-27525.666666666668
-27519.277777777777
-27618.666666666668
-27505.444444444445
-27509.777777777777
-27486.444444444445
-27556.38888888889
-27535.88888888889
-27570.555555555555
-27530.666666666668
-27605.277777777777
-27629.777777777777
-27595.777777777777
-27655.5
-27679.88888888889
-27583.722222222223
-27616.555555555555
-27587.5
-27624.777777777777
-27592.38888888889
-27574.166666666668
-27558.944444444445
-27548.222222222223
-27575.166666666668
-27560.722222222223
-27572.944444444445
-27504.61111111111
-27509.722222222223
-27601.666666666668
-27638.0
-27518.0
-27602.0
-27503.944444444445
-27564.38888888889
-27524.88888888889
-27488.11111111111
-27585.222222222223
-27541.5
-27666.722222222223
-27557.222222222223
-27527.722222222223
-27484.333333333332
-27556.38888888889
-27503.722222222223
-27483.166666666668
-27595.944444444445
-27524.555555555555
-27584.777777777777
-27541.166666666668
-27529.0
-27461.333333333332
-27560.88888888889
-27548.277777777777
-27507.722222222223
-27597.055555555555
-27541.166666666668
-27618.555555555555
-27509.944444444445
-27618.277777777777
-27560.88888888889
-27558.11111111111
-27573.666666666668
-27533.11111111111
-27637.5
-27549.777777777777
-27638.333333333332
-27596.38888888889
-27565.444444444445
-27584.277777777777
-27559.222222222223
-27636.777777777777
-27594.0
-27625.88888888889
-27632.222222222223
-27566.944444444445
-27572.0
-27656.166666666668
-27549.055555555555
-27532.11111111111
-27613.777777777777
-27590.666666666668
-27581.777777777777
-27566.277777777777
-27596.777777777777
-27619.666666666668
-27556.333333333332
-27520.722222222223
-27449.055555555555
-27627.444444444445
-27546.0
-27591.833333333332
-27600.222222222223
-27637.666666666668
-27603.222222222223
-27663.666666666668
-27645.555555555555
-27593.722222222223
-27570.777777777777
-27487.666666666668
-27601.055555555555
-27619.166666666668
-27578.5
-27603.722222222223
-27492.444444444445
-27534.38888888889
-27602.833333333332
-27675.222222222223
-27623.055555555555
-27609.11111111111
-27631.333333333332
-27470.833333333332
-27562.722222222223
-27585.055555555555
-27584.777777777777
-27580.055555555555
-27637.055555555555
-27594.444444444445
-27613.444444444445
-27509.055555555555
-27580.055555555555
-27649.722222222223
-27641.777777777777
-27668.055555555555
-27662.5
-27726.166666666668
-27663.166666666668
-27607.666666666668
-27568.61111111111
-27627.444444444445
-27677.61111111111
-27619.222222222223
-27660.11111111111
-27580.166666666668
-27588.38888888889
-27578.277777777777
-27584.277777777777
-27598.444444444445
-27637.555555555555
-27595.61111111111
-27592.0
-27491.222222222223
-27518.166666666668
-27571.833333333332
-27516.11111111111
-27618.222222222223
-27636.5
-27568.666666666668
-27607.166666666668
-27584.555555555555
-27610.0
-27580.333333333332
-27551.444444444445
-27568.833333333332
-27527.61111111111
-27487.277777777777
-27493.277777777777



The list of best values first execution 

-27510.0
-27833.0
-28011.0
-28116.0
-28093.0
-28210.0
-28242.0
-28257.0
-28277.0
-28274.0
-28273.0
-28237.0
-28259.0
-28277.0
-28277.0
-28234.0
-28226.0
-28267.0
-28219.0
-28215.0
-28232.0
-28260.0
-28235.0
-28254.0
-28261.0
-28221.0
-28273.0
-28256.0
-28291.0
-28291.0
-28264.0
-28270.0
-28269.0
-28282.0
-28272.0
-28270.0
-28270.0
-28270.0
-28270.0
-28270.0
-28270.0
-28270.0
-28270.0
-28270.0
-28270.0
-28270.0
-28270.0
-28270.0
-28270.0
-28270.0
-28275.0
-28288.0
-28274.0
-28275.0
-28333.0
-28274.0
-28275.0
-28335.0
-28334.0
-28294.0
-28355.0
-28309.0
-28339.0
-28284.0
-28305.0
-28332.0
-28343.0
-28327.0
-28354.0
-28347.0
-28351.0
-28353.0
-28353.0
-28358.0
-28353.0
-28353.0
-28360.0
-28366.0
-28353.0
-28352.0
-28357.0
-28364.0
-28358.0
-28353.0
-28375.0
-28360.0
-28375.0
-28365.0
-28361.0
-28365.0
-28353.0
-28365.0
-28375.0
-28375.0
-28375.0
-28375.0
-28364.0
-28359.0
-28352.0
-28355.0
-28355.0
-28353.0
-28359.0
-28360.0
-28375.0
-28358.0
-28361.0
-28375.0
-28375.0
-28375.0
-28375.0
-28375.0
-28375.0
-28375.0
-28375.0
-28375.0
-28375.0
-28375.0
-28375.0
-28375.0
-28375.0
-28375.0
-28375.0
-28375.0
-28366.0
-28375.0
-28375.0
-28366.0
-28375.0
-28375.0
-28375.0
-28375.0
-28375.0
-28375.0
-28365.0
-28366.0
-28375.0
-28375.0
-28375.0
-28375.0
-28375.0
-28375.0
-28375.0
-28375.0
-28375.0
-28375.0
-28375.0
-28375.0
-28375.0
-28375.0
-28375.0
-28375.0
-28375.0
-28375.0
-28375.0
-28375.0
-28375.0
-28375.0
-28375.0
-28375.0
-28375.0
-28375.0
-28375.0
-28375.0
-28375.0
-28375.0
-28375.0
-28375.0
-28375.0
-28375.0
-28375.0
-28375.0
-28375.0
-28375.0
-28375.0
-28375.0
-28375.0
-28375.0
-28375.0
-28375.0
-28375.0
-28375.0
-28375.0
-28375.0
-28375.0
-28375.0
-28375.0
-28375.0
-28375.0
-28375.0
-28375.0
-28375.0
-28375.0
-28375.0
-28375.0
-28375.0
-28375.0
-28375.0
-28375.0
-28375.0
-28375.0
-28375.0
-28375.0
-28375.0
-28375.0
-28375.0
-28375.0
-28375.0
-28375.0
-28375.0
-28375.0
-28375.0
-28375.0
-28375.0
-28375.0
-28375.0
-28375.0
-28375.0
-28375.0
-28375.0
-28375.0
-28375.0
-28375.0
-28375.0
-28375.0
-28375.0
-28375.0
-28375.0
-28375.0
-28375.0
-28375.0
-28375.0
-28375.0
-28375.0
-28375.0
-28375.0
-28375.0
-28375.0
-28375.0
-28375.0
-28375.0
-28375.0
-28375.0
-28375.0
-28375.0
-28375.0
-28351.0
-28351.0
-28351.0
-28351.0
-28351.0
-28351.0
-28351.0
-28351.0
-28351.0
-28353.0
-28353.0
-28351.0
-28353.0
-28353.0
-28353.0
-28353.0
-28351.0
-28353.0
-28351.0
-28351.0
-28351.0
-28351.0
-28351.0
-28353.0
-28353.0
-28351.0
-28351.0
-28351.0
-28351.0
-28351.0
-28351.0
-28351.0
-28351.0
-28351.0
-28351.0
-28351.0
-28351.0
-28351.0
-28351.0
-28351.0
-28351.0
-28351.0
-28351.0
-28351.0
-28351.0
-28351.0
-28353.0
-28353.0
-28353.0
-28353.0
-28351.0
-28351.0
-28351.0
-28351.0
-28351.0
-28351.0
-28351.0
-28351.0
-28351.0
-28351.0
-28351.0
-28351.0
-28351.0
-28351.0
-28351.0
-28351.0
-28351.0
-28351.0
-28351.0
-28351.0
-28351.0
-28351.0
-28351.0
-28351.0
-28351.0
-28351.0
-28351.0
-28351.0
-28351.0
-28351.0
-28351.0
-28351.0
-28351.0
-28351.0
-28351.0
-28351.0
-28351.0
-28351.0
-28353.0
-28353.0
-28351.0
-28351.0
-28353.0
-28353.0
-28353.0
-28353.0
-28352.0
-28351.0
-28353.0
-28353.0
-28353.0
-28353.0
-28353.0
-28352.0
-28353.0
-28353.0
-28352.0
-28353.0
-28353.0
-28353.0
-28351.0
-28353.0
-28353.0
-28353.0
-28352.0
-28353.0
-28353.0
-28353.0
-28353.0
-28351.0
-28351.0
-28346.0
-28351.0
-28351.0
-28351.0
-28351.0
-28351.0
-28346.0
-28351.0
-28351.0
-28353.0
-28353.0
-28353.0
-28353.0
-28353.0
-28353.0
-28353.0
-28353.0
-28353.0
-28353.0
-28352.0
-28351.0
-28353.0
-28353.0
-28352.0
-28353.0
-28353.0
-28353.0
-28353.0
-28351.0
-28351.0
-28353.0
-28351.0
-28351.0
-28353.0
-28351.0
-28353.0
-28353.0
-28352.0
-28353.0
-28353.0
-28353.0
-28352.0
-28353.0
-28352.0
-28351.0
-28353.0
-28353.0
-28352.0
-28353.0
-28353.0
-28353.0
-28353.0
-28351.0
-28351.0
-28351.0
-28351.0
-28351.0
-28351.0
-28351.0
-28351.0
-28351.0
-28351.0
-28351.0
-28351.0
-28351.0
-28351.0
-28351.0
-28351.0
-28351.0
-28351.0
-28351.0
-28351.0
-28351.0
-28351.0
-28351.0
-28351.0
-28351.0
-28351.0
-28351.0
-28351.0
-28351.0
-28351.0
-28351.0
-28351.0
-28351.0
-28351.0
-28351.0
-28351.0
-28351.0
-28351.0
-28351.0
-28351.0
-28348.0
-28351.0
-28351.0
-28351.0
-28351.0
-28351.0
-28351.0
-28351.0
-28351.0
-28351.0
-28351.0
-28351.0
-28351.0
-28351.0
-28351.0
-28351.0
-28351.0
-28351.0
-28351.0
-28351.0
-28351.0
-28351.0
-28351.0
-28351.0
-28351.0
-28351.0
-28351.0
-28351.0
-28351.0
-28351.0
-28353.0
-28352.0
-28351.0
-28351.0
-28351.0
-28351.0
-28351.0
-28353.0
-28353.0
-28352.0
-28351.0
-28351.0
-28351.0
-28351.0
-28351.0
-28351.0
-28351.0
-28351.0
-28351.0
-28351.0
-28351.0
-28351.0
-28351.0
-28351.0
-28348.0
-28351.0
-28353.0
-28353.0
-28353.0
-28353.0
-28353.0
-28353.0
-28353.0
-28353.0
-28353.0
-28352.0
-28351.0
-28351.0
-28353.0
-28353.0
-28353.0
-28353.0
-28352.0
-28353.0
-28352.0
-28351.0
-28351.0
-28351.0
-28351.0
-28353.0
-28353.0
-28351.0
-28351.0
-28351.0
-28351.0
-28351.0
-28351.0
-28351.0
-28351.0
-28351.0
-28351.0
-28351.0
-28351.0
-28353.0
-28352.0
-28353.0
-28352.0
-28351.0
-28351.0
-28351.0
-28351.0
-28351.0
-28351.0
-28351.0
-28351.0
-28353.0
-28353.0
-28353.0
-28352.0
-28353.0
-28353.0
-28352.0
-28353.0
-28353.0
-28352.0
-28353.0
-28351.0
-28351.0
-28351.0
-28353.0
-28351.0



The list of values average 

-26556.188888888883
-26691.108888888903
-26771.127777777776
-26803.606666666663
-26841.786111111105
-26859.91166666668
-26887.80499999999
-26910.100000000006
-26929.135000000002
-26945.300000000007
-26956.17166666665
-26975.31111111111
-26985.833888888887
-27001.333333333332
-27017.240555555563
-27028.973888888875
-27048.22
-27070.10222222222
-27080.55222222221
-27086.934999999994
-27117.1361111111
-27133.47777777776
-27139.690000000006
-27157.888333333343
-27172.63444444445
-27190.74388888888
-27206.532777777767
-27226.150000000005
-27234.456111111092
-27252.16722222223
-27260.697222222218
-27275.381666666668
-27285.961111111115
-27299.495000000003
-27306.28555555557
-27333.32555555557
-27337.83055555556
-27346.64999999998
-27358.42555555556
-27358.491666666672
-27371.987777777787
-27373.65833333334
-27392.968333333345
-27395.20666666667
-27407.156666666673
-27414.823333333337
-27424.26777777778
-27429.33833333333
-27425.850555555557
-27446.32277777778
-27441.77444444443
-27462.97166666667
-27458.341666666667
-27466.864444444444
-27463.921111111114
-27472.02777777777
-27479.44888888889
-27476.851111111104
-27488.793888888882
-27482.567222222227
-27494.62722222221
-27500.971111111125
-27503.480000000003
-27506.04500000002
-27510.37666666666
-27505.515555555565
-27516.700555555548
-27520.97277777778
-27506.33166666668
-27516.976666666666
-27507.694999999996
-27518.57500000001
-27526.99833333335
-27524.56222222222
-27537.966111111116
-27533.71722222222
-27536.48722222222
-27528.451111111102
-27539.18888888889
-27538.398333333327
-27548.723333333342
-27542.842222222225
-27551.870555555568
-27538.60388888889
-27541.437777777774
-27542.79833333333
-27539.877777777765
-27546.013333333336
-27544.56555555555
-27549.37888888888
-27553.501111111113
-27558.033333333326
-27555.652777777774
-27557.944444444445
-27553.476111111107
-27557.78166666667
-27559.42888888888
-27561.137222222213
-27565.967777777772
-27568.31111111112
-27560.97388888889
-27563.21222222224
-27560.855555555547
-27573.03222222224
-27556.40611111111
-27566.969444444447
-27565.044444444444
-27564.91555555555
-27565.12333333333
-27564.124444444446
-27563.823888888888
-27570.603888888887
-27568.25666666666
-27568.87611111112
-27567.92055555556
-27570.436111111103
-27573.768333333333
-27568.138888888894
-27569.35444444446
-27572.672777777785
-27566.236666666657
-27578.123888888895
-27579.522222222226
-27572.97500000001
-27571.25611111112
-27573.647222222226
-27570.63999999999
-27577.524999999987
-27579.902222222205
-27576.455000000005
-27576.712222222242
-27575.951111111106
-27581.856666666652
-27581.303333333333
-27574.26777777778
-27581.040555555544
-27574.351111111107
-27579.218333333334
-27570.239444444444
-27577.807222222214
-27582.82722222222
-27574.423888888883
-27579.78166666666
-27569.713888888888
-27573.64722222223
-27571.974999999995
-27574.470555555537
-27579.323888888903
-27571.620555555553
-27574.634444444448
-27574.345000000016
-27585.041111111095
-27579.777777777763
-27591.295
-27575.97833333333
-27580.888333333325
-27579.623333333333
-27581.132222222222
-27576.313333333324
-27581.162222222232
-27582.684444444436
-27574.150000000016
-27585.31222222222
-27575.990555555552
-27580.66222222222
-27586.507777777777
-27586.893888888888
-27582.234444444446
-27586.70500000001
-27579.732777777783
-27586.751111111127
-27589.806666666667
-27584.367222222223
-27585.99722222222
-27575.158333333333
-27584.678888888884
-27579.742777777778
-27576.775000000005
-27584.089999999997
-27583.800000000007
-27586.057777777783
-27588.724444444437
-27589.32444444445
-27589.031666666666
-27592.122222222224
-27584.11277777778
-27578.250000000004
-27590.78944444444
-27579.26444444445
-27584.570555555554
-27584.373888888895
-27585.414999999986
-27579.378888888892
-27580.71277777779
-27582.634999999987
-27584.417222222226
-27583.126666666667
-27581.891666666666
-27586.15944444444
-27578.73833333333
-27586.04277777778
-27587.9211111111
-27587.04000000001
-27576.230000000003
-27570.96222222223
-27579.66222222222
-27582.304444444435
-27584.62499999999
-27577.05999999999
-27595.201666666653
-27584.240000000005
-27589.727777777767
-27581.825555555548
-27571.029444444448
-27575.589444444446
-27572.41055555555
-27578.418888888893
-27573.324444444435
-27580.29222222221
-27581.39388888889
-27576.711666666666
-27578.746111111108
-27575.423333333314
-27576.766111111105
-27578.49277777779
-27587.186111111114
-27580.453333333346
-27586.308333333316
-27581.50944444443
-27583.43666666667
-27578.33722222221
-27583.120555555553
-27587.568333333344
-27579.20055555557
-27579.20666666668
-27582.274999999994
-27584.21333333333
-27579.00611111111
-27585.926111111105
-27588.391111111094
-27581.75444444443
-27578.14777777778
-27575.23333333333
-27589.49388888888
-27575.843333333334
-27583.439444444437
-27573.256111111117
-27577.38666666666
-27573.541111111103
-27577.659444444438
-27576.587222222235
-27578.6488888889
-27576.701111111113
-27579.887222222234
-27574.091666666653
-27575.909444444456
-27576.650555555552
-27571.163333333338
-27564.12611111111
-27573.556111111102
-27573.658888888895
-27574.155000000002
-27573.17611111111
-27574.74666666666
-27575.277222222223
-27577.630555555552
-27576.31944444444
-27570.2
-27568.24777777777
-27572.60222222222
-27572.81666666667
-27569.901111111118
-27584.73666666666
-27581.748888888902
-27565.685555555556
-27571.00777777777
-27575.611111111117
-27580.434999999994
-27578.503333333338
-27577.383888888897
-27580.061666666654
-27581.765000000007
-27577.511666666665
-27580.58611111111
-27575.40222222222
-27566.73777777777
-27591.192222222224
-27580.903333333325
-27586.87722222222
-27574.225555555546
-27578.91777777777
-27573.728333333325
-27583.441111111115
-27585.70000000001
-27575.329999999998
-27581.35555555556
-27572.46666666668
-27577.05999999999
-27585.769444444442
-27579.500555555536
-27580.917777777762
-27577.52777777778
-27576.837222222213
-27585.23000000001
-27581.111666666664
-27577.345555555563
-27592.955555555553
-27577.00611111111
-27581.16222222223
-27579.9788888889
-27577.793888888882
-27576.488333333335
-27575.49666666666
-27585.763333333325
-27578.035000000018
-27582.7638888889
-27573.89722222223
-27580.721111111103
-27580.98999999999
-27584.824444444443
-27577.00444444444
-27579.8561111111
-27588.13666666666
-27571.43944444445
-27581.572777777772
-27573.19277777777
-27585.763333333332
-27573.663333333334
-27582.873888888884
-27590.216111111105
-27577.00388888888
-27582.968888888885
-27572.55111111112
-27575.05388888889
-27571.82888888889
-27579.36111111111
-27572.403888888894
-27576.42388888888
-27585.19777777779
-27574.76555555557
-27583.643333333348
-27574.510555555553
-27582.82222222222
-27578.000000000004
-27574.22833333333
-27583.037777777783
-27571.131666666675
-27564.506666666664
-27575.58
-27583.32333333333
-27572.79111111112
-27575.141666666674
-27573.107777777765
-27570.77500000001
-27571.68055555556
-27568.60111111111
-27572.422222222223
-27570.094999999994
-27577.693888888898
-27558.74888888889
-27581.256666666664
-27575.485555555562
-27575.88277777778
-27571.434444444436
-27579.724444444448
-27573.902777777785
-27578.849444444448
-27576.80277777777
-27571.63111111111
-27571.46277777777
-27573.975
-27572.223888888886
-27578.85111111111
-27565.261111111104
-27568.513333333325
-27564.39055555555
-27574.27833333333
-27576.964999999997
-27580.985
-27575.20388888889
-27573.580555555553
-27572.083888888887
-27577.43055555556
-27573.690000000006
-27573.42388888889
-27577.220000000016
-27578.03777777778
-27583.832777777785
-27580.49555555555
-27573.428888888895
-27573.96833333333
-27571.70277777777
-27577.846111111114
-27575.196666666674
-27577.40500000001
-27575.322777777765
-27569.999444444442
-27574.227777777767
-27570.98611111111
-27576.185555555563
-27574.347777777784
-27581.754444444447
-27563.763888888894
-27577.678888888895
-27570.545000000006
-27579.407777777775
-27574.13722222223
-27570.45222222221
-27573.64222222222
-27567.93277777776
-27576.247777777768
-27576.76777777778
-27572.518333333344
-27578.658333333344
-27582.958888888897
-27573.44555555558
-27574.555555555547
-27577.201666666675
-27584.480555555565
-27579.547777777767
-27579.704444444444
-27575.048333333336
-27580.495555555564
-27577.655555555553
-27577.14777777777
-27585.245555555564
-27568.10277777777
-27572.514444444452
-27564.06055555556
-27566.199444444443
-27562.64444444444
-27571.14388888889
-27579.713333333333
-27573.023888888885
-27575.012777777785
-27581.663333333327
-27578.81666666666
-27573.236666666657
-27576.860555555555
-27571.418888888882
-27584.65777777776
-27573.815555555557
-27578.417777777766
-27577.63277777778
-27579.414444444446
-27580.056666666675
-27570.484444444453
-27569.79055555556
-27575.93555555556
-27577.91777777778
-27577.127777777776
-27575.19722222223
-27573.771666666664
-27577.547222222227
-27578.379444444454
-27574.416666666668
-27578.989999999998
-27564.67611111111
-27572.673333333332
-27572.396111111117
-27572.99222222222
-27562.181666666664
-27566.108888888888
-27575.550555555546
-27564.81333333334
-27566.768333333326
-27565.30722222222
-27571.892777777783
-27570.33277777779
-27573.44444444446
-27574.26333333333
-27567.91555555556
-27584.03388888888
-27570.247777777782
-27579.33944444445
-27568.989444444444
-27570.672777777778
-27566.373888888887
-27560.346111111117
-27569.94777777778
-27568.835
-27568.3361111111
-27571.6761111111
-27576.695555555554
-27564.071666666678
-27576.16722222222
-27576.771111111113
-27568.423333333336
-27576.460555555564
-27576.333333333325
-27575.12055555555
-27575.475555555542
-27574.31444444445
-27577.120000000003
-27572.988333333335
-27576.297777777778
-27570.27333333335
-27566.804444444453
-27572.09833333333
-27580.423333333336
-27566.585555555564
-27569.72166666667
-27566.342777777772
-27576.707222222212
-27575.136111111107
-27563.010555555567
-27575.59722222222
-27574.559444444443
-27579.768333333333
-27566.779999999988
-27570.686111111107
-27580.517777777783
-27566.86277777778
-27575.320000000007
-27576.965555555547
-27565.657222222217
-27565.01555555555
-27568.066111111115
-27568.067222222213
-27572.848888888908
-27583.187222222226
-27572.71555555556
-27583.44111111112
-27576.707222222216
-27569.856666666667
-27566.009444444455
-27568.758333333335
-27574.249444444446
-27567.309444444447
-27575.772222222207
-27568.24111111111
-27566.82388888889
-27566.502777777787
-27574.03666666667
-27571.885555555556
-27575.631111111103
-27568.298333333347
-27567.191666666655
-27572.515555555565
-27560.66388888889
-27566.634999999987
-27567.48055555555
-27566.53277777777
-27565.90222222222
-27572.61444444445
-27567.36611111111
-27566.065
-27571.08777777779
-27576.31333333332
-27575.297222222223
-27569.732222222225
-27569.755555555563
-27568.880555555563
-27562.730000000007
-27573.5777777778
-27578.799999999992
-27579.338333333337
-27575.06666666667
-27566.447222222225
-27568.608888888888
-27566.245000000003
-27564.38722222221
-27575.399444444458
-27567.29611111111
-27577.227222222216
-27572.203333333335
-27570.344999999994
-27571.09777777778
-27570.262222222223
-27567.253888888885
-27560.242777777763
-27565.58611111112
-27564.127777777783
-27564.62222222222
-27568.376111111116
-27562.222222222226
-27562.72111111111
-27570.293333333328
-27568.600000000002
-27562.47833333333



The list of best values average 

-27550.66
-27872.15
-28002.45000000001
-28092.370000000003
-28137.519999999997
-28166.3
-28189.370000000006
-28207.4
-28216.039999999994
-28226.119999999988
-28233.419999999995
-28237.85000000001
-28246.219999999994
-28248.629999999997
-28253.299999999992
-28256.960000000003
-28259.48
-28263.760000000006
-28267.28
-28269.86
-28272.670000000006
-28273.969999999998
-28274.730000000003
-28276.609999999993
-28279.320000000003
-28276.840000000004
-28280.279999999995
-28281.839999999997
-28281.989999999998
-28282.49999999999
-28283.799999999996
-28283.310000000005
-28284.080000000005
-28285.25000000001
-28286.77
-28288.530000000002
-28288.510000000017
-28287.660000000014
-28288.250000000007
-28289.56
-28290.420000000006
-28288.65000000001
-28290.450000000004
-28291.15000000001
-28291.58
-28291.140000000003
-28293.370000000003
-28292.47000000001
-28293.840000000015
-28295.00000000001
-28294.890000000014
-28294.250000000007
-28296.14000000001
-28300.03000000001
-28299.14000000001
-28295.450000000004
-28299.64000000001
-28303.92000000001
-28301.600000000006
-28303.430000000004
-28306.930000000015
-28307.07
-28309.640000000007
-28305.250000000015
-28310.46
-28313.640000000014
-28314.83000000001
-28314.23000000002
-28318.270000000015
-28319.430000000008
-28318.010000000002
-28319.52000000001
-28325.139999999996
-28323.820000000003
-28323.57
-28326.21000000001
-28325.020000000004
-28326.650000000016
-28329.210000000006
-28329.489999999998
-28331.749999999996
-28331.920000000013
-28333.03
-28335.20000000001
-28335.860000000008
-28335.479999999992
-28337.83000000001
-28337.840000000015
-28338.540000000008
-28340.560000000012
-28339.810000000012
-28340.590000000007
-28341.660000000007
-28342.51000000001
-28341.58000000001
-28343.420000000006
-28344.390000000007
-28343.590000000004
-28343.640000000003
-28346.02
-28345.590000000007
-28346.84000000001
-28347.810000000005
-28346.190000000013
-28349.49000000001
-28350.94000000001
-28349.47
-28350.799999999996
-28347.040000000005
-28347.44000000002
-28346.760000000006
-28348.960000000006
-28348.390000000007
-28348.31999999999
-28350.590000000004
-28352.080000000005
-28350.990000000005
-28350.92000000001
-28352.40000000001
-28352.700000000004
-28352.24000000001
-28352.049999999996
-28353.220000000005
-28351.990000000013
-28352.180000000004
-28352.459999999995
-28352.950000000004
-28351.83000000001
-28353.58000000001
-28354.530000000002
-28355.420000000006
-28354.3
-28354.63
-28355.460000000006
-28354.38000000001
-28353.92
-28354.81000000001
-28354.840000000007
-28353.70000000001
-28352.300000000017
-28352.35000000001
-28353.940000000006
-28353.80000000001
-28353.96000000001
-28353.820000000007
-28353.090000000007
-28353.050000000014
-28353.340000000007
-28354.91
-28353.06000000001
-28354.170000000006
-28353.020000000004
-28353.560000000016
-28354.440000000013
-28353.850000000006
-28354.580000000016
-28353.530000000002
-28355.180000000008
-28353.85000000001
-28355.010000000017
-28354.48
-28355.820000000003
-28355.390000000003
-28355.92000000001
-28357.030000000002
-28357.140000000007
-28356.600000000006
-28356.910000000003
-28355.580000000005
-28355.510000000013
-28355.79
-28355.680000000004
-28355.61000000001
-28356.100000000002
-28356.750000000007
-28356.280000000002
-28355.82
-28355.909999999996
-28354.97
-28356.02999999999
-28355.930000000004
-28355.06000000001
-28355.99
-28355.329999999998
-28354.800000000003
-28355.38
-28355.829999999998
-28354.880000000005
-28354.74
-28354.840000000007
-28354.660000000007
-28354.610000000008
-28355.350000000006
-28354.04000000001
-28354.93000000001
-28355.240000000013
-28354.790000000008
-28354.830000000005
-28355.270000000008
-28354.690000000006
-28355.10000000001
-28354.820000000003
-28354.560000000012
-28354.16000000001
-28352.350000000017
-28352.40000000001
-28352.69000000001
-28351.97000000001
-28350.920000000006
-28351.540000000005
-28351.45
-28351.640000000003
-28351.220000000005
-28351.83
-28352.490000000013
-28353.020000000008
-28352.63000000001
-28353.160000000007
-28353.270000000004
-28352.500000000004
-28351.140000000003
-28349.720000000005
-28350.570000000003
-28349.050000000003
-28348.97
-28349.05
-28348.610000000004
-28348.32
-28348.560000000005
-28347.870000000003
-28348.26
-28348.420000000002
-28346.460000000006
-28347.610000000008
-28348.050000000007
-28347.75000000001
-28346.969999999994
-28347.510000000006
-28346.55000000001
-28346.260000000013
-28345.940000000006
-28345.270000000004
-28345.080000000005
-28345.780000000006
-28345.490000000005
-28346.13
-28345.160000000007
-28344.9
-28344.99000000001
-28344.51000000001
-28343.980000000014
-28343.890000000007
-28344.190000000006
-28343.830000000016
-28344.040000000005
-28343.100000000006
-28343.100000000006
-28343.860000000008
-28344.14000000001
-28342.76000000001
-28342.570000000007
-28343.250000000007
-28343.46000000001
-28343.17000000001
-28343.170000000006
-28343.31000000001
-28343.06
-28343.760000000006
-28343.950000000004
-28343.290000000005
-28343.180000000004
-28343.800000000007
-28344.27
-28344.36
-28343.45
-28343.460000000003
-28343.890000000003
-28345.110000000008
-28344.690000000006
-28344.290000000005
-28343.69
-28344.51000000001
-28344.770000000004
-28344.090000000004
-28344.63
-28344.86
-28343.9
-28344.159999999996
-28344.720000000005
-28344.44
-28344.3
-28344.170000000006
-28344.850000000006
-28344.370000000003
-28344.44
-28345.060000000005
-28344.74
-28345.210000000006
-28344.450000000008
-28344.810000000005
-28344.73
-28344.870000000003
-28345.090000000004
-28344.920000000006
-28345.06
-28345.91000000001
-28345.78
-28345.370000000003
-28344.440000000002
-28344.889999999996
-28344.859999999993
-28344.9
-28344.94
-28345.02
-28344.44
-28343.270000000008
-28342.850000000006
-28343.000000000004
-28342.350000000002
-28343.140000000003
-28342.930000000008
-28341.680000000004
-28342.20000000001
-28342.35
-28342.5
-28342.530000000002
-28342.380000000005
-28342.140000000003
-28342.04
-28342.170000000006
-28342.060000000005
-28342.480000000003
-28342.11
-28340.87000000001
-28341.340000000007
-28340.810000000012
-28341.010000000002
-28341.22000000001
-28341.620000000003
-28341.430000000008
-28340.39000000001
-28341.020000000008
-28340.72000000001
-28340.84000000001
-28340.730000000007
-28340.620000000006
-28340.680000000008
-28340.89000000001
-28340.440000000006
-28340.700000000004
-28340.69000000001
-28340.540000000008
-28340.62000000001
-28340.560000000012
-28339.160000000007
-28339.290000000005
-28339.180000000008
-28338.730000000007
-28338.890000000007
-28339.250000000007
-28338.830000000005
-28339.060000000005
-28338.47000000001
-28337.900000000012
-28337.850000000006
-28337.96
-28337.190000000002
-28337.390000000003
-28336.230000000003
-28336.23
-28336.750000000004
-28335.890000000007
-28336.120000000003
-28336.120000000003
-28336.190000000002
-28336.260000000002
-28336.55
-28336.160000000007
-28336.32000000001
-28335.870000000006
-28336.530000000013
-28336.370000000014
-28336.33000000001
-28335.900000000005
-28336.35000000001
-28336.440000000006
-28336.420000000006
-28336.190000000006
-28336.49000000001
-28335.99000000001
-28336.060000000005
-28336.140000000007
-28336.020000000008
-28335.890000000007
-28336.340000000007
-28336.240000000005
-28335.780000000006
-28336.27000000001
-28336.270000000008
-28335.450000000008
-28336.500000000007
-28336.38000000001
-28336.250000000007
-28336.18
-28336.840000000007
-28336.86000000001
-28336.670000000006
-28336.620000000006
-28336.860000000008
-28336.74000000001
-28336.7
-28336.200000000004
-28336.300000000007
-28336.42000000001
-28336.20000000001
-28336.30000000001
-28336.000000000007
-28335.96000000001
-28335.93000000001
-28335.870000000006
-28336.01000000001
-28336.010000000013
-28335.510000000002
-28335.90000000001
-28336.060000000016
-28336.00000000001
-28336.000000000004
-28335.790000000008
-28335.610000000015
-28335.920000000006
-28335.450000000008
-28335.610000000008
-28335.280000000002
-28335.530000000006
-28335.140000000007
-28335.240000000005
-28335.350000000006
-28335.270000000004
-28335.16
-28334.78000000001
-28334.670000000013
-28334.730000000007
-28334.310000000012
-28334.97000000001
-28334.550000000007
-28334.930000000008
-28334.42000000001
-28334.750000000007
-28335.40000000001
-28335.660000000007
-28335.18
-28334.410000000003
-28334.230000000003
-28333.680000000004
-28333.440000000006
-28333.710000000003
-28333.22
-28333.690000000006
-28333.610000000004
-28333.930000000008
-28333.610000000008
-28334.02
-28333.780000000002
-28334.120000000006
-28333.640000000003
-28333.90000000001
-28333.300000000003
-28333.16
-28333.09
-28333.440000000006
-28332.54
-28332.78
-28332.640000000003
-28332.680000000004
-28332.590000000004
-28332.680000000008
-28332.300000000007
-28331.210000000006
-28330.840000000007
-28331.28000000001
-28331.220000000005
-28330.67000000001
-28330.65000000001
-28330.60000000001
-28330.310000000005
-28330.820000000014
-28330.280000000006
-28330.370000000014
-28329.9
-28329.98
-28329.81
-28329.92000000001
-28329.87000000001
-28330.070000000007
-28329.960000000006
-28330.08000000001
-28329.970000000005
-28329.840000000004
-28329.56
-28329.680000000008
-28329.840000000004
-28329.030000000002
-28328.70000000001
-28329.350000000006
-28329.210000000006
-28329.22000000001
-28328.95000000001
-28329.230000000007
-28329.310000000005
-28329.220000000012
-28328.960000000003
-28329.350000000002
-28327.980000000007
-28328.070000000007
-28328.440000000002
-28328.270000000004
-28328.020000000004
-28328.16
-28328.119999999995
-28328.510000000002
-28327.66
-28328.11
-28328.360000000004
-28328.240000000005
-28327.980000000003
-28328.290000000005
-28328.270000000004
-28328.180000000008
-28328.540000000005
-28328.22000000001
-28327.77
-28328.15
-28328.080000000005
-28328.000000000007
-28328.300000000003
-28328.17000000001
-28327.84
-28327.780000000002
-28328.440000000002
-28327.95
-28328.7
-28328.180000000004
-28328.13
-28328.260000000002
-28328.25
-28327.8
-28328.03
-28328.020000000004
-28327.850000000002
-28328.270000000008
-28327.879999999997
-28327.65
-28327.190000000006
-28327.040000000008
-28327.010000000006
-28327.070000000003
-28326.79
-28327.04
-28327.19000000001
-28326.730000000003
-28326.97
-28327.399999999998
-28327.120000000003
-28327.200000000004
-28327.730000000003
-28327.600000000002
-28326.560000000005
-28326.230000000003
-28326.800000000007
-28326.610000000004
-28325.640000000003
-28325.799999999996
-28325.650000000005
-28325.870000000006
-28325.420000000006
-28325.48
-28325.420000000002
-28325.300000000003
-28325.480000000003
-28325.90000000001
