----------Report of simulation of Quantum Population Annealing-----------
The number of considered Spin 180
The considered Annealing Duration 720
The considered Annealing Number 100
The considered T 1.0
The considered Gamma0 1.0
The considered Number Of Replica 3
The considered Number Of System 6
The solution found [-1.  1.  1.  1.  1. -1. -1.  1. -1. -1.  1.  1. -1. -1. -1. -1.  1.  1.
 -1.  1.  1. -1.  1.  1.  1. -1. -1.  1.  1. -1. -1.  1.  1. -1.  1. -1.
 -1. -1. -1.  1. -1. -1. -1. -1. -1. -1. -1. -1.  1. -1. -1.  1.  1. -1.
  1. -1.  1.  1.  1.  1.  1. -1.  1. -1.  1. -1.  1. -1.  1.  1. -1. -1.
  1. -1.  1. -1.  1. -1.  1. -1. -1. -1.  1.  1.  1. -1. -1. -1. -1.  1.
  1.  1. -1.  1. -1. -1. -1.  1.  1. -1. -1.  1.  1.  1. -1.  1. -1. -1.
 -1. -1.  1. -1.  1. -1.  1.  1.  1.  1. -1. -1.  1. -1. -1.  1.  1.  1.
  1. -1.  1. -1.  1.  1.  1. -1.  1. -1.  1. -1. -1.  1. -1. -1.  1.  1.
  1. -1. -1.  1. -1.  1.  1.  1. -1.  1. -1.  1.  1.  1.  1.  1.  1.  1.
  1. -1. -1. -1.  1. -1. -1. -1. -1. -1.  1. -1.  1. -1.  1.  1. -1. -1.]
The value found -43417.0
The Success probability is 0.51
The average value is -43413.72
The total execution time is 12570.394249916077
The average time for execution is 125.70394130945206
The average time for all systems update is 0.17452421117491193
The average time for system update is 0.029071902434583064
The average time for replica update is 0.00969025055916957
The average time for spin update is 5.360918455285791e-05
The list of values found 

-43417.0
-43413.0
-43406.0
-43417.0
-43415.0
-43417.0
-43415.0
-43414.0
-43385.0
-43417.0
-43415.0
-43415.0
-43413.0
-43415.0
-43413.0
-43417.0
-43413.0
-43417.0
-43415.0
-43417.0
-43417.0
-43417.0
-43417.0
-43417.0
-43417.0
-43417.0
-43415.0
-43417.0
-43417.0
-43417.0
-43417.0
-43415.0
-43413.0
-43417.0
-43415.0
-43417.0
-43415.0
-43415.0
-43415.0
-43415.0
-43413.0
-43417.0
-43413.0
-43415.0
-43403.0
-43417.0
-43417.0
-43417.0
-43417.0
-43403.0
-43413.0
-43417.0
-43413.0
-43415.0
-43417.0
-43386.0
-43417.0
-43417.0
-43414.0
-43392.0
-43415.0
-43417.0
-43413.0
-43417.0
-43415.0
-43417.0
-43417.0
-43415.0
-43417.0
-43392.0
-43417.0
-43392.0
-43417.0
-43417.0
-43403.0
-43417.0
-43415.0
-43417.0
-43415.0
-43417.0
-43413.0
-43417.0
-43417.0
-43413.0
-43417.0
-43417.0
-43417.0
-43415.0
-43417.0
-43386.0
-43417.0
-43413.0
-43415.0
-43417.0
-43417.0
-43415.0
-43417.0
-43415.0
-43417.0
-43417.0



The list of values first execution 

-40771.055555555555
-40829.055555555555
-40828.555555555555
-40829.88888888889
-40921.27777777778
-41077.444444444445
-41197.5
-41231.5
-41226.22222222222
-41245.61111111111
-41150.38888888889
-41290.61111111111
-41395.22222222222
-41379.166666666664
-41450.5
-41596.5
-41615.0
-41636.88888888889
-41602.444444444445
-41878.944444444445
-41915.944444444445
-41903.88888888889
-41944.72222222222
-41906.333333333336
-41947.833333333336
-42003.0
-42100.333333333336
-42179.555555555555
-42189.166666666664
-42240.88888888889
-42369.166666666664
-42436.11111111111
-42432.055555555555
-42484.555555555555
-42451.833333333336
-42377.055555555555
-42564.77777777778
-42654.61111111111
-42647.38888888889
-42657.833333333336
-42716.055555555555
-42784.333333333336
-42892.11111111111
-42790.444444444445
-42791.444444444445
-42777.055555555555
-42812.666666666664
-42804.27777777778
-42892.22222222222
-42773.833333333336
-42883.555555555555
-42943.77777777778
-42939.77777777778
-42976.11111111111
-43013.38888888889
-43033.944444444445
-42999.944444444445
-43054.444444444445
-43090.833333333336
-43061.11111111111
-43021.5
-43045.77777777778
-43008.77777777778
-43033.88888888889
-43087.166666666664
-43035.88888888889
-43015.88888888889
-43075.27777777778
-43082.11111111111
-43037.944444444445
-43046.22222222222
-43058.11111111111
-43112.055555555555
-43101.88888888889
-43117.166666666664
-43115.444444444445
-43168.444444444445
-43133.88888888889
-43139.72222222222
-43146.444444444445
-43098.88888888889
-43130.444444444445
-43137.11111111111
-43179.166666666664
-43161.166666666664
-43186.38888888889
-43205.11111111111
-43240.22222222222
-43221.38888888889
-43213.11111111111
-43209.77777777778
-43211.11111111111
-43194.88888888889
-43223.666666666664
-43240.166666666664
-43245.555555555555
-43235.38888888889
-43255.833333333336
-43269.055555555555
-43256.444444444445
-43240.61111111111
-43223.0
-43252.72222222222
-43252.77777777778
-43263.61111111111
-43227.22222222222
-43251.38888888889
-43266.055555555555
-43273.333333333336
-43274.666666666664
-43267.055555555555
-43278.38888888889
-43279.944444444445
-43283.166666666664
-43283.88888888889
-43275.555555555555
-43292.055555555555
-43309.27777777778
-43300.22222222222
-43306.055555555555
-43307.333333333336
-43306.77777777778
-43289.77777777778
-43280.38888888889
-43270.333333333336
-43308.38888888889
-43306.77777777778
-43304.555555555555
-43299.88888888889
-43317.166666666664
-43318.88888888889
-43323.944444444445
-43315.833333333336
-43319.61111111111
-43323.444444444445
-43319.666666666664
-43330.055555555555
-43335.833333333336
-43292.38888888889
-43334.055555555555
-43335.944444444445
-43340.61111111111
-43343.166666666664
-43344.22222222222
-43347.055555555555
-43338.77777777778
-43343.0
-43340.38888888889
-43343.72222222222
-43338.833333333336
-43338.0
-43367.22222222222
-43357.0
-43349.38888888889
-43344.444444444445
-43333.0
-43357.22222222222
-43343.555555555555
-43365.833333333336
-43367.5
-43374.38888888889
-43363.38888888889
-43360.22222222222
-43364.5
-43374.88888888889
-43372.444444444445
-43375.77777777778
-43370.166666666664
-43373.61111111111
-43374.22222222222
-43356.38888888889
-43365.055555555555
-43370.61111111111
-43359.555555555555
-43371.72222222222
-43370.77777777778
-43371.444444444445
-43375.22222222222
-43366.22222222222
-43368.055555555555
-43377.88888888889
-43373.166666666664
-43362.166666666664
-43369.5
-43376.944444444445
-43365.333333333336
-43372.333333333336
-43379.444444444445
-43371.833333333336
-43372.22222222222
-43373.77777777778
-43372.444444444445
-43371.166666666664
-43378.333333333336
-43373.77777777778
-43376.0
-43365.27777777778
-43368.72222222222
-43358.0
-43368.88888888889
-43368.88888888889
-43377.666666666664
-43382.11111111111
-43383.833333333336
-43372.666666666664
-43386.77777777778
-43388.0
-43389.11111111111
-43390.22222222222
-43387.166666666664
-43379.11111111111
-43382.055555555555
-43385.38888888889
-43385.555555555555
-43383.0
-43383.944444444445
-43384.77777777778
-43385.61111111111
-43384.833333333336
-43387.72222222222
-43385.055555555555
-43384.0
-43387.72222222222
-43386.61111111111
-43392.666666666664
-43394.666666666664
-43391.77777777778
-43394.11111111111
-43395.88888888889
-43393.0
-43389.5
-43387.333333333336
-43387.77777777778
-43390.22222222222
-43390.88888888889
-43389.0
-43382.555555555555
-43388.666666666664
-43392.0
-43388.444444444445
-43390.166666666664
-43386.666666666664
-43389.5
-43384.38888888889
-43389.666666666664
-43383.166666666664
-43386.38888888889
-43386.22222222222
-43386.555555555555
-43388.22222222222
-43385.11111111111
-43387.88888888889
-43386.77777777778
-43385.833333333336
-43384.833333333336
-43385.61111111111
-43385.77777777778
-43386.555555555555
-43388.72222222222
-43392.61111111111
-43394.27777777778
-43393.88888888889
-43394.77777777778
-43393.333333333336
-43396.22222222222
-43395.5
-43396.166666666664
-43393.555555555555
-43394.055555555555
-43395.11111111111
-43393.11111111111
-43395.61111111111
-43396.27777777778
-43395.833333333336
-43394.166666666664
-43395.0
-43395.77777777778
-43396.555555555555
-43396.944444444445
-43396.833333333336
-43395.166666666664
-43394.61111111111
-43388.833333333336
-43393.0
-43395.88888888889
-43395.61111111111
-43396.88888888889
-43398.27777777778
-43396.555555555555
-43397.444444444445
-43397.055555555555
-43396.944444444445
-43398.27777777778
-43397.333333333336
-43396.27777777778
-43397.77777777778
-43396.77777777778
-43396.61111111111
-43397.11111111111
-43397.666666666664
-43396.0
-43394.5
-43395.72222222222
-43395.333333333336
-43395.833333333336
-43394.88888888889
-43394.38888888889
-43397.444444444445
-43397.27777777778
-43397.5
-43397.444444444445
-43397.22222222222
-43395.77777777778
-43397.27777777778
-43395.22222222222
-43397.444444444445
-43398.333333333336
-43397.555555555555
-43397.833333333336
-43394.5
-43395.5
-43394.61111111111
-43396.61111111111
-43397.0
-43397.444444444445
-43396.555555555555
-43395.5
-43395.666666666664
-43395.72222222222
-43394.72222222222
-43395.77777777778
-43394.555555555555
-43395.88888888889
-43396.444444444445
-43395.555555555555
-43395.666666666664
-43396.61111111111
-43396.88888888889
-43396.444444444445
-43397.38888888889
-43398.0
-43398.333333333336
-43397.944444444445
-43397.22222222222
-43397.61111111111
-43397.0
-43398.333333333336
-43398.333333333336
-43398.055555555555
-43397.88888888889
-43397.88888888889
-43398.055555555555
-43397.333333333336
-43398.27777777778
-43397.555555555555
-43397.444444444445
-43398.27777777778
-43397.88888888889
-43397.833333333336
-43397.61111111111
-43397.0
-43397.61111111111
-43396.944444444445
-43397.11111111111
-43395.666666666664
-43397.11111111111
-43397.555555555555
-43396.11111111111
-43398.055555555555
-43398.055555555555
-43397.944444444445
-43397.944444444445
-43397.61111111111
-43397.5
-43396.444444444445
-43396.77777777778
-43397.166666666664
-43397.88888888889
-43397.38888888889
-43397.72222222222
-43397.166666666664
-43396.11111111111
-43393.88888888889
-43394.944444444445
-43395.666666666664
-43395.11111111111
-43394.38888888889
-43395.5
-43395.555555555555
-43392.11111111111
-43394.72222222222
-43394.22222222222
-43394.22222222222
-43394.055555555555
-43392.38888888889
-43394.555555555555
-43394.5
-43393.77777777778
-43394.055555555555
-43393.444444444445
-43392.72222222222
-43392.72222222222
-43391.88888888889
-43393.22222222222
-43394.22222222222
-43393.666666666664
-43393.72222222222
-43391.5
-43393.444444444445
-43394.0
-43391.38888888889
-43393.61111111111
-43393.11111111111
-43393.055555555555
-43391.444444444445
-43393.166666666664
-43393.666666666664
-43392.555555555555
-43395.166666666664
-43394.555555555555
-43392.166666666664
-43395.77777777778
-43392.5
-43394.444444444445
-43393.22222222222
-43393.555555555555
-43392.333333333336
-43392.666666666664
-43394.22222222222
-43394.055555555555
-43393.72222222222
-43393.11111111111
-43393.666666666664
-43392.944444444445
-43395.0
-43394.72222222222
-43393.666666666664
-43395.055555555555
-43393.833333333336
-43392.77777777778
-43394.0
-43394.666666666664
-43394.11111111111
-43394.0
-43393.88888888889
-43394.22222222222
-43395.666666666664
-43394.944444444445
-43394.0
-43394.666666666664
-43395.0
-43396.333333333336
-43395.0
-43393.11111111111
-43394.5
-43394.72222222222
-43392.22222222222
-43395.055555555555
-43393.88888888889
-43394.0
-43395.11111111111
-43393.944444444445
-43390.833333333336
-43392.444444444445
-43393.833333333336
-43393.27777777778
-43394.77777777778
-43393.5
-43394.61111111111
-43393.88888888889
-43394.72222222222
-43394.27777777778
-43393.333333333336
-43392.61111111111
-43394.166666666664
-43393.055555555555
-43393.666666666664
-43394.166666666664
-43395.0
-43392.944444444445
-43395.11111111111
-43393.666666666664
-43393.166666666664
-43394.88888888889
-43393.27777777778
-43392.72222222222
-43395.0
-43392.5
-43394.22222222222
-43395.333333333336
-43393.333333333336
-43394.61111111111
-43394.333333333336
-43393.77777777778
-43395.38888888889
-43393.333333333336
-43393.61111111111
-43394.38888888889
-43394.77777777778
-43394.166666666664
-43394.38888888889
-43395.055555555555
-43392.77777777778
-43393.72222222222
-43394.0
-43392.0
-43394.0
-43394.27777777778
-43393.22222222222
-43394.77777777778
-43395.666666666664
-43394.166666666664
-43393.166666666664
-43394.22222222222
-43394.22222222222
-43393.38888888889
-43394.833333333336
-43393.0
-43395.11111111111
-43394.88888888889
-43394.666666666664
-43392.833333333336
-43395.77777777778
-43394.77777777778
-43393.0
-43394.72222222222
-43395.0
-43393.333333333336
-43395.166666666664
-43394.72222222222
-43393.055555555555
-43395.88888888889
-43395.0
-43393.11111111111
-43395.555555555555
-43394.88888888889
-43393.11111111111
-43395.444444444445
-43394.555555555555
-43393.055555555555
-43394.88888888889
-43393.555555555555
-43394.38888888889
-43395.11111111111
-43395.72222222222
-43394.166666666664
-43395.166666666664
-43394.666666666664
-43394.72222222222
-43396.944444444445
-43396.0
-43394.055555555555
-43395.77777777778
-43394.88888888889
-43393.11111111111
-43395.22222222222
-43394.166666666664
-43394.27777777778
-43394.88888888889
-43394.555555555555
-43393.055555555555
-43395.833333333336
-43393.333333333336
-43395.444444444445
-43395.0
-43393.11111111111
-43395.5
-43395.0
-43393.11111111111
-43394.0
-43395.11111111111
-43393.666666666664
-43393.77777777778
-43395.0
-43394.38888888889
-43393.666666666664
-43395.72222222222
-43394.5
-43393.055555555555
-43395.77777777778
-43395.0
-43392.88888888889
-43395.11111111111
-43393.944444444445
-43393.055555555555
-43395.77777777778
-43394.77777777778
-43393.22222222222
-43395.555555555555
-43394.555555555555
-43394.0
-43395.166666666664
-43394.0
-43394.0
-43395.27777777778
-43396.555555555555
-43395.055555555555
-43394.166666666664
-43394.5
-43392.833333333336
-43394.333333333336
-43393.5
-43392.72222222222
-43394.11111111111
-43394.0
-43393.77777777778
-43395.27777777778
-43394.77777777778
-43393.333333333336
-43395.11111111111
-43394.61111111111
-43393.22222222222
-43395.055555555555
-43395.0
-43393.11111111111
-43395.666666666664
-43394.72222222222
-43393.22222222222
-43395.055555555555
-43393.333333333336
-43395.72222222222
-43394.88888888889
-43393.333333333336
-43394.944444444445
-43394.38888888889
-43393.77777777778
-43395.11111111111
-43393.88888888889
-43394.88888888889
-43394.666666666664
-43395.055555555555
-43396.27777777778
-43396.666666666664
-43398.11111111111
-43398.333333333336
-43398.22222222222
-43398.11111111111
-43398.333333333336
-43398.22222222222
-43398.333333333336
-43398.333333333336
-43398.22222222222
-43397.88888888889
-43398.333333333336
-43398.11111111111
-43398.333333333336
-43398.333333333336
-43398.333333333336
-43398.22222222222
-43398.333333333336
-43398.055555555555
-43398.22222222222
-43398.333333333336
-43398.333333333336
-43398.333333333336
-43398.055555555555
-43398.11111111111
-43398.22222222222
-43398.333333333336
-43398.333333333336
-43398.333333333336
-43398.11111111111
-43398.333333333336
-43398.333333333336
-43398.055555555555
-43398.333333333336
-43398.333333333336
-43398.22222222222
-43398.22222222222
-43398.055555555555
-43398.333333333336
-43398.11111111111
-43398.333333333336
-43398.055555555555
-43398.055555555555
-43397.88888888889
-43398.333333333336
-43398.11111111111
-43398.333333333336
-43398.333333333336
-43398.11111111111
-43398.333333333336
-43398.333333333336
-43398.0
-43398.22222222222
-43398.333333333336
-43398.333333333336
-43397.833333333336
-43398.333333333336
-43398.333333333336
-43398.333333333336
-43398.333333333336
-43398.22222222222
-43398.333333333336
-43398.333333333336
-43398.333333333336
-43398.11111111111
-43398.333333333336
-43398.333333333336
-43398.11111111111
-43398.333333333336
-43397.88888888889
-43398.333333333336
-43398.333333333336
-43398.333333333336
-43398.333333333336
-43397.38888888889
-43398.055555555555
-43398.333333333336
-43398.22222222222
-43398.333333333336
-43398.333333333336
-43398.333333333336
-43398.055555555555
-43398.055555555555
-43397.666666666664
-43396.944444444445
-43397.22222222222
-43397.38888888889
-43397.77777777778



The list of best values first execution 

-41131.0
-41313.0
-41378.0
-41098.0
-41277.0
-41389.0
-41488.0
-41510.0
-41465.0
-41692.0
-41513.0
-41584.0
-41853.0
-41918.0
-41836.0
-42142.0
-41993.0
-41971.0
-41977.0
-42274.0
-42231.0
-42207.0
-42359.0
-42196.0
-42377.0
-42393.0
-42586.0
-42485.0
-42563.0
-42586.0
-42776.0
-42843.0
-42686.0
-42739.0
-42890.0
-42800.0
-42807.0
-43032.0
-43038.0
-42955.0
-43050.0
-42985.0
-43199.0
-43127.0
-42977.0
-43068.0
-43089.0
-42980.0
-43161.0
-43015.0
-43207.0
-43226.0
-43158.0
-43294.0
-43269.0
-43260.0
-43143.0
-43228.0
-43277.0
-43255.0
-43243.0
-43151.0
-43291.0
-43188.0
-43238.0
-43237.0
-43209.0
-43277.0
-43232.0
-43225.0
-43251.0
-43222.0
-43233.0
-43246.0
-43268.0
-43193.0
-43318.0
-43271.0
-43274.0
-43300.0
-43256.0
-43195.0
-43226.0
-43314.0
-43295.0
-43363.0
-43298.0
-43343.0
-43332.0
-43336.0
-43317.0
-43309.0
-43253.0
-43341.0
-43355.0
-43307.0
-43317.0
-43360.0
-43358.0
-43335.0
-43314.0
-43336.0
-43338.0
-43361.0
-43360.0
-43320.0
-43330.0
-43353.0
-43359.0
-43359.0
-43354.0
-43352.0
-43360.0
-43359.0
-43370.0
-43383.0
-43357.0
-43362.0
-43373.0
-43368.0
-43372.0
-43366.0
-43377.0
-43352.0
-43325.0
-43345.0
-43355.0
-43343.0
-43346.0
-43370.0
-43390.0
-43381.0
-43374.0
-43367.0
-43376.0
-43359.0
-43388.0
-43374.0
-43368.0
-43371.0
-43372.0
-43392.0
-43374.0
-43386.0
-43416.0
-43402.0
-43385.0
-43403.0
-43384.0
-43403.0
-43378.0
-43385.0
-43404.0
-43404.0
-43398.0
-43389.0
-43389.0
-43382.0
-43398.0
-43398.0
-43406.0
-43401.0
-43384.0
-43389.0
-43396.0
-43401.0
-43402.0
-43401.0
-43409.0
-43415.0
-43410.0
-43392.0
-43395.0
-43392.0
-43412.0
-43402.0
-43392.0
-43404.0
-43386.0
-43416.0
-43417.0
-43417.0
-43401.0
-43406.0
-43412.0
-43412.0
-43412.0
-43417.0
-43401.0
-43402.0
-43402.0
-43406.0
-43400.0
-43408.0
-43412.0
-43412.0
-43414.0
-43406.0
-43389.0
-43414.0
-43414.0
-43414.0
-43403.0
-43412.0
-43404.0
-43412.0
-43407.0
-43409.0
-43409.0
-43405.0
-43412.0
-43412.0
-43408.0
-43408.0
-43404.0
-43414.0
-43405.0
-43407.0
-43403.0
-43408.0
-43408.0
-43408.0
-43408.0
-43404.0
-43412.0
-43414.0
-43414.0
-43414.0
-43414.0
-43414.0
-43410.0
-43407.0
-43412.0
-43408.0
-43412.0
-43410.0
-43412.0
-43404.0
-43410.0
-43412.0
-43412.0
-43412.0
-43412.0
-43403.0
-43414.0
-43409.0
-43408.0
-43409.0
-43412.0
-43412.0
-43412.0
-43412.0
-43404.0
-43407.0
-43405.0
-43398.0
-43409.0
-43413.0
-43412.0
-43416.0
-43417.0
-43417.0
-43416.0
-43417.0
-43417.0
-43417.0
-43417.0
-43417.0
-43417.0
-43417.0
-43417.0
-43417.0
-43417.0
-43417.0
-43417.0
-43417.0
-43417.0
-43417.0
-43416.0
-43417.0
-43417.0
-43417.0
-43417.0
-43417.0
-43417.0
-43417.0
-43417.0
-43417.0
-43417.0
-43417.0
-43417.0
-43417.0
-43417.0
-43417.0
-43417.0
-43417.0
-43417.0
-43417.0
-43417.0
-43417.0
-43417.0
-43417.0
-43417.0
-43417.0
-43416.0
-43416.0
-43412.0
-43417.0
-43417.0
-43417.0
-43417.0
-43417.0
-43417.0
-43417.0
-43417.0
-43417.0
-43417.0
-43417.0
-43417.0
-43417.0
-43417.0
-43413.0
-43417.0
-43417.0
-43417.0
-43417.0
-43417.0
-43417.0
-43417.0
-43417.0
-43417.0
-43417.0
-43417.0
-43417.0
-43416.0
-43416.0
-43417.0
-43417.0
-43417.0
-43417.0
-43417.0
-43417.0
-43417.0
-43417.0
-43417.0
-43417.0
-43417.0
-43417.0
-43417.0
-43417.0
-43417.0
-43417.0
-43417.0
-43417.0
-43417.0
-43417.0
-43417.0
-43417.0
-43417.0
-43416.0
-43416.0
-43416.0
-43416.0
-43416.0
-43416.0
-43417.0
-43417.0
-43417.0
-43417.0
-43417.0
-43417.0
-43417.0
-43417.0
-43417.0
-43417.0
-43417.0
-43417.0
-43417.0
-43417.0
-43417.0
-43417.0
-43417.0
-43417.0
-43417.0
-43417.0
-43417.0
-43417.0
-43417.0
-43417.0
-43417.0
-43417.0
-43417.0
-43417.0
-43417.0
-43417.0
-43417.0
-43417.0
-43417.0
-43417.0
-43417.0
-43417.0
-43417.0
-43417.0
-43417.0
-43417.0
-43417.0
-43417.0
-43417.0
-43417.0
-43417.0
-43417.0
-43417.0
-43417.0
-43417.0
-43417.0
-43417.0
-43417.0
-43417.0
-43417.0
-43417.0
-43417.0
-43417.0
-43417.0
-43417.0
-43417.0
-43417.0
-43417.0
-43417.0
-43417.0
-43417.0
-43417.0
-43417.0
-43417.0
-43417.0
-43417.0
-43417.0
-43417.0
-43417.0
-43417.0
-43417.0
-43417.0
-43417.0
-43417.0
-43417.0
-43417.0
-43417.0
-43417.0
-43417.0
-43417.0
-43417.0
-43417.0
-43417.0
-43417.0
-43417.0
-43417.0
-43417.0
-43417.0
-43417.0
-43417.0
-43417.0
-43417.0
-43417.0
-43417.0
-43417.0
-43417.0
-43417.0
-43417.0
-43417.0
-43417.0
-43417.0
-43417.0
-43417.0
-43417.0
-43417.0
-43417.0
-43417.0
-43417.0
-43417.0
-43417.0
-43417.0
-43417.0
-43417.0
-43417.0
-43417.0
-43417.0
-43417.0
-43417.0
-43417.0
-43417.0
-43417.0
-43417.0
-43417.0
-43417.0
-43417.0
-43417.0
-43417.0
-43417.0
-43417.0
-43417.0
-43417.0
-43417.0
-43417.0
-43417.0
-43417.0
-43417.0
-43417.0
-43417.0
-43417.0
-43417.0
-43417.0
-43417.0
-43417.0
-43417.0
-43417.0
-43417.0
-43417.0
-43417.0
-43417.0
-43417.0
-43417.0
-43417.0
-43417.0
-43417.0
-43417.0
-43417.0
-43417.0
-43417.0
-43417.0
-43417.0
-43417.0
-43417.0
-43417.0
-43417.0
-43417.0
-43417.0
-43417.0
-43417.0
-43417.0
-43417.0
-43417.0
-43417.0
-43417.0
-43417.0
-43417.0
-43417.0
-43417.0
-43417.0
-43417.0
-43417.0
-43417.0
-43417.0
-43417.0
-43417.0
-43417.0
-43417.0
-43417.0
-43417.0
-43417.0
-43417.0
-43417.0
-43417.0
-43417.0
-43417.0
-43417.0
-43417.0
-43417.0
-43417.0
-43417.0
-43417.0
-43417.0
-43417.0
-43417.0
-43417.0
-43417.0
-43417.0
-43417.0
-43417.0
-43417.0
-43417.0
-43417.0
-43417.0
-43417.0
-43417.0
-43417.0
-43417.0
-43417.0
-43417.0
-43417.0
-43417.0
-43417.0
-43417.0
-43417.0
-43417.0
-43417.0
-43417.0
-43417.0
-43417.0
-43417.0
-43417.0
-43417.0
-43417.0
-43417.0
-43417.0
-43417.0
-43417.0
-43417.0
-43417.0
-43417.0
-43417.0
-43417.0
-43417.0
-43417.0
-43417.0
-43417.0
-43417.0
-43417.0
-43417.0
-43417.0
-43417.0
-43417.0
-43417.0
-43417.0
-43417.0
-43417.0
-43417.0
-43417.0
-43417.0
-43417.0
-43417.0
-43417.0
-43417.0
-43417.0
-43417.0
-43417.0
-43417.0
-43417.0
-43417.0
-43417.0
-43417.0
-43417.0
-43417.0
-43417.0
-43417.0
-43417.0
-43417.0
-43417.0
-43417.0
-43417.0
-43417.0
-43417.0
-43417.0
-43417.0
-43417.0
-43417.0
-43417.0
-43417.0
-43417.0
-43417.0
-43417.0
-43417.0
-43417.0
-43417.0
-43417.0
-43417.0
-43417.0
-43417.0
-43417.0
-43417.0
-43417.0
-43417.0
-43417.0
-43417.0
-43417.0
-43417.0
-43417.0
-43417.0
-43417.0
-43417.0
-43417.0
-43417.0
-43417.0
-43417.0
-43417.0
-43417.0
-43417.0
-43417.0
-43417.0
-43417.0
-43417.0
-43417.0
-43417.0
-43417.0
-43417.0
-43417.0
-43417.0
-43417.0
-43417.0
-43417.0
-43417.0
-43417.0
-43417.0
-43417.0
-43417.0
-43417.0
-43417.0
-43417.0
-43417.0
-43417.0
-43417.0
-43417.0
-43417.0
-43417.0
-43417.0
-43417.0
-43417.0
-43417.0
-43417.0
-43417.0
-43417.0
-43417.0



The list of values average 

-40679.462777777764
-40793.57944444443
-40894.077222222215
-40939.27777777775
-41012.700000000004
-41059.893888888895
-41114.30222222221
-41159.99722222223
-41211.85444444447
-41262.91666666666
-41314.58722222222
-41364.42444444445
-41403.58999999999
-41442.714444444435
-41500.12777777778
-41546.9527777778
-41590.58722222223
-41639.92222222222
-41697.18166666665
-41758.09999999998
-41800.820555555554
-41847.98500000002
-41897.986666666664
-41961.81555555556
-42012.59611111112
-42060.096666666665
-42106.99833333335
-42141.10166666665
-42191.08944444443
-42229.32388888888
-42278.84222222222
-42318.56944444444
-42354.15111111112
-42403.60444444444
-42447.30555555556
-42481.84055555555
-42515.60333333334
-42550.70388888889
-42589.755000000005
-42620.04055555553
-42656.59055555554
-42689.015
-42711.53388888888
-42739.85722222222
-42762.99500000001
-42784.64166666667
-42818.412222222236
-42834.77055555556
-42856.79055555554
-42884.08499999999
-42896.53277777778
-42909.0361111111
-42932.75055555554
-42943.47944444444
-42956.0161111111
-42974.11333333333
-42990.042777777766
-43007.029999999984
-43012.02833333333
-43024.06444444445
-43042.21166666668
-43056.95500000001
-43068.7361111111
-43078.5211111111
-43091.74388888888
-43097.899444444476
-43106.469444444425
-43116.31444444445
-43131.13000000002
-43137.16388888891
-43140.41555555555
-43146.48611111112
-43158.383333333346
-43160.74444444446
-43165.81277777778
-43165.08055555555
-43175.60166666665
-43185.41166666664
-43190.173888888894
-43195.455555555556
-43202.623888888884
-43209.322777777765
-43216.51277777777
-43217.43444444445
-43225.38333333333
-43230.75055555554
-43235.79722222224
-43241.273888888885
-43242.531666666684
-43250.040555555555
-43253.38388888891
-43255.15277777779
-43257.40055555555
-43264.65
-43268.21055555556
-43269.96277777777
-43272.595
-43276.135
-43279.07388888889
-43282.749999999985
-43283.283888888895
-43286.83722222222
-43289.633333333346
-43293.637777777796
-43295.442777777775
-43297.36444444444
-43299.48666666665
-43304.03333333335
-43306.297777777785
-43308.6138888889
-43311.83833333332
-43311.91555555554
-43314.657222222224
-43316.09833333335
-43317.889444444445
-43319.69666666665
-43319.69666666666
-43322.329999999994
-43323.8277777778
-43327.78722222221
-43328.25
-43328.03277777778
-43328.594999999994
-43330.11833333333
-43331.70833333333
-43332.81444444447
-43336.73500000001
-43335.847777777766
-43337.865
-43337.89722222224
-43341.08833333334
-43341.56888888888
-43344.03888888889
-43345.68722222224
-43343.86388888889
-43345.14611111111
-43345.363888888874
-43346.921111111114
-43346.7711111111
-43347.81500000001
-43350.042222222204
-43351.56222222221
-43352.50888888889
-43353.55611111114
-43354.0872222222
-43353.99888888891
-43356.727777777756
-43357.717222222236
-43358.12666666667
-43358.66611111111
-43358.36277777777
-43361.00944444443
-43362.33499999999
-43363.74166666666
-43363.55611111109
-43362.55055555557
-43364.21055555554
-43362.82500000002
-43365.4738888889
-43364.734444444446
-43365.27611111112
-43366.77722222223
-43368.29833333335
-43367.596111111096
-43367.85833333332
-43367.37111111112
-43369.45055555555
-43369.47833333334
-43369.36055555556
-43368.85055555556
-43370.057777777765
-43371.46055555555
-43371.060000000005
-43372.530555555546
-43372.94055555555
-43374.14999999998
-43375.06444444444
-43376.05277777776
-43376.05944444446
-43376.28388888889
-43377.48611111112
-43378.09166666666
-43378.23166666667
-43379.59722222222
-43379.3
-43379.306666666664
-43379.01333333333
-43379.824444444464
-43380.36722222223
-43380.24277777778
-43380.511666666665
-43381.267222222225
-43380.72333333332
-43381.022777777776
-43381.55722222222
-43381.6138888889
-43382.10999999999
-43382.21611111112
-43382.33388888889
-43382.142777777786
-43383.31388888888
-43382.817222222235
-43383.448888888895
-43384.0372222222
-43383.97333333335
-43384.65111111112
-43385.276666666694
-43385.137777777774
-43385.151666666665
-43386.112222222226
-43385.81611111111
-43386.47833333333
-43386.05
-43386.68388888888
-43386.49444444445
-43386.52555555556
-43387.29
-43388.01611111111
-43387.92277777776
-43387.446111111116
-43388.41444444444
-43388.03999999999
-43388.98
-43389.3077777778
-43389.327222222215
-43389.73
-43389.425555555565
-43390.71277777778
-43390.181666666685
-43391.14333333337
-43390.735555555555
-43390.82944444445
-43390.973888888875
-43391.15444444443
-43390.7288888889
-43391.78722222222
-43391.76333333332
-43391.22666666668
-43391.90055555557
-43391.207777777796
-43391.00777777779
-43391.575555555544
-43391.85277777778
-43391.68888888888
-43392.05888888889
-43392.20166666668
-43392.21111111109
-43392.214999999975
-43392.32444444443
-43393.62277777777
-43393.54333333334
-43393.30999999999
-43393.317222222206
-43393.465555555566
-43393.53555555556
-43393.675555555565
-43393.84000000003
-43394.10055555555
-43394.37222222221
-43394.34722222223
-43394.79777777777
-43395.15888888888
-43394.981666666674
-43395.030000000006
-43395.00222222222
-43394.93666666666
-43395.26888888891
-43395.06333333334
-43395.21666666666
-43395.80666666668
-43395.5961111111
-43395.45000000001
-43395.69055555555
-43396.066666666644
-43395.85666666666
-43396.45277777778
-43396.0811111111
-43396.11055555553
-43396.59722222222
-43396.547777777785
-43395.946666666685
-43396.127222222225
-43396.21388888887
-43396.23777777777
-43396.55388888887
-43396.97388888887
-43396.51611111112
-43396.383888888886
-43396.45666666666
-43396.17555555556
-43396.52999999998
-43396.45277777775
-43396.66277777779
-43397.01499999997
-43396.83999999999
-43396.999999999985
-43397.194999999985
-43396.951666666675
-43396.91944444444
-43397.16388888889
-43397.217777777776
-43397.26444444446
-43397.632777777784
-43397.15611111111
-43397.00444444446
-43397.911111111105
-43398.00000000001
-43398.20166666665
-43398.3072222222
-43398.37388888889
-43398.19388888889
-43398.388888888876
-43398.26222222222
-43398.65555555557
-43398.246111111104
-43398.63944444446
-43398.59444444446
-43398.60611111111
-43398.87777777777
-43398.88444444445
-43398.77
-43399.02777777778
-43398.612777777766
-43398.69444444443
-43399.069444444445
-43398.95444444443
-43398.917222222204
-43399.10611111109
-43399.07055555555
-43398.84722222221
-43399.52888888887
-43399.069444444445
-43398.81722222219
-43399.10888888886
-43398.95277777778
-43399.40388888888
-43399.534999999996
-43399.4861111111
-43399.59944444446
-43399.83388888889
-43399.48555555555
-43399.62944444444
-43399.92444444442
-43399.766111111094
-43399.49777777778
-43399.66055555555
-43399.69944444446
-43399.89611111111
-43400.27055555556
-43399.94333333333
-43400.01444444443
-43400.30388888889
-43400.30555555555
-43400.05499999999
-43400.30055555556
-43400.153888888875
-43399.963333333326
-43400.48277777779
-43400.29222222223
-43400.383888888886
-43400.513888888876
-43400.3072222222
-43400.34166666664
-43400.27888888886
-43400.32666666665
-43400.191111111104
-43400.55944444444
-43400.43444444445
-43400.24944444443
-43400.34055555555
-43400.23888888888
-43400.20333333334
-43400.50666666665
-43400.461666666655
-43400.49888888886
-43400.92944444445
-43400.716666666674
-43400.38444444443
-43400.423333333325
-43400.12833333334
-43400.000555555554
-43400.4322222222
-43400.56166666667
-43400.56555555556
-43400.55388888888
-43400.47611111113
-43400.43944444444
-43400.62777777777
-43400.51944444446
-43400.45999999999
-43400.73444444444
-43400.451111111106
-43400.4138888889
-43400.41166666662
-43400.737222222204
-43400.53166666668
-43400.77055555553
-43400.50944444443
-43400.893888888866
-43400.709999999985
-43400.85333333333
-43400.5733333333
-43400.919999999984
-43401.006666666646
-43400.854444444434
-43400.761111111104
-43400.67388888889
-43400.7811111111
-43400.547777777785
-43400.69055555555
-43400.81055555553
-43400.36055555556
-43400.7461111111
-43400.83444444446
-43400.833333333336
-43400.72388888887
-43400.86555555556
-43400.80944444445
-43400.82722222221
-43400.84444444443
-43400.878888888896
-43400.96333333335
-43400.939999999995
-43400.83277777777
-43400.7261111111
-43400.87444444445
-43400.87222222222
-43400.80666666667
-43401.028333333314
-43400.72333333333
-43400.70444444444
-43400.70388888889
-43400.92611111112
-43400.75888888887
-43401.006666666675
-43401.06
-43401.151111111096
-43401.07388888889
-43400.99611111111
-43400.96277777779
-43401.03166666666
-43400.98833333334
-43400.932777777794
-43401.10166666668
-43400.927777777775
-43401.17888888888
-43401.12666666668
-43400.94722222223
-43400.95500000001
-43401.16777777778
-43401.186666666654
-43401.396111111106
-43401.3511111111
-43401.19611111113
-43401.18499999999
-43401.251111111116
-43401.13111111112
-43401.26333333333
-43401.18944444444
-43401.144444444435
-43401.250000000015
-43401.251111111116
-43401.17666666668
-43401.39611111111
-43401.36277777777
-43401.42999999998
-43401.35666666666
-43401.50944444445
-43401.59222222223
-43401.52277777777
-43401.607777777775
-43401.43499999999
-43401.429444444424
-43401.49611111112
-43401.37444444445
-43401.54055555554
-43401.564999999995
-43401.673333333325
-43401.55000000001
-43401.56611111112
-43401.35611111113
-43401.40333333333
-43401.497222222235
-43401.5888888889
-43401.456111111096
-43401.51999999999
-43401.628333333334
-43401.57444444444
-43401.55333333332
-43401.5527777778
-43401.623333333315
-43401.52444444443
-43401.483888888906
-43401.53777777778
-43401.615555555545
-43401.61166666666
-43401.74111111112
-43401.73833333331
-43401.619444444455
-43401.69888888889
-43401.77555555557
-43401.6961111111
-43401.80444444446
-43401.56833333333
-43401.76888888888
-43401.63333333333
-43401.808333333334
-43401.47888888891
-43401.817777777775
-43401.64333333333
-43401.81
-43401.728333333325
-43401.826111111106
-43401.83277777778
-43401.77611111109
-43401.72777777777
-43401.80777777777
-43401.80555555556
-43402.09666666666
-43402.01222222222
-43402.0188888889
-43402.01888888887
-43401.831111111125
-43401.943888888876
-43401.84111111109
-43401.92277777777
-43401.951666666646
-43401.78611111109
-43401.99944444444
-43401.92555555554
-43401.895
-43401.98611111112
-43402.04333333334
-43401.92444444444
-43401.941666666644
-43401.921111111114
-43401.94777777777
-43401.93722222222
-43401.840000000004
-43401.98166666667
-43401.909444444434
-43402.09333333332
-43401.98111111112
-43402.107777777775
-43401.904999999984
-43401.95611111111
-43401.98722222222
-43402.079444444425
-43402.04944444443
-43402.02999999999
-43401.93611111113
-43402.16555555555
-43401.946111111116
-43402.21
-43401.91722222221
-43402.14000000001
-43401.85944444443
-43402.118333333325
-43402.01944444445
-43402.09111111111
-43401.985
-43402.13611111112
-43401.90166666666
-43402.09777777779
-43402.15000000001
-43402.16166666665
-43402.06722222221
-43402.09277777775
-43402.02722222222
-43401.96166666666
-43402.00277777777
-43402.01055555555
-43402.01555555555
-43401.94388888887
-43401.983888888884
-43402.07555555556
-43402.009999999995
-43402.06277777778
-43401.96666666666
-43402.12666666667
-43402.09444444443
-43402.102777777785
-43401.804999999986
-43401.95055555556
-43401.97222222222
-43402.00666666666
-43402.05777777777
-43402.17944444445
-43402.086666666655
-43402.126666666656
-43402.18499999999
-43402.16666666665
-43402.21222222222
-43402.00388888888
-43402.157222222224
-43402.06055555555
-43402.11555555555
-43402.03722222221
-43402.10222222222
-43402.09555555555
-43401.96277777777
-43402.05055555554
-43401.961111111115
-43402.05944444443
-43401.87722222222
-43402.039999999986
-43401.88111111112
-43402.05333333331
-43401.98333333332
-43401.971111111096
-43402.057222222225
-43402.147777777776
-43402.19333333333
-43402.20222222222
-43402.069444444445
-43402.27166666667
-43402.12444444444
-43402.145
-43402.09999999998
-43402.11444444442
-43402.027222222234
-43402.03166666668
-43402.03666666667
-43402.19222222221
-43402.095555555556
-43402.09222222221
-43402.083333333336
-43402.15555555557
-43402.07833333333
-43402.01611111112
-43402.14055555555
-43402.04277777776
-43402.128888888874
-43402.035
-43402.10166666667
-43402.19277777778
-43402.09888888888
-43402.145555555544
-43402.12055555556
-43402.215000000004
-43402.143888888895
-43402.196111111116
-43402.23055555555
-43402.22999999999
-43402.16166666666
-43402.193333333336
-43402.302222222206
-43402.23166666669
-43402.287777777776
-43402.25833333332
-43402.19166666665
-43402.252777777765
-43402.17222222223
-43402.10944444443
-43402.17388888888
-43402.15499999997
-43402.176111111105
-43402.181666666664
-43402.19166666665
-43402.09888888889
-43402.22055555554
-43402.11444444443
-43402.101111111115
-43402.122222222206
-43401.995555555564
-43402.26944444442
-43402.15388888888
-43402.06499999998
-43402.294444444444
-43402.15499999999
-43402.1711111111
-43402.151111111096
-43402.327222222215
-43402.16999999999
-43402.34388888889
-43402.14666666666
-43402.186111111085
-43402.29611111111
-43402.16499999999
-43402.1111111111
-43402.16666666668
-43402.16166666666
-43402.073888888866
-43402.29555555555
-43402.193888888876
-43402.13499999999
-43402.132777777755
-43402.31333333333
-43401.95666666666
-43402.18111111113
-43401.99277777776
-43402.038333333316
-43401.97666666666
-43402.17555555554
-43401.896666666675
-43402.29555555556
-43402.02333333333
-43402.06888888889
-43402.014999999985
-43401.92944444445
-43401.965
-43402.17888888889
-43401.83111111111
-43401.97
-43402.13388888887
-43401.99111111112
-43401.93111111111
-43402.22166666666
-43402.020555555544
-43402.11888888887
-43401.99055555554
-43402.08166666667
-43401.858333333315
-43402.27999999999
-43401.993333333325
-43402.015
-43402.087777777764
-43402.13555555556
-43401.96666666667
-43401.81388888889



The list of best values average 

-41130.420000000006
-41193.83
-41277.88000000001
-41310.349999999984
-41403.29999999999
-41442.26000000001
-41504.80999999999
-41551.00999999999
-41565.96000000003
-41650.33000000001
-41713.580000000016
-41724.47000000001
-41781.31999999999
-41815.14999999998
-41870.659999999996
-41930.87
-41952.48000000002
-42021.05999999999
-42082.04000000001
-42150.04999999999
-42180.10000000002
-42217.66000000003
-42282.58999999999
-42344.920000000006
-42403.22000000001
-42441.97
-42457.02999999999
-42529.12000000002
-42561.30000000002
-42597.56
-42658.14
-42688.58999999999
-42714.780000000006
-42756.31
-42796.369999999995
-42814.15999999998
-42856.15999999998
-42876.85
-42919.729999999996
-42946.36000000001
-42971.68999999999
-42989.869999999995
-43000.99000000002
-43006.22000000001
-43036.25
-43063.88000000001
-43094.08000000001
-43105.83
-43125.380000000005
-43127.44
-43135.59000000001
-43144.50999999999
-43160.51999999998
-43164.519999999975
-43171.030000000006
-43187.530000000006
-43196.719999999994
-43209.979999999996
-43217.87
-43224.07000000001
-43234.83
-43239.51000000002
-43249.69000000001
-43253.4
-43264.85
-43269.5
-43269.25
-43273.96
-43284.52999999999
-43287.73
-43293.19
-43296.50000000002
-43303.60000000001
-43308.59000000001
-43312.84
-43308.46000000002
-43308.99999999999
-43315.119999999995
-43321.39
-43328.52999999999
-43331.83999999999
-43333.58000000001
-43337.05000000002
-43339.84000000001
-43343.79999999999
-43342.65
-43346.909999999996
-43350.64000000001
-43349.93999999999
-43354.799999999996
-43357.19999999998
-43355.69999999999
-43358.14999999998
-43363.329999999994
-43364.45
-43363.29000000001
-43367.32000000001
-43367.33
-43368.29999999996
-43370.86000000001
-43369.34
-43370.55
-43372.229999999996
-43377.08999999999
-43376.28999999999
-43379.16999999998
-43378.26
-43380.959999999985
-43382.33999999998
-43380.709999999985
-43382.349999999984
-43383.01000000003
-43385.290000000015
-43384.329999999994
-43386.81999999998
-43387.569999999985
-43386.98999999999
-43389.439999999995
-43388.819999999985
-43390.03999999998
-43390.60999999999
-43390.46999999999
-43390.49999999998
-43391.40999999998
-43393.58999999998
-43392.44
-43393.48999999999
-43393.539999999986
-43395.429999999986
-43394.45999999999
-43394.72
-43395.31
-43397.51999999996
-43397.90999999999
-43396.469999999994
-43398.44999999997
-43397.96999999998
-43398.69999999997
-43398.41999999997
-43399.02
-43397.81999999999
-43398.469999999965
-43398.59999999996
-43399.67999999997
-43400.00999999999
-43399.959999999985
-43400.04999999999
-43401.139999999985
-43400.87999999999
-43402.14999999999
-43401.259999999966
-43401.64999999998
-43402.519999999975
-43403.72999999997
-43402.90999999997
-43401.85999999996
-43402.11999999997
-43401.88
-43403.179999999964
-43402.629999999976
-43402.999999999985
-43402.769999999975
-43403.54999999996
-43403.979999999974
-43403.48999999997
-43403.689999999966
-43403.24999999998
-43404.40999999997
-43404.74999999998
-43404.24999999997
-43404.11999999998
-43403.92999999995
-43404.70999999997
-43405.229999999974
-43404.93999999999
-43405.56999999996
-43405.779999999955
-43406.63999999997
-43406.66999999996
-43406.40999999996
-43407.019999999946
-43406.139999999956
-43407.839999999946
-43407.40999999997
-43406.67999999995
-43406.96999999996
-43406.78999999999
-43406.389999999956
-43406.819999999956
-43406.34999999997
-43406.26999999995
-43407.35999999995
-43408.079999999936
-43407.37999999997
-43407.31999999997
-43407.72999999999
-43407.47999999997
-43407.51999999995
-43407.54999999997
-43407.99999999995
-43408.239999999954
-43407.46999999997
-43408.039999999964
-43408.50999999997
-43408.26999999998
-43407.70999999996
-43408.78999999999
-43408.74999999995
-43407.62999999996
-43407.97999999997
-43408.06999999997
-43407.789999999964
-43408.22999999996
-43407.98999999997
-43408.23999999996
-43407.67999999997
-43408.57999999996
-43408.26999999996
-43408.51999999995
-43408.44999999996
-43408.93999999998
-43409.03999999996
-43409.19999999997
-43409.31999999994
-43409.499999999956
-43408.81999999995
-43409.419999999955
-43408.55999999995
-43408.96999999994
-43409.39999999994
-43409.41999999995
-43409.08999999996
-43409.769999999946
-43410.04999999995
-43409.54999999995
-43409.989999999954
-43409.68999999996
-43409.91999999997
-43409.929999999964
-43409.32999999998
-43408.899999999965
-43409.219999999965
-43409.51999999997
-43408.86999999995
-43409.85999999995
-43409.58999999996
-43409.66999999995
-43409.71999999995
-43409.499999999956
-43409.40999999995
-43409.849999999955
-43409.53999999996
-43409.97999999996
-43409.94999999995
-43409.64999999995
-43409.679999999964
-43410.05999999996
-43410.06999999996
-43410.41999999996
-43409.44999999996
-43410.04999999997
-43410.50999999995
-43410.639999999956
-43409.94999999995
-43410.53999999996
-43409.97999999995
-43409.88999999996
-43409.899999999965
-43410.27999999996
-43410.23999999996
-43410.32999999996
-43409.87999999996
-43409.619999999944
-43410.25999999996
-43410.209999999955
-43410.60999999995
-43410.519999999946
-43410.57999999995
-43411.18999999995
-43410.60999999996
-43410.30999999996
-43410.16999999995
-43410.42999999995
-43410.599999999955
-43410.93999999995
-43411.119999999966
-43410.28999999996
-43410.49999999996
-43410.96999999996
-43410.29999999996
-43410.47999999995
-43410.18999999996
-43410.19999999995
-43410.33999999995
-43410.57999999995
-43410.26999999995
-43410.529999999955
-43410.54999999995
-43410.53999999996
-43410.239999999954
-43410.54999999997
-43410.52999999996
-43410.51999999996
-43410.67999999996
-43410.529999999955
-43410.94999999996
-43410.69999999996
-43410.83999999996
-43410.65999999997
-43410.64999999996
-43410.869999999966
-43410.779999999955
-43410.889999999956
-43410.60999999996
-43410.46999999996
-43410.67999999996
-43410.77999999996
-43410.70999999996
-43410.50999999996
-43410.83999999995
-43410.79999999996
-43410.87999999997
-43411.109999999964
-43411.02999999996
-43411.22999999995
-43411.13999999997
-43411.02999999996
-43411.139999999956
-43411.21999999996
-43410.90999999995
-43411.25999999996
-43411.26999999995
-43410.809999999954
-43411.19999999995
-43411.30999999995
-43411.499999999956
-43411.26999999995
-43411.399999999965
-43411.62999999996
-43411.46999999996
-43411.25999999996
-43411.30999999996
-43411.46999999996
-43411.55999999996
-43411.349999999955
-43411.46999999995
-43411.709999999955
-43411.16999999996
-43411.36999999996
-43411.45999999996
-43411.379999999954
-43411.319999999956
-43411.34999999995
-43411.029999999955
-43411.12999999996
-43411.169999999955
-43411.069999999956
-43411.09999999996
-43411.29999999995
-43411.379999999954
-43411.31999999995
-43411.38999999995
-43411.179999999964
-43411.24999999994
-43411.32999999994
-43411.169999999955
-43411.54999999996
-43411.15999999996
-43411.22999999996
-43411.48999999996
-43411.34999999996
-43411.03999999996
-43411.44999999996
-43411.309999999954
-43411.259999999966
-43411.37999999996
-43411.309999999954
-43411.43999999996
-43411.58999999996
-43411.18999999996
-43411.139999999956
-43411.469999999965
-43411.39999999995
-43411.08999999995
-43411.43999999996
-43411.569999999956
-43411.44999999995
-43411.72999999995
-43411.16999999995
-43411.27999999995
-43411.459999999955
-43411.39999999995
-43411.39999999996
-43411.35999999996
-43411.319999999956
-43411.29999999996
-43411.19999999996
-43411.25999999995
-43411.51999999996
-43411.54999999996
-43411.28999999995
-43411.499999999956
-43411.44999999995
-43411.36999999995
-43411.349999999955
-43411.03999999996
-43411.13999999995
-43411.18999999996
-43411.33999999995
-43411.10999999995
-43411.40999999995
-43411.22999999995
-43411.18999999995
-43411.39999999996
-43411.38999999996
-43411.21999999996
-43411.219999999965
-43411.30999999996
-43411.26999999996
-43411.029999999955
-43411.139999999956
-43410.96999999995
-43411.309999999954
-43411.32999999995
-43410.94999999995
-43411.349999999955
-43411.399999999965
-43411.19999999995
-43411.31999999996
-43411.19999999996
-43410.999999999956
-43411.249999999956
-43411.33999999995
-43410.889999999956
-43411.31999999996
-43411.16999999996
-43411.18999999996
-43411.35999999995
-43411.12999999996
-43410.989999999954
-43411.099999999955
-43411.01999999995
-43411.169999999955
-43411.01999999995
-43410.92999999996
-43411.08999999995
-43411.149999999965
-43410.82999999996
-43411.029999999955
-43411.179999999964
-43411.29999999996
-43411.25999999995
-43411.19999999997
-43411.15999999996
-43410.879999999954
-43410.96999999996
-43411.05999999996
-43411.08999999996
-43411.20999999996
-43411.149999999965
-43410.969999999965
-43410.84999999996
-43411.10999999996
-43410.999999999956
-43410.93999999996
-43411.04999999996
-43410.859999999964
-43411.14999999996
-43411.09999999996
-43411.06999999996
-43411.079999999965
-43411.08999999997
-43410.97999999996
-43411.14999999996
-43411.12999999995
-43411.17999999996
-43411.069999999956
-43411.06999999996
-43411.05999999996
-43411.06999999996
-43410.96999999996
-43411.12999999996
-43410.88999999996
-43411.189999999966
-43410.94999999996
-43410.939999999966
-43411.19999999996
-43410.97999999997
-43411.03999999996
-43411.12999999996
-43411.03999999995
-43411.00999999996
-43410.999999999956
-43411.03999999996
-43411.08999999996
-43410.83999999996
-43411.01999999995
-43411.059999999954
-43411.00999999996
-43411.04999999996
-43411.029999999955
-43411.01999999995
-43411.01999999995
-43410.629999999954
-43411.04999999996
-43410.85999999996
-43410.999999999956
-43410.75999999996
-43411.079999999965
-43410.82999999996
-43410.99999999996
-43410.80999999996
-43410.97999999996
-43410.78999999996
-43410.89999999997
-43410.78999999997
-43410.88999999997
-43410.81999999996
-43410.989999999954
-43411.059999999954
-43410.89999999996
-43411.05999999996
-43410.94999999996
-43410.97999999996
-43410.69999999995
-43411.01999999996
-43410.929999999964
-43410.929999999964
-43410.97999999996
-43411.05999999997
-43411.08999999996
-43411.079999999965
-43411.039999999964
-43411.05999999996
-43411.009999999966
-43410.81999999996
-43411.00999999996
-43411.04999999996
-43411.04999999996
-43411.16999999996
-43411.03999999996
-43411.009999999966
-43410.98999999996
-43411.00999999997
-43411.04999999997
-43411.04999999997
-43410.97999999996
-43411.04999999996
-43411.07999999996
-43411.06999999996
-43411.02999999996
-43411.08999999996
-43411.03999999996
-43411.099999999955
-43411.029999999955
-43410.98999999996
-43411.01999999996
-43411.109999999964
-43411.01999999996
-43411.06999999996
-43410.97999999996
-43411.02999999996
-43410.95999999996
-43411.01999999997
-43411.039999999964
-43411.01999999996
-43410.95999999996
-43410.97999999997
-43410.86999999996
-43410.859999999964
-43410.87999999996
-43410.97999999996
-43410.82999999996
-43410.89999999996
-43410.849999999955
-43410.87999999996
-43410.86999999996
-43410.899999999965
-43410.82999999996
-43410.899999999965
-43410.83999999996
-43410.88999999996
-43410.81999999996
-43410.869999999966
-43410.82999999996
-43410.899999999965
-43410.82999999996
-43410.87999999996
-43410.93999999996
-43410.73999999997
-43410.969999999965
-43411.06999999997
-43411.00999999996
-43410.87999999996
-43410.84999999996
-43410.87999999996
-43410.84999999996
-43410.819999999956
-43410.83999999996
-43410.89999999996
-43410.84999999996
-43410.819999999956
-43410.78999999996
-43410.83999999996
-43410.62999999997
-43410.819999999956
-43410.83999999995
-43410.919999999955
-43410.94999999995
-43411.00999999995
-43411.03999999996
-43411.03999999996
-43410.989999999954
-43411.01999999995
-43411.01999999996
-43411.04999999996
-43411.01999999996
-43411.02999999996
-43411.01999999996
-43411.06999999996
-43410.969999999965
-43411.01999999997
-43410.97999999996
-43410.829999999965
-43410.91999999996
-43410.76999999997
-43410.96999999996
-43410.91999999996
-43410.93999999996
-43410.72999999997
-43410.91999999996
-43410.90999999997
-43410.91999999996
-43410.96999999997
-43411.01999999997
-43411.06999999997
-43410.92999999997
-43411.019999999975
-43410.97999999997
-43411.06999999997
-43410.799999999974
-43411.03999999997
-43410.98999999997
-43411.03999999997
-43410.96999999997
-43410.839999999975
-43411.05999999997
-43410.99999999998
-43410.92999999997
-43411.02999999997
-43411.09999999997
-43411.09999999997
-43410.88999999997
-43411.02999999996
-43410.97999999996
-43410.789999999964
-43411.19999999996
-43411.25999999996
-43411.26999999996
-43411.31999999996
-43411.08999999996
-43411.16999999996
-43411.109999999964
-43411.02999999997
-43410.99999999996
-43411.089999999975
-43410.94999999997
-43410.62999999997
-43410.92999999997
-43410.77999999997
-43410.76999999997
-43410.73999999997
-43410.91999999997
-43410.62999999997
-43410.87999999997
-43410.77999999997
-43410.79999999997
-43411.05999999997
-43411.01999999997
-43410.92999999997
-43410.859999999964
-43410.969999999965
-43410.77999999996
-43410.90999999997
-43410.72999999997
-43410.81999999997
-43410.689999999966
-43410.96999999997
-43410.59999999997
-43410.94999999997
-43410.94999999996
-43410.84999999996
-43410.689999999966
-43410.97999999997
-43410.60999999996
-43411.00999999997
-43410.95999999996
-43410.87999999997
-43410.939999999966
-43410.899999999965
-43410.79999999997
-43410.94999999997
-43410.94999999997
-43410.90999999997
-43410.84999999996
-43411.09999999996
-43410.83999999996
-43411.09999999997
-43411.079999999965
-43410.969999999965
-43410.83999999997
-43410.97999999997
-43410.69999999997
-43411.12999999996
-43410.88999999996
-43410.97999999996
-43410.859999999964
-43411.179999999964
-43411.01999999996
-43411.119999999966
