----------Report of simulation of Quantum Population Annealing-----------
The number of considered Spin 157
The considered Annealing Duration 628
The considered Annealing Number 100
The considered T 1.0
The considered Gamma0 1.0
The considered Number Of Replica 3
The considered Number Of System 6
The solution found [ 1. -1. -1.  1.  1. -1. -1. -1. -1. -1. -1. -1. -1. -1. -1. -1. -1. -1.
 -1.  1. -1. -1.  1.  1.  1.  1.  1.  1.  1.  1. -1. -1.  1. -1.  1.  1.
  1.  1. -1. -1. -1.  1.  1. -1.  1. -1. -1. -1. -1.  1.  1. -1.  1. -1.
  1.  1.  1. -1.  1. -1.  1. -1. -1.  1. -1.  1.  1.  1. -1.  1.  1. -1.
 -1. -1.  1.  1.  1. -1. -1.  1.  1. -1.  1. -1. -1. -1.  1.  1. -1.  1.
  1.  1. -1. -1. -1.  1.  1. -1. -1.  1. -1.  1. -1. -1. -1. -1. -1. -1.
  1.  1. -1. -1.  1.  1.  1. -1.  1. -1.  1.  1. -1. -1. -1.  1.  1.  1.
  1. -1.  1.  1.  1. -1. -1.  1. -1. -1. -1.  1. -1. -1. -1.  1. -1.  1.
  1.  1.  1.  1. -1.  1.  1.  1.  1. -1. -1.  1.  1.]
The value found -33081.0
The Success probability is 0.83
The average value is -33078.01
The total execution time is 7141.785050392151
The average time for execution is 71.41784909248352
The average time for all systems update is 0.11361536511570025
The average time for system update is 0.018920454919464775
The average time for replica update is 0.006306505201348833
The average time for spin update is 3.997063357323819e-05
The list of values found 

-33081.0
-33064.0
-33081.0
-33081.0
-33081.0
-33081.0
-33064.0
-33081.0
-33081.0
-33056.0
-33081.0
-33081.0
-33081.0
-33081.0
-33064.0
-33081.0
-33064.0
-33081.0
-33081.0
-33081.0
-33081.0
-33081.0
-33081.0
-33081.0
-33056.0
-33081.0
-33081.0
-33081.0
-33081.0
-33071.0
-33081.0
-33081.0
-33081.0
-33056.0
-33081.0
-33081.0
-33064.0
-33081.0
-33081.0
-33060.0
-33081.0
-33081.0
-33064.0
-33081.0
-33081.0
-33081.0
-33081.0
-33081.0
-33081.0
-33081.0
-33056.0
-33081.0
-33081.0
-33081.0
-33081.0
-33081.0
-33069.0
-33081.0
-33081.0
-33081.0
-33081.0
-33081.0
-33081.0
-33081.0
-33081.0
-33081.0
-33081.0
-33081.0
-33081.0
-33081.0
-33064.0
-33067.0
-33081.0
-33081.0
-33081.0
-33081.0
-33081.0
-33081.0
-33075.0
-33081.0
-33081.0
-33081.0
-33081.0
-33081.0
-33081.0
-33081.0
-33081.0
-33081.0
-33081.0
-33081.0
-33081.0
-33081.0
-33081.0
-33081.0
-33081.0
-33081.0
-33081.0
-33081.0
-33064.0
-33081.0



The list of values first execution 

-30795.277777777777
-30792.88888888889
-30941.055555555555
-31104.11111111111
-31126.833333333332
-31071.61111111111
-31103.666666666668
-31195.833333333332
-31316.444444444445
-31362.555555555555
-31312.722222222223
-31505.555555555555
-31554.0
-31637.055555555555
-31605.055555555555
-31627.333333333332
-31663.666666666668
-31697.722222222223
-31763.722222222223
-31760.666666666668
-31824.11111111111
-31896.0
-31905.222222222223
-31945.722222222223
-31994.277777777777
-32025.666666666668
-32024.88888888889
-32098.88888888889
-32106.38888888889
-32161.555555555555
-32250.0
-32247.0
-32267.0
-32190.38888888889
-32248.444444444445
-32257.88888888889
-32227.055555555555
-32338.222222222223
-32407.5
-32465.722222222223
-32502.5
-32536.722222222223
-32541.277777777777
-32535.38888888889
-32582.38888888889
-32625.777777777777
-32675.277777777777
-32733.555555555555
-32719.944444444445
-32705.666666666668
-32735.11111111111
-32767.277777777777
-32779.61111111111
-32806.77777777778
-32784.333333333336
-32755.444444444445
-32781.944444444445
-32833.38888888889
-32845.5
-32803.444444444445
-32825.833333333336
-32820.333333333336
-32819.22222222222
-32837.444444444445
-32870.38888888889
-32858.555555555555
-32896.88888888889
-32908.77777777778
-32952.444444444445
-32914.11111111111
-32893.333333333336
-32898.833333333336
-32922.27777777778
-32928.11111111111
-32954.27777777778
-32968.38888888889
-32982.944444444445
-32963.444444444445
-32959.38888888889
-32950.22222222222
-32955.22222222222
-32982.166666666664
-32951.11111111111
-32960.055555555555
-32971.77777777778
-32962.055555555555
-32946.77777777778
-32983.77777777778
-32969.61111111111
-32978.444444444445
-33003.61111111111
-32996.166666666664
-32976.555555555555
-32975.333333333336
-32989.72222222222
-33003.944444444445
-33007.88888888889
-33007.055555555555
-33010.666666666664
-33011.055555555555
-32988.944444444445
-32980.555555555555
-33008.38888888889
-33019.444444444445
-33018.22222222222
-33021.27777777778
-33018.666666666664
-33016.555555555555
-33009.27777777778
-33010.5
-33013.77777777778
-33013.72222222222
-33017.444444444445
-33010.944444444445
-32999.444444444445
-33013.72222222222
-33022.88888888889
-33026.944444444445
-33032.5
-33034.333333333336
-33045.055555555555
-33044.166666666664
-33048.166666666664
-33047.166666666664
-33034.444444444445
-33045.5
-33045.333333333336
-33038.0
-33035.444444444445
-33050.27777777778
-33050.88888888889
-33053.61111111111
-33045.444444444445
-33046.666666666664
-33045.166666666664
-33039.88888888889
-33030.333333333336
-33027.055555555555
-33024.22222222222
-33033.166666666664
-33033.22222222222
-33033.333333333336
-33034.88888888889
-33034.72222222222
-33035.166666666664
-33030.5
-33037.61111111111
-33040.11111111111
-33027.666666666664
-33043.944444444445
-33055.666666666664
-33054.166666666664
-33043.27777777778
-33037.333333333336
-33042.27777777778
-33054.055555555555
-33052.666666666664
-33063.666666666664
-33066.27777777778
-33058.88888888889
-33064.5
-33065.944444444445
-33068.833333333336
-33067.833333333336
-33066.11111111111
-33067.27777777778
-33064.833333333336
-33068.22222222222
-33069.555555555555
-33068.555555555555
-33065.555555555555
-33064.166666666664
-33056.5
-33056.72222222222
-33059.61111111111
-33066.88888888889
-33065.38888888889
-33068.61111111111
-33065.055555555555
-33059.666666666664
-33065.333333333336
-33066.166666666664
-33068.38888888889
-33064.27777777778
-33058.88888888889
-33068.27777777778
-33065.11111111111
-33057.944444444445
-33061.555555555555
-33069.38888888889
-33070.11111111111
-33068.77777777778
-33068.944444444445
-33070.22222222222
-33069.38888888889
-33070.88888888889
-33064.38888888889
-33065.22222222222
-33058.5
-33059.27777777778
-33062.88888888889
-33062.444444444445
-33059.166666666664
-33058.166666666664
-33057.38888888889
-33053.166666666664
-33054.61111111111
-33062.055555555555
-33064.333333333336
-33064.666666666664
-33065.944444444445
-33063.166666666664
-33067.055555555555
-33057.944444444445
-33063.5
-33068.055555555555
-33066.88888888889
-33068.72222222222
-33064.27777777778
-33070.055555555555
-33070.333333333336
-33067.38888888889
-33068.833333333336
-33070.61111111111
-33071.555555555555
-33069.77777777778
-33070.88888888889
-33072.88888888889
-33073.5
-33075.333333333336
-33074.11111111111
-33078.38888888889
-33078.333333333336
-33080.166666666664
-33077.833333333336
-33079.055555555555
-33076.944444444445
-33076.666666666664
-33074.555555555555
-33076.22222222222
-33076.833333333336
-33077.055555555555
-33078.444444444445
-33080.166666666664
-33078.88888888889
-33079.833333333336
-33080.0
-33079.61111111111
-33079.61111111111
-33078.833333333336
-33079.555555555555
-33080.61111111111
-33078.833333333336
-33078.944444444445
-33079.333333333336
-33080.22222222222
-33081.0
-33081.0
-33078.944444444445
-33079.38888888889
-33079.72222222222
-33080.11111111111
-33079.833333333336
-33080.666666666664
-33078.61111111111
-33079.166666666664
-33078.166666666664
-33078.833333333336
-33078.944444444445
-33078.11111111111
-33079.944444444445
-33078.555555555555
-33078.055555555555
-33079.27777777778
-33080.666666666664
-33080.444444444445
-33080.666666666664
-33079.166666666664
-33081.0
-33080.666666666664
-33078.61111111111
-33080.666666666664
-33080.333333333336
-33080.666666666664
-33080.27777777778
-33079.055555555555
-33077.833333333336
-33078.5
-33077.27777777778
-33077.666666666664
-33076.555555555555
-33077.72222222222
-33079.61111111111
-33079.72222222222
-33079.444444444445
-33080.22222222222
-33079.666666666664
-33080.27777777778
-33081.0
-33081.0
-33080.055555555555
-33080.27777777778
-33080.11111111111
-33080.38888888889
-33079.5
-33078.166666666664
-33077.22222222222
-33076.61111111111
-33078.27777777778
-33078.72222222222
-33079.61111111111
-33080.666666666664
-33080.27777777778
-33080.444444444445
-33080.11111111111
-33078.22222222222
-33077.555555555555
-33079.333333333336
-33079.72222222222
-33080.333333333336
-33080.61111111111
-33080.5
-33080.666666666664
-33079.333333333336
-33080.27777777778
-33079.72222222222
-33079.444444444445
-33079.27777777778
-33077.77777777778
-33078.72222222222
-33080.055555555555
-33079.11111111111
-33079.77777777778
-33078.27777777778
-33079.61111111111
-33080.27777777778
-33080.27777777778
-33081.0
-33081.0
-33080.38888888889
-33079.833333333336
-33079.11111111111
-33079.77777777778
-33079.944444444445
-33080.27777777778
-33078.833333333336
-33078.444444444445
-33078.61111111111
-33079.055555555555
-33080.0
-33078.27777777778
-33080.666666666664
-33080.61111111111
-33081.0
-33081.0
-33081.0
-33080.666666666664
-33080.666666666664
-33080.666666666664
-33081.0
-33081.0
-33080.666666666664
-33081.0
-33080.666666666664
-33081.0
-33080.666666666664
-33081.0
-33081.0
-33080.666666666664
-33079.77777777778
-33080.27777777778
-33080.61111111111
-33081.0
-33080.38888888889
-33081.0
-33081.0
-33081.0
-33081.0
-33081.0
-33081.0
-33081.0
-33081.0
-33081.0
-33081.0
-33081.0
-33081.0
-33081.0
-33081.0
-33080.666666666664
-33081.0
-33081.0
-33081.0
-33081.0
-33081.0
-33081.0
-33080.666666666664
-33079.88888888889
-33080.5
-33081.0
-33081.0
-33081.0
-33081.0
-33081.0
-33081.0
-33080.666666666664
-33080.666666666664
-33080.333333333336
-33079.055555555555
-33078.88888888889
-33080.055555555555
-33079.944444444445
-33080.5
-33080.333333333336
-33081.0
-33081.0
-33081.0
-33081.0
-33081.0
-33081.0
-33081.0
-33081.0
-33081.0
-33081.0
-33081.0
-33081.0
-33081.0
-33081.0
-33081.0
-33081.0
-33081.0
-33081.0
-33081.0
-33081.0
-33081.0
-33081.0
-33081.0
-33081.0
-33080.666666666664
-33080.27777777778
-33080.61111111111
-33080.5
-33081.0
-33081.0
-33081.0
-33081.0
-33081.0
-33081.0
-33081.0
-33081.0
-33080.666666666664
-33081.0
-33081.0
-33081.0
-33081.0
-33081.0
-33081.0
-33081.0
-33081.0
-33080.666666666664
-33081.0
-33081.0
-33080.666666666664
-33080.22222222222
-33080.666666666664
-33080.333333333336
-33079.88888888889
-33081.0
-33081.0
-33081.0
-33081.0
-33081.0
-33081.0
-33081.0
-33081.0
-33081.0
-33081.0
-33081.0
-33081.0
-33081.0
-33081.0
-33081.0
-33081.0
-33081.0
-33081.0
-33081.0
-33081.0
-33081.0
-33081.0
-33081.0
-33081.0
-33081.0
-33081.0
-33081.0
-33081.0
-33081.0
-33081.0
-33081.0
-33081.0
-33081.0
-33081.0
-33081.0
-33081.0
-33081.0
-33081.0
-33081.0
-33081.0
-33081.0
-33081.0
-33081.0
-33081.0
-33081.0
-33081.0
-33081.0
-33080.666666666664
-33080.61111111111
-33081.0
-33081.0
-33081.0
-33081.0
-33081.0
-33081.0
-33081.0
-33081.0
-33081.0
-33081.0
-33081.0
-33081.0
-33081.0
-33081.0
-33081.0
-33081.0
-33081.0
-33081.0
-33081.0
-33081.0
-33081.0
-33081.0
-33080.666666666664
-33080.61111111111
-33081.0
-33081.0
-33081.0
-33081.0
-33081.0
-33081.0
-33081.0
-33081.0
-33081.0
-33081.0
-33081.0
-33081.0
-33081.0
-33081.0
-33080.27777777778
-33079.0
-33081.0
-33081.0
-33081.0
-33081.0
-33081.0
-33081.0
-33081.0
-33081.0
-33081.0
-33081.0
-33081.0
-33081.0
-33081.0
-33081.0
-33081.0
-33081.0
-33081.0
-33081.0
-33081.0
-33081.0
-33081.0
-33081.0
-33081.0
-33080.666666666664
-33080.333333333336
-33080.61111111111
-33081.0
-33081.0
-33081.0
-33080.666666666664
-33081.0
-33081.0
-33081.0
-33081.0
-33081.0
-33081.0
-33081.0
-33081.0
-33081.0
-33081.0
-33081.0
-33081.0
-33081.0
-33081.0
-33081.0
-33081.0
-33081.0
-33081.0
-33081.0
-33081.0
-33081.0
-33080.666666666664
-33080.27777777778
-33079.944444444445
-33080.27777777778
-33081.0
-33081.0
-33081.0
-33081.0
-33081.0
-33080.666666666664
-33081.0
-33081.0
-33081.0
-33081.0
-33081.0
-33081.0
-33081.0
-33081.0
-33081.0
-33081.0
-33081.0
-33081.0



The list of best values first execution 

-31132.0
-31193.0
-31242.0
-31500.0
-31447.0
-31428.0
-31416.0
-31576.0
-31551.0
-31571.0
-31469.0
-31762.0
-31931.0
-32060.0
-31949.0
-31837.0
-32046.0
-32181.0
-32049.0
-32117.0
-32060.0
-32143.0
-32252.0
-32204.0
-32403.0
-32491.0
-32304.0
-32405.0
-32482.0
-32543.0
-32518.0
-32464.0
-32507.0
-32492.0
-32598.0
-32728.0
-32660.0
-32627.0
-32767.0
-32827.0
-32779.0
-32702.0
-32781.0
-32711.0
-32782.0
-32816.0
-32896.0
-32939.0
-32934.0
-32890.0
-32876.0
-32954.0
-32996.0
-32978.0
-32971.0
-32974.0
-32991.0
-33019.0
-33004.0
-32967.0
-32992.0
-32993.0
-32980.0
-33015.0
-32995.0
-32996.0
-33017.0
-33029.0
-33054.0
-33037.0
-33026.0
-33032.0
-33031.0
-33061.0
-33037.0
-33051.0
-33039.0
-33027.0
-33028.0
-33023.0
-33031.0
-33056.0
-33032.0
-33024.0
-33050.0
-33036.0
-33012.0
-33061.0
-33035.0
-33043.0
-33060.0
-33062.0
-33057.0
-33053.0
-33051.0
-33081.0
-33061.0
-33036.0
-33061.0
-33060.0
-33057.0
-33036.0
-33038.0
-33057.0
-33048.0
-33066.0
-33061.0
-33054.0
-33061.0
-33044.0
-33062.0
-33062.0
-33054.0
-33054.0
-33043.0
-33056.0
-33069.0
-33081.0
-33065.0
-33081.0
-33081.0
-33081.0
-33081.0
-33081.0
-33059.0
-33072.0
-33075.0
-33081.0
-33081.0
-33075.0
-33081.0
-33081.0
-33081.0
-33081.0
-33081.0
-33081.0
-33074.0
-33072.0
-33081.0
-33081.0
-33075.0
-33074.0
-33071.0
-33081.0
-33081.0
-33059.0
-33081.0
-33081.0
-33081.0
-33081.0
-33081.0
-33081.0
-33081.0
-33081.0
-33081.0
-33075.0
-33081.0
-33081.0
-33081.0
-33081.0
-33081.0
-33081.0
-33081.0
-33081.0
-33081.0
-33081.0
-33081.0
-33081.0
-33081.0
-33081.0
-33081.0
-33081.0
-33081.0
-33081.0
-33081.0
-33081.0
-33081.0
-33081.0
-33081.0
-33081.0
-33081.0
-33081.0
-33081.0
-33081.0
-33081.0
-33081.0
-33081.0
-33081.0
-33081.0
-33081.0
-33081.0
-33081.0
-33081.0
-33081.0
-33081.0
-33081.0
-33081.0
-33081.0
-33081.0
-33081.0
-33081.0
-33081.0
-33081.0
-33081.0
-33081.0
-33081.0
-33081.0
-33081.0
-33081.0
-33081.0
-33081.0
-33081.0
-33081.0
-33081.0
-33081.0
-33081.0
-33081.0
-33081.0
-33081.0
-33081.0
-33081.0
-33081.0
-33081.0
-33081.0
-33081.0
-33081.0
-33081.0
-33081.0
-33081.0
-33081.0
-33081.0
-33081.0
-33081.0
-33081.0
-33081.0
-33081.0
-33081.0
-33081.0
-33081.0
-33081.0
-33081.0
-33081.0
-33081.0
-33081.0
-33081.0
-33081.0
-33081.0
-33081.0
-33081.0
-33081.0
-33081.0
-33081.0
-33081.0
-33081.0
-33081.0
-33081.0
-33081.0
-33081.0
-33081.0
-33081.0
-33081.0
-33081.0
-33081.0
-33081.0
-33081.0
-33081.0
-33081.0
-33081.0
-33081.0
-33081.0
-33081.0
-33081.0
-33081.0
-33081.0
-33081.0
-33081.0
-33081.0
-33081.0
-33081.0
-33081.0
-33081.0
-33081.0
-33081.0
-33081.0
-33081.0
-33081.0
-33081.0
-33081.0
-33081.0
-33081.0
-33081.0
-33081.0
-33081.0
-33081.0
-33081.0
-33081.0
-33081.0
-33081.0
-33081.0
-33081.0
-33081.0
-33081.0
-33081.0
-33081.0
-33081.0
-33081.0
-33081.0
-33081.0
-33081.0
-33081.0
-33081.0
-33081.0
-33081.0
-33081.0
-33081.0
-33081.0
-33081.0
-33081.0
-33081.0
-33081.0
-33081.0
-33081.0
-33081.0
-33081.0
-33081.0
-33081.0
-33081.0
-33081.0
-33081.0
-33081.0
-33081.0
-33081.0
-33081.0
-33081.0
-33081.0
-33081.0
-33081.0
-33081.0
-33081.0
-33081.0
-33081.0
-33081.0
-33081.0
-33081.0
-33081.0
-33081.0
-33081.0
-33081.0
-33081.0
-33081.0
-33081.0
-33081.0
-33081.0
-33081.0
-33081.0
-33081.0
-33081.0
-33081.0
-33081.0
-33081.0
-33081.0
-33081.0
-33081.0
-33081.0
-33081.0
-33081.0
-33081.0
-33081.0
-33081.0
-33081.0
-33081.0
-33081.0
-33081.0
-33081.0
-33081.0
-33081.0
-33081.0
-33081.0
-33081.0
-33081.0
-33081.0
-33081.0
-33081.0
-33081.0
-33081.0
-33081.0
-33081.0
-33081.0
-33081.0
-33081.0
-33081.0
-33081.0
-33081.0
-33081.0
-33081.0
-33081.0
-33081.0
-33081.0
-33081.0
-33081.0
-33081.0
-33081.0
-33081.0
-33081.0
-33081.0
-33081.0
-33081.0
-33081.0
-33081.0
-33081.0
-33081.0
-33081.0
-33081.0
-33081.0
-33081.0
-33081.0
-33081.0
-33081.0
-33081.0
-33081.0
-33081.0
-33081.0
-33081.0
-33081.0
-33081.0
-33081.0
-33081.0
-33081.0
-33081.0
-33081.0
-33081.0
-33081.0
-33081.0
-33081.0
-33081.0
-33081.0
-33081.0
-33081.0
-33081.0
-33081.0
-33081.0
-33081.0
-33081.0
-33081.0
-33081.0
-33081.0
-33081.0
-33081.0
-33081.0
-33081.0
-33081.0
-33081.0
-33081.0
-33081.0
-33081.0
-33081.0
-33081.0
-33081.0
-33081.0
-33081.0
-33081.0
-33081.0
-33081.0
-33081.0
-33081.0
-33081.0
-33081.0
-33081.0
-33081.0
-33081.0
-33081.0
-33081.0
-33081.0
-33081.0
-33081.0
-33081.0
-33081.0
-33081.0
-33081.0
-33081.0
-33081.0
-33081.0
-33081.0
-33081.0
-33081.0
-33081.0
-33081.0
-33081.0
-33081.0
-33081.0
-33081.0
-33081.0
-33081.0
-33081.0
-33081.0
-33081.0
-33081.0
-33081.0
-33081.0
-33081.0
-33081.0
-33081.0
-33081.0
-33081.0
-33081.0
-33081.0
-33081.0
-33081.0
-33081.0
-33081.0
-33081.0
-33081.0
-33081.0
-33081.0
-33081.0
-33081.0
-33081.0
-33081.0
-33081.0
-33081.0
-33081.0
-33081.0
-33081.0
-33081.0
-33081.0
-33081.0
-33081.0
-33081.0
-33081.0
-33081.0
-33081.0
-33081.0
-33081.0
-33081.0
-33081.0
-33081.0
-33081.0
-33081.0
-33081.0
-33081.0
-33081.0
-33081.0
-33081.0
-33081.0
-33081.0
-33081.0
-33081.0
-33081.0
-33081.0
-33081.0
-33081.0
-33081.0
-33081.0
-33081.0
-33081.0
-33081.0
-33081.0
-33081.0
-33081.0
-33081.0
-33081.0
-33081.0
-33081.0
-33081.0
-33081.0
-33081.0
-33081.0
-33081.0
-33081.0
-33081.0
-33081.0
-33081.0
-33081.0
-33081.0
-33081.0
-33081.0
-33081.0
-33081.0
-33081.0
-33081.0
-33081.0
-33081.0
-33081.0
-33081.0
-33081.0
-33081.0
-33081.0
-33081.0
-33081.0
-33081.0
-33081.0
-33081.0
-33081.0
-33081.0
-33081.0
-33081.0
-33081.0
-33081.0
-33081.0
-33081.0
-33081.0
-33081.0
-33081.0
-33081.0
-33081.0
-33081.0
-33081.0
-33081.0
-33081.0
-33081.0
-33081.0
-33081.0
-33081.0
-33081.0
-33081.0
-33081.0
-33081.0
-33081.0
-33081.0
-33081.0
-33081.0
-33081.0
-33081.0
-33081.0
-33081.0
-33081.0
-33081.0
-33081.0



The list of values average 

-30829.188888888886
-30924.547222222238
-31016.134444444455
-31072.001111111113
-31113.774444444443
-31161.073333333316
-31199.937222222226
-31243.940000000002
-31292.299444444456
-31336.445555555558
-31372.55611111111
-31412.258888888882
-31463.455000000005
-31506.050000000003
-31542.36944444444
-31587.25055555556
-31627.90666666668
-31661.597777777766
-31711.577777777773
-31747.285000000007
-31801.626666666667
-31841.297777777774
-31876.321111111116
-31925.30333333332
-31973.818888888894
-32002.542777777784
-32047.40555555556
-32091.66055555556
-32133.3738888889
-32163.641666666674
-32197.927222222224
-32243.647777777776
-32273.72444444445
-32303.265000000003
-32336.274444444447
-32370.67722222223
-32401.442222222227
-32427.60944444444
-32452.426111111126
-32477.603888888883
-32501.381666666668
-32532.38333333333
-32547.92444444446
-32564.03944444444
-32587.113333333342
-32606.020555555555
-32625.332222222227
-32647.420000000002
-32657.30833333332
-32668.335000000006
-32685.74444444445
-32700.52944444445
-32714.199444444446
-32726.598888888886
-32739.17222222223
-32746.144999999997
-32761.728888888905
-32773.04333333333
-32788.34999999999
-32794.62611111111
-32799.566111111104
-32808.50944444445
-32821.298333333325
-32833.18499999999
-32836.36888888889
-32847.087777777786
-32857.838888888895
-32862.05277777779
-32872.844444444454
-32875.54611111109
-32884.05777777777
-32893.46944444445
-32898.39055555556
-32902.35500000001
-32908.93611111112
-32914.50333333334
-32920.71833333332
-32924.7511111111
-32927.6388888889
-32932.25388888888
-32935.33944444445
-32941.02944444443
-32944.11555555555
-32946.96333333334
-32950.30833333333
-32953.46277777777
-32958.426666666666
-32964.21944444445
-32965.69611111112
-32968.54055555554
-32972.05444444445
-32974.09555555556
-32974.520555555566
-32976.681666666664
-32979.68222222222
-32982.142777777786
-32985.215
-32986.79722222222
-32986.40999999999
-32991.97166666667
-32992.96000000001
-32992.9061111111
-32995.116666666676
-32997.02888888889
-32996.494999999995
-32997.712777777786
-32998.78222222223
-33001.07111111112
-33002.096666666665
-33003.618888888894
-33005.29333333333
-33008.607777777775
-33009.96833333332
-33012.040555555555
-33013.93833333332
-33013.689444444455
-33015.29500000001
-33014.877777777765
-33017.683888888874
-33018.98944444445
-33018.58277777776
-33019.755000000005
-33020.41777777778
-33021.78222222222
-33023.38611111112
-33025.511111111104
-33028.102777777785
-33028.99833333334
-33028.296111111114
-33029.504444444436
-33031.222777777766
-33032.96666666666
-33033.03333333333
-33033.00833333334
-33033.95888888889
-33034.92277777778
-33034.96944444443
-33036.51222222222
-33034.956111111125
-33036.41500000001
-33036.65222222222
-33037.456111111125
-33037.667777777766
-33038.17722222221
-33039.75611111112
-33038.348888888904
-33039.12277777779
-33040.79166666667
-33041.91111111111
-33042.23833333334
-33041.85333333334
-33042.0588888889
-33043.14944444444
-33043.58333333333
-33043.35611111111
-33044.44555555555
-33044.103888888894
-33045.13277777778
-33044.74722222222
-33045.51055555555
-33045.79222222222
-33045.26166666665
-33045.43944444446
-33047.36666666667
-33046.60944444444
-33047.48000000001
-33048.87888888888
-33048.769444444435
-33049.59166666667
-33049.85722222222
-33050.50333333333
-33050.46444444443
-33051.28388888888
-33050.204999999994
-33050.49611111111
-33051.12388888889
-33051.023888888885
-33052.06777777779
-33051.813888888886
-33051.533333333326
-33051.826666666675
-33052.32055555555
-33052.17277777778
-33052.705000000016
-33053.71833333333
-33053.56222222222
-33053.654444444444
-33053.72944444444
-33053.98611111112
-33054.044444444444
-33053.97444444443
-33054.22222222222
-33055.080555555556
-33055.26666666667
-33055.34166666668
-33055.70166666666
-33055.888333333336
-33056.18444444445
-33056.457777777774
-33055.87888888889
-33056.21444444445
-33056.253333333334
-33056.0911111111
-33056.118888888894
-33056.7311111111
-33056.50166666667
-33057.06722222223
-33057.63555555556
-33057.491111111114
-33057.6638888889
-33058.12944444444
-33058.06555555556
-33058.185000000005
-33057.969999999994
-33057.937777777785
-33058.31777777779
-33058.34777777777
-33058.715000000004
-33058.733888888884
-33059.10611111109
-33058.97777777778
-33059.002777777765
-33058.74111111111
-33058.780555555546
-33058.6461111111
-33058.27777777776
-33058.93944444443
-33059.11166666666
-33058.912777777776
-33058.795555555545
-33059.581666666665
-33059.84888888888
-33059.30777777777
-33059.76833333333
-33059.62722222223
-33060.11166666666
-33060.18611111111
-33060.466666666674
-33060.36888888889
-33060.49833333334
-33060.671666666676
-33060.36444444445
-33060.347777777766
-33060.640555555554
-33060.40555555556
-33060.695555555554
-33060.291111111124
-33060.46666666666
-33060.9311111111
-33060.534999999996
-33060.83444444445
-33060.73111111111
-33060.91277777778
-33061.01833333333
-33061.100000000006
-33061.240555555545
-33061.42888888889
-33061.39944444445
-33061.48055555555
-33061.64888888889
-33061.76333333333
-33061.640000000014
-33061.66166666666
-33061.76777777778
-33061.80222222223
-33061.81833333332
-33061.748333333344
-33061.99555555555
-33061.94222222222
-33062.0338888889
-33062.1811111111
-33062.2227777778
-33062.16555555556
-33061.98722222222
-33062.36666666666
-33062.4038888889
-33062.23777777778
-33062.25055555556
-33062.48444444444
-33062.62222222221
-33062.805555555555
-33062.66277777776
-33062.71888888889
-33062.8638888889
-33062.50833333335
-33062.63666666667
-33062.73555555556
-33062.862222222226
-33062.76277777779
-33063.018333333326
-33063.13944444446
-33063.16444444445
-33063.25833333334
-33063.24222222222
-33063.151666666665
-33063.102777777785
-33063.49055555557
-33063.631666666675
-33063.566666666666
-33063.50499999999
-33063.636111111126
-33063.41444444444
-33063.40666666668
-33063.548888888894
-33063.51833333334
-33063.768888888895
-33063.611111111124
-33063.7172222222
-33063.83888888889
-33063.64444444444
-33063.80222222223
-33063.82833333334
-33064.05444444445
-33064.06944444444
-33063.78222222223
-33063.96722222223
-33063.99277777779
-33064.04944444444
-33063.84055555556
-33064.10944444444
-33064.09222222223
-33064.25444444444
-33064.08
-33064.13388888888
-33064.035555555565
-33063.844444444454
-33064.05055555556
-33064.0838888889
-33064.073888888895
-33064.21611111112
-33064.10222222224
-33064.15500000002
-33064.23944444446
-33064.14666666666
-33063.903333333335
-33064.17500000001
-33064.100000000006
-33064.40444444445
-33064.377222222225
-33064.207222222234
-33064.431111111124
-33064.44000000001
-33064.27611111112
-33064.4088888889
-33064.14277777779
-33064.20222222222
-33064.29833333334
-33064.202777777784
-33064.29333333334
-33064.64833333334
-33064.3611111111
-33064.27111111112
-33064.41611111113
-33064.53000000001
-33064.67222222223
-33064.64666666668
-33064.65611111112
-33064.37055555556
-33064.5788888889
-33064.619444444455
-33064.69722222223
-33064.68055555556
-33064.71833333334
-33064.703333333346
-33064.79055555557
-33064.866111111136
-33064.83111111113
-33064.85333333334
-33064.89777777779
-33064.86055555557
-33064.75166666668
-33064.70166666669
-33064.845555555585
-33064.88388888889
-33064.893888888895
-33064.902777777796
-33064.73944444445
-33064.82500000001
-33064.81500000002
-33064.76555555557
-33064.88666666669
-33064.725555555575
-33064.73611111112
-33064.877777777794
-33064.75333333334
-33064.72055555556
-33064.88444444447
-33064.877222222225
-33065.04166666668
-33065.003333333356
-33065.008333333346
-33065.00944444446
-33064.99444444445
-33065.08833333334
-33065.01000000001
-33065.11555555558
-33064.98111111113
-33065.09888888892
-33065.10944444446
-33065.003888888896
-33065.015000000014
-33065.07055555557
-33064.94388888891
-33065.085000000014
-33064.99944444447
-33065.06666666667
-33065.15055555556
-33064.94166666668
-33064.94222222225
-33065.11611111113
-33064.98722222223
-33064.926111111134
-33064.9038888889
-33064.885000000024
-33064.96388888891
-33065.13444444446
-33065.14333333335
-33065.07833333335
-33065.16222222224
-33065.25833333335
-33065.31555555557
-33065.274444444454
-33065.254444444465
-33065.12166666668
-33065.03500000002
-33065.10277777779
-33065.00222222224
-33065.09333333335
-33065.08000000002
-33065.13000000002
-33065.253333333356
-33065.32111111113
-33065.31111111112
-33065.38944444446
-33065.34722222225
-33065.3027777778
-33065.2777777778
-33065.075000000026
-33065.236666666686
-33065.29833333334
-33065.308888888896
-33065.180000000015
-33065.1977777778
-33065.27555555556
-33065.28277777779
-33065.24444444447
-33065.2438888889
-33065.345
-33065.36611111113
-33065.38222222224
-33065.28166666668
-33065.45888888892
-33065.439444444455
-33065.427222222235
-33065.36555555558
-33065.40111111113
-33065.292777777795
-33065.256666666675
-33065.382222222244
-33065.350555555575
-33065.44000000001
-33065.34611111111
-33065.39500000001
-33065.365000000005
-33065.39722222224
-33065.45333333335
-33065.438333333346
-33065.49000000001
-33065.48055555558
-33065.52722222225
-33065.40000000002
-33065.401111111125
-33065.39666666669
-33065.33111111113
-33065.392222222246
-33065.463333333355
-33065.51000000001
-33065.47166666668
-33065.43555555556
-33065.39555555557
-33065.461111111144
-33065.41222222223
-33065.400000000016
-33065.50111111114
-33065.41333333335
-33065.36555555556
-33065.371111111126
-33065.48777777779
-33065.463888888895
-33065.5038888889
-33065.4188888889
-33065.42111111113
-33065.38333333333
-33065.418333333364
-33065.527777777796
-33065.50166666669
-33065.527777777796
-33065.48944444445
-33065.52444444447
-33065.51611111113
-33065.52277777779
-33065.50944444446
-33065.538888888914
-33065.528888888904
-33065.52388888891
-33065.52222222224
-33065.53222222226
-33065.41500000002
-33065.516666666685
-33065.47888888891
-33065.574444444464
-33065.58000000002
-33065.60777777779
-33065.643333333355
-33065.60444444446
-33065.62000000002
-33065.58944444446
-33065.600555555575
-33065.58888888891
-33065.57055555556
-33065.53388888889
-33065.541666666686
-33065.57388888891
-33065.51333333334
-33065.5277777778
-33065.46055555558
-33065.549444444456
-33065.577222222244
-33065.445000000014
-33065.60333333335
-33065.51444444447
-33065.46277777779
-33065.57500000001
-33065.591666666674
-33065.543888888904
-33065.62944444446
-33065.64666666668
-33065.625000000015
-33065.57055555557
-33065.56055555557
-33065.50277777779
-33065.46500000001
-33065.56888888891
-33065.58277777779
-33065.64722222225
-33065.671111111114
-33065.69333333334
-33065.64055555558
-33065.66000000002
-33065.7138888889
-33065.75
-33065.74166666669
-33065.7627777778
-33065.70944444445
-33065.6466666667
-33065.65444444446
-33065.66555555557
-33065.611666666686
-33065.686666666676
-33065.70333333335
-33065.7338888889
-33065.698333333356
-33065.74000000002
-33065.73833333335
-33065.689444444455
-33065.69166666667
-33065.725555555575
-33065.74277777779
-33065.72388888891
-33065.71722222224
-33065.74055555557
-33065.74111111113
-33065.80388888891
-33065.78555555557
-33065.82944444446
-33065.84722222224
-33065.85000000001
-33065.81055555558
-33065.76333333335
-33065.77000000001
-33065.74722222224
-33065.75555555557
-33065.7488888889
-33065.77055555557
-33065.782777777786
-33065.78000000002
-33065.72833333335
-33065.750555555576
-33065.84833333335
-33065.79277777779
-33065.7088888889
-33065.79
-33065.816111111126
-33065.792777777795
-33065.832222222234
-33065.82722222223
-33065.75777777779
-33065.66055555558
-33065.78000000002
-33065.78222222224
-33065.64666666668
-33065.740555555574
-33065.699444444464
-33065.675000000025
-33065.76722222224
-33065.71777777779
-33065.657777777786
-33065.74444444446
-33065.69611111113
-33065.6888888889
-33065.67666666668
-33065.65722222224
-33065.67722222224
-33065.727222222245
-33065.741111111136
-33065.7566666667
-33065.72277777779
-33065.76666666668
-33065.75833333335
-33065.71000000003
-33065.7427777778
-33065.750000000015
-33065.70944444447
-33065.695000000014
-33065.666666666686
-33065.72888888891
-33065.7027777778
-33065.710000000014



The list of best values average 

-31234.130000000005
-31276.329999999998
-31332.39
-31410.71
-31446.13000000001
-31499.74999999999
-31541.94
-31559.490000000005
-31610.390000000003
-31659.379999999997
-31688.849999999995
-31725.569999999996
-31791.5
-31823.950000000008
-31868.090000000004
-31897.710000000003
-31959.110000000004
-31984.719999999998
-32039.730000000007
-32069.600000000013
-32115.189999999995
-32168.42
-32203.149999999998
-32253.139999999996
-32293.339999999993
-32314.66999999999
-32375.88
-32418.640000000007
-32445.539999999997
-32470.260000000002
-32508.20999999999
-32554.880000000005
-32578.07
-32610.04
-32629.579999999987
-32654.71999999998
-32676.269999999997
-32699.269999999986
-32731.680000000008
-32750.61
-32761.400000000012
-32779.719999999994
-32800.10999999999
-32802.63
-32820.94999999999
-32842.659999999996
-32854.979999999996
-32871.65
-32875.270000000004
-32878.329999999994
-32885.59999999999
-32901.390000000014
-32907.100000000006
-32905.380000000005
-32926.520000000004
-32933.57
-32938.09999999999
-32949.679999999986
-32954.33
-32958.89
-32959.349999999984
-32971.47000000001
-32973.16
-32979.47
-32978.76
-32987.340000000004
-32991.640000000014
-32994.71999999999
-33003.39
-33003.270000000004
-33006.229999999996
-33008.16000000002
-33013.96000000001
-33016.139999999985
-33015.45
-33021.77999999999
-33026.87999999999
-33028.44
-33027.270000000004
-33027.130000000005
-33029.02
-33030.740000000005
-33033.37000000002
-33035.87000000001
-33038.14
-33040.29
-33039.49
-33043.060000000005
-33042.55
-33046.16000000001
-33046.170000000006
-33044.729999999996
-33046.45000000002
-33048.00000000001
-33049.19999999999
-33051.72
-33053.42
-33052.52000000001
-33053.80000000002
-33053.710000000014
-33055.350000000006
-33055.970000000016
-33056.50000000002
-33056.950000000026
-33056.040000000015
-33055.29000000001
-33056.38000000001
-33056.770000000004
-33058.24000000001
-33060.02000000002
-33061.330000000016
-33061.10000000002
-33061.71000000002
-33062.480000000025
-33063.460000000014
-33062.64000000002
-33064.14000000002
-33063.13000000001
-33064.15000000003
-33064.440000000024
-33063.810000000034
-33064.28000000002
-33063.710000000036
-33064.17000000003
-33064.28000000003
-33065.76000000002
-33067.17000000003
-33067.620000000024
-33067.65000000003
-33067.910000000025
-33068.14000000002
-33069.66000000003
-33069.42000000003
-33068.85000000003
-33069.20000000003
-33069.47000000004
-33068.69000000003
-33069.770000000026
-33070.18000000003
-33070.23000000003
-33069.87000000003
-33069.47000000003
-33069.83000000003
-33069.240000000034
-33070.01000000003
-33068.910000000025
-33069.88000000003
-33070.360000000044
-33070.61000000004
-33070.77000000005
-33070.200000000026
-33070.97000000003
-33071.02000000003
-33071.01000000003
-33071.10000000003
-33071.47000000003
-33070.94000000003
-33071.640000000036
-33071.45000000004
-33071.84000000004
-33072.060000000034
-33071.56000000004
-33071.76000000004
-33071.55000000005
-33072.420000000035
-33071.890000000036
-33072.24000000003
-33071.37000000003
-33072.97000000003
-33072.43000000004
-33072.890000000036
-33073.08000000003
-33072.92000000003
-33072.87000000003
-33072.84000000004
-33072.69000000003
-33073.01000000003
-33072.960000000036
-33073.25000000004
-33072.95000000003
-33072.880000000034
-33073.01000000003
-33073.170000000035
-33072.86000000003
-33073.36000000004
-33073.11000000003
-33073.41000000003
-33073.69000000004
-33073.47000000002
-33073.18000000003
-33073.45000000003
-33073.77000000004
-33074.25000000004
-33074.22000000004
-33074.13000000003
-33073.87000000003
-33074.100000000035
-33073.70000000003
-33074.100000000035
-33073.95000000003
-33073.80000000003
-33073.630000000034
-33073.850000000035
-33073.71000000004
-33073.83000000004
-33074.29000000004
-33073.94000000003
-33074.44000000003
-33074.55000000003
-33074.75000000003
-33074.52000000004
-33074.48000000003
-33074.51000000004
-33074.310000000034
-33074.20000000003
-33074.27000000003
-33074.20000000004
-33074.27000000004
-33073.94000000004
-33074.240000000034
-33074.460000000036
-33074.50000000004
-33074.140000000036
-33074.420000000035
-33074.43000000004
-33074.72000000004
-33074.50000000003
-33075.18000000004
-33074.66000000003
-33074.630000000034
-33074.51000000003
-33074.75000000004
-33074.90000000004
-33074.84000000003
-33074.48000000004
-33074.240000000034
-33074.710000000036
-33074.640000000036
-33074.84000000004
-33074.84000000003
-33074.58000000004
-33074.72000000004
-33074.67000000004
-33074.890000000036
-33074.47000000004
-33074.630000000034
-33074.22000000004
-33074.81000000004
-33074.80000000003
-33074.22000000004
-33074.20000000003
-33073.820000000036
-33074.27000000003
-33073.94000000003
-33074.17000000004
-33074.26000000004
-33074.15000000004
-33074.12000000003
-33074.030000000035
-33073.84000000004
-33074.240000000034
-33074.40000000004
-33074.59000000004
-33074.29000000004
-33074.30000000004
-33074.52000000004
-33074.06000000004
-33073.97000000004
-33073.99000000004
-33074.32000000004
-33074.32000000004
-33074.32000000004
-33074.42000000004
-33073.91000000004
-33074.140000000036
-33074.36000000004
-33074.34000000004
-33074.45000000004
-33074.45000000004
-33074.34000000004
-33074.310000000034
-33074.48000000004
-33074.45000000004
-33074.38000000004
-33074.27000000004
-33074.060000000034
-33074.08000000004
-33074.25000000004
-33074.330000000045
-33074.36000000004
-33074.59000000004
-33074.56000000004
-33074.55000000003
-33074.52000000003
-33074.60000000004
-33074.55000000005
-33074.59000000004
-33074.33000000004
-33074.390000000036
-33074.51000000004
-33074.20000000004
-33074.560000000034
-33074.59000000004
-33074.850000000035
-33074.85000000004
-33074.630000000034
-33074.670000000035
-33074.81000000004
-33074.75000000004
-33074.68000000004
-33074.75000000004
-33074.820000000036
-33074.75000000004
-33074.72000000004
-33074.75000000004
-33074.83000000004
-33074.810000000034
-33074.76000000004
-33074.72000000004
-33074.820000000036
-33074.88000000004
-33074.820000000036
-33074.74000000004
-33074.81000000004
-33074.58000000004
-33074.66000000004
-33074.81000000004
-33074.59000000004
-33074.52000000005
-33074.53000000004
-33074.650000000045
-33074.540000000045
-33074.73000000004
-33074.67000000004
-33074.78000000004
-33074.63000000004
-33074.81000000004
-33074.78000000004
-33074.510000000046
-33074.470000000045
-33074.74000000004
-33074.640000000036
-33074.740000000034
-33074.77000000004
-33074.60000000004
-33074.68000000004
-33074.71000000004
-33074.500000000044
-33074.65000000004
-33074.710000000036
-33074.69000000004
-33074.52000000004
-33074.59000000004
-33074.76000000004
-33074.86000000004
-33074.780000000035
-33074.77000000003
-33074.58000000003
-33074.640000000036
-33074.76000000004
-33074.77000000004
-33074.70000000004
-33074.83000000004
-33074.70000000003
-33074.72000000004
-33074.600000000035
-33074.81000000004
-33074.61000000004
-33074.70000000003
-33074.84000000003
-33074.710000000036
-33074.68000000004
-33074.81000000004
-33074.79000000004
-33074.810000000034
-33074.86000000004
-33074.74000000004
-33074.75000000004
-33074.77000000004
-33074.780000000035
-33074.710000000036
-33074.55000000004
-33074.79000000004
-33074.77000000003
-33074.73000000003
-33074.810000000034
-33074.75000000004
-33074.710000000036
-33074.86000000004
-33074.80000000003
-33074.86000000004
-33074.73000000003
-33074.79000000004
-33074.79000000004
-33074.780000000035
-33074.920000000035
-33074.920000000035
-33074.850000000035
-33074.920000000035
-33074.91000000004
-33074.80000000004
-33074.920000000035
-33074.820000000036
-33074.91000000004
-33074.91000000004
-33074.86000000004
-33074.87000000003
-33074.70000000003
-33074.79000000004
-33074.850000000035
-33074.84000000003
-33074.850000000035
-33074.83000000004
-33074.87000000003
-33074.670000000035
-33074.79000000004
-33074.93000000004
-33074.94000000004
-33074.90000000004
-33074.93000000004
-33074.960000000036
-33074.93000000004
-33074.94000000004
-33074.94000000004
-33074.920000000035
-33074.93000000004
-33074.80000000004
-33074.79000000004
-33074.83000000004
-33074.880000000034
-33074.80000000004
-33074.80000000004
-33074.820000000036
-33074.820000000036
-33074.820000000036
-33074.850000000035
-33074.84000000004
-33074.84000000004
-33074.85000000004
-33074.85000000004
-33074.81000000004
-33074.81000000004
-33074.81000000004
-33074.81000000004
-33074.81000000004
-33074.780000000035
-33074.81000000004
-33074.820000000036
-33074.820000000036
-33074.84000000004
-33074.84000000004
-33074.81000000004
-33074.83000000004
-33074.83000000004
-33074.81000000004
-33074.83000000004
-33074.83000000004
-33074.84000000004
-33074.84000000004
-33074.84000000004
-33074.84000000004
-33074.85000000004
-33074.85000000004
-33074.85000000004
-33074.83000000004
-33074.84000000004
-33074.84000000004
-33074.83000000004
-33074.78000000004
-33074.83000000004
-33074.780000000035
-33074.780000000035
-33074.83000000004
-33074.64000000004
-33074.66000000004
-33074.79000000004
-33074.83000000004
-33074.68000000004
-33074.850000000035
-33074.68000000004
-33074.62000000004
-33074.68000000004
-33074.68000000004
-33074.67000000004
-33074.54000000004
-33074.60000000004
-33074.59000000004
-33074.68000000004
-33074.67000000004
-33074.68000000004
-33074.69000000004
-33074.68000000004
-33074.69000000004
-33074.70000000003
-33074.68000000004
-33074.69000000004
-33074.69000000004
-33074.69000000004
-33074.70000000003
-33074.70000000003
-33074.70000000003
-33074.69000000004
-33074.740000000034
-33074.86000000004
-33074.86000000004
-33074.920000000035
-33074.90000000004
-33074.780000000035
-33074.890000000036
-33074.560000000034
-33074.710000000036
-33074.640000000036
-33074.65000000004
-33074.65000000004
-33074.84000000003
-33074.83000000004
-33074.83000000004
-33074.83000000004
-33074.670000000035
-33074.670000000035
-33074.66000000004
-33074.66000000004
-33074.670000000035
-33074.65000000004
-33074.670000000035
-33074.59000000004
-33074.69000000004
-33074.70000000003
-33074.740000000034
-33074.920000000035
-33074.640000000036
-33074.69000000004
-33074.750000000044
-33074.72000000004
-33074.72000000004
-33074.77000000004
-33074.710000000036
-33074.77000000004
-33074.780000000035
-33074.710000000036
-33074.69000000004
-33074.73000000004
-33074.86000000004
-33074.86000000004
-33074.86000000004
-33074.880000000034
-33074.86000000004
-33074.880000000034
-33074.880000000034
-33074.890000000036
-33074.890000000036
-33074.890000000036
-33074.890000000036
-33074.90000000004
-33074.880000000034
-33074.80000000004
-33074.820000000036
-33074.79000000004
-33074.810000000034
-33074.810000000034
-33074.80000000004
-33074.87000000004
-33074.87000000004
-33074.890000000036
-33074.820000000036
-33074.880000000034
-33074.880000000034
-33074.880000000034
-33074.880000000034
-33074.880000000034
-33074.880000000034
-33074.880000000034
-33074.880000000034
-33074.880000000034
-33074.890000000036
-33074.880000000034
-33074.880000000034
-33074.880000000034
-33074.880000000034
-33074.880000000034
-33074.880000000034
-33074.87000000004
-33074.87000000004
-33074.87000000004
-33074.87000000004
-33074.880000000034
-33074.880000000034
-33074.880000000034
-33074.93000000004
-33074.94000000004
-33074.87000000004
-33074.94000000004
-33074.94000000004
-33074.850000000035
-33074.95000000004
-33074.93000000004
-33074.87000000004
-33074.810000000034
-33074.93000000004
-33074.93000000004
-33074.820000000036
-33074.92000000004
-33074.810000000034
-33074.83000000004
-33074.87000000004
-33074.92000000004
-33074.92000000004
-33074.86000000004
-33074.87000000004
-33074.87000000004
-33074.87000000004
-33074.86000000004
-33074.86000000004
-33074.87000000004
-33074.880000000034
-33074.880000000034
-33074.880000000034
-33074.890000000036
-33074.880000000034
-33074.880000000034
-33074.880000000034
-33074.880000000034
-33074.880000000034
-33074.880000000034
-33074.880000000034
-33074.890000000036
-33074.76000000004
-33074.880000000034
