----------Report of simulation of Quantum Population Annealing-----------
The number of considered Spin 43
The considered Annealing Duration 172
The considered Annealing Number 100
The considered T 1.0
The considered Gamma0 1.0
The considered Number Of Replica 3
The considered Number Of System 6
The solution found [-1. -1.  1. -1.  1.  1.  1.  1. -1.  1. -1. -1.  1.  1.  1. -1.  1. -1.
  1. -1.  1.  1.  1.  1.  1. -1.  1.  1. -1. -1. -1. -1. -1. -1.  1.  1.
 -1.  1. -1.  1. -1. -1. -1.]
The value found -2617.0
The Success probability is 0.78
The average value is -2616.7
The total execution time is 243.28075098991394
The average time for execution is 2.43280558347702
The average time for all systems update is 0.01406928536503814
The average time for system update is 0.0023217826273090156
The average time for replica update is 0.0007734505466404503
The average time for spin update is 1.7673172409034005e-05
The list of values found 

-2617.0
-2616.0
-2617.0
-2617.0
-2617.0
-2617.0
-2617.0
-2614.0
-2617.0
-2617.0
-2617.0
-2616.0
-2617.0
-2616.0
-2617.0
-2616.0
-2617.0
-2617.0
-2617.0
-2617.0
-2617.0
-2617.0
-2617.0
-2617.0
-2617.0
-2616.0
-2617.0
-2617.0
-2617.0
-2617.0
-2616.0
-2617.0
-2617.0
-2617.0
-2617.0
-2617.0
-2617.0
-2617.0
-2617.0
-2616.0
-2617.0
-2617.0
-2617.0
-2617.0
-2617.0
-2617.0
-2617.0
-2616.0
-2613.0
-2617.0
-2617.0
-2613.0
-2616.0
-2617.0
-2617.0
-2616.0
-2617.0
-2617.0
-2617.0
-2617.0
-2617.0
-2617.0
-2617.0
-2617.0
-2617.0
-2617.0
-2617.0
-2616.0
-2617.0
-2616.0
-2616.0
-2617.0
-2617.0
-2616.0
-2616.0
-2617.0
-2617.0
-2616.0
-2617.0
-2617.0
-2616.0
-2617.0
-2617.0
-2617.0
-2617.0
-2617.0
-2616.0
-2617.0
-2617.0
-2616.0
-2617.0
-2617.0
-2617.0
-2617.0
-2617.0
-2617.0
-2617.0
-2617.0
-2617.0
-2617.0



The list of values first execution 

-2291.722222222222
-2322.3888888888887
-2367.6111111111113
-2370.8888888888887
-2369.1111111111113
-2398.5555555555557
-2419.1111111111113
-2410.4444444444443
-2429.0555555555557
-2442.1111111111113
-2443.5555555555557
-2451.277777777778
-2458.0
-2472.1666666666665
-2502.1111111111113
-2522.6666666666665
-2516.0555555555557
-2505.8333333333335
-2520.5555555555557
-2508.722222222222
-2534.0
-2526.6111111111113
-2548.6666666666665
-2548.8333333333335
-2541.9444444444443
-2555.1111111111113
-2556.4444444444443
-2556.5555555555557
-2558.3888888888887
-2569.6666666666665
-2571.5555555555557
-2580.6111111111113
-2584.8333333333335
-2582.4444444444443
-2585.0
-2578.777777777778
-2574.5555555555557
-2585.6666666666665
-2590.6111111111113
-2593.722222222222
-2582.3888888888887
-2594.6111111111113
-2594.8333333333335
-2594.1111111111113
-2590.4444444444443
-2592.8333333333335
-2596.777777777778
-2592.9444444444443
-2586.3888888888887
-2594.3888888888887
-2593.3888888888887
-2595.5555555555557
-2600.0555555555557
-2596.6111111111113
-2597.277777777778
-2592.6666666666665
-2585.722222222222
-2593.1111111111113
-2595.3888888888887
-2597.4444444444443
-2587.3888888888887
-2585.0
-2593.3333333333335
-2598.3888888888887
-2605.9444444444443
-2599.277777777778
-2601.6666666666665
-2602.9444444444443
-2603.8888888888887
-2603.277777777778
-2600.5
-2601.722222222222
-2599.8888888888887
-2600.5555555555557
-2602.222222222222
-2602.777777777778
-2598.6111111111113
-2602.3888888888887
-2601.6111111111113
-2597.3888888888887
-2595.5
-2599.5555555555557
-2601.4444444444443
-2601.0
-2598.8888888888887
-2600.222222222222
-2601.1666666666665
-2604.3333333333335
-2604.777777777778
-2606.3888888888887
-2604.6666666666665
-2604.6111111111113
-2604.3333333333335
-2604.6111111111113
-2606.277777777778
-2608.0
-2606.5555555555557
-2608.3888888888887
-2608.5
-2607.6111111111113
-2608.5555555555557
-2608.6666666666665
-2607.277777777778
-2608.1666666666665
-2609.1666666666665
-2608.777777777778
-2608.6666666666665
-2608.6111111111113
-2608.3888888888887
-2608.777777777778
-2609.6666666666665
-2609.277777777778
-2608.5
-2608.8888888888887
-2609.3333333333335
-2608.8333333333335
-2608.3888888888887
-2608.3333333333335
-2608.0
-2608.8333333333335
-2608.1666666666665
-2608.8888888888887
-2608.0555555555557
-2608.777777777778
-2608.6666666666665
-2608.777777777778
-2608.6111111111113
-2608.8888888888887
-2608.6111111111113
-2608.5555555555557
-2608.222222222222
-2608.9444444444443
-2608.777777777778
-2608.222222222222
-2609.0
-2608.722222222222
-2608.5
-2608.8888888888887
-2609.1666666666665
-2608.5555555555557
-2608.6666666666665
-2608.5555555555557
-2608.5555555555557
-2609.0555555555557
-2609.1111111111113
-2608.722222222222
-2608.5
-2608.8888888888887
-2608.4444444444443
-2609.0
-2609.0555555555557
-2608.9444444444443
-2608.3888888888887
-2608.5
-2608.9444444444443
-2609.1666666666665
-2609.1666666666665
-2608.8888888888887
-2608.3333333333335
-2608.777777777778
-2609.1666666666665
-2608.8888888888887
-2608.777777777778
-2608.722222222222
-2609.277777777778
-2609.0
-2609.1111111111113
-2609.1666666666665
-2608.5555555555557
-2608.8888888888887
-2609.277777777778
-2608.8888888888887



The list of best values first execution 

-2437.0
-2384.0
-2453.0
-2448.0
-2457.0
-2452.0
-2508.0
-2515.0
-2512.0
-2543.0
-2547.0
-2524.0
-2545.0
-2563.0
-2578.0
-2572.0
-2567.0
-2558.0
-2578.0
-2560.0
-2581.0
-2564.0
-2582.0
-2583.0
-2582.0
-2595.0
-2598.0
-2592.0
-2583.0
-2609.0
-2602.0
-2603.0
-2606.0
-2603.0
-2596.0
-2608.0
-2604.0
-2612.0
-2608.0
-2612.0
-2606.0
-2606.0
-2608.0
-2612.0
-2613.0
-2612.0
-2616.0
-2613.0
-2606.0
-2606.0
-2608.0
-2608.0
-2609.0
-2608.0
-2612.0
-2608.0
-2606.0
-2613.0
-2613.0
-2609.0
-2612.0
-2610.0
-2613.0
-2617.0
-2613.0
-2612.0
-2612.0
-2613.0
-2613.0
-2613.0
-2613.0
-2613.0
-2613.0
-2613.0
-2612.0
-2613.0
-2613.0
-2608.0
-2613.0
-2613.0
-2613.0
-2613.0
-2613.0
-2612.0
-2613.0
-2613.0
-2613.0
-2613.0
-2613.0
-2613.0
-2613.0
-2613.0
-2613.0
-2613.0
-2613.0
-2613.0
-2613.0
-2613.0
-2613.0
-2613.0
-2613.0
-2613.0
-2613.0
-2613.0
-2613.0
-2613.0
-2613.0
-2613.0
-2613.0
-2613.0
-2613.0
-2613.0
-2613.0
-2613.0
-2613.0
-2613.0
-2613.0
-2613.0
-2613.0
-2613.0
-2613.0
-2613.0
-2613.0
-2613.0
-2613.0
-2613.0
-2613.0
-2613.0
-2613.0
-2613.0
-2613.0
-2613.0
-2613.0
-2613.0
-2613.0
-2613.0
-2613.0
-2613.0
-2613.0
-2613.0
-2613.0
-2613.0
-2613.0
-2613.0
-2613.0
-2613.0
-2613.0
-2613.0
-2613.0
-2613.0
-2613.0
-2613.0
-2613.0
-2613.0
-2613.0
-2613.0
-2613.0
-2613.0
-2613.0
-2613.0
-2613.0
-2613.0
-2613.0
-2613.0
-2613.0
-2613.0
-2613.0
-2613.0
-2613.0
-2613.0
-2613.0
-2613.0



The list of values average 

-2318.133888888889
-2339.54388888889
-2355.960555555556
-2369.9666666666662
-2383.275555555557
-2394.951666666667
-2409.0350000000008
-2420.088333333333
-2432.710000000001
-2439.6300000000006
-2449.184444444445
-2462.037777777779
-2470.8799999999997
-2482.269444444445
-2491.721666666667
-2500.108333333333
-2506.7877777777767
-2516.1983333333337
-2521.547222222223
-2528.487222222222
-2536.6655555555562
-2541.0372222222227
-2544.4705555555565
-2549.041111111111
-2552.1588888888896
-2555.679444444444
-2560.1166666666663
-2564.405
-2566.0650000000005
-2569.233888888888
-2572.873333333334
-2575.567777777777
-2576.861666666667
-2578.8127777777777
-2582.2000000000003
-2583.093333333333
-2584.252777777778
-2586.17
-2587.886111111111
-2588.9622222222215
-2590.5827777777768
-2591.866111111111
-2592.9549999999995
-2594.20611111111
-2595.1533333333336
-2596.041111111112
-2597.0405555555562
-2597.898333333334
-2599.1083333333336
-2599.5011111111103
-2600.709444444443
-2601.273888888889
-2602.021666666666
-2602.7644444444454
-2603.7561111111117
-2603.077222222223
-2604.108888888889
-2604.9944444444436
-2605.4950000000003
-2605.2272222222223
-2605.436111111111
-2605.252222222222
-2605.8172222222224
-2606.201111111112
-2606.202777777778
-2606.4822222222238
-2607.092222222223
-2607.0566666666655
-2607.3166666666675
-2607.8338888888875
-2608.1244444444446
-2608.2544444444447
-2608.342222222222
-2608.7572222222225
-2608.781666666666
-2608.6683333333326
-2609.115000000001
-2609.2477777777785
-2610.1344444444453
-2609.073888888891
-2609.0272222222234
-2609.175555555554
-2609.5122222222226
-2609.7705555555544
-2609.966666666667
-2610.081666666667
-2610.2338888888885
-2610.418333333333
-2610.3455555555574
-2610.7155555555555
-2610.607222222223
-2610.9488888888886
-2610.522777777779
-2610.822777777778
-2610.745555555555
-2610.76388888889
-2611.255555555555
-2611.07611111111
-2611.201666666666
-2611.334999999999
-2611.313333333332
-2611.4694444444444
-2611.3088888888883
-2611.437222222223
-2611.4149999999995
-2611.6388888888887
-2611.8561111111107
-2611.7911111111116
-2611.822777777778
-2611.8305555555553
-2612.0488888888876
-2611.954444444445
-2611.927777777777
-2611.9961111111106
-2612.08111111111
-2612.140555555556
-2612.154444444445
-2612.218888888889
-2612.155555555554
-2612.038333333334
-2612.2861111111106
-2612.3594444444448
-2612.4694444444453
-2612.708333333333
-2612.762777777778
-2612.643888888889
-2612.5305555555565
-2612.6472222222224
-2612.7699999999995
-2612.8466666666654
-2612.9533333333334
-2612.9783333333326
-2613.0727777777774
-2613.044444444443
-2613.0411111111116
-2613.2149999999992
-2613.163888888889
-2613.087777777778
-2613.157222222223
-2613.183333333333
-2613.302222222221
-2613.2077777777768
-2613.203888888888
-2613.2138888888894
-2613.137222222224
-2613.1894444444447
-2613.1938888888894
-2613.2650000000003
-2613.238888888889
-2613.358333333332
-2613.31611111111
-2613.450555555556
-2613.4677777777765
-2613.4855555555564
-2613.571666666667
-2613.4383333333335
-2613.4516666666677
-2613.3972222222224
-2613.486111111111
-2613.53
-2613.494444444445
-2613.499999999999
-2613.5744444444445
-2613.5077777777783
-2613.6277777777773
-2613.6400000000003
-2613.710555555556
-2613.536111111111
-2613.6399999999994
-2613.662777777777
-2613.676666666668
-2613.6299999999997



The list of best values average 

-2428.0800000000004
-2434.000000000001
-2448.1599999999994
-2461.4999999999986
-2469.919999999998
-2481.13
-2495.01
-2506.3399999999997
-2515.7700000000004
-2521.81
-2530.25
-2536.6099999999983
-2549.960000000001
-2558.38
-2565.0000000000005
-2570.660000000001
-2573.1299999999987
-2578.840000000001
-2581.339999999999
-2586.8800000000006
-2591.429999999999
-2594.8400000000006
-2596.2500000000014
-2598.7400000000007
-2598.3900000000003
-2599.2
-2601.6100000000015
-2604.4500000000003
-2606.059999999999
-2605.919999999999
-2607.05
-2609.06
-2608.6799999999994
-2609.9900000000007
-2610.13
-2611.1100000000006
-2611.4400000000014
-2611.900000000001
-2612.1400000000012
-2612.770000000001
-2613.0200000000013
-2613.3700000000003
-2613.7700000000013
-2613.5200000000023
-2613.9600000000014
-2614.2000000000016
-2614.020000000001
-2614.4100000000017
-2614.730000000001
-2614.5200000000023
-2614.960000000002
-2614.9800000000014
-2614.9200000000014
-2615.1200000000013
-2615.5200000000004
-2614.920000000001
-2615.11
-2615.210000000002
-2615.5500000000015
-2615.420000000003
-2615.320000000001
-2615.5000000000023
-2615.480000000001
-2615.490000000001
-2615.410000000001
-2615.3200000000015
-2615.6400000000012
-2615.660000000001
-2615.880000000001
-2615.780000000001
-2615.760000000002
-2615.840000000002
-2615.7700000000013
-2615.7900000000013
-2615.760000000001
-2615.8400000000015
-2615.8200000000015
-2615.8300000000013
-2615.8600000000015
-2615.9900000000016
-2615.7700000000013
-2615.7700000000013
-2615.8900000000012
-2615.8100000000013
-2615.8900000000012
-2615.940000000001
-2615.8700000000017
-2615.820000000001
-2615.8600000000015
-2615.860000000001
-2615.910000000001
-2615.950000000001
-2615.740000000001
-2615.8200000000006
-2615.8200000000006
-2615.760000000001
-2615.830000000001
-2615.8600000000006
-2615.8600000000006
-2615.840000000001
-2615.8600000000006
-2615.8300000000004
-2615.8400000000006
-2615.8800000000006
-2615.9200000000005
-2615.8900000000003
-2615.9200000000005
-2615.850000000001
-2615.8200000000006
-2615.8200000000006
-2615.800000000001
-2615.8800000000006
-2615.8800000000006
-2615.890000000001
-2615.8800000000006
-2615.82
-2615.850000000001
-2615.8400000000006
-2615.8800000000006
-2615.8800000000006
-2615.9100000000008
-2615.920000000001
-2615.8800000000006
-2615.8800000000006
-2615.890000000001
-2615.850000000001
-2615.890000000001
-2615.790000000001
-2615.880000000001
-2615.920000000001
-2615.9100000000008
-2615.9500000000007
-2615.9500000000007
-2615.9500000000007
-2615.9100000000008
-2615.9500000000007
-2615.9500000000007
-2615.9500000000007
-2615.9500000000007
-2615.9500000000007
-2615.9500000000007
-2615.9500000000007
-2615.9500000000007
-2615.9500000000007
-2615.9500000000007
-2615.940000000001
-2615.9500000000007
-2615.9500000000007
-2615.920000000001
-2615.9500000000007
-2615.980000000001
-2615.9500000000007
-2615.9500000000007
-2615.9500000000007
-2615.9500000000007
-2615.9500000000007
-2615.9500000000007
-2615.920000000001
-2615.9500000000007
-2615.9500000000007
-2615.9500000000007
-2615.9500000000007
-2615.9500000000007
-2615.9500000000007
-2615.920000000001
-2615.9500000000007
-2615.9500000000007
-2615.9500000000007
-2615.9500000000007
-2615.9500000000007
-2615.9500000000007
-2615.9500000000007
