----------Report of simulation of Quantum Parallel Tempering-----------
The number of considered Spin 108
The considered Annealing Duration 432
The considered Annealing Number 100
The considered T 1.0
The considered Gamma0 1.0
The considered Number Of Replica 3
The considered Number Of System 6
The solution found [ 1  1  1  1  1 -1 -1 -1 -1 -1 -1  1  1  1 -1 -1  1  1 -1 -1 -1 -1  1  1
  1  1 -1 -1  1 -1  1  1 -1  1 -1  1 -1  1 -1  1 -1 -1  1 -1 -1  1  1 -1
 -1  1  1 -1 -1  1 -1  1  1  1  1  1 -1  1 -1 -1 -1  1  1 -1 -1  1  1  1
 -1 -1 -1 -1  1  1  1  1  1  1 -1  1  1 -1  1  1  1 -1 -1  1 -1 -1  1 -1
 -1  1 -1  1 -1 -1 -1 -1 -1  1 -1 -1]
The value found -15670.0
The Success probability is 0.06
The average value is -15641.13
The total execution time is 3353.989872455597
The average time for execution is 33.53989649772644
The average time for all systems update is 0.07728772580071731
The average time for system update is 0.012863225940568948
The average time for replica update is 0.004287058651876547
The average time for spin update is 3.9344091954059196e-05
The list of values found 

-15636.0
-15670.0
-15609.0
-15668.0
-15649.0
-15655.0
-15655.0
-15655.0
-15654.0
-15655.0
-15654.0
-15643.0
-15609.0
-15655.0
-15620.0
-15601.0
-15655.0
-15655.0
-15670.0
-15614.0
-15625.0
-15654.0
-15647.0
-15649.0
-15635.0
-15643.0
-15574.0
-15670.0
-15627.0
-15654.0
-15670.0
-15649.0
-15639.0
-15655.0
-15668.0
-15665.0
-15655.0
-15650.0
-15603.0
-15649.0
-15655.0
-15668.0
-15655.0
-15623.0
-15649.0
-15665.0
-15670.0
-15665.0
-15652.0
-15619.0
-15651.0
-15651.0
-15615.0
-15643.0
-15670.0
-15614.0
-15655.0
-15647.0
-15635.0
-15655.0
-15654.0
-15643.0
-15591.0
-15621.0
-15654.0
-15655.0
-15578.0
-15638.0
-15621.0
-15635.0
-15655.0
-15651.0
-15619.0
-15592.0
-15665.0
-15593.0
-15635.0
-15649.0
-15598.0
-15635.0
-15643.0
-15668.0
-15655.0
-15647.0
-15643.0
-15652.0
-15655.0
-15638.0
-15623.0
-15587.0
-15655.0
-15643.0
-15644.0
-15609.0
-15648.0
-15646.0
-15662.0
-15598.0
-15640.0
-15655.0



The list of values first execution 

-14516.055555555555
-14589.388888888889
-14606.722222222223
-14651.166666666666
-14628.0
-14652.111111111111
-14738.277777777777
-14673.611111111111
-14652.055555555555
-14719.333333333334
-14680.0
-14685.444444444445
-14716.833333333334
-14739.611111111111
-14770.611111111111
-14636.277777777777
-14622.5
-14591.166666666666
-14677.833333333334
-14670.777777777777
-14582.333333333334
-14655.944444444445
-14620.166666666666
-14598.777777777777
-14578.166666666666
-14678.166666666666
-14559.722222222223
-14622.055555555555
-14673.666666666666
-14653.944444444445
-14605.722222222223
-14631.555555555555
-14651.222222222223
-14681.611111111111
-14682.277777777777
-14656.055555555555
-14607.777777777777
-14673.833333333334
-14655.777777777777
-14695.277777777777
-14687.833333333334
-14632.888888888889
-14611.722222222223
-14610.5
-14600.833333333334
-14646.055555555555
-14568.444444444445
-14624.333333333334
-14613.777777777777
-14638.111111111111
-14554.5
-14581.666666666666
-14575.833333333334
-14663.388888888889
-14665.222222222223
-14619.222222222223
-14558.611111111111
-14623.888888888889
-14611.888888888889
-14640.166666666666
-14627.444444444445
-14579.666666666666
-14682.5
-14634.055555555555
-14625.166666666666
-14630.944444444445
-14585.944444444445
-14520.277777777777
-14650.277777777777
-14593.555555555555
-14553.277777777777
-14569.777777777777
-14606.666666666666
-14644.5
-14567.555555555555
-14606.166666666666
-14644.388888888889
-14628.888888888889
-14677.833333333334
-14645.722222222223
-14639.333333333334
-14517.111111111111
-14577.333333333334
-14536.444444444445
-14575.888888888889
-14645.5
-14638.333333333334
-14658.5
-14591.888888888889
-14626.166666666666
-14647.777777777777
-14595.944444444445
-14595.055555555555
-14602.111111111111
-14599.111111111111
-14613.5
-14636.888888888889
-14642.722222222223
-14633.277777777777
-14739.777777777777
-14682.833333333334
-14636.777777777777
-14562.666666666666
-14583.055555555555
-14536.055555555555
-14548.0
-14628.055555555555
-14609.5
-14644.777777777777
-14586.277777777777
-14556.833333333334
-14635.388888888889
-14688.888888888889
-14620.777777777777
-14470.111111111111
-14613.111111111111
-14527.888888888889
-14653.777777777777
-14684.388888888889
-14624.111111111111
-14585.166666666666
-14580.0
-14624.222222222223
-14516.722222222223
-14577.277777777777
-14616.388888888889
-14593.777777777777
-14597.666666666666
-14717.611111111111
-14617.388888888889
-14614.722222222223
-14597.833333333334
-14548.222222222223
-14621.055555555555
-14645.777777777777
-14684.833333333334
-14694.666666666666
-14693.944444444445
-14591.277777777777
-14625.0
-14601.555555555555
-14619.666666666666
-14637.5
-14649.166666666666
-14683.388888888889
-14625.722222222223
-14625.333333333334
-14633.111111111111
-14575.444444444445
-14632.222222222223
-14616.0
-14633.777777777777
-14682.111111111111
-14701.555555555555
-14672.111111111111
-14617.055555555555
-14631.555555555555
-14665.111111111111
-14655.722222222223
-14616.0
-14686.722222222223
-14652.888888888889
-14592.944444444445
-14565.666666666666
-14611.5
-14647.944444444445
-14599.5
-14753.444444444445
-14643.333333333334
-14672.111111111111
-14629.333333333334
-14624.833333333334
-14639.555555555555
-14679.0
-14649.277777777777
-14671.611111111111
-14657.055555555555
-14630.888888888889
-14542.166666666666
-14617.111111111111
-14584.666666666666
-14605.222222222223
-14581.222222222223
-14659.055555555555
-14612.722222222223
-14535.222222222223
-14617.666666666666
-14576.388888888889
-14550.277777777777
-14628.388888888889
-14637.333333333334
-14638.222222222223
-14573.277777777777
-14655.5
-14629.333333333334
-14633.111111111111
-14603.5
-14617.5
-14619.833333333334
-14647.777777777777
-14642.166666666666
-14614.0
-14660.166666666666
-14584.722222222223
-14681.722222222223
-14612.055555555555
-14622.777777777777
-14610.5
-14617.333333333334
-14625.777777777777
-14652.055555555555
-14670.888888888889
-14597.5
-14586.833333333334
-14596.666666666666
-14727.388888888889
-14745.611111111111
-14670.777777777777
-14632.388888888889
-14637.666666666666
-14655.666666666666
-14624.111111111111
-14629.555555555555
-14657.777777777777
-14680.166666666666
-14627.277777777777
-14714.166666666666
-14637.944444444445
-14611.888888888889
-14666.333333333334
-14684.833333333334
-14645.166666666666
-14579.0
-14723.333333333334
-14664.888888888889
-14672.777777777777
-14617.833333333334
-14623.222222222223
-14611.555555555555
-14629.055555555555
-14707.833333333334
-14645.0
-14627.0
-14681.0
-14641.055555555555
-14642.944444444445
-14667.777777777777
-14667.555555555555
-14692.055555555555
-14642.611111111111
-14628.444444444445
-14598.222222222223
-14649.222222222223
-14613.722222222223
-14649.944444444445
-14634.166666666666
-14650.277777777777
-14681.944444444445
-14666.166666666666
-14645.555555555555
-14608.055555555555
-14657.333333333334
-14711.0
-14615.833333333334
-14614.777777777777
-14665.333333333334
-14617.5
-14634.055555555555
-14616.555555555555
-14642.611111111111
-14672.777777777777
-14669.833333333334
-14689.055555555555
-14608.222222222223
-14725.0
-14592.555555555555
-14668.777777777777
-14633.611111111111
-14666.944444444445
-14670.888888888889
-14586.833333333334
-14618.611111111111
-14656.444444444445
-14593.222222222223
-14656.5
-14600.944444444445
-14593.888888888889
-14677.277777777777
-14620.666666666666
-14602.166666666666
-14584.5
-14650.444444444445
-14601.333333333334
-14715.888888888889
-14666.277777777777
-14658.111111111111
-14639.5
-14677.833333333334
-14645.0
-14617.722222222223
-14633.111111111111
-14578.444444444445
-14628.555555555555
-14547.166666666666
-14619.055555555555
-14627.444444444445
-14643.333333333334
-14661.888888888889
-14589.666666666666
-14613.5
-14609.722222222223
-14630.277777777777
-14624.888888888889
-14652.055555555555
-14651.611111111111
-14644.888888888889
-14600.833333333334
-14570.0
-14641.888888888889
-14668.5
-14612.666666666666
-14618.333333333334
-14617.277777777777
-14584.5
-14632.0
-14660.388888888889
-14652.555555555555
-14636.722222222223
-14676.111111111111
-14571.888888888889
-14549.166666666666
-14545.0
-14438.888888888889
-14564.388888888889
-14592.277777777777
-14632.222222222223
-14608.055555555555
-14610.111111111111
-14564.0
-14618.166666666666
-14579.944444444445
-14657.166666666666
-14634.333333333334
-14574.5
-14611.388888888889
-14523.277777777777
-14576.111111111111
-14539.611111111111
-14546.055555555555
-14513.833333333334
-14558.111111111111
-14530.444444444445
-14576.5
-14713.0
-14625.666666666666
-14684.944444444445
-14654.611111111111
-14644.055555555555
-14634.888888888889
-14594.444444444445
-14631.333333333334
-14652.944444444445
-14637.055555555555
-14651.555555555555
-14615.333333333334
-14632.666666666666
-14570.888888888889
-14582.555555555555
-14510.388888888889
-14604.833333333334
-14569.888888888889
-14536.944444444445
-14563.111111111111
-14727.055555555555
-14704.277777777777
-14699.444444444445
-14665.777777777777
-14651.888888888889
-14674.388888888889
-14623.0
-14675.555555555555
-14655.444444444445
-14687.555555555555
-14649.0
-14632.0
-14693.833333333334
-14674.055555555555
-14666.611111111111
-14673.222222222223
-14691.777777777777
-14661.777777777777
-14625.5
-14685.611111111111
-14651.277777777777
-14631.444444444445
-14620.277777777777
-14683.888888888889
-14640.722222222223
-14628.277777777777
-14635.777777777777
-14657.777777777777
-14648.944444444445
-14596.277777777777
-14645.611111111111
-14662.277777777777
-14637.388888888889
-14636.111111111111
-14603.277777777777
-14650.5
-14598.944444444445
-14661.666666666666
-14646.944444444445
-14668.944444444445
-14680.833333333334
-14654.555555555555
-14634.0
-14566.166666666666
-14589.388888888889
-14589.277777777777
-14713.611111111111
-14656.833333333334
-14633.777777777777
-14642.277777777777
-14693.5
-14665.0
-14566.611111111111
-14601.333333333334
-14644.055555555555
-14651.222222222223
-14643.888888888889
-14591.833333333334
-14574.5



The list of best values first execution 

-15201.0
-15265.0
-15480.0
-15543.0
-15559.0
-15618.0
-15627.0
-15634.0
-15634.0
-15634.0
-15612.0
-15612.0
-15619.0
-15612.0
-15627.0
-15627.0
-15632.0
-15632.0
-15632.0
-15632.0
-15632.0
-15636.0
-15636.0
-15636.0
-15636.0
-15636.0
-15636.0
-15636.0
-15636.0
-15635.0
-15636.0
-15636.0
-15636.0
-15636.0
-15636.0
-15636.0
-15636.0
-15636.0
-15636.0
-15636.0
-15636.0
-15636.0
-15636.0
-15636.0
-15636.0
-15636.0
-15636.0
-15636.0
-15636.0
-15636.0
-15636.0
-15636.0
-15636.0
-15636.0
-15636.0
-15636.0
-15636.0
-15636.0
-15636.0
-15636.0
-15636.0
-15636.0
-15636.0
-15636.0
-15636.0
-15636.0
-15636.0
-15636.0
-15636.0
-15636.0
-15636.0
-15636.0
-15636.0
-15636.0
-15636.0
-15636.0
-15635.0
-15636.0
-15636.0
-15636.0
-15636.0
-15636.0
-15636.0
-15636.0
-15636.0
-15636.0
-15636.0
-15636.0
-15636.0
-15636.0
-15635.0
-15636.0
-15635.0
-15636.0
-15636.0
-15636.0
-15636.0
-15636.0
-15636.0
-15636.0
-15636.0
-15636.0
-15635.0
-15636.0
-15636.0
-15636.0
-15636.0
-15636.0
-15636.0
-15636.0
-15636.0
-15636.0
-15636.0
-15636.0
-15636.0
-15636.0
-15636.0
-15636.0
-15636.0
-15636.0
-15636.0
-15636.0
-15636.0
-15636.0
-15636.0
-15636.0
-15636.0
-15636.0
-15636.0
-15636.0
-15636.0
-15636.0
-15636.0
-15636.0
-15636.0
-15636.0
-15636.0
-15636.0
-15636.0
-15636.0
-15636.0
-15636.0
-15635.0
-15636.0
-15636.0
-15636.0
-15636.0
-15636.0
-15636.0
-15636.0
-15636.0
-15636.0
-15636.0
-15636.0
-15636.0
-15636.0
-15636.0
-15636.0
-15636.0
-15636.0
-15636.0
-15636.0
-15636.0
-15636.0
-15636.0
-15636.0
-15636.0
-15636.0
-15636.0
-15636.0
-15636.0
-15636.0
-15636.0
-15636.0
-15630.0
-15629.0
-15629.0
-15635.0
-15635.0
-15635.0
-15636.0
-15636.0
-15636.0
-15636.0
-15636.0
-15636.0
-15636.0
-15636.0
-15636.0
-15636.0
-15636.0
-15636.0
-15636.0
-15636.0
-15636.0
-15636.0
-15636.0
-15635.0
-15636.0
-15636.0
-15636.0
-15636.0
-15636.0
-15636.0
-15636.0
-15636.0
-15636.0
-15636.0
-15636.0
-15636.0
-15636.0
-15636.0
-15636.0
-15636.0
-15636.0
-15636.0
-15636.0
-15636.0
-15636.0
-15636.0
-15636.0
-15636.0
-15636.0
-15636.0
-15636.0
-15636.0
-15636.0
-15636.0
-15636.0
-15636.0
-15636.0
-15636.0
-15636.0
-15636.0
-15636.0
-15636.0
-15636.0
-15636.0
-15636.0
-15636.0
-15636.0
-15636.0
-15636.0
-15636.0
-15636.0
-15636.0
-15636.0
-15636.0
-15636.0
-15636.0
-15636.0
-15636.0
-15636.0
-15636.0
-15636.0
-15636.0
-15636.0
-15636.0
-15636.0
-15636.0
-15636.0
-15636.0
-15635.0
-15636.0
-15636.0
-15636.0
-15635.0
-15636.0
-15636.0
-15636.0
-15636.0
-15636.0
-15636.0
-15636.0
-15636.0
-15636.0
-15636.0
-15636.0
-15636.0
-15636.0
-15636.0
-15636.0
-15636.0
-15636.0
-15636.0
-15635.0
-15636.0
-15636.0
-15636.0
-15636.0
-15635.0
-15636.0
-15636.0
-15636.0
-15636.0
-15636.0
-15636.0
-15636.0
-15636.0
-15636.0
-15636.0
-15636.0
-15636.0
-15636.0
-15636.0
-15636.0
-15636.0
-15636.0
-15636.0
-15636.0
-15636.0
-15636.0
-15636.0
-15636.0
-15636.0
-15636.0
-15636.0
-15636.0
-15636.0
-15636.0
-15636.0
-15636.0
-15636.0
-15636.0
-15636.0
-15636.0
-15636.0
-15636.0
-15636.0
-15636.0
-15636.0
-15636.0
-15636.0
-15636.0
-15636.0
-15636.0
-15636.0
-15636.0
-15636.0
-15636.0
-15636.0
-15636.0
-15636.0
-15636.0
-15636.0
-15636.0
-15636.0
-15636.0
-15636.0
-15636.0
-15636.0
-15636.0
-15636.0
-15636.0
-15636.0
-15636.0
-15636.0
-15636.0
-15636.0
-15636.0
-15636.0
-15636.0
-15636.0
-15636.0
-15636.0
-15636.0
-15636.0
-15636.0
-15636.0
-15636.0
-15636.0
-15636.0
-15636.0
-15636.0
-15636.0
-15636.0
-15636.0
-15636.0
-15636.0
-15636.0
-15636.0
-15636.0
-15636.0
-15636.0
-15636.0
-15636.0
-15636.0
-15636.0
-15636.0
-15636.0
-15636.0
-15636.0
-15636.0
-15636.0
-15636.0
-15636.0
-15636.0
-15636.0
-15636.0
-15636.0
-15636.0
-15636.0
-15636.0
-15636.0
-15636.0
-15636.0
-15636.0
-15636.0
-15636.0
-15636.0
-15636.0
-15636.0
-15636.0
-15636.0
-15636.0
-15636.0
-15636.0
-15636.0
-15636.0
-15636.0
-15636.0
-15636.0
-15636.0
-15636.0
-15636.0
-15636.0
-15636.0
-15636.0
-15636.0
-15636.0
-15636.0
-15636.0



The list of values average 

-14520.396666666662
-14602.807222222225
-14647.173888888896
-14662.16166666667
-14667.868888888896
-14672.67888888889
-14673.561666666663
-14678.043888888886
-14677.12222222222
-14682.967777777783
-14679.626666666665
-14678.497777777779
-14672.568888888889
-14678.422777777781
-14661.942222222213
-14666.99777777778
-14664.99944444444
-14662.70722222222
-14659.709444444443
-14666.852777777785
-14667.803333333333
-14664.658333333336
-14660.418333333324
-14651.396666666671
-14653.174999999997
-14656.539444444445
-14647.744999999997
-14647.179444444444
-14650.084444444443
-14648.417777777786
-14642.838888888888
-14639.379444444454
-14635.533888888885
-14636.497222222226
-14635.87166666667
-14641.346111111112
-14637.829444444445
-14633.787777777774
-14635.166666666673
-14632.008333333337
-14632.437777777775
-14635.129444444447
-14634.881666666668
-14630.752777777781
-14636.002222222221
-14631.536111111107
-14628.472222222226
-14626.007777777779
-14631.595555555552
-14626.164444444446
-14624.215000000004
-14623.686666666666
-14625.432222222233
-14622.41333333334
-14617.071111111101
-14621.611666666668
-14626.713888888891
-14623.959999999994
-14626.07722222222
-14622.465000000004
-14625.933888888887
-14625.993333333327
-14624.041666666666
-14625.07611111111
-14618.308333333334
-14625.430555555551
-14626.278888888886
-14624.005555555555
-14623.718333333334
-14621.891666666661
-14620.490555555558
-14625.192777777775
-14626.158888888887
-14620.592222222227
-14621.293888888888
-14615.90277777778
-14621.33722222222
-14620.920000000002
-14619.788888888887
-14621.850555555555
-14620.621111111112
-14618.000555555556
-14616.231111111108
-14614.405555555555
-14613.264444444441
-14615.480000000001
-14610.81555555556
-14619.749444444446
-14618.773888888887
-14627.929444444451
-14624.233888888886
-14614.292777777777
-14614.783333333333
-14614.819444444449
-14620.168888888895
-14619.073333333334
-14621.538888888888
-14619.398333333334
-14625.629444444445
-14622.428888888888
-14620.54
-14622.523888888889
-14624.647777777773
-14617.901111111109
-14617.562222222221
-14618.88388888889
-14611.814444444444
-14615.276111111112
-14613.018888888892
-14621.580555555556
-14619.068888888887
-14625.489444444449
-14610.337777777773
-14617.828333333333
-14623.737777777778
-14622.537222222221
-14621.63055555556
-14631.021666666664
-14620.343888888892
-14625.818333333342
-14613.303888888891
-14617.919999999995
-14624.670555555553
-14612.43777777778
-14620.110000000004
-14627.01333333333
-14621.382222222224
-14616.516111111112
-14611.594444444443
-14607.512777777774
-14614.367777777788
-14607.970000000001
-14622.922777777783
-14615.974444444442
-14613.79
-14617.427222222226
-14615.301666666663
-14615.522777777782
-14621.830555555554
-14608.585555555557
-14610.451111111108
-14621.115555555556
-14625.87388888889
-14616.747222222224
-14623.551666666672
-14620.961111111112
-14624.006666666668
-14623.549444444445
-14611.303333333328
-14616.60444444445
-14614.473888888886
-14615.474444444453
-14623.044444444444
-14615.957222222223
-14618.477222222218
-14619.111666666671
-14630.502777777776
-14624.164444444443
-14616.623333333337
-14623.36888888889
-14618.766666666661
-14621.358333333335
-14618.20722222222
-14621.770000000004
-14625.28666666667
-14625.047777777774
-14623.108333333339
-14621.145
-14621.388333333336
-14623.535000000002
-14623.623333333331
-14618.557222222224
-14623.335555555554
-14621.325
-14614.06166666667
-14621.32777777778
-14623.809999999998
-14616.625555555553
-14615.723333333337
-14619.394444444448
-14620.565000000004
-14622.852777777774
-14624.494444444446
-14622.500555555544
-14619.695000000007
-14621.401666666661
-14620.257222222217
-14618.618888888892
-14622.435555555561
-14618.359444444446
-14625.180000000004
-14620.331666666661
-14619.97888888889
-14629.590000000002
-14615.52444444444
-14614.557222222224
-14614.166666666675
-14617.061111111108
-14620.033333333336
-14615.492222222221
-14617.133888888882
-14622.172777777774
-14622.350555555555
-14627.143888888892
-14621.580000000002
-14618.655555555562
-14617.475000000006
-14616.348888888886
-14617.618333333341
-14620.021666666666
-14624.495555555553
-14624.502222222225
-14625.185000000007
-14622.49166666667
-14626.008888888888
-14630.28777777778
-14619.578333333331
-14624.10000000001
-14626.506666666668
-14627.361111111119
-14620.445555555558
-14622.412777777781
-14613.729444444447
-14618.658888888885
-14613.373888888895
-14620.18888888889
-14616.845
-14619.476111111115
-14624.930555555551
-14623.664444444445
-14620.29666666667
-14619.77722222223
-14619.652222222223
-14624.609444444439
-14622.506666666663
-14616.191666666662
-14617.573888888888
-14614.830555555553
-14622.89555555555
-14624.72666666667
-14614.055
-14621.565555555551
-14622.02722222222
-14618.536111111116
-14619.432777777773
-14615.955555555558
-14621.193333333336
-14618.913333333338
-14617.001666666665
-14623.935555555552
-14616.775555555556
-14621.742777777776
-14616.803333333335
-14625.765555555552
-14611.640555555543
-14618.06
-14614.965555555558
-14610.045555555549
-14613.515555555558
-14609.376666666667
-14608.41388888889
-14616.679444444446
-14617.526666666676
-14614.558333333332
-14620.64333333333
-14614.722777777777
-14615.166666666662
-14621.146111111111
-14605.765000000005
-14612.618888888886
-14616.990555555554
-14614.585000000003
-14618.406666666666
-14615.973888888891
-14624.028333333328
-14626.417222222219
-14625.581666666667
-14622.837777777775
-14626.987222222218
-14620.94388888889
-14609.72388888889
-14613.945555555554
-14618.843888888887
-14624.468888888892
-14618.666666666655
-14614.195000000007
-14615.726111111113
-14624.732777777777
-14621.929444444444
-14621.413333333336
-14615.486666666662
-14621.440000000002
-14621.341111111102
-14618.248333333333
-14614.562777777783
-14617.47388888889
-14616.70277777778
-14618.57722222222
-14617.290000000008
-14622.440000000006
-14618.311111111112
-14619.565555555559
-14614.27222222222
-14614.922222222222
-14618.363888888893
-14614.773888888883
-14621.675000000007
-14615.92277777778
-14618.851666666666
-14613.304444444442
-14618.586111111115
-14617.192222222215
-14621.382222222224
-14608.991111111105
-14612.866111111112
-14621.596111111116
-14623.336111111113
-14615.203888888887
-14617.887777777776
-14621.923888888892
-14616.712222222226
-14621.582777777781
-14619.539444444446
-14616.745
-14625.502222222225
-14621.848888888891
-14625.475555555557
-14624.546111111109
-14618.873333333333
-14622.369444444439
-14623.072222222228
-14623.531666666668
-14622.079999999996
-14624.582222222221
-14617.63555555556
-14618.41277777778
-14625.298888888892
-14620.006666666664
-14618.732222222221
-14620.391111111107
-14626.377777777783
-14619.515555555558
-14621.025000000003
-14617.789444444437
-14611.030555555557
-14612.668333333333
-14618.988888888893
-14609.712777777775
-14614.728888888887
-14618.403333333335
-14613.189999999997
-14620.115555555556
-14617.870555555557
-14620.382222222219
-14625.15833333333
-14623.64388888888
-14617.388333333327
-14633.791111111112
-14620.455000000002
-14623.602777777774
-14619.983888888888
-14617.967222222225
-14619.88833333333
-14615.00722222222
-14618.898888888883
-14623.665555555554
-14620.048888888892
-14628.900000000001
-14624.178888888895
-14621.042777777779
-14620.008333333333
-14620.566111111111
-14618.13833333334
-14620.55833333333
-14619.876666666667
-14613.548333333334
-14620.806111111106
-14621.520555555553
-14613.143333333335
-14624.102777777784
-14612.961111111108
-14617.836111111113
-14625.941666666666
-14621.954444444445
-14621.751666666667
-14625.88666666667
-14625.278333333334
-14616.951111111104
-14625.567222222227
-14620.654444444437
-14617.076666666664
-14619.338333333335
-14623.99
-14623.698888888895
-14621.392222222225
-14614.490000000003
-14621.402777777774
-14626.150555555556
-14623.994444444445
-14620.915000000006
-14618.463333333333
-14621.702777777777
-14623.659444444449
-14618.510000000004
-14615.510555555555
-14615.079444444447
-14621.99277777778
-14623.658888888891
-14626.050555555556
-14620.642222222219
-14623.107777777774
-14618.513888888889
-14617.06666666667
-14613.661111111109
-14613.709444444441
-14619.973888888888
-14613.520555555553
-14616.737222222224
-14627.93944444445
-14611.188333333335
-14616.835
-14618.138888888892
-14625.999444444447
-14616.984444444446
-14616.061666666665
-14623.699444444443
-14612.302777777779
-14624.299444444443
-14621.185555555556
-14617.882222222219
-14621.393333333333
-14614.441111111117



The list of best values average 

-15152.169999999998
-15369.499999999996
-15464.960000000003
-15514.739999999998
-15548.179999999998
-15564.379999999997
-15577.220000000003
-15588.219999999998
-15591.579999999998
-15596.839999999998
-15601.169999999998
-15605.439999999997
-15609.069999999996
-15609.409999999994
-15611.579999999996
-15614.039999999997
-15615.039999999997
-15615.929999999998
-15617.869999999997
-15619.840000000002
-15620.02
-15620.13
-15620.449999999993
-15620.460000000003
-15620.17
-15621.729999999996
-15621.779999999995
-15622.669999999996
-15622.009999999995
-15622.869999999994
-15622.899999999994
-15624.169999999998
-15624.709999999997
-15624.429999999998
-15623.009999999997
-15624.549999999997
-15625.269999999997
-15624.549999999997
-15624.339999999997
-15624.189999999999
-15625.659999999994
-15624.999999999998
-15625.259999999997
-15625.389999999994
-15625.559999999996
-15625.889999999996
-15625.339999999997
-15625.069999999998
-15625.67
-15626.599999999995
-15626.749999999998
-15626.390000000001
-15627.109999999995
-15627.019999999997
-15627.289999999999
-15627.299999999997
-15627.220000000001
-15627.369999999999
-15627.889999999998
-15626.999999999998
-15627.98
-15627.749999999996
-15626.599999999995
-15628.099999999997
-15628.259999999997
-15627.230000000001
-15627.459999999997
-15628.209999999995
-15628.910000000002
-15628.859999999999
-15629.329999999996
-15629.570000000002
-15630.6
-15629.940000000004
-15629.009999999998
-15629.230000000001
-15629.09
-15629.859999999999
-15629.840000000002
-15630.070000000002
-15629.769999999997
-15629.800000000001
-15630.600000000004
-15630.549999999997
-15630.219999999998
-15630.219999999996
-15630.649999999996
-15630.209999999997
-15630.38
-15630.65
-15630.839999999997
-15631.61
-15630.439999999997
-15630.639999999994
-15631.509999999998
-15631.349999999999
-15631.419999999998
-15631.149999999996
-15631.659999999998
-15631.89
-15631.57
-15631.219999999998
-15631.519999999997
-15631.529999999997
-15631.730000000003
-15630.489999999996
-15631.740000000002
-15631.939999999999
-15632.320000000002
-15630.709999999995
-15631.279999999997
-15632.5
-15632.379999999997
-15631.479999999996
-15632.159999999996
-15632.37
-15632.529999999997
-15631.89
-15631.929999999998
-15631.719999999998
-15632.169999999998
-15632.069999999998
-15633.060000000001
-15632.679999999998
-15632.919999999998
-15632.669999999998
-15632.900000000001
-15632.63
-15632.46
-15631.580000000002
-15632.349999999997
-15632.47
-15632.380000000005
-15632.129999999996
-15632.939999999999
-15632.710000000001
-15632.970000000001
-15633.070000000002
-15632.980000000005
-15632.919999999998
-15633.059999999998
-15632.509999999997
-15633.319999999996
-15633.269999999993
-15633.529999999997
-15633.389999999994
-15633.559999999994
-15633.509999999997
-15633.919999999996
-15633.699999999993
-15633.63
-15634.129999999996
-15634.039999999995
-15634.029999999993
-15634.369999999995
-15634.539999999997
-15634.949999999993
-15634.679999999995
-15634.489999999994
-15634.589999999991
-15634.79999999999
-15635.019999999995
-15633.929999999997
-15634.339999999993
-15634.469999999996
-15634.629999999997
-15634.699999999995
-15634.349999999995
-15634.889999999992
-15635.409999999989
-15635.40999999999
-15635.039999999992
-15635.46999999999
-15635.499999999993
-15635.469999999996
-15635.029999999992
-15635.419999999995
-15636.129999999992
-15636.419999999995
-15636.369999999992
-15636.189999999988
-15635.849999999993
-15636.219999999998
-15636.349999999991
-15635.99999999999
-15636.429999999997
-15636.529999999993
-15636.659999999994
-15636.589999999993
-15637.039999999995
-15637.189999999993
-15637.309999999994
-15636.769999999993
-15637.249999999995
-15637.299999999996
-15637.379999999994
-15637.209999999995
-15636.739999999994
-15637.209999999995
-15637.029999999993
-15637.159999999993
-15637.249999999998
-15637.019999999997
-15637.139999999996
-15637.28
-15637.27
-15636.990000000002
-15637.25
-15637.309999999998
-15637.41
-15637.21
-15637.059999999996
-15637.279999999999
-15637.620000000003
-15637.339999999997
-15637.180000000002
-15637.149999999996
-15637.449999999999
-15637.459999999995
-15637.429999999997
-15637.48999999999
-15637.719999999994
-15637.869999999995
-15637.539999999995
-15637.499999999996
-15637.799999999997
-15637.499999999996
-15637.3
-15637.399999999994
-15637.799999999994
-15637.659999999998
-15637.519999999997
-15637.109999999997
-15637.359999999995
-15637.630000000001
-15637.369999999997
-15637.34
-15637.569999999994
-15637.559999999996
-15637.339999999997
-15637.529999999993
-15637.479999999994
-15637.62
-15637.599999999997
-15637.409999999998
-15637.219999999998
-15637.629999999997
-15637.469999999996
-15637.499999999995
-15637.419999999996
-15637.419999999998
-15637.419999999995
-15637.65
-15637.719999999994
-15637.339999999991
-15637.379999999997
-15637.179999999993
-15637.079999999996
-15637.359999999995
-15637.229999999996
-15637.83
-15637.699999999997
-15637.279999999999
-15637.559999999994
-15637.869999999999
-15637.380000000001
-15637.229999999998
-15637.549999999992
-15637.67
-15637.699999999995
-15637.639999999998
-15637.769999999993
-15637.669999999998
-15637.550000000001
-15637.839999999993
-15637.699999999992
-15637.779999999995
-15637.579999999994
-15637.769999999993
-15637.959999999997
-15638.189999999995
-15637.619999999995
-15638.169999999996
-15638.319999999994
-15638.369999999994
-15637.539999999995
-15637.769999999995
-15638.249999999993
-15638.429999999993
-15638.399999999994
-15638.099999999993
-15638.049999999996
-15638.429999999997
-15638.329999999993
-15637.969999999996
-15638.149999999992
-15638.339999999993
-15637.919999999991
-15638.579999999994
-15638.639999999994
-15638.689999999995
-15638.519999999995
-15637.959999999992
-15638.339999999995
-15638.359999999995
-15638.359999999999
-15638.499999999993
-15638.289999999997
-15638.499999999995
-15638.64
-15637.989999999998
-15637.699999999995
-15638.319999999998
-15638.219999999998
-15638.209999999997
-15638.270000000002
-15639.0
-15638.469999999996
-15638.469999999998
-15638.869999999997
-15638.609999999999
-15638.489999999996
-15638.559999999996
-15638.72
-15639.029999999999
-15638.889999999998
-15638.509999999995
-15638.609999999997
-15639.179999999997
-15638.989999999996
-15638.729999999994
-15639.119999999992
-15639.299999999994
-15638.899999999994
-15638.589999999998
-15639.259999999997
-15638.969999999998
-15639.199999999997
-15639.039999999999
-15638.859999999997
-15638.899999999998
-15639.009999999998
-15638.759999999995
-15638.499999999998
-15638.889999999994
-15638.529999999995
-15639.039999999994
-15638.959999999997
-15639.059999999992
-15639.289999999995
-15639.209999999995
-15638.909999999994
-15639.489999999994
-15639.649999999996
-15639.369999999995
-15639.379999999996
-15639.73
-15639.339999999995
-15639.549999999996
-15639.009999999997
-15638.829999999996
-15639.289999999997
-15639.569999999996
-15639.809999999996
-15639.41
-15639.539999999999
-15639.339999999998
-15639.829999999998
-15639.67
-15639.219999999998
-15639.219999999996
-15639.550000000001
-15639.379999999997
-15639.479999999998
-15639.489999999996
-15639.380000000001
-15638.99
-15639.659999999998
-15639.38
-15639.689999999999
-15639.279999999997
-15639.479999999998
-15639.779999999995
-15639.819999999996
-15639.379999999997
-15638.939999999997
-15639.249999999998
-15639.06
-15638.879999999996
-15638.809999999996
-15639.879999999996
-15639.419999999998
-15639.469999999994
-15639.439999999993
-15639.739999999994
-15639.129999999994
-15639.069999999998
-15639.719999999994
-15639.92
-15639.649999999998
-15639.589999999997
-15639.820000000002
-15639.839999999995
-15639.269999999995
-15639.479999999996
-15639.639999999998
-15639.749999999998
-15639.77
-15639.459999999997
-15639.46
-15639.720000000001
-15639.68
-15639.139999999998
-15639.419999999998
-15639.89
-15639.379999999997
-15639.589999999998
-15639.359999999999
-15639.699999999995
-15639.66
-15639.679999999997
-15639.509999999997
-15638.81
-15639.719999999998
-15639.309999999996
-15639.799999999997
-15639.419999999998
-15639.009999999997
-15639.609999999995
-15639.679999999997
-15639.3
-15639.139999999996
