----------Report of simulation of Quantum Parallel Tempering - Population Annealing v2-----------
The number of considered Spin170
The considered Annealing Duration 680
The considered Annealing Number 100
The considered T 1.0
The considered Gamma0 1.0
The considered Number Of Replica 3
The considered Number Of System Tempering 3
The considered Number Of System Population 3
The solution found [ 1. -1. -1.  1. -1. -1.  1. -1. -1. -1.  1.  1.  1. -1. -1.  1. -1. -1.
  1. -1.  1. -1.  1.  1.  1. -1. -1. -1. -1.  1.  1.  1.  1.  1. -1. -1.
 -1.  1.  1. -1. -1. -1.  1.  1. -1.  1. -1.  1.  1. -1. -1. -1.  1. -1.
 -1.  1.  1. -1. -1.  1. -1. -1.  1.  1. -1.  1. -1.  1.  1.  1.  1.  1.
 -1.  1.  1.  1.  1.  1.  1. -1. -1.  1. -1.  1.  1.  1.  1. -1. -1. -1.
  1. -1. -1.  1.  1. -1.  1.  1. -1.  1.  1.  1. -1.  1. -1. -1. -1. -1.
  1. -1. -1.  1.  1. -1. -1. -1.  1. -1.  1. -1. -1.  1. -1.  1. -1. -1.
 -1. -1. -1. -1. -1. -1. -1. -1. -1.  1.  1.  1.  1.  1.  1.  1.  1.  1.
 -1. -1.  1. -1.  1. -1.  1.  1. -1.  1.  1. -1. -1.  1.  1.  1. -1. -1.
  1.  1.  1. -1. -1. -1. -1.  1.]
The value found -38574.0
The Success probability is 0.51
The average value is -38567.92
The total execution time is 10537.78579568863
The average time for execution is 105.37785683393479
The average time for all systems update is 0.15491987617927439
The average time for system tempering update is 0.02609616314196119
The average time for system population update is 5197.726886034012
The average time for replica update is 0.008595498777098125
The average time for spin update is 5.0339258406905655e-05
The list of values found 

-38574.0
-38564.0
-38538.0
-38565.0
-38564.0
-38564.0
-38556.0
-38574.0
-38574.0
-38564.0
-38574.0
-38574.0
-38574.0
-38574.0
-38564.0
-38574.0
-38574.0
-38564.0
-38574.0
-38564.0
-38568.0
-38574.0
-38574.0
-38574.0
-38564.0
-38564.0
-38564.0
-38574.0
-38574.0
-38564.0
-38574.0
-38574.0
-38562.0
-38564.0
-38574.0
-38564.0
-38559.0
-38574.0
-38574.0
-38574.0
-38564.0
-38562.0
-38564.0
-38574.0
-38567.0
-38574.0
-38565.0
-38574.0
-38574.0
-38564.0
-38564.0
-38574.0
-38574.0
-38574.0
-38564.0
-38574.0
-38564.0
-38574.0
-38542.0
-38564.0
-38564.0
-38564.0
-38564.0
-38564.0
-38554.0
-38574.0
-38574.0
-38564.0
-38574.0
-38574.0
-38564.0
-38564.0
-38564.0
-38553.0
-38574.0
-38574.0
-38564.0
-38574.0
-38562.0
-38574.0
-38574.0
-38562.0
-38523.0
-38564.0
-38574.0
-38574.0
-38574.0
-38574.0
-38574.0
-38574.0
-38574.0
-38574.0
-38574.0
-38564.0
-38574.0
-38574.0
-38564.0
-38574.0
-38564.0
-38568.0



The list of values first execution 

-36138.166666666664
-36344.833333333336
-36476.333333333336
-36508.11111111111
-36569.38888888889
-36585.833333333336
-36618.5
-36585.11111111111
-36756.22222222222
-36708.055555555555
-36745.77777777778
-36735.38888888889
-36744.11111111111
-36750.055555555555
-36840.333333333336
-36868.38888888889
-36930.444444444445
-36881.27777777778
-36932.27777777778
-37013.22222222222
-36848.72222222222
-36980.666666666664
-36983.0
-37035.0
-36990.0
-37043.38888888889
-36946.944444444445
-36992.0
-37097.77777777778
-37123.0
-37164.166666666664
-37091.61111111111
-37135.0
-37009.055555555555
-37156.166666666664
-37149.666666666664
-37274.61111111111
-37216.5
-37165.72222222222
-37173.5
-37205.72222222222
-37264.11111111111
-37254.833333333336
-37253.22222222222
-37249.38888888889
-37322.333333333336
-37265.27777777778
-37270.11111111111
-37385.944444444445
-37335.555555555555
-37322.5
-37356.22222222222
-37336.055555555555
-37324.555555555555
-37386.166666666664
-37358.77777777778
-37341.444444444445
-37481.944444444445
-37203.22222222222
-37407.77777777778
-37338.0
-37466.77777777778
-37403.77777777778
-37374.77777777778
-37351.944444444445
-37394.333333333336
-37402.055555555555
-37365.22222222222
-37397.22222222222
-37459.72222222222
-37533.833333333336
-37495.61111111111
-37518.666666666664
-37531.444444444445
-37333.22222222222
-37463.666666666664
-37398.27777777778
-37512.72222222222
-37496.5
-37388.333333333336
-37554.055555555555
-37479.22222222222
-37351.5
-37352.333333333336
-37241.555555555555
-37403.944444444445
-37477.61111111111
-37384.555555555555
-37492.333333333336
-37419.166666666664
-37560.0
-37509.38888888889
-37523.22222222222
-37472.944444444445
-37359.72222222222
-37385.72222222222
-37424.555555555555
-37503.944444444445
-37463.555555555555
-37637.444444444445
-37546.555555555555
-37453.0
-37486.166666666664
-37477.27777777778
-37522.944444444445
-37466.61111111111
-37467.61111111111
-37432.166666666664
-37450.0
-37412.61111111111
-37472.38888888889
-37577.666666666664
-37498.666666666664
-37423.72222222222
-37432.5
-37533.88888888889
-37518.61111111111
-37520.72222222222
-37533.666666666664
-37653.333333333336
-37510.944444444445
-37488.333333333336
-37520.38888888889
-37402.666666666664
-37509.72222222222
-37479.444444444445
-37625.88888888889
-37614.666666666664
-37603.61111111111
-37613.666666666664
-37502.38888888889
-37451.11111111111
-37568.555555555555
-37503.22222222222
-37421.72222222222
-37531.666666666664
-37597.5
-37559.38888888889
-37543.944444444445
-37459.5
-37393.333333333336
-37381.0
-37565.72222222222
-37433.055555555555
-37547.11111111111
-37457.22222222222
-37585.88888888889
-37542.61111111111
-37572.333333333336
-37520.22222222222
-37497.055555555555
-37533.72222222222
-37571.61111111111
-37538.77777777778
-37500.22222222222
-37575.666666666664
-37444.333333333336
-37501.72222222222
-37480.833333333336
-37471.444444444445
-37613.5
-37459.27777777778
-37589.61111111111
-37406.88888888889
-37498.833333333336
-37578.555555555555
-37507.11111111111
-37499.22222222222
-37636.61111111111
-37432.666666666664
-37554.833333333336
-37575.72222222222
-37527.0
-37622.72222222222
-37563.72222222222
-37586.38888888889
-37570.38888888889
-37466.38888888889
-37589.22222222222
-37451.833333333336
-37539.333333333336
-37518.333333333336
-37491.444444444445
-37554.555555555555
-37523.61111111111
-37593.88888888889
-37555.666666666664
-37601.88888888889
-37534.77777777778
-37593.055555555555
-37505.77777777778
-37522.88888888889
-37487.944444444445
-37471.77777777778
-37633.444444444445
-37521.38888888889
-37618.833333333336
-37424.22222222222
-37659.833333333336
-37497.5
-37500.72222222222
-37537.944444444445
-37470.0
-37625.72222222222
-37630.27777777778
-37546.0
-37455.27777777778
-37597.61111111111
-37561.0
-37591.22222222222
-37562.833333333336
-37580.944444444445
-37534.944444444445
-37334.944444444445
-37599.833333333336
-37476.944444444445
-37549.666666666664
-37492.72222222222
-37534.77777777778
-37556.72222222222
-37546.833333333336
-37449.61111111111
-37434.61111111111
-37502.833333333336
-37403.88888888889
-37481.22222222222
-37320.166666666664
-37521.0
-37445.5
-37402.72222222222
-37514.944444444445
-37417.38888888889
-37447.27777777778
-37505.833333333336
-37614.444444444445
-37563.055555555555
-37435.38888888889
-37455.61111111111
-37379.555555555555
-37322.0
-37441.27777777778
-37471.61111111111
-37530.555555555555
-37573.88888888889
-37373.61111111111
-37281.22222222222
-37385.0
-37399.166666666664
-37396.0
-37251.27777777778
-37400.11111111111
-37409.944444444445
-37576.61111111111
-37484.666666666664
-37288.666666666664
-37409.61111111111
-37414.0
-37409.88888888889
-37355.5
-37359.77777777778
-37459.11111111111
-37583.166666666664
-37459.166666666664
-37567.38888888889
-37448.5
-37502.11111111111
-37477.27777777778
-37396.77777777778
-37495.333333333336
-37384.833333333336
-37489.444444444445
-37420.666666666664
-37505.22222222222
-37498.166666666664
-37388.555555555555
-37476.0
-37484.055555555555
-37540.22222222222
-37455.666666666664
-37457.77777777778
-37480.61111111111
-37523.5
-37363.944444444445
-37412.38888888889
-37372.61111111111
-37334.61111111111
-37499.27777777778
-37545.944444444445
-37460.333333333336
-37498.22222222222
-37460.666666666664
-37505.27777777778
-37534.666666666664
-37466.555555555555
-37432.27777777778
-37471.555555555555
-37434.61111111111
-37489.555555555555
-37531.944444444445
-37536.055555555555
-37468.5
-37548.666666666664
-37457.72222222222
-37376.333333333336
-37527.0
-37497.055555555555
-37453.38888888889
-37494.0
-37494.77777777778
-37439.11111111111
-37313.166666666664
-37451.38888888889
-37507.88888888889
-37447.833333333336
-37561.055555555555
-37520.944444444445
-37484.11111111111
-37548.77777777778
-37493.666666666664
-37449.77777777778
-37532.833333333336
-37432.666666666664
-37543.944444444445
-37444.0
-37519.5
-37560.666666666664
-37429.666666666664
-37481.555555555555
-37507.055555555555
-37513.22222222222
-37447.77777777778
-37496.333333333336
-37389.0
-37518.166666666664
-37461.444444444445
-37469.666666666664
-37373.88888888889
-37589.055555555555
-37506.055555555555
-37393.22222222222
-37416.555555555555
-37559.0
-37594.333333333336
-37411.944444444445
-37592.0
-37532.166666666664
-37566.944444444445
-37361.944444444445
-37464.61111111111
-37489.27777777778
-37532.22222222222
-37511.555555555555
-37313.5
-37532.444444444445
-37419.11111111111
-37412.944444444445
-37532.444444444445
-37449.944444444445
-37562.833333333336
-37443.833333333336
-37451.444444444445
-37469.833333333336
-37534.833333333336
-37443.22222222222
-37528.77777777778
-37445.77777777778
-37565.88888888889
-37500.77777777778
-37499.555555555555
-37520.77777777778
-37387.944444444445
-37511.944444444445
-37424.27777777778
-37304.833333333336
-37487.88888888889
-37283.61111111111
-37482.22222222222
-37441.944444444445
-37419.22222222222
-37325.166666666664
-37537.11111111111
-37297.61111111111
-37499.444444444445
-37307.166666666664
-37421.77777777778
-37506.72222222222
-37443.61111111111
-37472.444444444445
-37406.444444444445
-37520.38888888889
-37460.61111111111
-37554.72222222222
-37474.5
-37558.61111111111
-37568.055555555555
-37515.944444444445
-37550.22222222222
-37477.77777777778
-37566.38888888889
-37517.27777777778
-37432.38888888889
-37534.166666666664
-37567.38888888889
-37589.5
-37564.88888888889
-37513.555555555555
-37584.444444444445
-37600.5
-37498.0
-37397.555555555555
-37476.166666666664
-37492.88888888889
-37415.055555555555
-37522.27777777778
-37472.38888888889
-37419.444444444445
-37462.11111111111
-37440.88888888889
-37465.333333333336
-37351.38888888889
-37458.88888888889
-37504.27777777778
-37461.666666666664
-37498.72222222222
-37418.5
-37494.77777777778
-37517.22222222222
-37496.77777777778
-37413.555555555555
-37370.944444444445
-37446.166666666664
-37386.666666666664
-37475.055555555555
-37489.22222222222
-37557.5
-37486.5
-37532.27777777778
-37417.0
-37473.0
-37473.61111111111
-37450.61111111111
-37467.77777777778
-37359.333333333336
-37525.61111111111
-37479.77777777778
-37547.72222222222
-37385.666666666664
-37521.833333333336
-37545.666666666664
-37531.5
-37588.555555555555
-37550.72222222222
-37542.27777777778
-37435.333333333336
-37418.0
-37494.555555555555
-37485.61111111111
-37437.166666666664
-37506.0
-37453.38888888889
-37415.833333333336
-37554.833333333336
-37442.333333333336
-37548.88888888889
-37472.5
-37490.61111111111
-37567.944444444445
-37572.444444444445
-37561.444444444445
-37571.833333333336
-37601.38888888889
-37520.88888888889
-37566.666666666664
-37509.5
-37358.944444444445
-37496.88888888889
-37435.666666666664
-37339.22222222222
-37459.61111111111
-37452.166666666664
-37434.27777777778
-37559.055555555555
-37479.22222222222
-37571.72222222222
-37445.0
-37385.22222222222
-37501.0
-37326.944444444445
-37453.72222222222
-37551.5
-37524.38888888889
-37513.944444444445
-37553.22222222222
-37508.333333333336
-37437.666666666664
-37518.27777777778
-37435.27777777778
-37473.444444444445
-37420.944444444445
-37456.77777777778
-37443.5
-37457.77777777778
-37570.27777777778
-37418.77777777778
-37504.0
-37487.333333333336
-37454.72222222222
-37453.11111111111
-37497.77777777778
-37411.72222222222
-37345.0
-37491.38888888889
-37339.77777777778
-37462.5
-37487.833333333336
-37479.833333333336
-37440.22222222222
-37627.38888888889
-37484.61111111111
-37495.77777777778
-37546.77777777778
-37464.22222222222
-37607.833333333336
-37488.11111111111
-37481.11111111111
-37462.055555555555
-37405.22222222222
-37351.72222222222
-37460.88888888889
-37498.22222222222
-37521.77777777778
-37442.666666666664
-37391.0
-37512.944444444445
-37448.11111111111
-37496.72222222222
-37482.166666666664
-37424.333333333336
-37500.61111111111
-37407.0
-37519.444444444445
-37508.61111111111
-37534.666666666664
-37534.444444444445
-37520.444444444445
-37404.5
-37513.555555555555
-37530.38888888889
-37431.555555555555
-37434.38888888889
-37464.444444444445
-37478.0
-37427.27777777778
-37485.77777777778
-37521.5
-37487.22222222222
-37406.22222222222
-37313.27777777778
-37486.444444444445
-37544.61111111111
-37458.88888888889
-37406.61111111111
-37484.72222222222
-37418.27777777778
-37366.61111111111
-37341.055555555555
-37383.833333333336
-37521.555555555555
-37475.27777777778
-37451.22222222222
-37440.444444444445
-37508.444444444445
-37424.166666666664
-37426.333333333336
-37414.0
-37428.055555555555
-37522.833333333336
-37408.833333333336
-37459.0
-37377.944444444445
-37482.055555555555
-37446.944444444445
-37451.5
-37508.77777777778
-37443.944444444445
-37581.944444444445
-37384.27777777778
-37429.666666666664
-37336.555555555555
-37490.11111111111
-37534.055555555555
-37547.0
-37525.833333333336
-37397.72222222222
-37563.38888888889
-37418.11111111111
-37457.61111111111
-37457.5
-37502.166666666664
-37469.0
-37366.166666666664
-37440.833333333336
-37416.444444444445
-37407.555555555555
-37395.333333333336
-37523.555555555555
-37503.444444444445
-37399.11111111111
-37485.833333333336
-37526.444444444445
-37547.11111111111
-37493.833333333336
-37560.555555555555
-37438.88888888889
-37440.166666666664
-37443.27777777778
-37304.0
-37394.666666666664
-37236.88888888889
-37341.72222222222
-37300.38888888889
-37467.055555555555
-37446.5
-37474.944444444445
-37508.555555555555
-37557.22222222222
-37557.055555555555
-37475.88888888889
-37512.055555555555
-37413.22222222222
-37479.833333333336
-37503.555555555555
-37483.555555555555
-37582.444444444445
-37400.27777777778
-37534.77777777778
-37434.555555555555
-37492.61111111111
-37446.88888888889
-37488.27777777778
-37487.77777777778
-37502.333333333336
-37437.166666666664
-37509.0
-37516.055555555555
-37542.38888888889
-37534.0
-37465.77777777778
-37541.666666666664
-37485.11111111111
-37513.666666666664
-37483.88888888889
-37489.27777777778
-37540.88888888889
-37442.944444444445
-37507.0
-37464.27777777778
-37525.0
-37459.944444444445
-37451.72222222222
-37391.72222222222
-37468.22222222222
-37459.444444444445
-37377.11111111111
-37512.11111111111
-37419.5
-37490.38888888889
-37494.77777777778
-37498.833333333336
-37484.5
-37386.555555555555
-37483.944444444445
-37409.166666666664
-37506.27777777778
-37457.88888888889
-37538.666666666664
-37435.61111111111
-37463.38888888889
-37525.555555555555
-37390.11111111111



The list of best values first execution 

-37417.0
-37913.0
-38012.0
-38004.0
-38124.0
-38188.0
-38214.0
-38357.0
-38390.0
-38390.0
-38390.0
-38390.0
-38390.0
-38443.0
-38482.0
-38390.0
-38442.0
-38464.0
-38488.0
-38488.0
-38463.0
-38484.0
-38483.0
-38488.0
-38488.0
-38488.0
-38488.0
-38488.0
-38488.0
-38488.0
-38488.0
-38488.0
-38488.0
-38488.0
-38488.0
-38488.0
-38488.0
-38488.0
-38460.0
-38475.0
-38473.0
-38472.0
-38483.0
-38488.0
-38488.0
-38488.0
-38488.0
-38488.0
-38488.0
-38488.0
-38488.0
-38488.0
-38488.0
-38488.0
-38488.0
-38488.0
-38488.0
-38488.0
-38488.0
-38488.0
-38488.0
-38488.0
-38488.0
-38488.0
-38488.0
-38488.0
-38488.0
-38488.0
-38488.0
-38503.0
-38495.0
-38507.0
-38488.0
-38488.0
-38488.0
-38501.0
-38488.0
-38483.0
-38485.0
-38485.0
-38488.0
-38509.0
-38528.0
-38488.0
-38501.0
-38520.0
-38506.0
-38505.0
-38541.0
-38513.0
-38534.0
-38521.0
-38520.0
-38548.0
-38488.0
-38519.0
-38539.0
-38527.0
-38524.0
-38540.0
-38542.0
-38512.0
-38511.0
-38501.0
-38528.0
-38536.0
-38522.0
-38519.0
-38555.0
-38568.0
-38574.0
-38574.0
-38569.0
-38564.0
-38559.0
-38557.0
-38556.0
-38574.0
-38558.0
-38574.0
-38574.0
-38569.0
-38568.0
-38574.0
-38574.0
-38574.0
-38574.0
-38574.0
-38574.0
-38574.0
-38574.0
-38559.0
-38544.0
-38574.0
-38553.0
-38554.0
-38543.0
-38547.0
-38554.0
-38566.0
-38547.0
-38567.0
-38571.0
-38566.0
-38566.0
-38571.0
-38571.0
-38571.0
-38571.0
-38571.0
-38566.0
-38571.0
-38571.0
-38557.0
-38564.0
-38566.0
-38558.0
-38559.0
-38574.0
-38571.0
-38571.0
-38554.0
-38564.0
-38564.0
-38574.0
-38557.0
-38554.0
-38548.0
-38569.0
-38561.0
-38561.0
-38562.0
-38561.0
-38565.0
-38564.0
-38564.0
-38547.0
-38562.0
-38562.0
-38559.0
-38565.0
-38565.0
-38559.0
-38565.0
-38564.0
-38558.0
-38552.0
-38561.0
-38547.0
-38561.0
-38554.0
-38565.0
-38561.0
-38559.0
-38565.0
-38565.0
-38565.0
-38569.0
-38562.0
-38563.0
-38555.0
-38561.0
-38574.0
-38568.0
-38574.0
-38574.0
-38564.0
-38564.0
-38566.0
-38568.0
-38563.0
-38562.0
-38563.0
-38560.0
-38562.0
-38569.0
-38563.0
-38488.0
-38488.0
-38488.0
-38488.0
-38485.0
-38485.0
-38485.0
-38485.0
-38485.0
-38490.0
-38490.0
-38490.0
-38490.0
-38488.0
-38488.0
-38488.0
-38488.0
-38490.0
-38490.0
-38490.0
-38488.0
-38488.0
-38490.0
-38488.0
-38488.0
-38488.0
-38488.0
-38490.0
-38490.0
-38490.0
-38490.0
-38490.0
-38488.0
-38488.0
-38488.0
-38488.0
-38488.0
-38488.0
-38488.0
-38488.0
-38490.0
-38490.0
-38488.0
-38488.0
-38488.0
-38490.0
-38488.0
-38488.0
-38488.0
-38490.0
-38488.0
-38488.0
-38488.0
-38488.0
-38488.0
-38488.0
-38488.0
-38488.0
-38488.0
-38488.0
-38488.0
-38488.0
-38488.0
-38490.0
-38490.0
-38488.0
-38490.0
-38490.0
-38490.0
-38490.0
-38490.0
-38488.0
-38488.0
-38488.0
-38488.0
-38490.0
-38490.0
-38490.0
-38490.0
-38490.0
-38490.0
-38490.0
-38490.0
-38490.0
-38490.0
-38490.0
-38485.0
-38490.0
-38490.0
-38490.0
-38490.0
-38490.0
-38488.0
-38490.0
-38490.0
-38490.0
-38488.0
-38488.0
-38488.0
-38488.0
-38490.0
-38490.0
-38485.0
-38490.0
-38490.0
-38488.0
-38490.0
-38490.0
-38490.0
-38490.0
-38490.0
-38488.0
-38490.0
-38490.0
-38490.0
-38490.0
-38488.0
-38488.0
-38490.0
-38490.0
-38488.0
-38488.0
-38488.0
-38488.0
-38490.0
-38490.0
-38488.0
-38490.0
-38490.0
-38485.0
-38488.0
-38488.0
-38488.0
-38490.0
-38490.0
-38488.0
-38490.0
-38488.0
-38490.0
-38490.0
-38490.0
-38490.0
-38490.0
-38490.0
-38490.0
-38490.0
-38490.0
-38490.0
-38490.0
-38488.0
-38490.0
-38490.0
-38490.0
-38490.0
-38490.0
-38490.0
-38490.0
-38490.0
-38490.0
-38490.0
-38490.0
-38490.0
-38490.0
-38490.0
-38490.0
-38490.0
-38490.0
-38490.0
-38490.0
-38490.0
-38490.0
-38490.0
-38488.0
-38488.0
-38488.0
-38490.0
-38490.0
-38490.0
-38490.0
-38490.0
-38488.0
-38490.0
-38490.0
-38490.0
-38490.0
-38490.0
-38490.0
-38490.0
-38490.0
-38490.0
-38490.0
-38490.0
-38490.0
-38490.0
-38490.0
-38490.0
-38490.0
-38490.0
-38490.0
-38490.0
-38490.0
-38490.0
-38490.0
-38490.0
-38490.0
-38490.0
-38490.0
-38490.0
-38485.0
-38488.0
-38488.0
-38488.0
-38488.0
-38488.0
-38488.0
-38488.0
-38488.0
-38488.0
-38488.0
-38488.0
-38488.0
-38488.0
-38488.0
-38488.0
-38488.0
-38488.0
-38488.0
-38488.0
-38488.0
-38488.0
-38488.0
-38488.0
-38488.0
-38488.0
-38488.0
-38488.0
-38488.0
-38488.0
-38488.0
-38488.0
-38488.0
-38488.0
-38488.0
-38488.0
-38488.0
-38488.0
-38488.0
-38488.0
-38488.0
-38488.0
-38488.0
-38488.0
-38488.0
-38488.0
-38488.0
-38488.0
-38488.0
-38488.0
-38488.0
-38488.0
-38488.0
-38488.0
-38488.0
-38488.0
-38488.0
-38488.0
-38488.0
-38488.0
-38488.0
-38488.0
-38488.0
-38488.0
-38488.0
-38488.0
-38488.0
-38488.0
-38488.0
-38488.0
-38488.0
-38488.0
-38488.0
-38488.0
-38488.0
-38488.0
-38488.0
-38488.0
-38488.0
-38488.0
-38488.0
-38488.0
-38488.0
-38488.0
-38488.0
-38488.0
-38488.0
-38488.0
-38488.0
-38488.0
-38488.0
-38488.0
-38488.0
-38488.0
-38488.0
-38488.0
-38488.0
-38488.0
-38488.0
-38488.0
-38488.0
-38488.0
-38488.0
-38488.0
-38488.0
-38488.0
-38488.0
-38488.0
-38488.0
-38488.0
-38488.0
-38488.0
-38488.0
-38488.0
-38488.0
-38488.0
-38488.0
-38488.0
-38488.0
-38488.0
-38488.0
-38488.0
-38488.0
-38488.0
-38488.0
-38488.0
-38488.0
-38488.0
-38488.0
-38488.0
-38488.0
-38488.0
-38488.0
-38488.0
-38488.0
-38488.0
-38488.0
-38488.0
-38488.0
-38488.0
-38488.0
-38488.0
-38488.0
-38488.0
-38488.0
-38488.0
-38488.0
-38488.0
-38488.0
-38488.0
-38488.0
-38488.0
-38488.0
-38488.0
-38488.0
-38488.0
-38488.0
-38488.0
-38488.0
-38488.0
-38488.0
-38488.0
-38488.0
-38488.0
-38488.0
-38488.0
-38488.0
-38488.0
-38488.0
-38488.0
-38488.0
-38488.0
-38488.0
-38488.0
-38488.0
-38488.0
-38488.0
-38488.0
-38488.0
-38488.0
-38488.0
-38488.0
-38488.0
-38488.0
-38488.0
-38488.0
-38488.0
-38488.0
-38484.0
-38485.0
-38488.0
-38488.0
-38488.0
-38488.0
-38488.0
-38488.0
-38488.0
-38488.0
-38488.0
-38488.0
-38488.0
-38488.0
-38488.0
-38488.0
-38488.0
-38488.0
-38488.0
-38488.0
-38488.0
-38488.0
-38488.0
-38488.0
-38488.0
-38488.0
-38488.0
-38488.0
-38488.0
-38488.0
-38488.0
-38488.0
-38488.0
-38488.0
-38488.0
-38488.0
-38488.0
-38488.0
-38488.0
-38488.0
-38488.0
-38488.0
-38488.0
-38488.0
-38488.0
-38488.0
-38488.0
-38488.0
-38488.0
-38488.0
-38488.0
-38488.0
-38488.0
-38488.0
-38488.0
-38488.0
-38488.0
-38488.0
-38488.0
-38488.0
-38488.0
-38488.0
-38488.0
-38488.0
-38488.0
-38488.0
-38488.0



The list of values average 

-36226.05888888888
-36378.9738888889
-36494.28944444443
-36530.61222222223
-36574.28999999998
-36600.24055555555
-36619.90666666667
-36652.695
-36671.04000000001
-36693.51333333334
-36706.96888888889
-36725.2722222222
-36755.01500000001
-36761.48222222222
-36789.3111111111
-36803.098333333335
-36814.43611111113
-36823.13222222222
-36843.665
-36873.616111111114
-36879.145000000004
-36899.91277777777
-36905.65833333332
-36925.57555555558
-36949.248888888884
-36969.743333333325
-36996.93555555557
-37000.477777777785
-37020.886666666665
-37046.24166666666
-37063.79722222222
-37094.36222222222
-37109.20611111111
-37131.50444444446
-37132.63222222222
-37161.11888888887
-37169.618888888894
-37182.66777777776
-37208.89944444445
-37217.34888888891
-37222.91333333333
-37244.352777777785
-37266.26
-37278.32222222222
-37276.322222222225
-37299.39888888888
-37304.603888888894
-37321.233333333315
-37324.63333333333
-37329.401111111125
-37338.07
-37343.75666666667
-37354.767222222225
-37363.59500000001
-37366.340555555566
-37373.96944444444
-37376.425
-37395.71944444444
-37389.46999999999
-37401.50333333334
-37397.110555555555
-37403.109444444446
-37400.23222222222
-37423.54944444446
-37419.673333333325
-37428.813333333324
-37431.65055555555
-37437.4438888889
-37441.39222222224
-37440.18944444444
-37445.77277777778
-37453.826111111106
-37450.11999999999
-37454.01166666666
-37455.66777777778
-37456.70166666665
-37461.93722222224
-37454.45444444445
-37456.13833333333
-37468.827222222215
-37467.778333333335
-37458.63277777779
-37469.041666666664
-37466.29611111112
-37467.313888888886
-37472.05888888887
-37474.98777777778
-37470.73666666668
-37469.68111111111
-37471.868888888865
-37477.00833333333
-37479.826666666675
-37487.37166666669
-37487.681111111124
-37485.86222222221
-37492.9538888889
-37487.58222222223
-37490.178888888906
-37485.207222222234
-37489.93388888889
-37490.68055555555
-37499.767222222246
-37491.88611111111
-37498.909999999996
-37498.89333333333
-37500.18111111111
-37498.46999999999
-37492.00500000001
-37488.40555555555
-37507.981111111105
-37495.75277777779
-37504.44444444444
-37504.79444444444
-37507.98555555553
-37504.59777777777
-37495.14388888887
-37511.575000000004
-37518.49333333332
-37500.104444444434
-37508.934444444436
-37496.954444444425
-37513.70166666663
-37519.69055555555
-37497.58666666666
-37507.86944444443
-37501.745555555564
-37507.20499999998
-37526.535
-37512.87277777779
-37510.676111111105
-37510.649999999994
-37502.99777777778
-37497.83888888888
-37507.28000000002
-37498.59166666665
-37503.75777777778
-37510.76611111112
-37522.271666666675
-37511.244999999995
-37509.82388888888
-37514.180555555555
-37496.82666666665
-37513.095
-37510.752222222225
-37499.95166666664
-37513.15555555557
-37505.72499999998
-37514.32500000001
-37513.2738888889
-37500.39222222223
-37503.96055555555
-37520.27277777778
-37507.96888888889
-37512.714444444435
-37509.24555555555
-37511.74611111114
-37524.48944444445
-37513.66444444444
-37521.68000000001
-37506.44666666666
-37509.021111111106
-37519.02277777776
-37520.75555555555
-37524.41888888891
-37510.55999999999
-37519.691111111126
-37523.26722222222
-37517.257222222215
-37525.871111111104
-37525.45
-37514.084999999985
-37524.64888888889
-37518.076111111106
-37518.91111111111
-37519.49277777776
-37513.304444444424
-37520.873888888884
-37520.26055555556
-37519.63666666668
-37527.25944444443
-37516.578888888886
-37525.32277777778
-37519.11333333332
-37522.14166666668
-37530.116666666676
-37521.29833333334
-37513.733888888884
-37514.79055555556
-37508.92611111112
-37527.23277777777
-37518.29
-37512.53388888888
-37514.593888888885
-37523.968888888885
-37515.405555555546
-37514.11
-37510.77888888889
-37516.38111111113
-37515.316111111126
-37511.40277777777
-37514.071666666656
-37521.843888888885
-37509.149999999994
-37510.40222222221
-37507.799444444434
-37513.394444444435
-37510.79111111111
-37514.90333333334
-37515.98000000002
-37518.62833333334
-37516.896111111106
-37512.24833333333
-37518.678888888884
-37522.09888888888
-37517.307222222225
-37521.17833333334
-37521.04166666666
-37506.97388888888
-37526.375
-37507.86444444444
-37522.58333333333
-37508.395000000004
-37505.39166666667
-37510.27833333333
-37513.17222222222
-37521.29166666665
-37517.63888888889
-37529.45444444444
-37522.856666666645
-37528.469999999994
-37523.674444444456
-37524.86499999999
-37514.12944444443
-37516.82222222223
-37515.57555555556
-37506.332777777774
-37507.28999999999
-37503.66555555556
-37518.67944444444
-37513.33499999999
-37508.83333333332
-37515.28722222222
-37515.22277777779
-37514.570555555554
-37507.444999999985
-37507.1338888889
-37514.19166666668
-37511.57555555556
-37502.24055555556
-37521.55833333331
-37508.60388888888
-37512.02555555554
-37520.53888888889
-37505.18166666667
-37511.7738888889
-37499.44777777778
-37506.66499999999
-37512.44222222223
-37505.261111111104
-37500.67944444445
-37502.98333333334
-37513.071111111116
-37510.931666666664
-37517.39666666667
-37515.30944444444
-37519.41555555555
-37510.83999999999
-37509.546666666654
-37515.81055555556
-37508.49444444443
-37508.486666666686
-37510.96
-37511.060000000005
-37506.35833333333
-37508.40111111111
-37512.337222222224
-37507.14944444445
-37518.01722222223
-37513.688333333346
-37506.34944444445
-37503.4938888889
-37510.85944444444
-37510.60055555556
-37515.52666666668
-37513.29388888891
-37515.837777777764
-37524.124444444446
-37511.60055555554
-37511.31999999999
-37504.889444444445
-37511.677777777775
-37510.33333333333
-37510.67166666666
-37511.02222222224
-37517.88944444444
-37512.15277777776
-37516.036666666674
-37506.0
-37517.06944444444
-37510.14
-37505.377777777765
-37523.3027777778
-37507.82444444444
-37505.64944444445
-37518.427222222206
-37514.69277777778
-37516.194444444445
-37511.27277777778
-37500.37222222221
-37504.74444444444
-37506.32944444445
-37508.48333333333
-37508.43777777778
-37508.65944444445
-37508.64111111111
-37511.266111111094
-37508.47833333333
-37520.28333333334
-37510.75111111111
-37511.59944444442
-37513.33055555555
-37507.188888888886
-37518.613888888896
-37508.01999999999
-37510.98000000001
-37504.227777777785
-37507.46444444444
-37509.33722222222
-37498.6338888889
-37501.97944444447
-37496.30944444442
-37504.00777777776
-37506.63666666668
-37505.561666666676
-37505.61500000001
-37501.53388888888
-37503.562222222215
-37502.03
-37501.48833333332
-37502.70333333332
-37507.77444444444
-37506.440555555564
-37510.03888888889
-37509.32000000001
-37503.178333333344
-37506.53944444444
-37499.33444444443
-37509.51222222224
-37510.28833333333
-37511.85611111109
-37501.34166666668
-37513.2888888889
-37498.676111111105
-37498.79055555555
-37493.574444444435
-37496.27499999999
-37508.70055555557
-37501.252222222225
-37516.92055555556
-37499.13888888888
-37497.38833333333
-37505.34388888889
-37509.90722222222
-37516.827222222215
-37507.1488888889
-37510.663888888885
-37513.090555555566
-37496.44833333334
-37499.090000000004
-37506.36500000001
-37504.42055555557
-37496.46444444444
-37504.421666666676
-37497.60444444444
-37506.082777777774
-37498.142777777764
-37513.195555555554
-37501.58666666668
-37498.32611111112
-37508.27222222223
-37498.53333333334
-37509.745
-37506.94555555556
-37500.22555555556
-37499.21555555555
-37503.52555555556
-37507.438888888886
-37504.61222222222
-37507.18222222222
-37505.409444444456
-37512.676666666666
-37502.491666666676
-37509.56833333333
-37516.29000000001
-37508.592222222236
-37495.87888888888
-37508.8311111111
-37514.59055555555
-37504.35944444445
-37503.279444444444
-37500.38888888888
-37518.20222222223
-37504.335000000014
-37519.55111111111
-37505.665
-37508.085000000014
-37507.7211111111
-37507.19277777778
-37506.50833333335
-37504.99333333335
-37508.63722222221
-37498.61722222224
-37507.18666666667
-37508.532222222224
-37505.49666666667
-37501.61666666666
-37507.59444444445
-37514.74333333334
-37502.84999999999
-37515.28166666667
-37503.51944444446
-37507.76055555555
-37497.39055555556
-37506.45333333332
-37499.05666666668
-37502.40722222222
-37510.278888888904
-37506.65611111112
-37520.43666666666
-37505.865
-37507.45444444443
-37506.98222222222
-37511.56111111109
-37507.407777777786
-37518.863888888874
-37522.1261111111
-37513.13777777778
-37509.39833333334
-37515.333888888905
-37503.23666666665
-37511.68777777779
-37499.03222222224
-37506.365000000005
-37496.81444444445
-37511.04944444445
-37502.24277777776
-37508.44388888888
-37495.112222222226
-37511.085
-37504.82388888889
-37503.50722222223
-37514.79833333334
-37499.08444444446
-37508.64277777778
-37501.65388888886
-37509.0677777778
-37511.503333333305
-37498.73888888889
-37503.19555555556
-37512.563888888886
-37502.158888888895
-37512.06000000001
-37504.92499999999
-37504.96722222223
-37504.128333333334
-37494.9061111111
-37507.9211111111
-37503.3772222222
-37499.54444444444
-37524.91444444444
-37506.52444444445
-37508.39888888887
-37501.88388888888
-37494.59777777777
-37496.18555555555
-37491.38222222222
-37499.71722222222
-37499.102222222224
-37507.893333333326
-37505.675
-37513.36833333332
-37509.316666666666
-37507.79277777778
-37496.40277777779
-37499.10277777778
-37512.63222222224
-37507.00666666668
-37507.46222222223
-37504.06222222223
-37508.60111111112
-37503.284999999996
-37487.93999999999
-37502.765
-37501.42944444445
-37496.92611111113
-37497.778888888875
-37497.47833333333
-37499.38055555554
-37502.35833333334
-37509.653888888904
-37505.11166666667
-37506.165
-37498.712777777764
-37505.95166666668
-37501.145000000004
-37525.1911111111
-37512.21388888889
-37506.77
-37508.076111111106
-37495.59277777778
-37502.06722222221
-37509.252222222225
-37498.62277777777
-37505.370555555535
-37505.84888888889
-37500.66722222222
-37508.95388888889
-37494.622222222235
-37501.24333333334
-37500.487777777795
-37490.12333333335
-37504.770555555544
-37503.16499999999
-37506.29333333333
-37507.219444444454
-37511.51722222222
-37504.29444444444
-37508.85555555556
-37495.66500000001
-37510.85777777777
-37499.623888888906
-37500.00666666666
-37499.830000000016
-37491.893888888895
-37505.9861111111
-37493.31499999999
-37501.41277777776
-37504.645000000004
-37497.983333333315
-37509.21555555556
-37493.645000000004
-37506.44500000001
-37498.64055555557
-37503.39833333334
-37489.34500000001
-37496.743333333325
-37504.370555555535
-37502.65111111109
-37498.98999999999
-37483.55666666667
-37501.61444444445
-37482.58222222221
-37487.67722222224
-37484.741666666676
-37493.11888888889
-37503.887222222205
-37491.65888888888
-37500.92222222222
-37493.35444444446
-37493.90333333333
-37494.15444444444
-37499.13666666667
-37487.60055555556
-37498.44
-37497.466666666674
-37501.814444444426
-37491.57777777779
-37499.06277777777
-37496.72555555556
-37499.97222222224
-37506.00722222223
-37500.30777777777
-37499.09722222222
-37504.93499999999
-37495.220555555556
-37509.207222222205
-37509.23055555555
-37499.837222222224
-37493.71722222222
-37504.11166666667
-37504.42611111111
-37498.64944444445
-37496.84944444442
-37501.99388888887
-37494.822777777794
-37502.95055555555
-37494.48500000001
-37489.78666666665
-37505.76388888888
-37496.46666666665
-37497.452222222215
-37497.37666666668
-37490.90055555556
-37496.71555555554
-37489.36777777776
-37500.494444444455
-37496.45111111111
-37495.547222222216
-37498.00388888889
-37512.83
-37504.32833333333
-37508.127222222225
-37505.20722222222
-37502.42666666666
-37504.121111111104
-37490.535
-37501.71777777778
-37493.41722222222
-37496.536111111105
-37512.048888888894
-37498.83222222223
-37509.44277777778
-37507.475
-37501.3
-37502.60444444445
-37503.08555555553
-37498.34111111111
-37508.7838888889
-37500.08555555556
-37503.601111111115
-37497.134444444426
-37501.66333333334
-37501.843333333316
-37495.091111111105
-37511.80666666668
-37499.72333333334
-37506.32888888891
-37506.5872222222
-37498.860000000015
-37496.168888888875
-37500.03444444444
-37492.744444444455
-37487.20166666665
-37493.40388888888
-37496.76999999999
-37504.63444444444
-37502.84277777778
-37496.20222222223
-37498.60611111111
-37499.495555555564
-37511.00166666668
-37506.05722222224
-37498.98888888891
-37501.245
-37493.83777777777
-37491.69388888889
-37497.90444444444
-37498.220000000016
-37506.65999999999
-37484.9438888889
-37498.28277777778
-37499.282777777786
-37507.66777777779
-37507.23222222222
-37494.75444444443
-37501.134444444455
-37500.91944444445
-37493.27222222223
-37504.96611111111
-37496.76499999999
-37496.907222222224
-37500.90555555553
-37499.71222222222
-37489.81722222222
-37506.04444444442
-37495.95944444445
-37506.178888888906
-37495.76333333333
-37497.916111111124
-37500.14611111112
-37505.24555555557
-37509.42666666668
-37503.61277777778
-37494.49388888888
-37502.76222222222
-37499.01055555556
-37492.083888888905
-37500.14499999999
-37498.38444444446
-37493.72999999998



The list of best values average 

-37498.42000000001
-37916.37000000001
-38096.790000000015
-38197.30000000002
-38257.01999999999
-38290.67999999998
-38320.73999999999
-38338.45999999997
-38357.85999999999
-38375.049999999996
-38382.13
-38388.83999999997
-38398.490000000005
-38410.920000000006
-38413.46999999999
-38415.570000000014
-38418.85000000001
-38426.709999999985
-38429.289999999986
-38431.27999999999
-38435.450000000004
-38440.570000000014
-38437.67999999999
-38442.34
-38446.619999999995
-38447.63
-38443.780000000006
-38450.280000000006
-38454.18000000001
-38453.85000000003
-38454.86000000001
-38455.81999999999
-38457.030000000006
-38460.55000000001
-38461.400000000016
-38461.78000000003
-38461.55000000001
-38461.799999999996
-38462.78
-38460.62000000002
-38464.91
-38461.82000000001
-38463.450000000004
-38466.23000000001
-38463.970000000016
-38467.370000000024
-38468.73000000003
-38469.97
-38472.01000000002
-38471.58000000002
-38475.91
-38476.080000000016
-38476.330000000016
-38475.16000000001
-38479.27000000001
-38479.47000000001
-38478.78
-38485.20000000002
-38485.49000000002
-38484.90000000002
-38487.60000000003
-38492.10000000003
-38495.350000000006
-38499.149999999994
-38498.34000000002
-38498.880000000005
-38502.39
-38499.90000000002
-38501.29000000002
-38507.33
-38509.99000000001
-38510.860000000015
-38511.64
-38514.01
-38514.10000000001
-38516.79
-38517.57
-38518.25000000001
-38513.830000000016
-38517.33000000002
-38519.81000000003
-38520.47000000001
-38519.750000000015
-38522.41999999999
-38525.88
-38524.46
-38525.44000000002
-38524.37000000001
-38526.45000000002
-38524.4
-38525.05
-38526.290000000015
-38527.52000000002
-38527.479999999996
-38529.39
-38529.44000000002
-38531.02
-38531.710000000014
-38533.130000000005
-38532.909999999996
-38532.84000000002
-38532.52999999999
-38533.20999999999
-38532.91000000001
-38533.69
-38534.72999999999
-38534.360000000015
-38534.65000000002
-38533.57000000001
-38535.69000000002
-38536.7
-38538.28999999999
-38539.16000000001
-38542.15000000001
-38541.41
-38539.500000000015
-38540.850000000006
-38543.349999999984
-38543.920000000006
-38542.459999999985
-38542.54
-38542.32
-38544.05999999999
-38541.74
-38541.48999999998
-38543.320000000014
-38540.26999999999
-38541.55000000001
-38542.53
-38542.799999999996
-38543.89
-38542.810000000005
-38543.829999999994
-38545.60999999999
-38544.10999999999
-38545.38000000003
-38545.860000000015
-38545.35000000001
-38545.249999999985
-38548.380000000005
-38545.42
-38545.270000000026
-38545.38999999999
-38546.96
-38548.23999999999
-38547.22999999998
-38548.48999999999
-38549.04999999999
-38549.30000000001
-38548.76000000001
-38547.22999999999
-38546.17
-38546.59999999999
-38547.32
-38545.35999999999
-38545.249999999985
-38544.729999999996
-38545.76000000001
-38546.68
-38547.04
-38547.15999999998
-38548.079999999994
-38548.44999999998
-38548.01999999999
-38547.729999999996
-38547.229999999996
-38547.170000000006
-38546.55999999999
-38546.399999999994
-38546.75999999998
-38546.77
-38547.209999999985
-38547.770000000004
-38548.299999999996
-38548.70999999999
-38549.80000000001
-38547.75
-38547.25000000001
-38547.16
-38547.57000000001
-38546.86000000002
-38544.98
-38544.27000000001
-38544.75000000001
-38546.479999999996
-38546.579999999994
-38546.20999999999
-38547.46000000001
-38547.06999999999
-38546.18999999999
-38546.159999999996
-38546.33000000001
-38545.31
-38544.74
-38545.33000000001
-38545.880000000005
-38546.03999999999
-38546.88999999999
-38547.200000000004
-38545.18
-38546.23999999999
-38546.47000000001
-38545.369999999995
-38542.85000000001
-38544.54
-38541.95000000001
-38543.09000000001
-38544.31
-38544.350000000006
-38540.99000000001
-38540.47000000002
-38540.65
-38541.31000000001
-38542.100000000006
-38542.66000000002
-38542.61000000002
-38542.26000000002
-38540.41000000001
-38540.94
-38541.20000000001
-38541.15000000001
-38540.91
-38540.600000000006
-38539.55000000001
-38540.72
-38540.710000000014
-38540.140000000014
-38540.42000000001
-38540.29000000001
-38539.700000000004
-38541.15999999999
-38539.52000000001
-38540.34000000001
-38539.100000000006
-38540.35
-38539.91000000001
-38539.210000000014
-38538.280000000006
-38538.34
-38538.060000000005
-38537.340000000004
-38536.810000000005
-38536.83
-38538.3
-38537.990000000005
-38537.51
-38537.00000000001
-38536.92
-38535.73000000001
-38535.930000000015
-38537.03
-38536.16
-38535.38999999999
-38536.34
-38535.469999999994
-38535.65
-38535.14
-38535.48000000001
-38534.95
-38534.990000000005
-38534.970000000016
-38534.94000000002
-38535.060000000005
-38535.57000000001
-38536.50000000001
-38536.63999999999
-38536.25
-38535.88000000002
-38535.83000000002
-38535.220000000016
-38536.24000000001
-38536.12
-38535.64
-38535.52000000001
-38535.4
-38534.369999999995
-38535.37
-38535.72
-38535.47000000001
-38534.060000000005
-38534.61000000001
-38534.670000000006
-38534.85000000001
-38534.700000000004
-38534.28999999999
-38533.13
-38532.51
-38533.270000000004
-38532.89000000001
-38532.520000000004
-38531.58
-38531.92
-38531.85
-38532.45
-38532.51999999998
-38532.96000000001
-38532.79
-38532.899999999994
-38532.88999999999
-38532.25
-38532.05
-38532.760000000024
-38532.68000000002
-38531.86
-38532.47
-38533.270000000004
-38533.009999999995
-38532.74
-38532.090000000004
-38532.04000000001
-38532.650000000016
-38532.06000000001
-38532.150000000016
-38532.87
-38532.490000000005
-38532.420000000006
-38532.17
-38532.090000000004
-38531.030000000006
-38531.79000000001
-38531.05000000001
-38531.12
-38531.53000000002
-38531.76000000002
-38530.6
-38530.770000000004
-38530.299999999996
-38531.18000000001
-38531.06000000001
-38530.46000000002
-38531.13000000001
-38531.10000000001
-38531.380000000005
-38531.81
-38531.47
-38530.469999999994
-38530.840000000004
-38530.74
-38531.350000000006
-38531.26000000001
-38530.39000000001
-38530.89
-38531.14000000001
-38531.12
-38531.47000000001
-38530.85
-38531.34000000001
-38531.19000000001
-38530.44000000001
-38531.350000000006
-38530.270000000004
-38530.41
-38529.37999999999
-38529.409999999996
-38529.009999999995
-38529.8
-38530.270000000004
-38530.03000000001
-38529.840000000004
-38530.06999999999
-38529.77000000001
-38529.85000000001
-38530.19000000001
-38529.850000000006
-38530.43
-38530.86000000001
-38530.310000000005
-38529.950000000004
-38530.15
-38529.72000000001
-38529.530000000006
-38529.15
-38529.850000000006
-38529.530000000006
-38529.07
-38529.670000000006
-38530.04000000001
-38529.240000000005
-38529.95000000001
-38529.579999999994
-38529.729999999996
-38529.80000000001
-38529.75
-38529.91
-38529.87
-38529.62000000001
-38529.56
-38529.59
-38529.34
-38529.5
-38530.11
-38529.42
-38529.659999999996
-38529.86
-38529.67
-38527.950000000004
-38528.600000000006
-38527.590000000004
-38528.13
-38528.1
-38527.57000000001
-38528.02000000001
-38527.149999999994
-38527.329999999994
-38527.52000000001
-38527.97
-38527.41000000001
-38527.6
-38527.60999999999
-38527.670000000006
-38528.12000000002
-38527.8
-38527.990000000005
-38527.579999999994
-38527.61
-38528.250000000015
-38528.380000000005
-38528.06999999999
-38528.32
-38527.96
-38528.35
-38528.6
-38528.38
-38528.62999999999
-38528.42
-38528.12
-38528.030000000006
-38528.52
-38528.100000000006
-38528.57
-38528.659999999996
-38528.170000000006
-38528.63
-38528.61000000001
-38527.38999999999
-38527.49000000001
-38527.93000000001
-38527.93000000001
-38527.81000000001
-38527.69
-38527.37
-38527.62000000001
-38527.64000000001
-38527.61000000001
-38526.31000000001
-38526.40000000001
-38525.87000000001
-38526.210000000014
-38526.40000000001
-38526.48000000001
-38526.37000000001
-38526.22
-38526.08000000001
-38526.42000000001
-38526.37
-38526.46000000001
-38526.600000000006
-38526.57000000001
-38526.060000000005
-38525.58
-38525.579999999994
-38525.64
-38525.69
-38525.46
-38525.450000000004
-38525.47
-38525.33000000001
-38525.7
-38525.759999999995
-38525.48
-38524.69
-38525.189999999995
-38525.060000000005
-38524.65
-38524.34
-38524.439999999995
-38524.399999999994
-38524.15
-38524.09
-38523.969999999994
-38524.38
-38523.88
-38524.1
-38524.07
-38524.24
-38524.079999999994
-38524.25
-38524.380000000005
-38524.46
-38524.16
-38524.0
-38524.1
-38523.49
-38522.77
-38523.16000000001
-38523.33
-38523.090000000004
-38523.13000000001
-38522.43000000001
-38522.530000000006
-38522.74
-38522.51
-38522.79000000001
-38522.200000000004
-38522.91
-38522.78999999999
-38522.67
-38522.78999999999
-38522.90999999999
-38522.439999999995
-38522.6
-38522.659999999996
-38522.5
-38522.5
-38522.5
-38522.63
-38522.54
-38522.34
-38521.61
-38521.94
-38521.94
-38521.82000000001
-38521.49
-38521.64000000001
-38520.78
-38520.850000000006
-38520.68
-38520.85999999999
-38520.35999999999
-38520.62
-38520.899999999994
-38520.61
-38520.71
-38520.39000000001
-38520.619999999995
-38520.69
-38520.420000000006
-38520.56
-38519.509999999995
-38519.87000000001
-38519.67
-38519.630000000005
-38519.74
-38519.52000000001
-38519.79000000001
-38519.770000000004
-38519.76
-38519.27
-38518.79
-38518.65000000001
-38518.649999999994
-38518.99
-38518.880000000005
-38518.83
-38518.689999999995
-38518.59
-38518.22
-38518.61
-38518.66
-38518.54
-38518.62
-38518.56
-38518.689999999995
-38518.479999999996
-38518.700000000004
-38518.21
-38518.82000000001
-38518.06
-38518.92
-38518.48
-38518.89000000001
-38518.64000000001
-38518.71
-38518.57
-38519.0
-38518.47000000001
-38518.780000000006
-38518.48
-38518.74
-38518.72
-38518.62000000001
-38518.680000000015
-38518.54
-38518.680000000015
-38518.87
-38518.76000000002
-38518.710000000014
-38518.57
-38518.63
-38518.94000000001
-38518.41
-38518.78000000001
-38518.55
-38518.62
-38518.92
-38518.76000000001
-38518.68
-38518.659999999996
-38518.82
-38518.56
-38518.850000000006
-38518.590000000004
-38518.42000000001
-38518.90000000001
-38518.53
-38518.75
-38518.67
-38518.53
-38518.350000000006
-38518.420000000006
-38518.54000000001
-38518.74
-38518.38000000001
-38518.6
-38518.49
-38518.75
-38518.630000000005
-38518.43000000001
-38518.399999999994
-38518.75
-38518.69000000001
-38518.81
-38518.81000000001
-38518.67999999999
-38518.64
-38518.6
-38518.09
-38518.51
-38518.7
-38518.62
-38518.770000000004
-38518.740000000005
-38518.6
-38518.53999999999
-38518.87
-38517.229999999996
-38517.409999999996
-38517.17999999999
-38517.06
-38517.219999999994
-38517.4
-38517.09
-38517.420000000006
-38517.46000000001
-38517.34
-38517.42
-38517.39
-38517.299999999996
-38517.35
-38517.399999999994
-38517.15
-38517.52
-38517.079999999994
-38517.32
-38517.38
-38517.549999999996
-38517.009999999995
-38517.57
-38517.52
-38517.649999999994
-38517.06
-38517.59
-38517.479999999996
-38517.52
-38517.299999999996
-38517.06999999999
-38517.35999999999
-38517.26999999999
-38517.109999999986
-38517.24
-38517.469999999994
-38517.049999999996
-38516.99999999999
-38517.409999999996
-38517.54999999999
-38517.560000000005
-38517.59
-38517.34
-38517.92999999999
-38518.20999999999
