----------Report of simulation of Path Integral Quantum Monte Carlo-----------
The number of considered Spin 167
The considered Annealing Duration 668
The considered Annealing Number 100
The considered T 1.0
The considered Gamma0 1.0
The considered Number Of Replica 18
The solution found [ 1  1  1 -1  1  1 -1 -1  1  1  1 -1  1 -1 -1 -1  1  1  1  1  1 -1 -1 -1
 -1  1 -1 -1 -1 -1 -1  1  1 -1 -1 -1 -1  1 -1  1  1 -1  1 -1  1  1  1 -1
  1  1 -1 -1 -1 -1 -1  1  1  1 -1 -1  1  1  1  1  1 -1 -1 -1  1  1 -1  1
  1 -1  1 -1 -1  1 -1 -1  1 -1 -1  1  1  1 -1 -1 -1 -1  1 -1 -1  1 -1  1
 -1 -1  1  1  1 -1  1 -1 -1  1 -1 -1  1 -1  1  1 -1  1 -1  1 -1 -1  1  1
 -1  1 -1 -1  1  1 -1  1  1  1  1 -1 -1 -1 -1 -1  1 -1 -1 -1 -1  1 -1  1
  1 -1 -1 -1  1  1 -1 -1  1  1 -1  1 -1  1  1  1 -1  1  1  1 -1  1  1]
The value found -37080.0
The Success probability is 0.43
The average value is -37039.17
The total execution time is 8696.22061920166
The average time for execution is 86.9622041940689
The average time for system update is 0.13006183930499826
The average time for replica update is 0.007225417676205169
The average time for spin update is 4.305863035059021e-05
The list of values found 

-37015.0
-37080.0
-37080.0
-37021.0
-37080.0
-37080.0
-36980.0
-36989.0
-37000.0
-37080.0
-37080.0
-37080.0
-37080.0
-37015.0
-37080.0
-37080.0
-37080.0
-37080.0
-36993.0
-37080.0
-37080.0
-37015.0
-37080.0
-36988.0
-36984.0
-37021.0
-37080.0
-37000.0
-37080.0
-37015.0
-36994.0
-37014.0
-37080.0
-37015.0
-36989.0
-36993.0
-36980.0
-37031.0
-36977.0
-37080.0
-37078.0
-36999.0
-37080.0
-37004.0
-36988.0
-36989.0
-37080.0
-36993.0
-37080.0
-37080.0
-37023.0
-37080.0
-37080.0
-36955.0
-37080.0
-36986.0
-37080.0
-37023.0
-37078.0
-37014.0
-37015.0
-37007.0
-37080.0
-37023.0
-37006.0
-37080.0
-37016.0
-37080.0
-37080.0
-37080.0
-37080.0
-37007.0
-36964.0
-37015.0
-36979.0
-37080.0
-37078.0
-37015.0
-36989.0
-37015.0
-37015.0
-37080.0
-37023.0
-37080.0
-37080.0
-37021.0
-37021.0
-36979.0
-37080.0
-37015.0
-37012.0
-37007.0
-37080.0
-37038.0
-37080.0
-37080.0
-37080.0
-36980.0
-37078.0
-37080.0



The list of values first execution 

-34637.5
-34731.5
-34760.555555555555
-34862.0
-34832.88888888889
-35006.77777777778
-35094.5
-35149.38888888889
-35231.11111111111
-35371.38888888889
-35470.055555555555
-35573.27777777778
-35556.38888888889
-35756.61111111111
-35954.055555555555
-36094.5
-36158.5
-36216.38888888889
-36379.944444444445
-36458.944444444445
-36508.166666666664
-36618.055555555555
-36712.11111111111
-36783.27777777778
-36784.444444444445
-36797.055555555555
-36834.61111111111
-36819.444444444445
-36848.055555555555
-36873.72222222222
-36876.444444444445
-36867.666666666664
-36882.27777777778
-36891.5
-36899.555555555555
-36897.27777777778
-36909.166666666664
-36919.72222222222
-36938.77777777778
-36946.72222222222
-36947.77777777778
-36957.27777777778
-36977.72222222222
-36986.444444444445
-36994.5
-36999.055555555555
-36997.77777777778
-36998.5
-37004.444444444445
-37010.444444444445
-37010.38888888889
-37011.666666666664
-37013.333333333336
-37013.333333333336
-37013.5
-37013.77777777778
-37013.77777777778
-37013.72222222222
-37012.166666666664
-37012.61111111111
-37010.166666666664
-37011.88888888889
-37012.055555555555
-37011.833333333336
-37012.11111111111
-37011.22222222222
-37010.444444444445
-37012.0
-37009.5
-37009.555555555555
-37010.444444444445
-37011.27777777778
-37005.72222222222
-37004.166666666664
-37011.166666666664
-37012.11111111111
-37012.166666666664
-37012.0
-37012.38888888889
-37011.333333333336
-37010.444444444445
-37013.11111111111
-37012.333333333336
-37013.22222222222
-37014.0
-37014.0
-37014.0
-37014.0
-37014.0
-37014.0
-37014.0
-37014.0
-37014.0
-37014.0
-37014.0
-37014.0
-37014.0
-37014.0
-37014.0
-37014.0
-37014.0
-37014.0
-37014.0
-37014.0
-37014.0
-37014.0
-37014.0
-37014.0
-37014.0
-37014.0
-37014.0
-37014.0
-37014.0
-37014.0
-37014.0
-37014.0
-37014.0
-37014.0
-37014.0
-37014.0
-37014.0
-37014.0
-37014.0
-37014.0
-37014.0
-37014.0
-37014.0
-37014.0
-37014.0
-37014.0
-37014.0
-37014.0
-37014.0
-37014.0
-37014.0
-37014.0
-37014.0
-37014.0
-37014.0
-37014.0
-37014.0
-37014.0
-37014.0
-37014.0
-37014.0
-37014.0
-37014.0
-37014.0
-37014.0
-37014.0
-37014.0
-37014.0
-37014.0
-37014.0
-37014.0
-37014.0
-37014.0
-37014.0
-37014.0
-37014.0
-37014.0
-37014.0
-37014.0
-37014.0
-37014.0
-37014.0
-37014.0
-37014.0
-37014.0
-37014.0
-37014.0
-37014.0
-37014.0
-37014.0
-37014.0
-37014.0
-37014.0
-37014.0
-37014.0
-37014.0
-37014.0
-37014.0
-37014.0
-37014.0
-37014.0
-37014.0
-37014.0
-37014.0
-37014.0
-37014.0
-37014.0
-37014.0
-37014.0
-37014.0
-37014.0
-37014.0
-37014.0
-37014.0
-37014.0
-37014.0
-37014.0
-37014.0
-37014.0
-37014.0
-37014.0
-37014.0
-37014.0
-37014.0
-37014.0
-37014.0
-37014.0
-37014.0
-37014.0
-37014.0
-37014.0
-37014.0
-37014.0
-37014.0
-37014.0
-37014.0
-37014.0
-37014.0
-37014.0
-37014.0
-37014.0
-37014.0
-37014.0
-37014.0
-37014.0
-37014.0
-37014.0
-37014.0
-37014.0
-37014.0
-37014.0
-37014.0
-37014.0
-37014.0
-37014.0
-37014.0
-37014.0
-37014.0
-37014.0
-37014.0
-37014.0
-37014.0
-37014.0
-37014.0
-37014.0
-37014.0
-37014.0
-37014.0
-37014.0
-37014.0
-37014.0
-37014.0
-37014.0
-37014.0
-37014.0
-37014.0
-37014.0
-37014.0
-37014.0
-37014.0
-37014.0
-37014.0
-37014.0
-37014.0
-37014.0
-37014.0
-37014.0
-37014.0
-37014.0
-37014.0
-37014.0
-37014.0
-37014.0
-37014.0
-37014.0
-37014.0
-37014.0
-37014.0
-37014.0
-37014.0
-37014.0
-37014.0
-37014.0
-37014.0
-37014.0
-37014.0
-37014.0
-37014.0
-37014.0
-37014.0
-37014.0
-37014.0
-37014.0
-37014.0
-37014.0
-37014.0
-37014.0
-37014.0
-37014.0
-37014.0
-37014.0
-37014.0
-37014.0
-37014.0
-37014.0
-37014.0
-37014.0
-37014.0
-37014.0
-37014.0
-37014.0
-37014.0
-37014.0
-37014.0
-37014.0
-37014.0
-37014.0
-37014.0
-37014.0
-37014.0
-37014.0
-37014.0
-37014.0
-37014.0
-37014.0
-37014.0
-37014.0
-37014.0
-37014.0
-37014.0
-37014.0
-37014.0
-37014.0
-37014.0
-37014.0
-37014.0
-37014.0
-37014.0
-37014.0
-37014.0
-37014.0
-37014.0
-37014.0
-37014.0
-37014.0
-37014.0
-37014.0
-37014.0
-37014.0
-37014.0
-37014.0
-37014.0
-37014.0
-37014.0
-37014.0
-37014.0
-37014.0
-37014.0
-37014.0
-37014.0
-37014.0
-37014.0
-37014.0
-37014.0
-37014.0
-37014.0
-37014.0
-37014.0
-37014.0
-37014.0
-37014.0
-37014.0
-37014.0
-37014.0
-37014.0
-37014.0
-37014.0
-37014.0
-37014.0
-37014.0
-37014.0
-37014.0
-37014.0
-37014.0
-37014.0
-37014.0
-37014.0
-37014.0
-37014.0
-37014.0
-37014.0
-37014.0
-37014.0
-37014.0
-37014.0
-37014.0
-37014.0
-37014.0
-37014.0
-37014.0
-37014.0
-37014.0
-37014.0
-37014.0
-37014.0
-37014.0
-37014.0
-37014.0
-37014.0
-37014.0
-37014.0
-37014.0
-37014.0
-37014.0
-37014.0
-37014.0
-37014.0
-37014.0
-37014.0
-37014.0
-37014.0
-37014.0
-37014.0
-37014.0
-37014.0
-37014.0
-37014.0
-37014.0
-37014.0
-37014.0
-37014.0
-37014.0
-37014.0
-37014.0
-37014.0
-37014.0
-37014.0
-37014.0
-37014.0
-37014.0
-37014.0
-37014.0
-37014.0
-37014.0
-37014.0
-37014.0
-37014.0
-37014.0
-37014.0
-37014.0
-37014.0
-37014.0
-37014.0
-37014.0
-37014.0
-37014.0
-37014.0
-37014.0
-37014.0
-37014.0
-37014.0
-37014.0
-37014.0
-37014.0
-37014.0
-37014.0
-37014.0
-37014.0
-37014.0
-37014.0
-37014.0
-37014.0
-37014.0
-37014.0
-37014.0
-37014.0
-37014.0
-37014.0
-37014.0
-37014.0
-37014.0
-37014.0
-37014.0
-37014.0
-37014.0
-37014.0
-37014.0
-37014.0
-37014.0
-37014.0
-37014.0
-37014.0
-37014.0
-37014.0
-37014.0
-37014.0
-37014.0
-37014.0
-37014.0
-37014.0
-37014.0
-37014.0
-37014.0
-37014.0
-37014.0
-37014.0
-37014.0
-37014.0
-37014.0
-37014.0
-37014.0
-37014.0
-37014.0
-37014.0
-37014.0
-37014.0
-37014.0
-37014.0
-37014.0
-37014.0
-37014.0
-37014.0
-37014.0
-37014.0
-37014.0
-37014.0
-37014.0
-37014.0
-37014.0
-37014.0
-37014.0
-37014.0
-37014.0
-37014.0
-37014.0
-37014.0
-37014.0
-37014.0
-37014.0
-37014.0
-37014.0
-37014.0
-37014.0
-37014.0
-37014.0
-37014.0
-37014.0
-37014.0
-37014.0
-37014.0
-37014.0
-37014.0
-37014.0
-37014.0
-37014.0
-37014.0
-37014.0
-37014.0
-37014.0
-37014.0
-37014.0
-37014.0
-37014.0
-37014.0
-37014.0
-37014.0
-37014.0
-37014.0
-37014.0
-37014.0
-37014.0
-37014.0
-37014.0
-37014.0
-37014.0
-37014.0
-37014.0
-37014.0
-37014.0
-37014.0
-37014.0
-37014.0
-37014.0
-37014.0
-37014.0
-37014.0
-37014.0
-37014.0
-37014.0
-37014.0
-37014.0
-37014.0
-37014.0
-37014.0
-37014.0
-37014.0
-37014.0
-37014.0
-37014.0
-37014.0
-37014.0
-37014.0
-37014.0
-37014.0
-37014.0
-37014.0
-37014.0
-37014.0
-37014.0
-37014.0
-37014.0
-37014.0
-37014.0
-37014.0
-37014.0
-37014.0
-37014.0
-37014.0
-37014.0
-37014.0
-37014.0
-37014.0
-37014.0
-37014.0
-37014.0
-37014.0
-37014.0
-37014.0
-37014.0
-37014.0
-37014.0
-37014.0
-37014.0
-37014.0
-37014.0
-37014.0
-37014.0
-37014.0
-37014.0
-37014.0
-37014.0
-37014.0
-37014.0
-37014.0
-37014.0
-37014.0
-37014.0
-37014.0
-37014.0
-37014.0
-37014.0
-37014.0
-37014.0
-37014.0
-37014.0
-37014.0
-37014.0
-37014.0
-37014.0
-37014.0
-37014.0
-37014.0
-37014.0
-37014.0



The list of best values first execution 

-35037.0
-35107.0
-35186.0
-35167.0
-35352.0
-35369.0
-35511.0
-35518.0
-35560.0
-35593.0
-35671.0
-35741.0
-35794.0
-36195.0
-36223.0
-36379.0
-36459.0
-36439.0
-36644.0
-36654.0
-36802.0
-36825.0
-36903.0
-36873.0
-36930.0
-36912.0
-36939.0
-36927.0
-36958.0
-36973.0
-36987.0
-36948.0
-36937.0
-36967.0
-36956.0
-36977.0
-36993.0
-37014.0
-37014.0
-36997.0
-37015.0
-37014.0
-37012.0
-37014.0
-37012.0
-37014.0
-37014.0
-37014.0
-37014.0
-37014.0
-37014.0
-37014.0
-37014.0
-37014.0
-37014.0
-37014.0
-37014.0
-37014.0
-37014.0
-37014.0
-37015.0
-37014.0
-37015.0
-37014.0
-37014.0
-37014.0
-37014.0
-37014.0
-37014.0
-37015.0
-37015.0
-37015.0
-37014.0
-37014.0
-37014.0
-37015.0
-37015.0
-37014.0
-37014.0
-37014.0
-37014.0
-37014.0
-37014.0
-37014.0
-37014.0
-37014.0
-37014.0
-37014.0
-37014.0
-37014.0
-37014.0
-37014.0
-37014.0
-37014.0
-37014.0
-37014.0
-37014.0
-37014.0
-37014.0
-37014.0
-37014.0
-37014.0
-37014.0
-37014.0
-37014.0
-37014.0
-37014.0
-37014.0
-37014.0
-37014.0
-37014.0
-37014.0
-37014.0
-37014.0
-37014.0
-37014.0
-37014.0
-37014.0
-37014.0
-37014.0
-37014.0
-37014.0
-37014.0
-37014.0
-37014.0
-37014.0
-37014.0
-37014.0
-37014.0
-37014.0
-37014.0
-37014.0
-37014.0
-37014.0
-37014.0
-37014.0
-37014.0
-37014.0
-37014.0
-37014.0
-37014.0
-37014.0
-37014.0
-37014.0
-37014.0
-37014.0
-37014.0
-37014.0
-37014.0
-37014.0
-37014.0
-37014.0
-37014.0
-37014.0
-37014.0
-37014.0
-37014.0
-37014.0
-37014.0
-37014.0
-37014.0
-37014.0
-37014.0
-37014.0
-37014.0
-37014.0
-37014.0
-37014.0
-37014.0
-37014.0
-37014.0
-37014.0
-37014.0
-37014.0
-37014.0
-37014.0
-37014.0
-37014.0
-37014.0
-37014.0
-37014.0
-37014.0
-37014.0
-37014.0
-37014.0
-37014.0
-37014.0
-37014.0
-37014.0
-37014.0
-37014.0
-37014.0
-37014.0
-37014.0
-37014.0
-37014.0
-37014.0
-37014.0
-37014.0
-37014.0
-37014.0
-37014.0
-37014.0
-37014.0
-37014.0
-37014.0
-37014.0
-37014.0
-37014.0
-37014.0
-37014.0
-37014.0
-37014.0
-37014.0
-37014.0
-37014.0
-37014.0
-37014.0
-37014.0
-37014.0
-37014.0
-37014.0
-37014.0
-37014.0
-37014.0
-37014.0
-37014.0
-37014.0
-37014.0
-37014.0
-37014.0
-37014.0
-37014.0
-37014.0
-37014.0
-37014.0
-37014.0
-37014.0
-37014.0
-37014.0
-37014.0
-37014.0
-37014.0
-37014.0
-37014.0
-37014.0
-37014.0
-37014.0
-37014.0
-37014.0
-37014.0
-37014.0
-37014.0
-37014.0
-37014.0
-37014.0
-37014.0
-37014.0
-37014.0
-37014.0
-37014.0
-37014.0
-37014.0
-37014.0
-37014.0
-37014.0
-37014.0
-37014.0
-37014.0
-37014.0
-37014.0
-37014.0
-37014.0
-37014.0
-37014.0
-37014.0
-37014.0
-37014.0
-37014.0
-37014.0
-37014.0
-37014.0
-37014.0
-37014.0
-37014.0
-37014.0
-37014.0
-37014.0
-37014.0
-37014.0
-37014.0
-37014.0
-37014.0
-37014.0
-37014.0
-37014.0
-37014.0
-37014.0
-37014.0
-37014.0
-37014.0
-37014.0
-37014.0
-37014.0
-37014.0
-37014.0
-37014.0
-37014.0
-37014.0
-37014.0
-37014.0
-37014.0
-37014.0
-37014.0
-37014.0
-37014.0
-37014.0
-37014.0
-37014.0
-37014.0
-37014.0
-37014.0
-37014.0
-37014.0
-37014.0
-37014.0
-37014.0
-37014.0
-37014.0
-37014.0
-37014.0
-37014.0
-37014.0
-37014.0
-37014.0
-37014.0
-37014.0
-37014.0
-37014.0
-37014.0
-37014.0
-37014.0
-37014.0
-37014.0
-37014.0
-37014.0
-37014.0
-37014.0
-37014.0
-37014.0
-37014.0
-37014.0
-37014.0
-37014.0
-37014.0
-37014.0
-37014.0
-37014.0
-37014.0
-37014.0
-37014.0
-37014.0
-37014.0
-37014.0
-37014.0
-37014.0
-37014.0
-37014.0
-37014.0
-37014.0
-37014.0
-37014.0
-37014.0
-37014.0
-37014.0
-37014.0
-37014.0
-37014.0
-37014.0
-37014.0
-37014.0
-37014.0
-37014.0
-37014.0
-37014.0
-37014.0
-37014.0
-37014.0
-37014.0
-37014.0
-37014.0
-37014.0
-37014.0
-37014.0
-37014.0
-37014.0
-37014.0
-37014.0
-37014.0
-37014.0
-37014.0
-37014.0
-37014.0
-37014.0
-37014.0
-37014.0
-37014.0
-37014.0
-37014.0
-37014.0
-37014.0
-37014.0
-37014.0
-37014.0
-37014.0
-37014.0
-37014.0
-37014.0
-37014.0
-37014.0
-37014.0
-37014.0
-37014.0
-37014.0
-37014.0
-37014.0
-37014.0
-37014.0
-37014.0
-37014.0
-37014.0
-37014.0
-37014.0
-37014.0
-37014.0
-37014.0
-37014.0
-37014.0
-37014.0
-37014.0
-37014.0
-37014.0
-37014.0
-37014.0
-37014.0
-37014.0
-37014.0
-37014.0
-37014.0
-37014.0
-37014.0
-37014.0
-37014.0
-37014.0
-37014.0
-37014.0
-37014.0
-37014.0
-37014.0
-37014.0
-37014.0
-37014.0
-37014.0
-37014.0
-37014.0
-37014.0
-37014.0
-37014.0
-37014.0
-37014.0
-37014.0
-37014.0
-37014.0
-37014.0
-37014.0
-37014.0
-37014.0
-37014.0
-37014.0
-37014.0
-37014.0
-37014.0
-37014.0
-37014.0
-37014.0
-37014.0
-37014.0
-37014.0
-37014.0
-37014.0
-37014.0
-37014.0
-37014.0
-37014.0
-37014.0
-37014.0
-37014.0
-37014.0
-37014.0
-37014.0
-37014.0
-37014.0
-37014.0
-37014.0
-37014.0
-37014.0
-37014.0
-37014.0
-37014.0
-37014.0
-37014.0
-37014.0
-37014.0
-37014.0
-37014.0
-37014.0
-37014.0
-37014.0
-37014.0
-37014.0
-37014.0
-37014.0
-37014.0
-37014.0
-37014.0
-37014.0
-37014.0
-37014.0
-37014.0
-37014.0
-37014.0
-37014.0
-37014.0
-37014.0
-37014.0
-37014.0
-37014.0
-37014.0
-37014.0
-37014.0
-37014.0
-37014.0
-37014.0
-37014.0
-37014.0
-37014.0
-37014.0
-37014.0
-37014.0
-37014.0
-37014.0
-37014.0
-37014.0
-37014.0
-37014.0
-37014.0
-37014.0
-37014.0
-37014.0
-37014.0
-37014.0
-37014.0
-37014.0
-37014.0
-37014.0
-37014.0
-37014.0
-37014.0
-37014.0
-37014.0
-37014.0
-37014.0
-37014.0
-37014.0
-37014.0
-37014.0
-37014.0
-37014.0
-37014.0
-37014.0
-37014.0
-37014.0
-37014.0
-37014.0
-37014.0
-37014.0
-37014.0
-37014.0
-37014.0
-37014.0
-37014.0
-37014.0
-37014.0
-37014.0
-37014.0
-37014.0
-37014.0
-37014.0
-37014.0
-37014.0
-37014.0
-37014.0
-37014.0
-37014.0
-37014.0
-37014.0
-37014.0
-37014.0
-37014.0
-37014.0
-37014.0
-37014.0
-37014.0
-37014.0
-37014.0
-37014.0
-37014.0
-37014.0
-37014.0
-37014.0
-37014.0
-37014.0
-37014.0
-37014.0
-37014.0
-37014.0
-37014.0
-37014.0
-37014.0
-37014.0
-37014.0
-37014.0
-37014.0
-37014.0
-37014.0
-37014.0
-37014.0
-37014.0
-37014.0
-37014.0
-37014.0
-37014.0
-37014.0
-37014.0
-37014.0
-37014.0
-37014.0
-37014.0
-37014.0
-37014.0
-37014.0
-37014.0
-37014.0
-37014.0
-37014.0
-37014.0
-37014.0
-37014.0
-37014.0
-37014.0
-37014.0
-37014.0
-37014.0
-37014.0
-37014.0
-37014.0
-37014.0
-37014.0



The list of values average 

-34672.86777777778
-34733.113888888896
-34790.634999999995
-34850.36166666665
-34931.87777777778
-35009.69555555555
-35086.986666666664
-35158.278333333335
-35253.32999999999
-35336.66499999999
-35416.60333333333
-35508.683888888896
-35620.48500000001
-35738.66277777777
-35859.4827777778
-35982.54888888889
-36102.67
-36214.409999999996
-36325.92166666666
-36412.69777777778
-36484.281111111115
-36549.58222222223
-36605.57333333333
-36654.47277777779
-36696.11166666667
-36730.58888888889
-36761.61166666668
-36788.31166666668
-36812.91444444444
-36831.709999999985
-36849.48888888888
-36865.4238888889
-36878.278333333335
-36891.11277777778
-36900.76722222222
-36909.7588888889
-36918.84111111111
-36927.438888888886
-36934.12222222223
-36941.662222222214
-36946.97
-36953.36999999998
-36959.38555555556
-36962.95833333333
-36967.06722222223
-36972.93555555557
-36976.832222222234
-36980.23333333332
-36984.1972222222
-36986.941111111104
-36988.4877777778
-36990.92444444445
-36993.964444444464
-36996.800000000025
-36998.95333333333
-36999.91055555556
-37001.533888888895
-37004.23666666667
-37005.923888888894
-37007.158333333326
-37009.24722222222
-37010.91111111111
-37011.66388888889
-37012.82833333331
-37013.999444444446
-37015.38555555555
-37015.65888888892
-37015.97499999999
-37017.510555555535
-37018.67611111109
-37018.951666666675
-37019.727222222224
-37020.48
-37021.30111111113
-37022.813333333346
-37023.28888888889
-37024.03166666666
-37024.63111111112
-37025.33111111112
-37025.9011111111
-37025.50388888889
-37026.178888888884
-37027.06777777777
-37027.20722222222
-37027.56111111111
-37027.7311111111
-37027.796111111114
-37028.061666666676
-37028.13111111112
-37027.95611111112
-37028.59388888888
-37029.04166666665
-37029.26333333332
-37029.28277777777
-37029.578333333346
-37029.456666666665
-37030.093333333316
-37030.33277777779
-37030.32888888889
-37030.61888888889
-37030.99722222222
-37030.90333333333
-37031.163333333345
-37031.296666666676
-37030.952777777784
-37031.42444444447
-37031.30777777779
-37031.57611111111
-37031.41055555556
-37031.58833333334
-37031.64500000002
-37031.878888888896
-37031.64444444445
-37031.725000000006
-37031.64777777778
-37031.96666666666
-37031.93111111113
-37032.17000000001
-37032.451111111106
-37032.268888888895
-37032.33666666668
-37032.40777777779
-37032.594444444454
-37032.56722222223
-37032.49666666668
-37032.58055555556
-37032.51833333335
-37032.63833333334
-37032.79444444446
-37032.96611111112
-37032.957222222234
-37033.0938888889
-37033.0077777778
-37032.90277777779
-37033.00555555556
-37033.06833333335
-37033.13611111112
-37033.04277777779
-37033.206111111125
-37033.19333333335
-37033.09888888889
-37033.31777777778
-37033.3188888889
-37033.25166666667
-37033.31000000001
-37033.20555555556
-37033.328333333346
-37033.23444444445
-37033.40666666667
-37033.41166666667
-37033.37000000001
-37033.395555555566
-37033.26833333335
-37033.38944444445
-37033.50222222223
-37033.57722222224
-37033.55222222223
-37033.49222222223
-37033.4538888889
-37033.449444444464
-37033.51722222223
-37033.58277777779
-37033.587777777786
-37033.558888888896
-37033.54500000001
-37033.554444444446
-37033.57833333333
-37033.594444444454
-37033.59500000001
-37033.59000000002
-37033.53833333335
-37033.45555555556
-37033.57444444446
-37033.47222222222
-37033.518888888895
-37033.56722222223
-37033.63500000002
-37033.59722222223
-37033.645555555566
-37033.664444444454
-37033.57055555556
-37033.56666666668
-37033.5538888889
-37033.616111111114
-37033.63055555556
-37033.643888888895
-37033.70222222223
-37033.68722222223
-37033.63888888889
-37033.689444444455
-37033.69888888889
-37033.717222222236
-37033.64777777779
-37033.67500000001
-37033.74277777779
-37033.7838888889
-37033.86222222224
-37033.7188888889
-37033.813333333346
-37033.79722222224
-37033.77277777779
-37033.81833333334
-37033.84388888889
-37033.86333333335
-37033.91055555557
-37033.86555555557
-37033.8488888889
-37033.92277777779
-37033.88166666667
-37033.90666666667
-37033.883888888886
-37033.86666666668
-37033.936666666676
-37033.921666666676
-37033.8838888889
-37033.92666666667
-37033.945000000014
-37033.92000000001
-37033.89611111112
-37033.87833333334
-37033.92611111113
-37033.87055555557
-37033.91388888891
-37033.95111111112
-37033.969444444454
-37033.92500000001
-37033.94111111112
-37033.940555555564
-37033.93722222224
-37033.99000000001
-37033.975
-37033.925555555565
-37033.93555555557
-37033.947777777794
-37033.96833333334
-37033.94555555556
-37033.94777777779
-37033.96111111113
-37033.97111111112
-37033.89722222224
-37033.91111111113
-37033.97055555557
-37033.99777777779
-37033.96944444446
-37034.02777777779
-37034.0088888889
-37033.957777777796
-37034.050555555565
-37033.99833333335
-37034.030000000006
-37034.00611111112
-37033.96000000001
-37033.990000000005
-37034.00722222223
-37034.00333333334
-37034.02777777779
-37033.97222222223
-37033.98555555556
-37034.00666666667
-37033.89833333335
-37033.918888888904
-37033.9638888889
-37033.96055555557
-37033.96666666668
-37034.01388888889
-37033.9738888889
-37033.977777777785
-37033.98944444445
-37034.001666666685
-37033.983333333344
-37033.99055555557
-37034.0438888889
-37034.02000000002
-37034.00777777779
-37034.03555555557
-37034.008333333346
-37034.02944444445
-37034.00833333334
-37034.01611111112
-37034.01166666668
-37034.040555555555
-37034.05000000001
-37034.01166666668
-37034.04555555557
-37034.0638888889
-37034.064444444455
-37034.05111111113
-37034.05111111112
-37034.05611111112
-37034.07277777779
-37034.0838888889
-37034.08555555557
-37034.04722222223
-37034.07333333334
-37034.067222222235
-37034.045000000006
-37034.02166666667
-37034.07277777779
-37034.05277777778
-37034.047777777785
-37034.0488888889
-37034.06777777779
-37034.01722222223
-37034.05666666668
-37034.08055555556
-37034.06055555557
-37034.0677777778
-37034.067222222235
-37034.066111111126
-37034.04555555556
-37034.07333333334
-37034.05777777779
-37034.05500000001
-37034.07166666668
-37034.06666666667
-37034.06611111112
-37034.06
-37034.07000000001
-37034.05111111112
-37034.07166666668
-37034.05722222223
-37034.064444444455
-37034.067222222235
-37034.07722222224
-37034.07555555556
-37034.070000000014
-37034.03333333335
-37034.06333333334
-37034.07166666668
-37034.065555555564
-37034.024444444454
-37034.0438888889
-37034.06055555557
-37034.05277777779
-37034.091666666674
-37034.087777777786
-37034.07333333334
-37034.06722222223
-37034.07777777778
-37034.05000000001
-37034.058333333334
-37034.071111111116
-37034.07166666667
-37034.0988888889
-37034.07611111112
-37034.054444444446
-37034.04277777779
-37034.0538888889
-37034.06500000001
-37034.065555555564
-37034.07277777779
-37034.05833333334
-37034.06666666667
-37034.04777777779
-37034.07277777779
-37034.08166666668
-37034.09055555556
-37034.08944444445
-37034.076666666675
-37034.08333333334
-37034.08277777778
-37034.06444444445
-37034.10111111112
-37034.08555555556
-37034.08000000001
-37034.083333333336
-37034.08277777779
-37034.100000000006
-37034.07944444445
-37034.07333333334
-37034.05333333334
-37034.06777777779
-37034.07722222223
-37034.08333333334
-37034.061666666676
-37034.08166666667
-37034.102222222224
-37034.07722222223
-37034.0938888889
-37034.090000000004
-37034.09833333334
-37034.10222222223
-37034.09722222223
-37034.09388888889
-37034.104444444456
-37034.102222222224
-37034.08944444445
-37034.10055555557
-37034.10166666668
-37034.083333333336
-37034.09333333334
-37034.102777777785
-37034.09666666667
-37034.09277777778
-37034.1088888889
-37034.1038888889
-37034.09777777779
-37034.09388888889
-37034.09555555556
-37034.10444444445
-37034.10166666667
-37034.10000000001
-37034.0938888889
-37034.09388888889
-37034.102777777785
-37034.100000000006
-37034.100000000006
-37034.09333333334
-37034.10333333334
-37034.10833333334
-37034.115000000005
-37034.103888888894
-37034.118888888894
-37034.105
-37034.0988888889
-37034.095000000016
-37034.09944444445
-37034.11000000001
-37034.10777777778
-37034.11444444445
-37034.10722222223
-37034.10888888889
-37034.106666666674
-37034.095
-37034.09777777778
-37034.11111111112
-37034.096111111125
-37034.10333333334
-37034.0938888889
-37034.100000000006
-37034.08944444445
-37034.10333333334
-37034.11611111112
-37034.10777777779
-37034.105555555565
-37034.11000000001
-37034.10277777778
-37034.09777777779
-37034.09555555556
-37034.098333333335
-37034.11833333334
-37034.10611111113
-37034.10055555556
-37034.11055555557
-37034.10000000001
-37034.09277777778
-37034.11000000001
-37034.10888888889
-37034.12166666667
-37034.11000000001
-37034.10944444445
-37034.113888888896
-37034.10777777778
-37034.112222222226
-37034.116111111114
-37034.116666666676
-37034.117777777785
-37034.115000000005
-37034.116111111114
-37034.115000000005
-37034.113333333335
-37034.108333333344
-37034.105
-37034.11722222222
-37034.12166666667
-37034.102777777785
-37034.11166666667
-37034.120555555564
-37034.10500000001
-37034.12111111112
-37034.12222222223
-37034.12000000001
-37034.11388888889
-37034.113888888896
-37034.11555555557
-37034.11833333334
-37034.116666666676
-37034.10444444445
-37034.12222222223
-37034.11555555556
-37034.11555555556
-37034.11277777779
-37034.12166666667
-37034.094444444454
-37034.12666666667
-37034.11333333334
-37034.1088888889
-37034.11333333334
-37034.119444444455
-37034.12333333334
-37034.119444444455
-37034.11444444445
-37034.10777777778
-37034.10777777778
-37034.11055555556
-37034.11555555556
-37034.116111111114
-37034.12500000001
-37034.11055555556
-37034.11111111112
-37034.11444444444
-37034.11444444445
-37034.10444444445
-37034.1188888889
-37034.108333333344
-37034.11000000001
-37034.11555555556
-37034.10722222223
-37034.11555555556
-37034.11944444445
-37034.12222222223
-37034.12
-37034.11333333334
-37034.113333333335
-37034.115000000005
-37034.11222222223
-37034.11277777779
-37034.12222222223
-37034.11000000001
-37034.11611111112
-37034.11833333334
-37034.12000000001
-37034.11944444445
-37034.106666666674
-37034.11555555556
-37034.113888888896
-37034.112222222226
-37034.12222222223
-37034.117777777785
-37034.11166666667
-37034.12388888889
-37034.11666666667
-37034.1238888889
-37034.10111111112
-37034.11333333334
-37034.11500000001
-37034.12277777779
-37034.12277777779
-37034.118888888894
-37034.113333333335
-37034.11444444445
-37034.11944444445
-37034.11833333335
-37034.12222222223
-37034.11722222223
-37034.117777777785
-37034.117777777785
-37034.12722222223
-37034.11611111112
-37034.12111111112
-37034.120555555564
-37034.11722222223
-37034.1188888889
-37034.10611111111
-37034.12277777778
-37034.11111111112
-37034.103888888894
-37034.10277777778
-37034.116666666676
-37034.12111111112
-37034.106666666674
-37034.11222222223
-37034.10833333334
-37034.11611111112
-37034.12111111112
-37034.115000000005
-37034.11444444445
-37034.12333333334
-37034.11722222223
-37034.12111111112
-37034.12222222223
-37034.10666666667
-37034.12000000001
-37034.1188888889
-37034.11611111112
-37034.11666666667
-37034.123333333344
-37034.120555555564
-37034.12777777778
-37034.12277777778
-37034.123333333344
-37034.11722222222
-37034.11333333334
-37034.12611111112
-37034.124444444446
-37034.12000000001
-37034.12277777779
-37034.12444444445
-37034.12333333334
-37034.12166666667
-37034.11833333334
-37034.11833333335
-37034.11444444445
-37034.117777777785
-37034.116111111114
-37034.119444444455
-37034.11222222223
-37034.11444444446
-37034.11944444444
-37034.12555555556
-37034.11166666667
-37034.12222222223
-37034.12777777779
-37034.11833333334
-37034.11555555557
-37034.11333333334
-37034.10777777778
-37034.11444444445
-37034.11611111112
-37034.11666666667
-37034.11722222223
-37034.11666666667
-37034.118888888894
-37034.11833333334
-37034.11111111112
-37034.11166666667
-37034.116666666676
-37034.11277777778
-37034.11555555556
-37034.1188888889
-37034.116111111114
-37034.11611111112
-37034.113888888896
-37034.117777777785
-37034.12277777779
-37034.11722222223
-37034.11666666667
-37034.12277777778
-37034.12666666667
-37034.12
-37034.116111111114
-37034.120555555564
-37034.12277777778
-37034.11833333334
-37034.12055555556
-37034.12277777778
-37034.115
-37034.11444444445
-37034.11444444445
-37034.119444444455
-37034.12055555556
-37034.12222222223
-37034.12277777778
-37034.117777777785
-37034.12277777778
-37034.12166666667
-37034.12166666667
-37034.115000000005
-37034.11611111112
-37034.12444444445
-37034.126111111116
-37034.12666666668
-37034.12222222222
-37034.12333333334
-37034.12166666667
-37034.116111111114
-37034.12055555556
-37034.118888888894
-37034.12277777778
-37034.123333333344
-37034.12277777778
-37034.12111111112
-37034.120555555564
-37034.12055555556
-37034.1238888889
-37034.12333333334
-37034.12222222223
-37034.123333333344



The list of best values average 

-35060.09999999999
-35100.03
-35169.18999999998
-35212.0
-35295.549999999974
-35366.260000000024
-35432.78
-35512.29
-35643.060000000005
-35694.93999999999
-35788.2
-35858.790000000015
-35993.859999999986
-36101.75999999998
-36217.10000000001
-36324.25
-36442.09
-36523.839999999975
-36606.110000000015
-36666.990000000005
-36731.46000000001
-36785.68
-36819.98999999998
-36847.42999999999
-36874.1
-36898.55000000002
-36919.590000000004
-36934.77999999999
-36948.60999999999
-36960.81000000002
-36967.63999999999
-36979.55000000001
-36983.880000000005
-36992.19999999998
-36998.69000000003
-37002.27
-37002.66000000001
-37009.359999999986
-37011.98999999999
-37013.979999999996
-37016.090000000004
-37019.68000000001
-37020.13000000001
-37022.70000000002
-37024.71000000001
-37024.469999999994
-37026.16000000001
-37026.67999999999
-37028.82000000001
-37028.22
-37030.920000000006
-37031.26000000001
-37031.43000000001
-37031.439999999995
-37032.29
-37032.960000000014
-37032.79
-37033.150000000016
-37033.630000000005
-37033.87000000002
-37034.96000000001
-37035.12
-37034.96000000001
-37035.46000000001
-37035.42
-37035.740000000005
-37036.11000000001
-37036.30000000001
-37036.420000000006
-37036.60999999999
-37036.49
-37036.79999999999
-37036.45999999999
-37036.56999999999
-37036.600000000006
-37036.47000000001
-37036.8
-37036.97
-37036.72
-37036.75000000001
-37036.950000000004
-37036.62
-37036.850000000006
-37036.850000000006
-37036.850000000006
-37036.70000000001
-37036.85000000001
-37036.790000000015
-37036.85000000001
-37036.740000000005
-37036.740000000005
-37037.020000000004
-37037.05
-37037.02000000001
-37036.990000000005
-37036.82000000001
-37037.13000000001
-37037.06000000001
-37037.13000000001
-37037.15000000001
-37037.12000000002
-37037.12000000001
-37037.180000000015
-37037.12000000001
-37037.10000000001
-37037.16000000001
-37037.16000000001
-37037.15000000001
-37037.19000000002
-37037.19000000002
-37037.10000000001
-37037.20000000001
-37037.17000000001
-37037.18000000001
-37037.17000000001
-37037.17000000001
-37037.10000000001
-37037.110000000015
-37037.19000000001
-37037.12000000001
-37037.13000000001
-37037.12000000001
-37037.150000000016
-37037.12000000002
-37037.13000000001
-37037.08000000001
-37037.05000000001
-37037.06000000001
-37037.12000000002
-37037.18000000001
-37037.16000000002
-37037.140000000014
-37037.12000000002
-37037.09000000001
-37037.10000000001
-37037.12000000002
-37037.110000000015
-37037.180000000015
-37037.12000000002
-37037.19000000001
-37037.10000000001
-37037.140000000014
-37037.13000000001
-37037.12000000001
-37037.110000000015
-37037.12000000001
-37037.12000000001
-37037.12000000001
-37037.13000000001
-37037.13000000001
-37037.080000000016
-37037.150000000016
-37037.140000000014
-37037.140000000014
-37037.12000000001
-37037.110000000015
-37037.12000000001
-37037.12000000001
-37037.10000000001
-37037.150000000016
-37037.140000000014
-37037.140000000014
-37037.12000000001
-37037.12000000001
-37037.12000000001
-37037.14000000001
-37037.100000000006
-37037.11000000001
-37037.100000000006
-37037.13000000001
-37037.110000000015
-37037.08000000001
-37037.12000000001
-37037.09000000001
-37037.100000000006
-37037.12000000001
-37037.11000000001
-37037.12000000001
-37037.100000000006
-37037.11000000001
-37037.08000000001
-37037.08000000001
-37037.08000000001
-37037.100000000006
-37037.100000000006
-37037.12000000001
-37037.100000000006
-37037.100000000006
-37037.12000000001
-37037.12000000001
-37037.12000000001
-37037.12000000001
-37037.100000000006
-37037.100000000006
-37037.12000000001
-37037.100000000006
-37037.100000000006
-37037.12000000001
-37037.100000000006
-37037.14000000001
-37037.12000000001
-37037.12000000001
-37037.12000000001
-37037.12000000001
-37037.12000000001
-37037.140000000014
-37037.140000000014
-37037.140000000014
-37037.150000000016
-37037.150000000016
-37037.150000000016
-37037.13000000001
-37037.140000000014
-37037.140000000014
-37037.16000000001
-37037.140000000014
-37037.140000000014
-37037.140000000014
-37037.150000000016
-37037.140000000014
-37037.150000000016
-37037.140000000014
-37037.150000000016
-37037.150000000016
-37037.140000000014
-37037.150000000016
-37037.140000000014
-37037.13000000001
-37037.140000000014
-37037.140000000014
-37037.150000000016
-37037.140000000014
-37037.140000000014
-37037.140000000014
-37037.140000000014
-37037.140000000014
-37037.140000000014
-37037.140000000014
-37037.140000000014
-37037.140000000014
-37037.140000000014
-37037.150000000016
-37037.140000000014
-37037.150000000016
-37037.150000000016
-37037.17000000001
-37037.150000000016
-37037.150000000016
-37037.150000000016
-37037.150000000016
-37037.150000000016
-37037.140000000014
-37037.140000000014
-37037.140000000014
-37037.140000000014
-37037.140000000014
-37037.140000000014
-37037.140000000014
-37037.140000000014
-37037.140000000014
-37037.140000000014
-37037.140000000014
-37037.140000000014
-37037.140000000014
-37037.150000000016
-37037.150000000016
-37037.150000000016
-37037.140000000014
-37037.140000000014
-37037.150000000016
-37037.140000000014
-37037.140000000014
-37037.20000000001
-37037.20000000001
-37037.20000000001
-37037.20000000001
-37037.20000000001
-37037.20000000001
-37037.20000000001
-37037.210000000014
-37037.210000000014
-37037.210000000014
-37037.140000000014
-37037.150000000016
-37037.140000000014
-37037.140000000014
-37037.140000000014
-37037.140000000014
-37037.150000000016
-37037.150000000016
-37037.140000000014
-37037.140000000014
-37037.140000000014
-37037.140000000014
-37037.140000000014
-37037.140000000014
-37037.140000000014
-37037.140000000014
-37037.140000000014
-37037.140000000014
-37037.13000000001
-37037.140000000014
-37037.140000000014
-37037.140000000014
-37037.140000000014
-37037.140000000014
-37037.140000000014
-37037.150000000016
-37037.150000000016
-37037.150000000016
-37037.140000000014
-37037.150000000016
-37037.140000000014
-37037.150000000016
-37037.140000000014
-37037.140000000014
-37037.140000000014
-37037.150000000016
-37037.140000000014
-37037.150000000016
-37037.140000000014
-37037.140000000014
-37037.140000000014
-37037.140000000014
-37037.140000000014
-37037.150000000016
-37037.140000000014
-37037.140000000014
-37037.140000000014
-37037.140000000014
-37037.140000000014
-37037.140000000014
-37037.150000000016
-37037.140000000014
-37037.140000000014
-37037.150000000016
-37037.150000000016
-37037.140000000014
-37037.140000000014
-37037.140000000014
-37037.140000000014
-37037.140000000014
-37037.140000000014
-37037.140000000014
-37037.140000000014
-37037.140000000014
-37037.140000000014
-37037.140000000014
-37037.140000000014
-37037.140000000014
-37037.140000000014
-37037.140000000014
-37037.140000000014
-37037.140000000014
-37037.150000000016
-37037.150000000016
-37037.150000000016
-37037.150000000016
-37037.140000000014
-37037.150000000016
-37037.150000000016
-37037.150000000016
-37037.150000000016
-37037.150000000016
-37037.150000000016
-37037.150000000016
-37037.150000000016
-37037.150000000016
-37037.150000000016
-37037.150000000016
-37037.150000000016
-37037.150000000016
-37037.150000000016
-37037.150000000016
-37037.150000000016
-37037.150000000016
-37037.150000000016
-37037.150000000016
-37037.150000000016
-37037.150000000016
-37037.150000000016
-37037.150000000016
-37037.150000000016
-37037.150000000016
-37037.150000000016
-37037.17000000001
-37037.150000000016
-37037.150000000016
-37037.150000000016
-37037.150000000016
-37037.150000000016
-37037.150000000016
-37037.150000000016
-37037.150000000016
-37037.150000000016
-37037.150000000016
-37037.150000000016
-37037.150000000016
-37037.140000000014
-37037.150000000016
-37037.150000000016
-37037.150000000016
-37037.150000000016
-37037.150000000016
-37037.150000000016
-37037.150000000016
-37037.150000000016
-37037.150000000016
-37037.150000000016
-37037.150000000016
-37037.150000000016
-37037.150000000016
-37037.150000000016
-37037.150000000016
-37037.150000000016
-37037.150000000016
-37037.150000000016
-37037.150000000016
-37037.150000000016
-37037.150000000016
-37037.150000000016
-37037.150000000016
-37037.150000000016
-37037.150000000016
-37037.150000000016
-37037.150000000016
-37037.150000000016
-37037.150000000016
-37037.150000000016
-37037.150000000016
-37037.150000000016
-37037.150000000016
-37037.150000000016
-37037.150000000016
-37037.150000000016
-37037.150000000016
-37037.150000000016
-37037.150000000016
-37037.150000000016
-37037.150000000016
-37037.150000000016
-37037.150000000016
-37037.150000000016
-37037.150000000016
-37037.150000000016
-37037.150000000016
-37037.140000000014
-37037.150000000016
-37037.150000000016
-37037.150000000016
-37037.150000000016
-37037.150000000016
-37037.150000000016
-37037.150000000016
-37037.150000000016
-37037.150000000016
-37037.150000000016
-37037.150000000016
-37037.150000000016
-37037.150000000016
-37037.150000000016
-37037.150000000016
-37037.140000000014
-37037.150000000016
-37037.150000000016
-37037.140000000014
-37037.150000000016
-37037.150000000016
-37037.150000000016
-37037.150000000016
-37037.150000000016
-37037.150000000016
-37037.150000000016
-37037.150000000016
-37037.150000000016
-37037.150000000016
-37037.150000000016
-37037.150000000016
-37037.150000000016
-37037.150000000016
-37037.150000000016
-37037.150000000016
-37037.150000000016
-37037.150000000016
-37037.150000000016
-37037.150000000016
-37037.150000000016
-37037.150000000016
-37037.150000000016
-37037.150000000016
-37037.150000000016
-37037.150000000016
-37037.150000000016
-37037.150000000016
-37037.150000000016
-37037.150000000016
-37037.150000000016
-37037.150000000016
-37037.150000000016
-37037.150000000016
-37037.150000000016
-37037.150000000016
-37037.150000000016
-37037.150000000016
-37037.150000000016
-37037.150000000016
-37037.150000000016
-37037.150000000016
-37037.150000000016
-37037.150000000016
-37037.150000000016
-37037.150000000016
-37037.150000000016
-37037.150000000016
-37037.150000000016
-37037.140000000014
-37037.150000000016
-37037.150000000016
-37037.150000000016
-37037.150000000016
-37037.150000000016
-37037.150000000016
-37037.150000000016
-37037.150000000016
-37037.150000000016
-37037.150000000016
-37037.150000000016
-37037.150000000016
-37037.150000000016
-37037.150000000016
-37037.150000000016
-37037.150000000016
-37037.150000000016
-37037.150000000016
-37037.150000000016
-37037.150000000016
-37037.150000000016
-37037.150000000016
-37037.150000000016
-37037.150000000016
-37037.150000000016
-37037.150000000016
-37037.150000000016
-37037.150000000016
-37037.150000000016
-37037.150000000016
-37037.150000000016
-37037.150000000016
-37037.150000000016
-37037.150000000016
-37037.150000000016
-37037.150000000016
-37037.150000000016
-37037.150000000016
-37037.150000000016
-37037.150000000016
-37037.150000000016
-37037.150000000016
-37037.150000000016
-37037.150000000016
-37037.150000000016
-37037.150000000016
-37037.150000000016
-37037.150000000016
-37037.150000000016
-37037.150000000016
-37037.150000000016
-37037.150000000016
-37037.150000000016
-37037.150000000016
-37037.150000000016
-37037.150000000016
-37037.150000000016
-37037.150000000016
-37037.150000000016
-37037.150000000016
-37037.150000000016
-37037.150000000016
-37037.150000000016
-37037.150000000016
-37037.150000000016
-37037.150000000016
-37037.150000000016
-37037.150000000016
-37037.150000000016
-37037.150000000016
-37037.150000000016
-37037.150000000016
-37037.150000000016
-37037.150000000016
-37037.150000000016
-37037.150000000016
-37037.150000000016
-37037.150000000016
-37037.150000000016
-37037.150000000016
-37037.150000000016
-37037.150000000016
-37037.150000000016
-37037.150000000016
-37037.150000000016
-37037.150000000016
-37037.150000000016
-37037.150000000016
-37037.150000000016
-37037.150000000016
-37037.150000000016
-37037.150000000016
-37037.150000000016
-37037.150000000016
-37037.150000000016
-37037.150000000016
-37037.150000000016
-37037.150000000016
-37037.150000000016
-37037.150000000016
-37037.150000000016
-37037.150000000016
-37037.150000000016
-37037.150000000016
-37037.150000000016
-37037.150000000016
-37037.150000000016
-37037.150000000016
-37037.150000000016
-37037.150000000016
-37037.150000000016
-37037.150000000016
-37037.150000000016
-37037.150000000016
-37037.150000000016
-37037.150000000016
-37037.150000000016
-37037.150000000016
-37037.150000000016
-37037.150000000016
-37037.150000000016
-37037.150000000016
-37037.150000000016
-37037.150000000016
-37037.150000000016
-37037.150000000016
-37037.150000000016
-37037.150000000016
-37037.150000000016
-37037.150000000016
-37037.150000000016
-37037.150000000016
-37037.150000000016
-37037.150000000016
-37037.150000000016
-37037.150000000016
-37037.150000000016
-37037.150000000016
-37037.150000000016
-37037.150000000016
-37037.150000000016
-37037.150000000016
-37037.150000000016
-37037.150000000016
-37037.150000000016
-37037.150000000016
-37037.150000000016
-37037.150000000016
-37037.150000000016
-37037.150000000016
-37037.150000000016
-37037.150000000016
