----------Report of simulation of Path Integral Quantum Monte Carlo-----------
The number of considered Spin 53
The considered Annealing Duration 212
The considered Annealing Number 100
The considered T 1.0
The considered Gamma0 1.0
The considered Number Of Replica 18
The solution found [-1  1  1 -1  1  1  1  1 -1 -1 -1 -1  1  1 -1 -1  1 -1  1 -1  1  1 -1 -1
 -1 -1 -1  1 -1 -1  1 -1  1 -1  1 -1  1 -1  1 -1  1 -1  1 -1 -1  1  1  1
  1  1  1 -1 -1]
The value found -4017.0
The Success probability is 0.85
The average value is -4016.26
The total execution time is 460.2464089393616
The average time for execution is 4.602462315559388
The average time for system update is 0.021625876100558154
The average time for replica update is 0.0012010570723305707
The average time for spin update is 2.2327334772092407e-05
The list of values found 

-4017.0
-4017.0
-4017.0
-4017.0
-4017.0
-4017.0
-4017.0
-4017.0
-4017.0
-4011.0
-4017.0
-4017.0
-4017.0
-4017.0
-4017.0
-4017.0
-4017.0
-4017.0
-4011.0
-4017.0
-4017.0
-4017.0
-4017.0
-4017.0
-4011.0
-4017.0
-4015.0
-4017.0
-4017.0
-4017.0
-4017.0
-4017.0
-4017.0
-4017.0
-4017.0
-4017.0
-4017.0
-4017.0
-4017.0
-4017.0
-4017.0
-4017.0
-4017.0
-4017.0
-4015.0
-4017.0
-4017.0
-4011.0
-4017.0
-4017.0
-4015.0
-4017.0
-4017.0
-4017.0
-4017.0
-4017.0
-4017.0
-4017.0
-4017.0
-4017.0
-4017.0
-4017.0
-4017.0
-4017.0
-4017.0
-4017.0
-4011.0
-4011.0
-4011.0
-4017.0
-4017.0
-4017.0
-4017.0
-4017.0
-4017.0
-4017.0
-4017.0
-4017.0
-4017.0
-4017.0
-4017.0
-4015.0
-4017.0
-4017.0
-4017.0
-4017.0
-4011.0
-4017.0
-4017.0
-4017.0
-4017.0
-4017.0
-4011.0
-4011.0
-4017.0
-4017.0
-4017.0
-4017.0
-4011.0
-4017.0



The list of values first execution 

-3569.1111111111113
-3605.8888888888887
-3629.5555555555557
-3666.0
-3684.722222222222
-3740.777777777778
-3796.722222222222
-3844.3333333333335
-3875.6666666666665
-3912.8888888888887
-3922.777777777778
-3941.5555555555557
-3958.1111111111113
-3968.3888888888887
-3967.222222222222
-3972.6111111111113
-3976.1111111111113
-3973.777777777778
-3978.5
-3972.4444444444443
-3977.8333333333335
-3988.4444444444443
-3996.8333333333335
-3997.8333333333335
-4000.222222222222
-3999.0
-3998.5
-4002.3333333333335
-4002.777777777778
-4005.4444444444443
-4009.0
-4014.222222222222
-4013.0
-4013.222222222222
-4012.722222222222
-4011.8888888888887
-4013.0
-4012.1111111111113
-4013.4444444444443
-4015.1111111111113
-4013.777777777778
-4014.222222222222
-4015.277777777778
-4015.222222222222
-4017.0
-4017.0
-4017.0
-4017.0
-4017.0
-4017.0
-4017.0
-4017.0
-4017.0
-4017.0
-4017.0
-4017.0
-4017.0
-4017.0
-4017.0
-4017.0
-4017.0
-4017.0
-4017.0
-4017.0
-4017.0
-4017.0
-4017.0
-4017.0
-4017.0
-4017.0
-4017.0
-4017.0
-4017.0
-4017.0
-4017.0
-4017.0
-4017.0
-4017.0
-4017.0
-4017.0
-4017.0
-4017.0
-4017.0
-4017.0
-4017.0
-4017.0
-4017.0
-4017.0
-4017.0
-4017.0
-4017.0
-4017.0
-4017.0
-4017.0
-4017.0
-4017.0
-4017.0
-4017.0
-4017.0
-4017.0
-4017.0
-4017.0
-4017.0
-4017.0
-4017.0
-4017.0
-4017.0
-4017.0
-4017.0
-4017.0
-4017.0
-4017.0
-4017.0
-4017.0
-4017.0
-4017.0
-4017.0
-4017.0
-4017.0
-4017.0
-4017.0
-4017.0
-4017.0
-4017.0
-4017.0
-4017.0
-4017.0
-4017.0
-4017.0
-4017.0
-4017.0
-4017.0
-4017.0
-4017.0
-4017.0
-4017.0
-4017.0
-4017.0
-4017.0
-4017.0
-4017.0
-4017.0
-4017.0
-4017.0
-4017.0
-4017.0
-4017.0
-4017.0
-4017.0
-4017.0
-4017.0
-4017.0
-4017.0
-4017.0
-4017.0
-4017.0
-4017.0
-4017.0
-4017.0
-4017.0
-4017.0
-4017.0
-4017.0
-4017.0
-4017.0
-4017.0
-4017.0
-4017.0
-4017.0
-4017.0
-4017.0
-4017.0
-4017.0
-4017.0
-4017.0
-4017.0
-4017.0
-4017.0
-4017.0
-4017.0
-4017.0
-4017.0
-4017.0
-4017.0
-4017.0
-4017.0
-4017.0
-4017.0
-4017.0
-4017.0
-4017.0
-4017.0
-4017.0
-4017.0
-4017.0
-4017.0
-4017.0
-4017.0
-4017.0
-4017.0
-4017.0
-4017.0
-4017.0
-4017.0
-4017.0
-4017.0
-4017.0
-4017.0
-4017.0
-4017.0
-4017.0
-4017.0



The list of best values first execution 

-3673.0
-3726.0
-3747.0
-3763.0
-3808.0
-3848.0
-3936.0
-3914.0
-3951.0
-3978.0
-3993.0
-3999.0
-3990.0
-3998.0
-3997.0
-3999.0
-3999.0
-3999.0
-4007.0
-4001.0
-3999.0
-4017.0
-4011.0
-4017.0
-4015.0
-4015.0
-4015.0
-4017.0
-4017.0
-4017.0
-4017.0
-4017.0
-4017.0
-4017.0
-4017.0
-4017.0
-4017.0
-4017.0
-4017.0
-4017.0
-4017.0
-4017.0
-4017.0
-4017.0
-4017.0
-4017.0
-4017.0
-4017.0
-4017.0
-4017.0
-4017.0
-4017.0
-4017.0
-4017.0
-4017.0
-4017.0
-4017.0
-4017.0
-4017.0
-4017.0
-4017.0
-4017.0
-4017.0
-4017.0
-4017.0
-4017.0
-4017.0
-4017.0
-4017.0
-4017.0
-4017.0
-4017.0
-4017.0
-4017.0
-4017.0
-4017.0
-4017.0
-4017.0
-4017.0
-4017.0
-4017.0
-4017.0
-4017.0
-4017.0
-4017.0
-4017.0
-4017.0
-4017.0
-4017.0
-4017.0
-4017.0
-4017.0
-4017.0
-4017.0
-4017.0
-4017.0
-4017.0
-4017.0
-4017.0
-4017.0
-4017.0
-4017.0
-4017.0
-4017.0
-4017.0
-4017.0
-4017.0
-4017.0
-4017.0
-4017.0
-4017.0
-4017.0
-4017.0
-4017.0
-4017.0
-4017.0
-4017.0
-4017.0
-4017.0
-4017.0
-4017.0
-4017.0
-4017.0
-4017.0
-4017.0
-4017.0
-4017.0
-4017.0
-4017.0
-4017.0
-4017.0
-4017.0
-4017.0
-4017.0
-4017.0
-4017.0
-4017.0
-4017.0
-4017.0
-4017.0
-4017.0
-4017.0
-4017.0
-4017.0
-4017.0
-4017.0
-4017.0
-4017.0
-4017.0
-4017.0
-4017.0
-4017.0
-4017.0
-4017.0
-4017.0
-4017.0
-4017.0
-4017.0
-4017.0
-4017.0
-4017.0
-4017.0
-4017.0
-4017.0
-4017.0
-4017.0
-4017.0
-4017.0
-4017.0
-4017.0
-4017.0
-4017.0
-4017.0
-4017.0
-4017.0
-4017.0
-4017.0
-4017.0
-4017.0
-4017.0
-4017.0
-4017.0
-4017.0
-4017.0
-4017.0
-4017.0
-4017.0
-4017.0
-4017.0
-4017.0
-4017.0
-4017.0
-4017.0
-4017.0
-4017.0
-4017.0
-4017.0
-4017.0
-4017.0
-4017.0
-4017.0
-4017.0
-4017.0
-4017.0
-4017.0
-4017.0
-4017.0
-4017.0
-4017.0
-4017.0
-4017.0
-4017.0



The list of values average 

-3574.5733333333333
-3595.2877777777767
-3614.8166666666666
-3640.187777777778
-3661.8361111111117
-3694.0761111111137
-3725.2788888888895
-3756.6327777777797
-3791.7411111111096
-3825.772222222221
-3858.1566666666677
-3889.022222222221
-3911.503333333333
-3929.8138888888884
-3944.2772222222225
-3953.382777777778
-3962.5655555555563
-3968.3350000000005
-3973.8138888888902
-3978.041111111111
-3981.7388888888895
-3985.907222222222
-3988.1277777777773
-3990.9683333333332
-3992.6105555555555
-3993.728333333334
-3996.075555555556
-3997.767222222223
-3999.2499999999995
-4000.441111111111
-4001.85611111111
-4002.6983333333337
-4002.857777777779
-4004.041111111111
-4004.8350000000014
-4005.3938888888883
-4006.0911111111113
-4007.0983333333347
-4007.242777777779
-4007.71388888889
-4008.5744444444445
-4008.9155555555567
-4009.246666666667
-4009.7216666666677
-4009.974444444447
-4010.2722222222233
-4010.5633333333344
-4010.7755555555564
-4011.0177777777785
-4011.436666666668
-4011.3994444444456
-4011.4966666666683
-4011.8027777777797
-4012.0522222222235
-4012.322222222225
-4012.4722222222235
-4012.563888888891
-4012.515000000002
-4012.7294444444474
-4012.893333333335
-4012.9311111111138
-4012.910555555558
-4012.8005555555565
-4012.9533333333356
-4013.058333333336
-4013.072777777782
-4013.2588888888918
-4013.287777777781
-4013.4633333333354
-4013.4616666666693
-4013.6094444444466
-4013.701111111113
-4013.8100000000018
-4013.848888888892
-4013.7861111111133
-4013.8183333333363
-4013.8116666666697
-4013.888333333335
-4013.9638888888926
-4014.007222222225
-4014.0455555555586
-4014.0616666666688
-4014.032222222225
-4014.123333333336
-4014.071666666669
-4014.1088888888908
-4014.1083333333368
-4014.1044444444465
-4014.1577777777793
-4014.108888888891
-4014.1888888888907
-4014.1983333333355
-4014.2072222222246
-4014.2344444444466
-4014.266111111113
-4014.3277777777816
-4014.2944444444474
-4014.3322222222246
-4014.377222222225
-4014.3227777777806
-4014.3427777777797
-4014.321666666669
-4014.3627777777806
-4014.375555555558
-4014.376666666669
-4014.361111111114
-4014.414444444446
-4014.400555555558
-4014.458333333336
-4014.433333333336
-4014.4650000000006
-4014.4183333333353
-4014.4577777777786
-4014.4511111111124
-4014.468333333335
-4014.5005555555567
-4014.486111111113
-4014.5055555555587
-4014.5238888888907
-4014.5188888888906
-4014.5022222222256
-4014.534444444446
-4014.516111111112
-4014.556111111113
-4014.5400000000013
-4014.530000000002
-4014.560000000002
-4014.5877777777796
-4014.553333333335
-4014.5661111111135
-4014.585555555558
-4014.586111111114
-4014.569444444447
-4014.5611111111116
-4014.5788888888906
-4014.5922222222243
-4014.607777777781
-4014.5644444444465
-4014.5994444444455
-4014.5727777777806
-4014.5966666666686
-4014.600555555558
-4014.591666666668
-4014.5861111111135
-4014.5966666666686
-4014.589444444446
-4014.6055555555563
-4014.607222222224
-4014.6100000000024
-4014.5844444444447
-4014.575555555557
-4014.574444444446
-4014.6005555555575
-4014.579444444446
-4014.601111111112
-4014.603333333335
-4014.5833333333353
-4014.60888888889
-4014.6127777777792
-4014.6194444444463
-4014.6077777777796
-4014.6177777777793
-4014.5922222222234
-4014.616111111113
-4014.582222222223
-4014.610000000002
-4014.5705555555587
-4014.606111111114
-4014.5950000000025
-4014.620000000002
-4014.6000000000013
-4014.6150000000025
-4014.586111111114
-4014.595555555558
-4014.610555555557
-4014.626666666669
-4014.6200000000013
-4014.636111111112
-4014.617777777779
-4014.6344444444453
-4014.6122222222234
-4014.6366666666686
-4014.631111111112
-4014.63888888889
-4014.5872222222238
-4014.616666666668
-4014.606666666668
-4014.625555555556
-4014.611666666668
-4014.6322222222234
-4014.6372222222235
-4014.6427777777794
-4014.6583333333338
-4014.658333333334
-4014.6550000000016
-4014.657777777779
-4014.6350000000016
-4014.651111111112
-4014.6611111111124
-4014.6600000000017
-4014.650555555558
-4014.64777777778
-4014.669444444446
-4014.6650000000013
-4014.653333333335
-4014.652222222224
-4014.649444444446
-4014.662777777779
-4014.6688888888893
-4014.6666666666674
-4014.6666666666674
-4014.657777777779



The list of best values average 

-3702.0800000000013
-3714.53
-3733.6199999999985
-3763.329999999999
-3785.879999999998
-3813.8600000000006
-3852.05
-3879.7499999999995
-3910.1899999999996
-3937.9599999999996
-3955.1299999999997
-3974.8799999999997
-3986.09
-3994.0400000000004
-4001.430000000002
-4005.0200000000045
-4007.0400000000036
-4009.050000000005
-4010.6300000000037
-4011.170000000004
-4012.270000000005
-4013.580000000006
-4013.890000000006
-4014.1800000000053
-4014.5500000000056
-4014.350000000006
-4014.530000000005
-4015.150000000005
-4015.2000000000053
-4015.4800000000055
-4015.3000000000056
-4015.2000000000057
-4015.170000000006
-4015.4500000000057
-4015.380000000006
-4015.3800000000056
-4015.340000000005
-4015.4700000000053
-4015.550000000005
-4015.560000000005
-4015.5800000000054
-4015.6500000000055
-4015.6200000000053
-4015.8000000000056
-4015.8400000000056
-4015.8200000000056
-4015.7800000000057
-4015.8600000000056
-4015.8200000000056
-4015.7600000000057
-4015.8200000000056
-4015.8000000000056
-4015.8500000000054
-4015.8600000000056
-4015.9200000000055
-4015.9000000000055
-4015.9200000000055
-4015.8800000000056
-4015.8800000000056
-4015.8400000000056
-4015.8800000000056
-4015.9200000000055
-4015.9200000000055
-4015.8800000000056
-4015.8600000000056
-4015.8800000000056
-4015.8800000000056
-4015.8800000000056
-4015.8800000000056
-4015.8800000000056
-4015.8800000000056
-4015.8800000000056
-4015.8800000000056
-4015.8800000000056
-4015.8800000000056
-4015.8800000000056
-4015.8800000000056
-4015.8800000000056
-4015.8600000000056
-4015.8800000000056
-4015.8800000000056
-4015.8800000000056
-4015.8800000000056
-4015.8800000000056
-4015.8800000000056
-4015.8800000000056
-4015.8800000000056
-4015.8800000000056
-4015.8800000000056
-4015.8800000000056
-4015.8800000000056
-4015.8800000000056
-4015.8800000000056
-4015.8800000000056
-4015.8800000000056
-4015.8800000000056
-4015.8800000000056
-4015.8800000000056
-4015.8800000000056
-4015.8800000000056
-4015.8800000000056
-4015.8800000000056
-4015.8800000000056
-4015.8800000000056
-4015.8800000000056
-4015.8800000000056
-4015.8800000000056
-4015.8800000000056
-4015.8800000000056
-4015.8800000000056
-4015.8800000000056
-4015.8800000000056
-4015.8800000000056
-4015.8800000000056
-4015.8800000000056
-4015.8800000000056
-4015.8800000000056
-4015.8800000000056
-4015.8800000000056
-4015.8800000000056
-4015.8800000000056
-4015.8800000000056
-4015.8800000000056
-4015.8800000000056
-4015.8800000000056
-4015.8800000000056
-4015.8800000000056
-4015.8800000000056
-4015.8800000000056
-4015.8800000000056
-4015.8800000000056
-4015.8800000000056
-4015.8800000000056
-4015.8800000000056
-4015.8800000000056
-4015.8800000000056
-4015.8800000000056
-4015.8800000000056
-4015.8800000000056
-4015.8800000000056
-4015.8800000000056
-4015.8800000000056
-4015.8800000000056
-4015.8800000000056
-4015.8800000000056
-4015.8800000000056
-4015.8800000000056
-4015.8800000000056
-4015.8800000000056
-4015.8800000000056
-4015.8800000000056
-4015.8800000000056
-4015.8800000000056
-4015.8800000000056
-4015.8800000000056
-4015.8800000000056
-4015.8800000000056
-4015.8800000000056
-4015.8800000000056
-4015.8800000000056
-4015.8800000000056
-4015.8800000000056
-4015.8800000000056
-4015.8800000000056
-4015.8800000000056
-4015.8800000000056
-4015.8800000000056
-4015.8800000000056
-4015.8800000000056
-4015.8800000000056
-4015.8800000000056
-4015.8800000000056
-4015.8800000000056
-4015.8800000000056
-4015.8800000000056
-4015.8800000000056
-4015.8800000000056
-4015.8800000000056
-4015.8800000000056
-4015.8800000000056
-4015.8800000000056
-4015.8800000000056
-4015.8800000000056
-4015.8800000000056
-4015.8800000000056
-4015.8800000000056
-4015.8800000000056
-4015.8800000000056
-4015.8800000000056
-4015.8800000000056
-4015.8800000000056
-4015.8800000000056
-4015.8800000000056
-4015.8800000000056
-4015.8800000000056
-4015.8800000000056
-4015.8800000000056
-4015.8800000000056
-4015.8800000000056
-4015.8800000000056
-4015.8800000000056
-4015.8800000000056
-4015.8800000000056
-4015.8800000000056
-4015.8800000000056
-4015.8800000000056
-4015.8800000000056
-4015.8800000000056
-4015.8800000000056
-4015.8800000000056
-4015.8800000000056
-4015.8800000000056
