----------Report of simulation of Quantum Parallel Tempering - Population Annealing v1-----------
The number of considered Spin102
The considered Annealing Duration 408
The considered Annealing Number 100
The considered T 1.0
The considered Gamma0 1.0
The considered Number Of Replica 3
The considered Number Of System Tempering 3
The considered Number Of System Population 3
The solution found [ 1. -1.  1.  1.  1. -1.  1.  1. -1.  1. -1. -1. -1. -1. -1.  1. -1. -1.
  1.  1.  1.  1. -1. -1. -1.  1. -1.  1. -1. -1. -1. -1. -1. -1. -1. -1.
  1. -1. -1. -1.  1. -1.  1.  1.  1.  1. -1.  1.  1. -1.  1.  1.  1.  1.
 -1.  1. -1. -1. -1. -1.  1. -1.  1.  1.  1. -1.  1.  1. -1.  1. -1.  1.
 -1. -1. -1. -1. -1.  1. -1.  1.  1.  1.  1. -1. -1. -1. -1. -1.  1. -1.
  1.  1.  1.  1. -1. -1.  1.  1.  1.  1.  1.  1.]
The value found -14376.0
The Success probability is 0.79
The average value is -14370.09
The total execution time is 13576.98435306549
The average time for execution is 135.76984167575836
The average time for all systems update is 0.3325012932805454
The average time for system tempering update is 0.016991179626361996
The average time for system population update is 11468.921485185623
The average time for replica update is 0.01844768223711868
The average time for spin update is 0.00018039186066376607
The list of values found 

-14350.0
-14376.0
-14376.0
-14376.0
-14376.0
-14376.0
-14350.0
-14330.0
-14376.0
-14340.0
-14376.0
-14376.0
-14357.0
-14376.0
-14376.0
-14376.0
-14376.0
-14376.0
-14376.0
-14376.0
-14376.0
-14376.0
-14376.0
-14350.0
-14376.0
-14376.0
-14376.0
-14350.0
-14376.0
-14344.0
-14350.0
-14376.0
-14376.0
-14376.0
-14376.0
-14376.0
-14376.0
-14376.0
-14376.0
-14376.0
-14376.0
-14376.0
-14376.0
-14350.0
-14376.0
-14376.0
-14376.0
-14344.0
-14376.0
-14376.0
-14376.0
-14376.0
-14376.0
-14376.0
-14356.0
-14376.0
-14376.0
-14376.0
-14376.0
-14376.0
-14376.0
-14350.0
-14350.0
-14376.0
-14376.0
-14376.0
-14376.0
-14350.0
-14376.0
-14376.0
-14376.0
-14376.0
-14376.0
-14376.0
-14376.0
-14376.0
-14376.0
-14376.0
-14376.0
-14376.0
-14340.0
-14376.0
-14376.0
-14344.0
-14376.0
-14376.0
-14376.0
-14376.0
-14350.0
-14376.0
-14376.0
-14376.0
-14376.0
-14376.0
-14376.0
-14350.0
-14350.0
-14376.0
-14350.0
-14376.0



The list of values first execution 

-13307.222222222223
-13477.5
-13473.166666666666
-13519.222222222223
-13568.611111111111
-13513.222222222223
-13534.444444444445
-13554.222222222223
-13613.944444444445
-13576.166666666666
-13599.5
-13580.111111111111
-13599.944444444445
-13631.611111111111
-13614.611111111111
-13575.444444444445
-13710.388888888889
-13720.611111111111
-13674.722222222223
-13727.444444444445
-13677.0
-13738.833333333334
-13724.666666666666
-13766.388888888889
-13768.5
-13826.555555555555
-13812.333333333334
-13766.944444444445
-13837.0
-13835.0
-13840.055555555555
-13784.611111111111
-13815.833333333334
-13783.277777777777
-13824.833333333334
-13837.722222222223
-13837.944444444445
-13821.555555555555
-13817.0
-13783.666666666666
-13777.111111111111
-13860.777777777777
-13861.555555555555
-13888.166666666666
-13829.055555555555
-13918.5
-13901.611111111111
-13913.277777777777
-13881.444444444445
-13866.722222222223
-13897.5
-13887.833333333334
-13886.555555555555
-13914.888888888889
-13874.388888888889
-13870.333333333334
-13884.888888888889
-13893.111111111111
-13858.111111111111
-13918.5
-13874.5
-13948.833333333334
-13955.944444444445
-13913.277777777777
-13905.444444444445
-13937.5
-13932.111111111111
-13951.666666666666
-13938.111111111111
-13910.611111111111
-13915.722222222223
-13911.222222222223
-13935.444444444445
-13977.944444444445
-13942.5
-13976.388888888889
-13967.666666666666
-13930.888888888889
-13937.611111111111
-13944.333333333334
-13926.944444444445
-13950.222222222223
-13969.277777777777
-13924.666666666666
-13933.277777777777
-13908.722222222223
-13915.777777777777
-13906.444444444445
-13907.666666666666
-13944.388888888889
-13940.444444444445
-13968.888888888889
-13904.055555555555
-13951.277777777777
-13932.611111111111
-13998.444444444445
-13925.611111111111
-13936.777777777777
-13932.222222222223
-13960.888888888889
-13982.0
-13957.555555555555
-13955.055555555555
-13968.055555555555
-13956.444444444445
-13953.111111111111
-13923.5
-13941.0
-13956.722222222223
-13931.055555555555
-13961.777777777777
-13945.944444444445
-13983.222222222223
-13974.0
-13939.555555555555
-13947.444444444445
-13939.555555555555
-13944.388888888889
-13968.666666666666
-13955.277777777777
-13966.611111111111
-13983.166666666666
-13969.833333333334
-13929.388888888889
-13927.722222222223
-13962.555555555555
-13965.722222222223
-13943.222222222223
-13978.555555555555
-13938.333333333334
-13926.944444444445
-13868.111111111111
-13932.611111111111
-13839.777777777777
-13931.0
-13941.0
-13939.333333333334
-13935.666666666666
-13939.222222222223
-13918.388888888889
-13918.611111111111
-13963.833333333334
-13946.611111111111
-13968.166666666666
-13963.888888888889
-13927.444444444445
-13939.111111111111
-13923.388888888889
-13910.388888888889
-13933.111111111111
-13961.222222222223
-13969.5
-13975.166666666666
-13931.5
-13927.333333333334
-13929.5
-13936.166666666666
-13944.888888888889
-13929.555555555555
-13946.444444444445
-13897.944444444445
-13980.833333333334
-13974.055555555555
-13943.444444444445
-13920.166666666666
-13939.444444444445
-13928.611111111111
-13910.833333333334
-13953.722222222223
-13975.111111111111
-13994.611111111111
-14012.111111111111
-13969.611111111111
-13952.055555555555
-13936.944444444445
-13978.611111111111
-13951.666666666666
-13929.388888888889
-13901.666666666666
-13935.555555555555
-13941.388888888889
-13953.722222222223
-13951.0
-13957.888888888889
-13977.055555555555
-13983.833333333334
-13980.222222222223
-13975.055555555555
-13912.111111111111
-13941.111111111111
-13917.777777777777
-13964.833333333334
-13985.111111111111
-13971.555555555555
-13961.333333333334
-13924.333333333334
-13931.722222222223
-13921.388888888889
-13896.777777777777
-13934.777777777777
-13991.055555555555
-13909.611111111111
-13954.388888888889
-13935.666666666666
-13930.222222222223
-13934.833333333334
-13935.388888888889
-13965.611111111111
-13981.0
-13927.388888888889
-13891.277777777777
-13982.666666666666
-13904.166666666666
-13928.111111111111
-13920.333333333334
-13901.555555555555
-13913.166666666666
-13936.388888888889
-13951.111111111111
-13875.888888888889
-13938.111111111111
-13891.555555555555
-13927.388888888889
-13939.5
-13923.5
-13985.388888888889
-13981.833333333334
-13936.0
-13932.611111111111
-13948.166666666666
-13911.166666666666
-13888.111111111111
-13922.166666666666
-13962.722222222223
-13978.055555555555
-13974.611111111111
-13961.555555555555
-13987.611111111111
-13949.888888888889
-13951.611111111111
-13944.111111111111
-13941.111111111111
-13976.833333333334
-13943.555555555555
-13925.055555555555
-13955.111111111111
-13938.5
-13904.0
-13860.888888888889
-13911.222222222223
-13950.111111111111
-13955.5
-13954.0
-13960.055555555555
-13938.222222222223
-13942.166666666666
-13907.5
-13958.611111111111
-13936.555555555555
-13939.333333333334
-13943.166666666666
-13964.888888888889
-13906.388888888889
-13958.277777777777
-13917.111111111111
-13937.111111111111
-13928.166666666666
-13945.166666666666
-13967.888888888889
-13952.388888888889
-13930.944444444445
-13978.944444444445
-13911.055555555555
-13847.888888888889
-13928.111111111111
-13975.5
-13974.944444444445
-13982.944444444445
-13928.222222222223
-13963.166666666666
-13972.111111111111
-13931.777777777777
-13993.722222222223
-13991.388888888889
-14002.722222222223
-13943.222222222223
-13942.666666666666
-14003.111111111111
-13987.0
-13975.833333333334
-13915.111111111111
-13908.777777777777
-13935.777777777777
-13961.666666666666
-13930.888888888889
-13917.722222222223
-13951.388888888889
-13905.944444444445
-13910.666666666666
-13915.333333333334
-13955.5
-13963.388888888889
-13948.722222222223
-13957.0
-13949.277777777777
-13956.0
-13911.888888888889
-13971.111111111111
-13904.555555555555
-13909.833333333334
-13923.0
-13992.333333333334
-13955.611111111111
-13929.722222222223
-13915.0
-13951.833333333334
-13932.388888888889
-13934.055555555555
-13971.166666666666
-13956.0
-13966.611111111111
-13979.722222222223
-13944.777777777777
-13945.055555555555
-13911.277777777777
-13902.5
-13931.222222222223
-13945.277777777777
-13919.777777777777
-13943.888888888889
-13920.666666666666
-13938.777777777777
-13941.777777777777
-13899.5
-13954.555555555555
-13900.555555555555
-13991.388888888889
-13962.333333333334
-13997.277777777777
-13979.277777777777
-13978.055555555555
-13956.944444444445
-13930.666666666666
-13935.111111111111
-13953.277777777777
-13992.888888888889
-13986.222222222223
-13936.611111111111
-13959.777777777777
-13982.666666666666
-13959.388888888889
-13942.166666666666
-13978.0
-13960.5
-13962.055555555555
-13995.388888888889
-13982.888888888889
-13975.055555555555
-13930.555555555555
-13921.222222222223
-13927.0
-13951.666666666666
-13958.222222222223
-13971.944444444445
-13945.166666666666
-13926.611111111111
-13970.666666666666
-13953.055555555555
-13954.777777777777
-13931.111111111111
-13959.055555555555
-13948.888888888889
-13965.277777777777
-13958.388888888889
-13969.611111111111
-13995.888888888889
-13935.888888888889
-13971.777777777777
-13916.666666666666
-14009.111111111111
-13943.777777777777
-13955.333333333334
-13901.222222222223
-13934.611111111111
-13954.0
-13947.555555555555
-13915.388888888889
-13885.166666666666
-13981.0
-13956.111111111111
-13929.777777777777
-13929.166666666666
-13920.166666666666
-13926.555555555555
-13949.333333333334
-13927.444444444445
-13926.555555555555
-13944.055555555555
-13998.388888888889
-13915.166666666666
-13907.388888888889
-13929.111111111111
-13921.111111111111
-13930.944444444445
-13939.0
-13939.611111111111
-13980.722222222223
-13949.722222222223



The list of best values first execution 

-13954.0
-14112.0
-14206.0
-14225.0
-14258.0
-14265.0
-14287.0
-14299.0
-14299.0
-14323.0
-14323.0
-14323.0
-14323.0
-14323.0
-14323.0
-14323.0
-14323.0
-14323.0
-14323.0
-14323.0
-14323.0
-14323.0
-14323.0
-14323.0
-14323.0
-14323.0
-14323.0
-14323.0
-14323.0
-14323.0
-14323.0
-14323.0
-14323.0
-14323.0
-14323.0
-14323.0
-14323.0
-14323.0
-14323.0
-14323.0
-14323.0
-14323.0
-14323.0
-14323.0
-14323.0
-14323.0
-14339.0
-14323.0
-14323.0
-14332.0
-14326.0
-14326.0
-14321.0
-14321.0
-14320.0
-14328.0
-14328.0
-14328.0
-14328.0
-14328.0
-14328.0
-14330.0
-14350.0
-14350.0
-14350.0
-14337.0
-14350.0
-14334.0
-14328.0
-14336.0
-14337.0
-14350.0
-14350.0
-14350.0
-14350.0
-14350.0
-14350.0
-14350.0
-14331.0
-14342.0
-14337.0
-14341.0
-14328.0
-14328.0
-14328.0
-14331.0
-14331.0
-14337.0
-14331.0
-14341.0
-14338.0
-14340.0
-14340.0
-14342.0
-14341.0
-14341.0
-14350.0
-14342.0
-14342.0
-14342.0
-14340.0
-14342.0
-14341.0
-14342.0
-14342.0
-14342.0
-14342.0
-14342.0
-14342.0
-14341.0
-14328.0
-14328.0
-14328.0
-14342.0
-14341.0
-14342.0
-14328.0
-14328.0
-14341.0
-14341.0
-14342.0
-14342.0
-14342.0
-14341.0
-14342.0
-14341.0
-14341.0
-14341.0
-14341.0
-14342.0
-14342.0
-14341.0
-14341.0
-14341.0
-14339.0
-14342.0
-14342.0
-14341.0
-14341.0
-14342.0
-14342.0
-14342.0
-14341.0
-14341.0
-14341.0
-14341.0
-14335.0
-14340.0
-14350.0
-14350.0
-14350.0
-14350.0
-14350.0
-14350.0
-14350.0
-14350.0
-14350.0
-14350.0
-14350.0
-14350.0
-14350.0
-14350.0
-14350.0
-14350.0
-14350.0
-14350.0
-14350.0
-14350.0
-14350.0
-14350.0
-14350.0
-14350.0
-14350.0
-14350.0
-14350.0
-14350.0
-14350.0
-14350.0
-14350.0
-14350.0
-14350.0
-14350.0
-14350.0
-14350.0
-14350.0
-14350.0
-14350.0
-14350.0
-14350.0
-14350.0
-14350.0
-14350.0
-14350.0
-14350.0
-14350.0
-14350.0
-14350.0
-14350.0
-14350.0
-14350.0
-14350.0
-14350.0
-14350.0
-14350.0
-14350.0
-14350.0
-14350.0
-14350.0
-14350.0
-14350.0
-14350.0
-14350.0
-14350.0
-14350.0
-14350.0
-14350.0
-14350.0
-14350.0
-14350.0
-14350.0
-14350.0
-14350.0
-14350.0
-14350.0
-14350.0
-14350.0
-14350.0
-14350.0
-14350.0
-14350.0
-14350.0
-14350.0
-14350.0
-14350.0
-14350.0
-14350.0
-14350.0
-14350.0
-14350.0
-14350.0
-14350.0
-14350.0
-14350.0
-14350.0
-14350.0
-14350.0
-14350.0
-14350.0
-14350.0
-14350.0
-14350.0
-14350.0
-14350.0
-14350.0
-14350.0
-14350.0
-14350.0
-14350.0
-14350.0
-14350.0
-14350.0
-14350.0
-14350.0
-14350.0
-14350.0
-14350.0
-14350.0
-14350.0
-14350.0
-14350.0
-14350.0
-14350.0
-14350.0
-14350.0
-14350.0
-14350.0
-14350.0
-14350.0
-14350.0
-14350.0
-14350.0
-14350.0
-14350.0
-14350.0
-14350.0
-14350.0
-14350.0
-14350.0
-14350.0
-14350.0
-14350.0
-14350.0
-14350.0
-14350.0
-14350.0
-14350.0
-14350.0
-14350.0
-14350.0
-14350.0
-14350.0
-14350.0
-14350.0
-14350.0
-14350.0
-14350.0
-14350.0
-14350.0
-14350.0
-14350.0
-14350.0
-14350.0
-14350.0
-14350.0
-14350.0
-14350.0
-14350.0
-14350.0
-14350.0
-14350.0
-14350.0
-14350.0
-14350.0
-14350.0
-14350.0
-14350.0
-14350.0
-14350.0
-14350.0
-14350.0
-14350.0
-14350.0
-14350.0
-14350.0
-14350.0
-14350.0
-14350.0
-14350.0
-14350.0
-14350.0
-14350.0
-14350.0
-14350.0
-14350.0
-14350.0
-14350.0
-14350.0
-14350.0
-14350.0
-14350.0
-14350.0
-14350.0
-14350.0
-14350.0
-14350.0
-14350.0
-14350.0
-14350.0
-14350.0
-14350.0
-14350.0
-14350.0
-14350.0
-14350.0
-14350.0
-14350.0
-14350.0
-14350.0
-14350.0
-14350.0
-14350.0
-14350.0
-14350.0
-14350.0
-14350.0
-14350.0
-14350.0
-14350.0
-14350.0
-14350.0
-14350.0
-14350.0
-14350.0
-14350.0
-14350.0
-14350.0
-14350.0
-14350.0
-14350.0
-14350.0
-14350.0
-14350.0
-14350.0
-14350.0
-14350.0
-14350.0
-14350.0
-14350.0
-14350.0
-14350.0
-14350.0
-14350.0
-14350.0
-14350.0
-14350.0
-14350.0
-14350.0
-14350.0



The list of values average 

-13319.57166666666
-13405.497222222231
-13442.390555555558
-13474.520555555555
-13499.637222222223
-13519.17166666667
-13540.152222222225
-13550.749444444446
-13571.171666666663
-13579.087222222215
-13591.091666666667
-13601.716111111109
-13615.13777777778
-13632.930000000004
-13643.153333333334
-13650.493888888888
-13662.23611111111
-13675.613333333335
-13682.593888888894
-13694.007222222222
-13703.093333333334
-13714.95444444445
-13725.719444444445
-13736.49222222222
-13744.318888888878
-13758.996111111112
-13762.057777777785
-13775.747777777777
-13776.347222222223
-13788.462777777775
-13793.180555555557
-13800.340555555558
-13803.24888888889
-13812.062777777775
-13818.826666666666
-13820.581111111116
-13833.40222222222
-13836.227777777776
-13837.035
-13841.07166666667
-13852.141666666665
-13851.152222222217
-13851.351111111107
-13859.633888888886
-13863.914444444445
-13868.308333333336
-13869.878333333334
-13867.607777777774
-13875.11777777778
-13874.39388888889
-13881.229444444443
-13876.83333333333
-13882.466111111109
-13887.777222222228
-13894.630555555554
-13900.796666666665
-13898.34777777778
-13900.245555555555
-13897.766666666666
-13903.933333333338
-13902.217777777782
-13904.916666666664
-13911.269444444446
-13908.34555555556
-13911.577777777778
-13909.509444444438
-13913.730555555558
-13916.445
-13918.662222222216
-13918.408333333335
-13918.149444444445
-13923.108333333332
-13924.54166666667
-13929.016111111114
-13925.580555555554
-13927.387222222223
-13927.91944444444
-13925.169999999996
-13923.859444444448
-13924.957777777781
-13924.013333333334
-13923.752777777778
-13932.483888888884
-13930.915000000005
-13932.390555555565
-13932.487777777784
-13939.41888888889
-13942.260555555551
-13938.956111111118
-13938.224999999999
-13938.077777777775
-13936.998333333333
-13935.824444444444
-13936.84111111111
-13939.50555555555
-13942.327222222217
-13941.377222222216
-13941.152777777776
-13941.284999999996
-13937.75666666667
-13943.876666666663
-13933.918888888893
-13940.300555555557
-13944.155000000004
-13940.08666666667
-13941.614999999996
-13943.35444444444
-13943.233333333334
-13942.948333333336
-13945.955555555556
-13943.349444444448
-13944.169444444444
-13951.391666666665
-13943.385555555558
-13944.764999999996
-13941.136666666665
-13945.25777777778
-13948.22333333333
-13948.242777777781
-13943.07444444444
-13940.295555555558
-13944.429444444446
-13945.391111111107
-13947.43666666666
-13945.747777777777
-13947.904444444448
-13946.335555555559
-13942.998888888897
-13942.870555555552
-13945.315555555557
-13949.558888888889
-13947.733333333332
-13949.436666666672
-13944.336111111119
-13945.821111111109
-13951.991111111114
-13949.528333333328
-13946.511111111105
-13944.975000000002
-13947.258333333337
-13944.772777777784
-13947.133333333339
-13948.827222222226
-13948.479444444452
-13950.98444444444
-13947.102222222225
-13951.816111111113
-13950.46722222222
-13949.381666666668
-13951.691666666671
-13954.872777777782
-13954.100555555558
-13950.32166666667
-13949.613888888882
-13949.100555555553
-13946.319444444442
-13951.480555555552
-13947.272777777782
-13949.002777777783
-13948.611666666666
-13948.792222222217
-13951.553333333333
-13955.028333333332
-13949.219444444443
-13951.704999999996
-13950.434444444449
-13948.618888888888
-13951.878333333332
-13949.278333333326
-13954.566111111111
-13954.67944444445
-13956.858888888895
-13949.078888888891
-13950.858888888884
-13956.36
-13951.749999999998
-13952.861666666662
-13956.263333333327
-13954.438333333339
-13956.492777777783
-13951.370555555555
-13955.789999999997
-13953.363333333333
-13949.727222222222
-13952.874444444447
-13953.408888888882
-13957.3
-13952.456666666669
-13956.98111111112
-13951.07888888889
-13952.622777777779
-13955.651666666663
-13957.044999999995
-13953.998888888886
-13955.128333333332
-13952.786666666667
-13954.004444444445
-13950.05833333334
-13943.614444444447
-13949.83555555555
-13947.568333333327
-13950.349444444442
-13951.542222222222
-13948.413333333334
-13950.62888888889
-13954.157777777784
-13952.356111111108
-13955.095555555552
-13954.465555555553
-13949.380555555555
-13955.098333333328
-13950.876666666667
-13948.804999999998
-13952.557222222218
-13952.155555555555
-13950.552777777779
-13953.67555555556
-13957.965
-13955.576666666668
-13957.98722222222
-13952.347777777777
-13948.931111111111
-13950.533333333326
-13950.261666666669
-13954.339999999995
-13954.611111111111
-13957.287222222218
-13952.557777777774
-13953.902222222217
-13951.253333333336
-13948.736111111115
-13949.433888888892
-13954.49611111111
-13952.983333333335
-13953.997222222226
-13958.746666666666
-13957.945555555558
-13953.945555555556
-13957.077777777775
-13959.60666666667
-13951.146111111113
-13954.804444444446
-13963.061666666668
-13954.737222222226
-13952.865
-13953.834444444448
-13954.328333333333
-13952.721111111108
-13953.916111111117
-13959.197222222221
-13955.282222222226
-13949.778333333335
-13951.56888888889
-13948.38611111111
-13954.685555555552
-13953.830555555554
-13954.568333333336
-13954.34944444445
-13952.483333333334
-13954.703333333335
-13949.799444444445
-13954.438888888883
-13953.866666666667
-13955.58111111111
-13958.109999999999
-13953.44277777777
-13954.624444444444
-13953.644999999991
-13954.064999999995
-13950.780555555553
-13957.648888888883
-13953.531666666673
-13952.279444444444
-13952.590555555558
-13951.436111111116
-13951.384444444444
-13954.727222222227
-13952.501666666667
-13953.414999999997
-13953.698333333332
-13960.032777777775
-13956.327222222222
-13959.218888888885
-13957.82055555556
-13956.334444444448
-13951.252222222221
-13954.520555555551
-13953.058333333329
-13950.144999999997
-13955.387777777783
-13961.493333333332
-13956.11166666667
-13958.200555555553
-13960.827777777777
-13952.431666666665
-13956.379999999997
-13954.80333333333
-13947.746666666673
-13949.14
-13954.035000000002
-13954.515000000001
-13952.965000000007
-13956.808333333334
-13953.759999999998
-13953.114444444444
-13956.690555555559
-13960.117777777776
-13961.546111111107
-13952.97444444444
-13950.037777777781
-13950.822222222223
-13950.340555555555
-13951.697777777772
-13958.737777777775
-13960.552222222223
-13956.268888888888
-13955.914444444445
-13954.79222222222
-13950.153888888888
-13951.174444444448
-13953.740000000002
-13955.73888888889
-13951.326111111106
-13950.794999999995
-13957.867222222223
-13957.043888888886
-13952.11333333333
-13955.068333333336
-13949.86777777778
-13955.982222222226
-13948.955555555554
-13948.490000000005
-13946.012777777783
-13950.834444444446
-13949.292222222226
-13954.168333333331
-13948.830555555556
-13955.033333333333
-13955.242777777781
-13956.447222222218
-13956.529444444446
-13956.704444444444
-13957.215555555551
-13956.133888888886
-13960.32944444445
-13956.115000000005
-13954.058333333336
-13953.494999999999
-13953.617777777774
-13955.66
-13956.813888888886
-13953.338888888893
-13956.463333333337
-13952.75888888889
-13950.862222222224
-13950.51777777778
-13956.533333333336
-13957.577777777778
-13952.915555555563
-13950.562222222223
-13953.55611111111
-13954.657222222222
-13949.017777777775
-13951.450555555553
-13948.723888888882
-13950.793888888886
-13949.042777777779
-13956.334999999997
-13956.232222222226
-13955.287222222221
-13956.839444444444
-13960.396111111117
-13953.402222222227
-13955.78333333333
-13952.753888888888
-13950.273888888893
-13953.16111111111
-13946.266111111114
-13949.482222222221
-13953.029999999997
-13947.287777777776
-13954.33777777778
-13951.334999999995
-13954.001111111109
-13956.182222222218
-13959.57944444444
-13954.686111111117
-13957.638333333334
-13955.931111111113
-13953.293333333337
-13954.95611111111
-13950.911111111107
-13954.607222222216
-13954.692222222213
-13959.531666666666
-13954.227222222222
-13959.410555555558
-13960.511666666673
-13949.487777777782
-13951.682777777774
-13952.87
-13956.333333333332
-13953.256111111112
-13959.090555555555
-13955.29444444445
-13952.58555555555
-13951.171666666667
-13951.535000000003



The list of best values average 

-13892.61-14084.340000000007-14166.980000000003-14222.610000000002-14241.980000000001-14260.710000000006-14273.480000000001-14280.720000000007-14286.350000000002-14288.53-14294.250000000004-14297.320000000002-14298.810000000001-14299.470000000003-14303.820000000003-14305.830000000004-14307.919999999996-14310.27-14309.51-14310.410000000002-14311.28-14312.93-14311.320000000002-14312.460000000003-14313.950000000003-14315.11-14315.350000000004-14318.870000000004-14318.160000000009-14320.260000000004-14318.850000000002-14317.950000000004-14318.690000000002-14319.39-14320.990000000003-14321.11-14320.68-14322.159999999996-14322.23-14322.759999999998-14323.27-14323.099999999999-14323.070000000002-14323.550000000003-14324.250000000002-14325.75-14325.320000000002-14325.479999999998-14325.339999999998-14325.280000000004-14327.800000000008-14329.860000000002-14328.58-14328.740000000003-14332.030000000006-14333.310000000003-14333.880000000001-14335.180000000004-14336.140000000009-14337.970000000001-14338.290000000006-14343.01-14345.120000000008-14345.510000000002-14343.760000000007-14346.150000000003-14347.410000000002-14347.270000000006-14348.92000000001-14347.79000000001-14349.310000000005-14351.770000000013-14351.300000000007-14351.90000000001-14353.20000000001-14352.580000000009-14354.520000000006-14354.580000000007-14354.740000000009-14354.710000000006-14355.930000000004-14356.700000000006-14357.33000000001-14357.08000000001-14357.350000000004-14358.820000000014-14360.61000000001-14360.480000000016-14360.170000000013-14360.35000000001-14360.030000000012-14360.330000000009-14360.340000000015-14361.950000000012-14361.420000000007-14361.500000000013-14361.900000000009-14361.930000000008-14362.640000000012-14362.45000000001-14363.420000000007-14362.880000000008-14362.92000000001-14363.810000000009-14363.19000000001-14363.690000000008-14363.910000000009-14364.250000000007-14365.240000000009-14364.980000000007-14364.24000000001-14364.540000000006-14364.55000000001-14365.180000000013-14365.430000000013-14365.030000000012-14365.400000000012-14365.41000000001-14365.35000000001-14365.31000000001-14365.800000000008-14365.670000000011-14366.290000000008-14366.280000000008-14366.080000000013-14366.180000000011-14366.100000000011-14366.36000000001-14366.85000000001-14366.420000000013-14366.54000000001-14366.800000000008-14366.97000000001-14366.940000000008-14367.03000000001-14366.570000000009-14366.48000000001-14367.000000000011-14367.200000000012-14366.94000000001-14366.500000000011-14366.560000000014-14366.730000000007-14366.62000000001-14366.730000000009-14366.990000000013-14367.270000000011-14366.720000000008-14367.170000000011-14366.680000000011-14367.66000000001-14367.58000000001-14367.580000000009-14367.690000000011-14367.220000000014-14367.550000000012-14367.700000000012-14367.41000000001-14367.32000000001-14367.830000000013-14367.800000000012-14367.650000000012-14367.250000000011-14367.700000000012-14367.900000000014-14367.990000000013-14368.110000000011-14367.980000000012-14367.91000000001-14367.650000000009-14367.48000000001-14367.65000000001-14367.910000000013-14368.220000000012-14368.220000000012-14368.160000000013-14368.340000000013-14368.310000000012-14368.440000000015-14368.450000000013-14368.280000000013-14368.480000000012-14368.390000000012-14368.250000000013-14368.290000000014-14368.140000000012-14368.360000000013-14368.510000000013-14368.510000000013-14368.300000000014-14368.410000000013-14368.450000000013-14368.470000000014-14368.320000000012-14368.480000000012-14368.48000000001-14368.500000000013-14368.260000000011-14368.370000000014-14368.530000000012-14368.420000000011-14368.040000000012-14368.220000000012-14368.540000000012-14368.410000000014-14368.560000000012-14368.550000000014-14368.710000000014-14368.550000000014-14368.460000000012-14368.170000000015-14368.550000000012-14368.530000000012-14368.400000000012-14368.560000000014-14368.560000000012-14368.570000000012-14368.580000000013-14368.540000000012-14368.540000000012-14368.570000000012-14368.570000000012-14368.530000000012-14368.560000000012-14368.460000000014-14368.570000000012-14368.520000000015-14368.580000000013-14368.560000000014-14368.580000000013-14368.570000000014-14368.550000000012-14368.540000000012-14368.570000000012-14368.560000000012-14368.550000000014-14368.320000000012-14368.520000000013-14368.540000000015-14368.410000000013-14368.570000000012-14368.620000000014-14368.570000000012-14368.550000000014-14368.500000000013-14368.550000000012-14368.580000000013-14368.570000000012-14368.550000000012-14368.570000000012-14368.520000000013-14368.540000000014-14368.500000000013-14368.490000000013-14368.520000000013-14368.560000000012-14368.570000000012-14368.550000000014-14368.570000000012-14368.580000000013-14368.580000000013-14368.560000000012-14368.560000000014-14368.560000000012-14368.770000000013-14368.720000000012-14368.740000000013-14368.750000000013-14368.760000000013-14368.750000000013-14368.610000000011-14368.530000000013-14368.640000000012-14368.650000000012-14368.530000000012-14368.640000000012-14368.590000000011-14368.610000000013-14368.570000000012-14368.650000000012-14368.610000000013-14368.620000000014-14368.640000000012-14368.620000000014-14368.630000000012-14368.620000000014-14368.570000000012-14368.640000000012-14368.590000000015-14368.640000000012-14368.620000000014-14368.760000000013-14368.760000000013-14368.650000000012-14368.630000000014-14368.480000000012-14368.630000000014-14368.640000000012-14368.640000000012-14368.650000000012-14368.640000000014-14368.640000000012-14368.650000000012-14368.640000000012-14368.630000000012-14368.640000000014-14368.640000000012-14368.640000000014-14368.610000000013-14368.650000000012-14368.630000000014-14368.650000000012-14368.650000000012-14368.630000000014-14368.580000000013-14368.550000000012-14368.590000000013-14368.580000000013-14368.650000000012-14368.650000000012-14368.650000000012-14368.690000000013-14368.560000000014-14368.610000000013-14368.590000000013-14368.590000000013-14368.610000000013-14368.590000000013-14368.600000000013-14368.610000000015-14368.640000000012-14368.640000000014-14368.640000000012-14368.610000000013-14368.600000000013-14368.600000000013-14368.610000000013-14368.600000000013-14368.610000000013-14368.610000000013-14368.560000000012-14368.600000000013-14368.590000000013-14368.570000000014-14368.620000000014-14368.590000000013-14368.760000000013-14368.760000000015-14368.770000000013-14368.650000000012-14368.630000000014-14368.650000000012-14368.640000000012-14368.630000000014-14368.630000000012-14368.630000000014-14368.640000000012-14368.610000000013-14368.630000000014-14368.650000000012-14368.610000000013-14368.680000000013-14368.680000000013-14368.640000000012-14368.680000000013-14368.670000000013-14368.680000000013-14368.680000000013-14368.680000000013-14368.680000000013-14368.690000000013-14368.680000000013-14368.660000000013-14368.680000000013-14368.680000000013-14368.650000000012-14368.670000000013-14368.680000000013-14368.670000000013-14368.670000000013-14368.680000000013-14368.690000000013-14368.650000000012-14368.680000000013-14368.690000000013-14368.690000000013-14368.610000000013-14368.680000000013-14368.680000000013-14368.680000000013-14368.690000000013-14368.690000000013-14368.680000000013-14368.680000000013-14368.410000000013-14368.690000000013-14368.680000000013-14368.680000000013-14368.620000000014-14368.690000000013-14368.730000000014-14368.870000000014-14368.590000000013-14368.760000000013-14368.880000000014-14368.880000000014-14368.880000000014-14368.880000000014