----------Report of simulation of Quantum Population Annealing-----------
The number of considered Spin 76
The considered Annealing Duration 304
The considered Annealing Number 100
The considered T 1.0
The considered Gamma0 1.0
The considered Number Of Replica 3
The considered Number Of System 6
The solution found [ 1.  1.  1. -1. -1. -1.  1. -1. -1.  1.  1. -1.  1.  1. -1.  1. -1.  1.
  1. -1.  1.  1.  1. -1.  1.  1. -1. -1. -1. -1. -1.  1. -1. -1.  1. -1.
 -1.  1. -1.  1. -1.  1.  1. -1. -1.  1.  1. -1.  1.  1. -1.  1. -1. -1.
 -1. -1.  1. -1. -1.  1.  1.  1.  1.  1.  1. -1.  1. -1. -1.  1. -1.  1.
 -1. -1.  1. -1.]
The value found -7844.0
The Success probability is 0.49
The average value is -7840.79
The total execution time is 1290.7772207260132
The average time for execution is 12.907770447731018
The average time for all systems update is 0.04236742827453111
The average time for system update is 0.007033199714986902
The average time for replica update is 0.002343762012427313
The average time for spin update is 3.0503292508118332e-05
The list of values found 

-7844.0
-7844.0
-7844.0
-7838.0
-7844.0
-7841.0
-7837.0
-7838.0
-7844.0
-7844.0
-7844.0
-7844.0
-7838.0
-7838.0
-7837.0
-7844.0
-7844.0
-7833.0
-7844.0
-7844.0
-7837.0
-7844.0
-7838.0
-7844.0
-7844.0
-7844.0
-7837.0
-7838.0
-7838.0
-7844.0
-7844.0
-7844.0
-7841.0
-7838.0
-7844.0
-7838.0
-7838.0
-7844.0
-7844.0
-7837.0
-7844.0
-7837.0
-7837.0
-7844.0
-7838.0
-7844.0
-7838.0
-7837.0
-7838.0
-7838.0
-7844.0
-7838.0
-7838.0
-7844.0
-7844.0
-7838.0
-7837.0
-7844.0
-7844.0
-7844.0
-7844.0
-7844.0
-7844.0
-7844.0
-7838.0
-7844.0
-7844.0
-7844.0
-7838.0
-7838.0
-7844.0
-7838.0
-7838.0
-7844.0
-7844.0
-7838.0
-7844.0
-7837.0
-7844.0
-7837.0
-7838.0
-7838.0
-7844.0
-7838.0
-7837.0
-7838.0
-7844.0
-7838.0
-7837.0
-7838.0
-7838.0
-7844.0
-7844.0
-7844.0
-7838.0
-7835.0
-7841.0
-7835.0
-7844.0
-7838.0



The list of values first execution 

-7142.111111111111
-7192.166666666667
-7207.5
-7192.888888888889
-7224.888888888889
-7246.111111111111
-7236.611111111111
-7324.444444444444
-7325.888888888889
-7355.333333333333
-7379.444444444444
-7359.388888888889
-7389.166666666667
-7403.777777777777
-7480.055555555556
-7487.0
-7453.555555555556
-7499.833333333333
-7505.277777777777
-7554.277777777777
-7536.777777777777
-7584.222222222223
-7570.5
-7609.888888888889
-7635.222222222223
-7652.777777777777
-7665.833333333333
-7646.222222222223
-7630.0
-7642.444444444444
-7643.222222222223
-7689.166666666667
-7703.277777777777
-7713.5
-7728.222222222223
-7706.833333333333
-7719.055555555556
-7704.666666666667
-7702.777777777777
-7717.888888888889
-7732.222222222223
-7763.055555555556
-7739.777777777777
-7726.777777777777
-7727.055555555556
-7737.0
-7731.166666666667
-7753.222222222223
-7755.777777777777
-7736.888888888889
-7759.333333333333
-7762.944444444444
-7758.666666666667
-7785.333333333333
-7795.222222222223
-7782.555555555556
-7786.333333333333
-7795.555555555556
-7791.222222222223
-7808.333333333333
-7812.833333333333
-7809.0
-7810.0
-7800.0
-7805.333333333333
-7801.111111111111
-7806.333333333333
-7810.555555555556
-7807.166666666667
-7806.666666666667
-7808.555555555556
-7803.388888888889
-7807.944444444444
-7817.333333333333
-7817.444444444444
-7820.777777777777
-7815.055555555556
-7817.722222222223
-7804.5
-7817.0
-7817.666666666667
-7820.444444444444
-7815.388888888889
-7811.944444444444
-7808.333333333333
-7804.222222222223
-7811.833333333333
-7815.166666666667
-7818.944444444444
-7824.333333333333
-7822.833333333333
-7823.888888888889
-7823.166666666667
-7824.333333333333
-7822.611111111111
-7825.611111111111
-7825.611111111111
-7820.666666666667
-7813.166666666667
-7809.944444444444
-7809.055555555556
-7811.555555555556
-7808.055555555556
-7814.0
-7813.611111111111
-7814.555555555556
-7816.611111111111
-7819.5
-7819.0
-7820.111111111111
-7819.722222222223
-7826.722222222223
-7826.944444444444
-7821.388888888889
-7827.166666666667
-7827.777777777777
-7826.833333333333
-7824.944444444444
-7824.611111111111
-7825.277777777777
-7824.444444444444
-7813.888888888889
-7818.0
-7819.888888888889
-7818.444444444444
-7821.0
-7824.166666666667
-7824.833333333333
-7820.611111111111
-7823.444444444444
-7827.888888888889
-7826.277777777777
-7822.0
-7828.5
-7827.944444444444
-7826.666666666667
-7825.333333333333
-7823.166666666667
-7823.444444444444
-7826.333333333333
-7824.611111111111
-7827.388888888889
-7828.222222222223
-7826.444444444444
-7828.388888888889
-7827.611111111111
-7828.333333333333
-7828.444444444444
-7828.277777777777
-7828.944444444444
-7828.944444444444
-7829.166666666667
-7827.777777777777
-7825.222222222223
-7826.833333333333
-7829.055555555556
-7828.222222222223
-7830.0
-7827.333333333333
-7826.333333333333
-7827.111111111111
-7828.444444444444
-7829.166666666667
-7827.611111111111
-7827.444444444444
-7828.166666666667
-7828.055555555556
-7829.333333333333
-7827.5
-7829.277777777777
-7828.111111111111
-7829.388888888889
-7828.333333333333
-7830.666666666667
-7830.111111111111
-7828.166666666667
-7830.055555555556
-7830.944444444444
-7831.333333333333
-7830.777777777777
-7830.277777777777
-7828.277777777777
-7830.666666666667
-7830.611111111111
-7830.722222222223
-7826.722222222223
-7831.333333333333
-7831.333333333333
-7831.166666666667
-7831.111111111111
-7831.666666666667
-7828.833333333333
-7830.166666666667
-7826.111111111111
-7833.055555555556
-7826.888888888889
-7830.777777777777
-7828.555555555556
-7830.444444444444
-7829.5
-7829.333333333333
-7830.055555555556
-7830.166666666667
-7830.944444444444
-7829.222222222223
-7830.555555555556
-7828.666666666667
-7825.666666666667
-7829.5
-7829.0
-7829.833333333333
-7827.722222222223
-7829.444444444444
-7830.888888888889
-7830.388888888889
-7830.444444444444
-7829.055555555556
-7826.444444444444
-7829.111111111111
-7830.222222222223
-7830.333333333333
-7830.388888888889
-7830.888888888889
-7830.611111111111
-7830.944444444444
-7830.666666666667
-7831.444444444444
-7832.444444444444
-7832.666666666667
-7829.111111111111
-7832.666666666667
-7832.111111111111
-7830.111111111111
-7830.111111111111
-7830.944444444444
-7828.055555555556
-7829.111111111111
-7831.333333333333
-7831.944444444444
-7832.277777777777
-7831.666666666667
-7832.333333333333
-7832.333333333333
-7832.666666666667
-7832.666666666667
-7832.666666666667
-7832.111111111111
-7832.5
-7832.277777777777
-7831.944444444444
-7831.166666666667
-7829.888888888889
-7830.444444444444
-7830.5
-7830.777777777777
-7830.5
-7829.944444444444
-7827.833333333333
-7828.166666666667
-7827.833333333333
-7829.0
-7830.611111111111
-7831.111111111111
-7830.611111111111
-7830.666666666667
-7831.166666666667
-7831.666666666667
-7831.555555555556
-7831.666666666667
-7831.111111111111
-7829.777777777777
-7830.222222222223
-7830.777777777777
-7829.5
-7829.055555555556
-7829.555555555556
-7829.333333333333
-7830.333333333333
-7830.166666666667
-7830.5
-7830.5
-7830.666666666667
-7830.666666666667
-7830.666666666667
-7830.666666666667
-7830.666666666667
-7830.5
-7830.333333333333
-7830.5
-7827.666666666667
-7828.333333333333
-7829.388888888889
-7830.5
-7829.944444444444
-7830.333333333333
-7829.277777777777
-7830.833333333333
-7829.722222222223
-7832.666666666667
-7829.111111111111
-7830.666666666667
-7831.777777777777
-7832.666666666667
-7832.666666666667



The list of best values first execution 

-7301.0
-7345.0
-7353.0
-7331.0
-7398.0
-7413.0
-7410.0
-7493.0
-7496.0
-7568.0
-7542.0
-7542.0
-7563.0
-7608.0
-7635.0
-7696.0
-7549.0
-7580.0
-7624.0
-7693.0
-7680.0
-7739.0
-7668.0
-7737.0
-7706.0
-7764.0
-7765.0
-7747.0
-7759.0
-7717.0
-7734.0
-7777.0
-7764.0
-7784.0
-7807.0
-7783.0
-7767.0
-7806.0
-7804.0
-7804.0
-7813.0
-7833.0
-7803.0
-7819.0
-7816.0
-7793.0
-7815.0
-7830.0
-7823.0
-7821.0
-7824.0
-7810.0
-7830.0
-7833.0
-7833.0
-7833.0
-7830.0
-7833.0
-7833.0
-7844.0
-7844.0
-7844.0
-7838.0
-7834.0
-7835.0
-7844.0
-7844.0
-7844.0
-7844.0
-7844.0
-7844.0
-7844.0
-7844.0
-7844.0
-7844.0
-7844.0
-7844.0
-7844.0
-7844.0
-7844.0
-7844.0
-7844.0
-7841.0
-7841.0
-7833.0
-7826.0
-7831.0
-7844.0
-7844.0
-7844.0
-7844.0
-7844.0
-7844.0
-7844.0
-7844.0
-7844.0
-7844.0
-7844.0
-7844.0
-7844.0
-7841.0
-7844.0
-7831.0
-7838.0
-7838.0
-7835.0
-7844.0
-7844.0
-7838.0
-7838.0
-7838.0
-7844.0
-7844.0
-7844.0
-7844.0
-7844.0
-7844.0
-7844.0
-7844.0
-7844.0
-7844.0
-7844.0
-7844.0
-7835.0
-7844.0
-7838.0
-7844.0
-7844.0
-7844.0
-7844.0
-7844.0
-7844.0
-7844.0
-7844.0
-7844.0
-7844.0
-7844.0
-7844.0
-7844.0
-7844.0
-7844.0
-7844.0
-7844.0
-7844.0
-7844.0
-7844.0
-7844.0
-7844.0
-7844.0
-7844.0
-7844.0
-7844.0
-7844.0
-7844.0
-7844.0
-7844.0
-7844.0
-7844.0
-7844.0
-7844.0
-7844.0
-7844.0
-7844.0
-7844.0
-7844.0
-7844.0
-7844.0
-7844.0
-7844.0
-7844.0
-7844.0
-7844.0
-7844.0
-7844.0
-7844.0
-7844.0
-7844.0
-7844.0
-7844.0
-7844.0
-7844.0
-7844.0
-7844.0
-7844.0
-7844.0
-7844.0
-7844.0
-7844.0
-7844.0
-7844.0
-7844.0
-7844.0
-7844.0
-7844.0
-7844.0
-7844.0
-7844.0
-7844.0
-7844.0
-7844.0
-7844.0
-7844.0
-7844.0
-7844.0
-7844.0
-7844.0
-7844.0
-7844.0
-7844.0
-7844.0
-7844.0
-7844.0
-7844.0
-7844.0
-7844.0
-7844.0
-7844.0
-7844.0
-7844.0
-7844.0
-7844.0
-7844.0
-7844.0
-7844.0
-7844.0
-7844.0
-7844.0
-7844.0
-7844.0
-7844.0
-7844.0
-7844.0
-7844.0
-7844.0
-7844.0
-7844.0
-7844.0
-7844.0
-7844.0
-7844.0
-7844.0
-7844.0
-7844.0
-7844.0
-7844.0
-7844.0
-7844.0
-7844.0
-7844.0
-7844.0
-7844.0
-7844.0
-7844.0
-7844.0
-7844.0
-7844.0
-7844.0
-7844.0
-7844.0
-7844.0
-7844.0
-7844.0
-7844.0
-7844.0
-7844.0
-7844.0
-7844.0
-7844.0
-7844.0
-7844.0
-7844.0
-7844.0
-7844.0
-7844.0
-7844.0
-7844.0
-7838.0
-7838.0
-7838.0
-7838.0
-7838.0
-7838.0
-7838.0
-7838.0
-7838.0
-7838.0
-7838.0
-7838.0
-7838.0
-7838.0
-7838.0
-7838.0
-7838.0
-7838.0
-7838.0
-7838.0
-7844.0
-7844.0
-7844.0
-7844.0
-7844.0
-7844.0
-7844.0
-7844.0



The list of values average 

-7118.2622222222235
-7159.032222222225
-7192.967222222222
-7221.205
-7245.20611111111
-7267.842222222223
-7288.515555555552
-7310.328888888887
-7328.654444444444
-7350.897222222224
-7375.331111111109
-7392.107777777776
-7408.304444444442
-7425.704444444445
-7450.733333333333
-7465.034444444447
-7486.478888888892
-7502.980000000001
-7519.602777777779
-7529.839444444447
-7549.150000000001
-7568.511111111112
-7579.526111111112
-7595.04888888889
-7607.757777777777
-7620.407777777777
-7631.953333333333
-7639.977777777779
-7651.14388888889
-7659.516111111108
-7665.963888888888
-7678.710555555556
-7686.346111111115
-7693.027222222218
-7698.044444444446
-7705.5166666666655
-7711.137222222221
-7716.578333333334
-7722.001666666667
-7726.343333333335
-7733.302222222225
-7738.482222222221
-7742.1372222222235
-7747.1338888888895
-7750.081111111112
-7755.0011111111135
-7757.305555555559
-7759.831666666669
-7762.853888888887
-7765.298888888888
-7768.521666666664
-7771.557222222222
-7774.871111111112
-7777.536111111111
-7780.141666666667
-7782.382777777781
-7785.5927777777815
-7787.535555555557
-7789.094444444445
-7790.947777777777
-7792.504999999999
-7793.648333333336
-7795.22222222222
-7796.888888888889
-7797.138888888887
-7800.06388888889
-7800.307777777774
-7801.741666666667
-7802.631666666667
-7802.588888888886
-7805.701111111108
-7805.535000000001
-7806.337222222222
-7807.020555555554
-7808.779444444445
-7809.122222222222
-7810.037222222221
-7811.457222222221
-7812.602777777782
-7813.100555555556
-7813.502222222221
-7814.193888888889
-7815.6688888888875
-7816.487777777776
-7816.662777777776
-7817.490555555554
-7818.347777777778
-7818.931111111113
-7819.368888888892
-7819.34888888889
-7819.102222222225
-7819.721666666668
-7820.637222222223
-7820.843888888888
-7821.98611111111
-7821.922777777777
-7822.26666666667
-7822.700000000005
-7822.975555555555
-7824.176666666667
-7824.5311111111105
-7824.852222222222
-7825.394999999999
-7824.976111111115
-7825.584444444447
-7825.681111111115
-7826.458333333332
-7826.433888888886
-7826.6672222222205
-7826.803888888892
-7826.785555555556
-7827.5
-7827.688888888887
-7828.004444444444
-7828.663333333334
-7828.72722222222
-7828.831666666666
-7828.515555555556
-7828.020555555556
-7828.777777777779
-7828.993888888889
-7829.009444444443
-7828.9000000000015
-7829.0555555555575
-7829.06888888889
-7829.037777777776
-7829.965000000002
-7829.756111111113
-7829.954444444446
-7829.635555555557
-7830.229999999999
-7830.453333333335
-7830.263333333334
-7830.7827777777775
-7831.239444444441
-7831.433333333339
-7831.147222222222
-7831.521111111113
-7831.698888888893
-7831.803333333337
-7831.605
-7831.902222222226
-7832.107222222224
-7832.026666666667
-7832.167222222222
-7832.100555555556
-7832.011666666671
-7832.349444444444
-7832.194444444443
-7832.075555555554
-7832.132777777779
-7832.413888888893
-7832.42277777778
-7832.437222222219
-7832.821111111115
-7832.707777777778
-7832.631666666665
-7832.433333333332
-7832.71777777778
-7832.818333333334
-7832.576111111113
-7832.6722222222215
-7832.850555555557
-7832.928888888885
-7832.9688888888895
-7833.033333333336
-7833.047222222224
-7833.068333333331
-7833.060555555553
-7833.023333333333
-7832.968333333335
-7832.96888888889
-7832.874999999995
-7832.8105555555585
-7833.046111111112
-7833.058333333334
-7833.158333333335
-7833.211666666671
-7833.24888888889
-7833.097777777776
-7833.02111111111
-7833.09611111111
-7833.088888888888
-7833.105000000004
-7833.38722222222
-7833.2338888888935
-7833.433888888891
-7833.282222222223
-7833.338333333334
-7833.273333333334
-7833.233333333332
-7833.248333333333
-7833.416666666668
-7833.188333333332
-7833.166666666664
-7833.266666666667
-7833.351111111111
-7833.313333333332
-7833.468333333336
-7833.521666666668
-7833.505555555555
-7833.442222222222
-7833.677777777779
-7833.712777777777
-7833.774444444444
-7833.6977777777765
-7833.570555555553
-7833.470555555557
-7833.825555555559
-7833.699999999998
-7833.5477777777805
-7833.885555555557
-7833.555000000002
-7833.817777777781
-7833.747222222222
-7833.794999999998
-7833.599444444446
-7833.642222222224
-7833.78111111111
-7833.901111111114
-7833.826666666669
-7833.732777777778
-7833.76111111111
-7833.783333333333
-7833.747222222221
-7833.8688888888855
-7833.841111111113
-7833.7955555555545
-7833.7461111111115
-7833.895555555558
-7833.881666666666
-7833.780000000002
-7833.779444444445
-7833.769444444443
-7833.844444444443
-7833.883888888888
-7833.800555555555
-7833.719444444445
-7834.000555555557
-7833.721111111113
-7833.806666666667
-7833.89611111111
-7833.931111111112
-7833.8277777777785
-7833.947777777775
-7834.005555555554
-7833.987222222219
-7833.944444444445
-7833.999999999998
-7833.926666666664
-7833.883888888888
-7833.634444444444
-7834.0022222222215
-7833.928888888889
-7833.890555555556
-7833.805000000001
-7833.86111111111
-7833.946111111109
-7834.009444444446
-7833.85388888889
-7834.251111111113
-7833.988333333335
-7834.148888888892
-7834.156666666669
-7833.960000000001
-7834.075000000003
-7834.0444444444465
-7834.175000000003
-7834.190555555554
-7834.129444444446
-7833.824999999999
-7834.146666666665
-7833.9883333333355
-7834.093333333336
-7834.115555555559
-7833.991111111115
-7833.91611111111
-7833.995000000001
-7834.022222222223
-7834.170555555555
-7834.136111111111
-7833.9050000000025
-7834.158333333334
-7834.092777777779
-7834.098333333335
-7833.995555555554
-7834.128888888889
-7834.025555555555
-7834.067222222224
-7834.007777777781
-7834.087777777781
-7834.017222222224
-7834.1227777777785
-7833.93277777778
-7833.92777777778
-7834.123888888893
-7834.118333333335
-7833.953888888888
-7833.867222222224
-7834.067222222225
-7833.987777777779
-7833.905555555557
-7834.094444444445
-7834.113333333332



The list of best values average 

-7306.530000000002
-7324.719999999998
-7354.8499999999985
-7375.170000000001
-7412.509999999999
-7422.609999999996
-7447.160000000002
-7462.720000000003
-7483.039999999997
-7508.689999999999
-7531.509999999999
-7547.650000000003
-7556.789999999998
-7573.330000000002
-7599.63
-7597.59
-7627.689999999997
-7644.569999999999
-7657.549999999999
-7663.67
-7678.82
-7696.730000000002
-7699.639999999996
-7715.970000000003
-7723.2999999999965
-7735.339999999999
-7740.809999999996
-7750.14
-7754.279999999997
-7760.569999999999
-7765.6399999999985
-7777.889999999999
-7777.64
-7781.830000000001
-7785.290000000001
-7788.669999999996
-7795.71
-7796.85
-7798.649999999999
-7800.610000000001
-7805.35
-7807.019999999999
-7809.120000000002
-7808.720000000001
-7810.81
-7812.8200000000015
-7815.749999999999
-7818.060000000001
-7817.41
-7817.639999999999
-7819.650000000002
-7820.910000000002
-7822.869999999999
-7823.689999999999
-7826.329999999996
-7826.370000000002
-7827.969999999998
-7827.099999999997
-7829.269999999995
-7828.849999999997
-7829.549999999998
-7830.0499999999965
-7830.3499999999985
-7831.139999999996
-7831.099999999999
-7831.789999999997
-7831.6299999999965
-7832.589999999996
-7831.949999999998
-7831.959999999997
-7833.629999999996
-7832.7199999999975
-7833.8399999999965
-7833.389999999996
-7833.389999999997
-7834.769999999997
-7835.159999999998
-7835.869999999998
-7835.529999999994
-7835.499999999997
-7836.0899999999965
-7836.759999999995
-7836.849999999997
-7836.869999999994
-7836.899999999996
-7837.359999999996
-7837.3799999999965
-7837.259999999995
-7837.319999999997
-7837.369999999994
-7837.419999999996
-7837.429999999994
-7837.569999999993
-7837.379999999994
-7837.5899999999965
-7837.969999999996
-7838.1699999999955
-7838.469999999994
-7838.029999999997
-7838.369999999996
-7838.6299999999965
-7838.449999999997
-7838.399999999997
-7838.3399999999965
-7838.339999999998
-7838.039999999997
-7838.519999999997
-7838.619999999998
-7838.439999999997
-7838.749999999997
-7838.429999999995
-7838.839999999995
-7838.789999999996
-7838.759999999996
-7839.039999999995
-7839.179999999997
-7838.769999999998
-7838.649999999997
-7838.519999999997
-7838.719999999997
-7838.859999999996
-7838.999999999997
-7838.709999999998
-7838.539999999998
-7838.429999999998
-7838.839999999998
-7838.829999999997
-7839.039999999997
-7838.689999999997
-7839.229999999995
-7839.099999999997
-7838.859999999995
-7838.829999999995
-7838.929999999996
-7838.969999999997
-7839.029999999996
-7838.8399999999965
-7839.109999999997
-7839.009999999997
-7838.979999999996
-7838.989999999996
-7839.149999999997
-7839.079999999996
-7839.269999999997
-7839.029999999996
-7839.109999999996
-7839.119999999996
-7839.209999999996
-7839.249999999995
-7839.189999999996
-7839.109999999995
-7839.049999999996
-7839.089999999995
-7839.149999999996
-7839.129999999996
-7839.239999999995
-7839.109999999996
-7839.199999999995
-7839.199999999995
-7839.189999999996
-7839.109999999995
-7839.159999999995
-7839.229999999996
-7839.199999999996
-7839.149999999996
-7839.009999999996
-7839.129999999996
-7839.099999999995
-7839.199999999996
-7839.189999999995
-7839.269999999995
-7839.309999999996
-7839.139999999995
-7839.289999999996
-7839.359999999995
-7839.299999999996
-7839.119999999995
-7839.1699999999955
-7839.229999999996
-7839.179999999997
-7839.149999999996
-7839.1299999999965
-7839.169999999996
-7839.199999999996
-7839.199999999996
-7839.239999999996
-7839.309999999996
-7839.199999999996
-7839.059999999996
-7839.009999999997
-7839.119999999997
-7839.059999999998
-7839.019999999997
-7839.0499999999965
-7839.0499999999965
-7839.159999999997
-7839.119999999996
-7839.119999999996
-7839.119999999997
-7839.209999999997
-7839.159999999997
-7838.949999999996
-7839.139999999998
-7839.179999999997
-7839.199999999997
-7839.039999999996
-7839.209999999997
-7839.099999999998
-7839.139999999997
-7839.139999999997
-7839.019999999998
-7839.059999999997
-7838.939999999997
-7839.199999999997
-7839.039999999997
-7839.099999999996
-7838.959999999996
-7839.1299999999965
-7839.099999999998
-7839.189999999998
-7839.129999999997
-7839.179999999997
-7839.149999999997
-7839.199999999997
-7839.079999999997
-7839.159999999996
-7839.199999999997
-7839.199999999997
-7838.929999999997
-7839.149999999997
-7839.039999999997
-7839.149999999997
-7839.059999999997
-7839.039999999997
-7839.189999999997
-7839.079999999997
-7839.019999999997
-7839.099999999997
-7839.199999999997
-7839.059999999998
-7839.029999999997
-7839.189999999997
-7839.079999999997
-7839.199999999997
-7839.149999999997
-7839.0899999999965
-7839.119999999997
-7839.079999999997
-7839.1299999999965
-7839.169999999996
-7838.909999999997
-7839.009999999997
-7839.169999999997
-7839.229999999997
-7839.059999999997
-7839.1299999999965
-7838.899999999996
-7839.139999999997
-7838.999999999996
-7839.119999999997
-7839.169999999996
-7839.169999999996
-7839.079999999995
-7839.109999999996
-7838.869999999996
-7838.909999999996
-7839.209999999996
-7839.109999999996
-7839.079999999996
-7839.179999999996
-7838.969999999996
-7839.139999999996
-7838.929999999996
-7839.179999999996
-7839.219999999997
-7839.139999999996
-7839.029999999994
-7838.9999999999945
-7839.0399999999945
-7839.109999999995
-7839.099999999994
-7838.949999999995
-7838.999999999996
-7839.029999999996
-7839.089999999996
-7839.109999999996
-7839.149999999996
-7839.009999999997
-7838.979999999996
-7839.149999999996
-7839.159999999995
-7839.159999999995
-7839.109999999994
-7838.9999999999945
-7839.089999999996
-7839.079999999995
-7839.149999999996
-7838.989999999995
-7839.119999999995
-7839.049999999996
-7839.119999999995
-7838.999999999995
-7839.129999999996
-7839.059999999996
