----------Report of simulation of Quantum Parallel Tempering-----------
The number of considered Spin 191
The considered Annealing Duration 764
The considered Annealing Number 100
The considered T 1.0
The considered Gamma0 1.0
The considered Number Of Replica 3
The considered Number Of System 6
The solution found [ 1  1 -1 -1 -1 -1  1  1 -1  1 -1 -1  1 -1  1  1  1 -1  1 -1 -1  1  1 -1
 -1 -1  1 -1  1  1  1 -1 -1  1 -1 -1  1 -1  1 -1 -1  1 -1 -1  1  1  1  1
  1  1 -1 -1 -1 -1  1  1  1 -1 -1 -1  1 -1  1 -1 -1 -1  1  1 -1  1  1  1
 -1  1  1 -1  1 -1  1 -1 -1 -1  1 -1 -1 -1  1  1 -1 -1 -1  1  1  1  1 -1
 -1  1  1 -1 -1  1 -1  1  1  1 -1  1  1  1 -1 -1  1 -1  1  1 -1  1 -1  1
 -1 -1 -1  1  1  1 -1  1 -1 -1 -1 -1 -1  1 -1 -1 -1 -1 -1 -1  1  1  1 -1
  1 -1  1 -1  1 -1 -1  1 -1  1  1 -1 -1  1 -1  1  1 -1  1 -1  1  1 -1 -1
  1 -1 -1  1  1  1 -1  1  1 -1  1 -1  1  1 -1  1  1  1 -1 -1 -1  1  1]
The value found -48795.0
The Success probability is 0.04
The average value is -48720.57
The total execution time is 15297.377364635468
The average time for execution is 152.97377251625062
The average time for all systems update is 0.20007295020275714
The average time for system update is 0.03333138236304644
The average time for replica update is 0.011110069802016835
The average time for spin update is 5.793407543010907e-05
The list of values found 

-48640.0
-48767.0
-48621.0
-48773.0
-48696.0
-48730.0
-48765.0
-48773.0
-48654.0
-48637.0
-48732.0
-48749.0
-48725.0
-48718.0
-48695.0
-48742.0
-48684.0
-48737.0
-48759.0
-48750.0
-48667.0
-48705.0
-48700.0
-48767.0
-48697.0
-48720.0
-48684.0
-48757.0
-48767.0
-48629.0
-48761.0
-48714.0
-48795.0
-48696.0
-48673.0
-48716.0
-48699.0
-48746.0
-48744.0
-48742.0
-48739.0
-48769.0
-48753.0
-48722.0
-48630.0
-48733.0
-48674.0
-48722.0
-48717.0
-48716.0
-48795.0
-48717.0
-48708.0
-48765.0
-48712.0
-48700.0
-48777.0
-48723.0
-48735.0
-48754.0
-48723.0
-48741.0
-48663.0
-48648.0
-48668.0
-48677.0
-48747.0
-48731.0
-48689.0
-48657.0
-48730.0
-48644.0
-48659.0
-48741.0
-48756.0
-48738.0
-48748.0
-48713.0
-48677.0
-48741.0
-48769.0
-48795.0
-48722.0
-48777.0
-48672.0
-48738.0
-48766.0
-48722.0
-48795.0
-48777.0
-48687.0
-48756.0
-48718.0
-48766.0
-48576.0
-48691.0
-48753.0
-48691.0
-48772.0
-48736.0



The list of values first execution 

-46123.72222222222
-46362.22222222222
-46421.055555555555
-46450.333333333336
-46477.88888888889
-46494.055555555555
-46575.833333333336
-46599.11111111111
-46543.72222222222
-46535.88888888889
-46510.11111111111
-46538.88888888889
-46579.61111111111
-46582.055555555555
-46488.833333333336
-46361.833333333336
-46449.833333333336
-46469.444444444445
-46513.88888888889
-46372.555555555555
-46238.0
-46378.0
-46306.88888888889
-46211.88888888889
-46338.22222222222
-46330.944444444445
-46213.61111111111
-46285.61111111111
-46032.61111111111
-45989.77777777778
-45996.0
-46165.5
-46094.333333333336
-46035.055555555555
-46031.444444444445
-46061.38888888889
-46003.0
-46041.0
-45961.0
-45970.055555555555
-45913.88888888889
-46109.88888888889
-45925.77777777778
-45814.27777777778
-46054.38888888889
-45878.833333333336
-46069.61111111111
-46006.166666666664
-45810.166666666664
-46065.166666666664
-45867.22222222222
-46031.833333333336
-46332.444444444445
-46052.88888888889
-46128.11111111111
-46058.61111111111
-46081.666666666664
-45753.833333333336
-45813.166666666664
-45945.0
-45892.27777777778
-46042.055555555555
-45984.0
-46146.833333333336
-46316.5
-46165.333333333336
-46100.88888888889
-46041.27777777778
-45978.666666666664
-46151.5
-45902.833333333336
-46174.944444444445
-46060.166666666664
-46185.333333333336
-45945.77777777778
-46046.666666666664
-46032.944444444445
-45993.833333333336
-46105.77777777778
-45999.22222222222
-46014.555555555555
-45877.444444444445
-46144.666666666664
-45845.333333333336
-46106.944444444445
-46019.61111111111
-45924.61111111111
-46188.444444444445
-45978.444444444445
-46038.555555555555
-45931.944444444445
-46182.72222222222
-46218.88888888889
-46068.38888888889
-45918.055555555555
-45952.444444444445
-45935.72222222222
-46003.333333333336
-45967.555555555555
-46176.77777777778
-46180.88888888889
-46130.38888888889
-46135.0
-46010.88888888889
-45917.833333333336
-45937.72222222222
-45904.555555555555
-46097.555555555555
-46090.5
-46162.555555555555
-46191.11111111111
-46149.22222222222
-46042.555555555555
-46034.166666666664
-46252.77777777778
-45919.666666666664
-46059.833333333336
-46051.444444444445
-45864.72222222222
-46121.166666666664
-45850.555555555555
-46102.11111111111
-46048.77777777778
-46012.88888888889
-45896.555555555555
-45880.555555555555
-46143.5
-46081.61111111111
-46136.944444444445
-46156.055555555555
-45977.38888888889
-45941.88888888889
-45731.5
-45962.0
-45770.38888888889
-46070.11111111111
-46066.88888888889
-46087.055555555555
-46007.333333333336
-46032.666666666664
-46058.27777777778
-46166.055555555555
-46241.555555555555
-46205.0
-46271.27777777778
-46169.555555555555
-46067.61111111111
-46185.944444444445
-45966.333333333336
-46105.444444444445
-45921.61111111111
-45941.11111111111
-45966.055555555555
-46010.833333333336
-46195.5
-45985.0
-46067.38888888889
-46009.0
-45863.11111111111
-46176.88888888889
-45894.77777777778
-46019.833333333336
-46025.72222222222
-46076.88888888889
-46056.88888888889
-46132.055555555555
-46233.333333333336
-46068.5
-45985.77777777778
-45983.833333333336
-45925.38888888889
-46290.0
-45834.22222222222
-45963.11111111111
-45900.88888888889
-46092.666666666664
-46009.444444444445
-46036.61111111111
-45969.72222222222
-45971.88888888889
-46184.11111111111
-45958.944444444445
-45900.22222222222
-46187.5
-45922.22222222222
-45934.5
-45952.555555555555
-46188.055555555555
-45992.5
-45954.0
-45913.833333333336
-45980.72222222222
-46095.166666666664
-45926.833333333336
-45975.72222222222
-46026.666666666664
-45930.666666666664
-46181.77777777778
-46086.555555555555
-46015.666666666664
-45908.555555555555
-46013.666666666664
-45911.22222222222
-46004.5
-45952.666666666664
-45934.833333333336
-46017.5
-46125.333333333336
-46102.0
-46011.22222222222
-46021.666666666664
-46206.944444444445
-45931.77777777778
-45926.666666666664
-45913.72222222222
-46066.333333333336
-45959.333333333336
-46040.88888888889
-46041.0
-46117.88888888889
-46033.72222222222
-45992.77777777778
-46125.166666666664
-45837.055555555555
-46022.833333333336
-45911.77777777778
-46144.27777777778
-46162.77777777778
-46069.666666666664
-46094.444444444445
-45969.61111111111
-46166.27777777778
-46193.944444444445
-45939.055555555555
-46125.666666666664
-45980.27777777778
-45833.444444444445
-45960.72222222222
-46095.055555555555
-46171.22222222222
-45973.333333333336
-46154.27777777778
-46031.11111111111
-45952.555555555555
-45853.38888888889
-45951.11111111111
-46126.38888888889
-46061.77777777778
-46229.61111111111
-46102.88888888889
-46156.22222222222
-46178.833333333336
-46027.055555555555
-45949.11111111111
-45959.944444444445
-46115.5
-45998.27777777778
-46175.38888888889
-45990.444444444445
-46024.5
-46069.944444444445
-45976.666666666664
-45994.555555555555
-46076.72222222222
-46088.72222222222
-45996.055555555555
-45924.0
-45962.333333333336
-46043.22222222222
-45934.88888888889
-46147.5
-46188.38888888889
-46056.72222222222
-46102.22222222222
-45886.38888888889
-45950.88888888889
-45934.72222222222
-46094.944444444445
-46072.5
-46104.38888888889
-45984.833333333336
-45807.88888888889
-46071.11111111111
-46125.944444444445
-46247.055555555555
-45943.333333333336
-46164.666666666664
-45974.444444444445
-45985.11111111111
-46049.166666666664
-46032.055555555555
-46217.555555555555
-45997.61111111111
-46115.0
-46095.22222222222
-46033.833333333336
-46149.11111111111
-46000.444444444445
-46199.38888888889
-46082.38888888889
-46007.666666666664
-46120.944444444445
-45837.27777777778
-46109.333333333336
-46085.666666666664
-46054.944444444445
-45961.22222222222
-45974.72222222222
-45841.333333333336
-46000.72222222222
-46090.22222222222
-45924.555555555555
-46199.38888888889
-46000.444444444445
-46138.833333333336
-46073.833333333336
-46080.11111111111
-46131.555555555555
-46100.27777777778
-46070.555555555555
-46054.944444444445
-45811.666666666664
-46111.72222222222
-45956.5
-46121.166666666664
-45940.5
-46059.333333333336
-46090.333333333336
-45848.38888888889
-46121.22222222222
-46045.166666666664
-46069.88888888889
-45910.833333333336
-46138.166666666664
-46234.5
-46131.11111111111
-46082.055555555555
-45912.555555555555
-45896.833333333336
-46063.27777777778
-46099.11111111111
-46099.22222222222
-46112.166666666664
-46095.27777777778
-46208.0
-46114.0
-46063.333333333336
-45911.333333333336
-45928.5
-46061.555555555555
-45947.77777777778
-45941.555555555555
-46083.333333333336
-45907.61111111111
-46144.055555555555
-46184.055555555555
-46106.555555555555
-45971.944444444445
-45835.833333333336
-46136.11111111111
-45860.72222222222
-46089.77777777778
-45764.72222222222
-45864.38888888889
-46021.38888888889
-45835.833333333336
-46080.5
-45962.61111111111
-45957.0
-46055.27777777778
-46178.555555555555
-46193.72222222222
-46133.11111111111
-46144.22222222222
-46133.833333333336
-46001.88888888889
-45968.88888888889
-46006.38888888889
-45990.77777777778
-46062.333333333336
-46058.555555555555
-45993.5
-46030.22222222222
-46086.833333333336
-46096.72222222222
-46000.333333333336
-45945.444444444445
-46135.11111111111
-46036.27777777778
-46145.555555555555
-46106.555555555555
-45879.833333333336
-45969.944444444445
-46158.555555555555
-46191.0
-46123.77777777778
-46183.055555555555
-46119.333333333336
-46000.38888888889
-46117.833333333336
-46126.38888888889
-46110.22222222222
-45952.555555555555
-46046.666666666664
-45878.88888888889
-46038.38888888889
-45798.61111111111
-46109.27777777778
-46012.055555555555
-46061.944444444445
-45932.38888888889
-45944.11111111111
-46171.22222222222
-46075.444444444445
-45880.666666666664
-46002.055555555555
-45911.555555555555
-46066.055555555555
-46250.72222222222
-45990.555555555555
-45977.333333333336
-46070.88888888889
-45850.333333333336
-45965.333333333336
-46106.88888888889
-45994.77777777778
-45780.88888888889
-46075.833333333336
-45966.61111111111
-46203.38888888889
-46125.22222222222
-46218.166666666664
-46156.22222222222
-46250.11111111111
-46061.72222222222
-46197.944444444445
-46076.055555555555
-46044.333333333336
-46086.38888888889
-45864.055555555555
-46213.055555555555
-45967.055555555555
-45957.11111111111
-46097.833333333336
-45702.88888888889
-45880.77777777778
-46022.333333333336
-45979.11111111111
-46072.444444444445
-46034.61111111111
-46037.27777777778
-45959.444444444445
-46122.22222222222
-46100.5
-45967.61111111111
-45981.38888888889
-46232.666666666664
-45909.055555555555
-46027.833333333336
-45956.444444444445
-46002.666666666664
-46187.5
-46145.833333333336
-46015.444444444445
-46066.833333333336
-46022.666666666664
-46010.944444444445
-45962.0
-46175.555555555555
-46111.27777777778
-46092.22222222222
-46071.444444444445
-46133.38888888889
-45951.38888888889
-45960.944444444445
-46116.38888888889
-46128.555555555555
-46287.61111111111
-45903.666666666664
-46037.61111111111
-45942.38888888889
-45969.444444444445
-46137.72222222222
-46021.833333333336
-46077.11111111111
-46212.333333333336
-46018.666666666664
-46228.555555555555
-46003.555555555555
-46030.5
-45913.333333333336
-45994.77777777778
-46040.833333333336
-46101.77777777778
-46000.11111111111
-46077.166666666664
-46396.055555555555
-46117.444444444445
-46212.11111111111
-46083.055555555555
-46113.666666666664
-46081.77777777778
-45780.333333333336
-45820.88888888889
-45934.333333333336
-45848.88888888889
-46011.166666666664
-46179.27777777778
-45999.38888888889
-46091.72222222222
-46116.444444444445
-46088.333333333336
-45894.72222222222
-45802.88888888889
-46072.88888888889
-45807.72222222222
-45954.22222222222
-45980.38888888889
-46071.61111111111
-46128.61111111111
-46128.944444444445
-46049.77777777778
-46032.444444444445
-45931.77777777778
-46019.444444444445
-46042.27777777778
-45927.666666666664
-46032.72222222222
-46077.833333333336
-46066.77777777778
-46046.88888888889
-46026.833333333336
-46086.27777777778
-46091.22222222222
-46063.77777777778
-46100.27777777778
-45991.166666666664
-46090.88888888889
-46190.61111111111
-46171.5
-46092.11111111111
-46046.833333333336
-46146.61111111111
-46119.166666666664
-46004.555555555555
-46078.72222222222
-45960.5
-46077.944444444445
-46049.0
-46085.22222222222
-46212.27777777778
-46146.27777777778
-46078.944444444445
-46031.555555555555
-46016.27777777778
-46132.77777777778
-46099.0
-45955.833333333336
-45966.72222222222
-45850.833333333336
-46146.333333333336
-46078.333333333336
-46056.88888888889
-46111.88888888889
-46080.27777777778
-46179.72222222222
-45947.72222222222
-46059.11111111111
-45875.27777777778
-45893.61111111111
-46203.0
-45926.61111111111
-46097.666666666664
-46001.27777777778
-45896.77777777778
-46078.166666666664
-46039.88888888889
-46155.944444444445
-46204.555555555555
-45964.833333333336
-46245.944444444445
-46102.72222222222
-46104.555555555555
-45996.22222222222
-45794.555555555555
-46027.77777777778
-46091.77777777778
-45962.055555555555
-45870.77777777778
-46096.38888888889
-45966.333333333336
-46028.555555555555
-46103.166666666664
-45925.72222222222
-46043.444444444445
-46000.333333333336
-45908.333333333336
-46006.666666666664
-45904.555555555555
-46103.77777777778
-46051.555555555555
-45917.38888888889
-46060.0
-45897.38888888889
-46058.444444444445
-45953.0
-45871.38888888889
-46022.444444444445
-46003.5
-46073.27777777778
-46100.72222222222
-46121.666666666664
-45947.88888888889
-46125.88888888889
-45979.72222222222
-45872.77777777778
-46187.0
-45931.055555555555
-45960.38888888889
-46076.5
-45929.055555555555
-46029.88888888889
-45928.833333333336
-45735.77777777778
-46045.77777777778
-45951.22222222222
-46019.22222222222
-46008.055555555555
-45873.944444444445
-46098.38888888889
-45780.88888888889
-46043.5
-45939.38888888889
-46005.0
-46206.61111111111
-45915.11111111111
-46051.333333333336
-45915.72222222222
-46093.77777777778
-46143.833333333336
-45959.88888888889
-46085.333333333336
-45980.27777777778
-45817.72222222222
-45968.77777777778
-45868.333333333336
-45846.11111111111
-46033.22222222222
-45902.27777777778
-46062.88888888889
-45760.0
-46161.055555555555
-45941.5
-45896.055555555555
-45934.5
-46091.0
-46152.22222222222
-45773.77777777778
-46287.61111111111
-45936.22222222222
-45930.0
-46079.72222222222
-45964.0
-46196.0
-45952.88888888889
-46030.333333333336
-46043.555555555555
-46050.22222222222
-46195.555555555555
-45938.0
-45970.27777777778
-45984.61111111111
-46021.333333333336
-46060.61111111111
-45988.11111111111
-46178.166666666664
-45898.22222222222
-46023.055555555555
-46035.166666666664
-46006.333333333336
-46007.166666666664
-45977.944444444445
-45905.166666666664
-46058.166666666664
-46100.055555555555
-46085.38888888889
-46026.555555555555
-46130.055555555555
-46105.055555555555
-45955.88888888889
-46113.88888888889
-46138.11111111111
-46096.0
-46148.38888888889
-46244.27777777778
-46114.22222222222
-46004.88888888889
-45853.666666666664
-45859.666666666664
-45878.0
-45981.38888888889
-46038.11111111111
-46076.88888888889
-45855.27777777778
-46188.555555555555
-46188.11111111111
-46057.166666666664
-46041.055555555555
-45919.61111111111
-46011.444444444445
-46100.27777777778
-45881.833333333336
-46187.22222222222
-46001.38888888889
-46066.666666666664
-45978.666666666664
-46025.38888888889
-46092.22222222222
-45991.555555555555
-46132.944444444445
-46174.666666666664
-46024.333333333336
-46020.333333333336
-45993.944444444445
-46070.0
-45989.166666666664
-46017.833333333336
-45829.27777777778
-45961.333333333336
-46068.38888888889
-45987.555555555555
-46269.11111111111
-46098.666666666664
-46052.72222222222
-46079.77777777778
-45916.166666666664
-46082.5
-46030.22222222222
-46021.22222222222
-45985.22222222222
-46112.444444444445
-46090.77777777778
-46100.333333333336
-45877.27777777778
-46161.11111111111
-46043.833333333336
-46088.333333333336
-46083.833333333336
-46009.944444444445
-46037.666666666664
-45924.72222222222
-45974.055555555555
-45898.27777777778
-46032.444444444445
-45686.22222222222
-45867.61111111111
-45943.72222222222
-46026.555555555555
-46114.833333333336
-46020.055555555555
-46047.61111111111
-46159.833333333336
-46106.166666666664
-46097.38888888889



The list of best values first execution 

-47715.0
-48264.0
-48384.0
-48448.0
-48559.0
-48482.0
-48567.0
-48616.0
-48618.0
-48629.0
-48635.0
-48588.0
-48618.0
-48585.0
-48595.0
-48635.0
-48602.0
-48633.0
-48635.0
-48635.0
-48635.0
-48635.0
-48635.0
-48635.0
-48635.0
-48635.0
-48635.0
-48635.0
-48635.0
-48635.0
-48635.0
-48635.0
-48635.0
-48635.0
-48635.0
-48635.0
-48635.0
-48631.0
-48635.0
-48633.0
-48635.0
-48635.0
-48635.0
-48635.0
-48633.0
-48635.0
-48635.0
-48635.0
-48635.0
-48635.0
-48635.0
-48635.0
-48635.0
-48635.0
-48635.0
-48635.0
-48635.0
-48635.0
-48635.0
-48635.0
-48635.0
-48635.0
-48635.0
-48635.0
-48635.0
-48635.0
-48635.0
-48635.0
-48635.0
-48635.0
-48635.0
-48633.0
-48635.0
-48633.0
-48635.0
-48635.0
-48635.0
-48635.0
-48633.0
-48631.0
-48635.0
-48635.0
-48635.0
-48635.0
-48635.0
-48633.0
-48635.0
-48633.0
-48635.0
-48635.0
-48633.0
-48635.0
-48635.0
-48633.0
-48635.0
-48633.0
-48635.0
-48635.0
-48635.0
-48633.0
-48635.0
-48633.0
-48635.0
-48633.0
-48635.0
-48635.0
-48635.0
-48635.0
-48635.0
-48633.0
-48635.0
-48635.0
-48633.0
-48635.0
-48635.0
-48635.0
-48635.0
-48633.0
-48635.0
-48633.0
-48635.0
-48635.0
-48635.0
-48635.0
-48635.0
-48635.0
-48635.0
-48635.0
-48635.0
-48635.0
-48633.0
-48635.0
-48635.0
-48635.0
-48633.0
-48631.0
-48635.0
-48635.0
-48635.0
-48633.0
-48635.0
-48635.0
-48635.0
-48635.0
-48633.0
-48635.0
-48635.0
-48635.0
-48635.0
-48635.0
-48635.0
-48635.0
-48635.0
-48635.0
-48635.0
-48635.0
-48633.0
-48635.0
-48635.0
-48635.0
-48635.0
-48635.0
-48635.0
-48635.0
-48635.0
-48635.0
-48635.0
-48635.0
-48635.0
-48633.0
-48635.0
-48635.0
-48635.0
-48635.0
-48635.0
-48635.0
-48635.0
-48635.0
-48635.0
-48635.0
-48635.0
-48635.0
-48635.0
-48635.0
-48635.0
-48635.0
-48635.0
-48635.0
-48635.0
-48635.0
-48635.0
-48635.0
-48633.0
-48635.0
-48633.0
-48635.0
-48635.0
-48635.0
-48635.0
-48635.0
-48635.0
-48635.0
-48635.0
-48635.0
-48635.0
-48635.0
-48633.0
-48635.0
-48635.0
-48635.0
-48635.0
-48635.0
-48635.0
-48635.0
-48635.0
-48633.0
-48635.0
-48633.0
-48628.0
-48635.0
-48633.0
-48635.0
-48635.0
-48635.0
-48635.0
-48633.0
-48628.0
-48635.0
-48635.0
-48635.0
-48635.0
-48635.0
-48635.0
-48635.0
-48635.0
-48635.0
-48635.0
-48635.0
-48635.0
-48635.0
-48635.0
-48635.0
-48635.0
-48635.0
-48635.0
-48635.0
-48635.0
-48635.0
-48635.0
-48635.0
-48635.0
-48635.0
-48635.0
-48635.0
-48635.0
-48635.0
-48635.0
-48635.0
-48635.0
-48635.0
-48635.0
-48635.0
-48635.0
-48635.0
-48635.0
-48635.0
-48635.0
-48635.0
-48635.0
-48635.0
-48635.0
-48635.0
-48635.0
-48635.0
-48635.0
-48635.0
-48635.0
-48635.0
-48635.0
-48635.0
-48635.0
-48635.0
-48635.0
-48635.0
-48635.0
-48635.0
-48635.0
-48635.0
-48635.0
-48635.0
-48635.0
-48635.0
-48635.0
-48635.0
-48635.0
-48635.0
-48635.0
-48635.0
-48635.0
-48635.0
-48635.0
-48635.0
-48635.0
-48635.0
-48635.0
-48635.0
-48635.0
-48635.0
-48635.0
-48635.0
-48635.0
-48635.0
-48635.0
-48635.0
-48635.0
-48635.0
-48635.0
-48635.0
-48635.0
-48635.0
-48635.0
-48635.0
-48635.0
-48635.0
-48635.0
-48635.0
-48635.0
-48635.0
-48635.0
-48635.0
-48635.0
-48635.0
-48635.0
-48635.0
-48635.0
-48635.0
-48635.0
-48635.0
-48635.0
-48635.0
-48635.0
-48635.0
-48635.0
-48635.0
-48635.0
-48635.0
-48635.0
-48635.0
-48635.0
-48635.0
-48635.0
-48635.0
-48635.0
-48635.0
-48635.0
-48635.0
-48635.0
-48635.0
-48631.0
-48635.0
-48635.0
-48635.0
-48635.0
-48635.0
-48635.0
-48635.0
-48635.0
-48635.0
-48635.0
-48635.0
-48633.0
-48635.0
-48635.0
-48635.0
-48635.0
-48635.0
-48635.0
-48635.0
-48633.0
-48635.0
-48635.0
-48635.0
-48633.0
-48631.0
-48635.0
-48635.0
-48633.0
-48635.0
-48633.0
-48631.0
-48635.0
-48635.0
-48635.0
-48635.0
-48635.0
-48635.0
-48635.0
-48635.0
-48635.0
-48635.0
-48635.0
-48635.0
-48635.0
-48635.0
-48635.0
-48635.0
-48635.0
-48635.0
-48635.0
-48635.0
-48635.0
-48635.0
-48635.0
-48635.0
-48635.0
-48635.0
-48635.0
-48635.0
-48635.0
-48635.0
-48635.0
-48635.0
-48635.0
-48635.0
-48635.0
-48635.0
-48635.0
-48635.0
-48635.0
-48635.0
-48635.0
-48635.0
-48635.0
-48635.0
-48635.0
-48635.0
-48635.0
-48635.0
-48635.0
-48635.0
-48635.0
-48635.0
-48631.0
-48611.0
-48623.0
-48626.0
-48635.0
-48629.0
-48627.0
-48626.0
-48640.0
-48640.0
-48640.0
-48640.0
-48640.0
-48640.0
-48640.0
-48640.0
-48640.0
-48640.0
-48640.0
-48640.0
-48640.0
-48640.0
-48640.0
-48640.0
-48640.0
-48640.0
-48640.0
-48640.0
-48640.0
-48640.0
-48640.0
-48640.0
-48640.0
-48640.0
-48640.0
-48640.0
-48640.0
-48640.0
-48640.0
-48640.0
-48640.0
-48640.0
-48640.0
-48640.0
-48640.0
-48640.0
-48640.0
-48640.0
-48640.0
-48640.0
-48640.0
-48640.0
-48640.0
-48640.0
-48640.0
-48640.0
-48640.0
-48640.0
-48640.0
-48640.0
-48640.0
-48640.0
-48640.0
-48640.0
-48640.0
-48640.0
-48640.0
-48640.0
-48640.0
-48640.0
-48640.0
-48640.0
-48640.0
-48635.0
-48636.0
-48640.0
-48640.0
-48640.0
-48640.0
-48640.0
-48640.0
-48640.0
-48640.0
-48640.0
-48635.0
-48636.0
-48640.0
-48640.0
-48640.0
-48640.0
-48640.0
-48640.0
-48640.0
-48640.0
-48640.0
-48640.0
-48640.0
-48635.0
-48637.0
-48637.0
-48640.0
-48636.0
-48640.0
-48640.0
-48640.0
-48640.0
-48640.0
-48640.0
-48640.0
-48640.0
-48640.0
-48640.0
-48640.0
-48640.0
-48640.0
-48640.0
-48640.0
-48640.0
-48640.0
-48640.0
-48640.0
-48640.0
-48640.0
-48640.0
-48640.0
-48640.0
-48640.0
-48640.0
-48640.0
-48640.0
-48640.0
-48640.0
-48640.0
-48640.0
-48640.0
-48640.0
-48640.0
-48640.0
-48640.0
-48640.0
-48640.0
-48640.0
-48640.0
-48640.0
-48640.0
-48640.0
-48640.0
-48640.0
-48640.0
-48640.0
-48640.0
-48640.0
-48640.0
-48640.0
-48640.0
-48640.0
-48640.0
-48640.0
-48640.0
-48640.0
-48640.0
-48640.0
-48640.0
-48640.0
-48640.0
-48640.0
-48640.0
-48640.0
-48640.0
-48640.0
-48640.0
-48640.0
-48640.0
-48640.0
-48636.0
-48640.0
-48640.0
-48640.0
-48640.0
-48640.0
-48640.0
-48640.0
-48640.0
-48640.0
-48640.0
-48635.0
-48637.0
-48637.0
-48640.0
-48640.0
-48640.0
-48640.0
-48640.0
-48640.0
-48640.0
-48640.0
-48640.0
-48640.0
-48640.0
-48640.0
-48640.0
-48640.0
-48640.0
-48640.0
-48640.0
-48640.0
-48640.0
-48640.0
-48640.0
-48640.0
-48640.0
-48640.0
-48640.0
-48640.0
-48640.0
-48640.0
-48640.0
-48640.0
-48640.0
-48640.0
-48640.0
-48640.0
-48640.0
-48640.0
-48640.0
-48640.0
-48640.0
-48640.0
-48640.0
-48640.0
-48640.0
-48635.0
-48636.0
-48640.0
-48640.0
-48640.0
-48640.0
-48640.0
-48640.0
-48640.0
-48640.0
-48640.0
-48640.0
-48640.0
-48640.0
-48640.0
-48640.0
-48640.0
-48640.0
-48640.0
-48640.0
-48640.0
-48640.0
-48640.0
-48640.0
-48640.0
-48640.0
-48640.0
-48640.0
-48640.0
-48640.0
-48640.0
-48640.0
-48640.0
-48640.0
-48640.0
-48640.0
-48640.0
-48640.0
-48640.0
-48640.0
-48640.0
-48640.0
-48640.0
-48640.0
-48640.0
-48640.0
-48640.0
-48640.0
-48640.0
-48640.0
-48640.0
-48640.0
-48640.0
-48640.0
-48640.0
-48640.0
-48640.0
-48640.0
-48640.0
-48640.0
-48640.0
-48640.0
-48640.0
-48640.0
-48640.0
-48640.0
-48640.0
-48640.0
-48640.0
-48640.0
-48640.0
-48640.0
-48640.0
-48640.0
-48640.0
-48640.0
-48640.0
-48640.0
-48640.0
-48640.0
-48640.0
-48640.0
-48640.0
-48640.0
-48640.0
-48640.0
-48640.0
-48635.0
-48636.0
-48640.0
-48640.0



The list of values average 

-46153.00055555557
-46345.254999999976
-46438.16166666667
-46466.451666666675
-46480.99888888889
-46481.91777777779
-46487.63722222223
-46468.117777777785
-46459.36999999999
-46454.29277777778
-46434.36
-46421.152222222234
-46417.705
-46385.4288888889
-46368.92111111113
-46359.478888888916
-46335.80722222223
-46317.45333333335
-46292.794444444444
-46281.89777777779
-46260.042777777795
-46255.29222222222
-46220.97611111111
-46224.321111111094
-46184.81722222221
-46177.573333333334
-46172.94999999999
-46155.76944444447
-46154.114444444465
-46129.5388888889
-46125.26944444445
-46127.7288888889
-46121.113888888896
-46103.32833333335
-46098.67166666665
-46105.2883333333
-46084.258333333295
-46081.990555555545
-46085.43944444443
-46078.62
-46075.870555555535
-46048.75166666665
-46057.51722222224
-46045.226111111115
-46061.36277777778
-46050.03444444446
-46044.31166666667
-46046.81444444443
-46037.85222222222
-46038.647777777776
-46035.4938888889
-46052.99499999999
-46027.66944444445
-46032.24277777778
-46027.898333333316
-46035.450000000004
-46048.65111111109
-46038.81333333332
-46037.475000000006
-46031.223888888875
-46026.53833333335
-46052.80222222221
-46025.03111111111
-46053.165000000015
-46040.23555555558
-46052.20944444442
-46037.46000000001
-46036.23277777777
-46032.79888888888
-46029.73055555556
-46029.993888888894
-46031.765555555554
-46040.39222222221
-46023.41999999999
-46016.66888888889
-46023.25555555557
-46015.407777777764
-46052.64277777778
-46016.88722222222
-46039.39111111113
-46027.566666666666
-46031.56555555554
-46050.00222222222
-46004.76222222221
-46035.55666666667
-46031.77388888887
-46037.67277777777
-46046.857777777775
-46021.180000000015
-46034.33722222221
-46021.74722222224
-46020.24277777779
-46034.537222222214
-46035.57055555556
-46035.05611111109
-46020.221666666686
-46040.30555555554
-46020.80166666669
-46025.5788888889
-46020.863888888896
-46041.75499999998
-46039.171666666676
-46026.87444444443
-46038.48888888887
-46022.23166666668
-46029.69444444445
-46024.39500000002
-46024.68777777776
-46024.59999999999
-46027.613333333335
-46034.78777777777
-46027.38388888887
-46027.945000000014
-46012.90833333332
-46042.72555555555
-46027.53666666668
-46024.89722222219
-46027.24777777777
-46018.10611111111
-46042.45555555555
-46032.68388888892
-46038.4927777778
-46042.13222222222
-46030.68666666665
-46042.236111111124
-46018.77888888888
-46035.89166666667
-46028.21444444442
-46024.01444444446
-46045.29444444444
-46031.520555555566
-46024.10444444444
-46025.09388888889
-46029.59888888888
-46028.91944444446
-46027.079444444455
-46020.51055555556
-46035.14333333332
-46017.75777777776
-46014.994999999995
-46024.91611111111
-46026.91222222222
-46036.52722222222
-46033.35333333334
-46034.761666666665
-46032.44222222224
-46032.5161111111
-46037.2161111111
-46024.86555555556
-46038.61666666664
-46034.97611111111
-46008.427222222206
-46049.8188888889
-46031.15944444445
-46047.646666666675
-46018.135000000024
-46007.8488888889
-46035.053888888884
-46027.86499999999
-46049.207222222234
-46016.823888888895
-46034.529444444415
-46026.09444444445
-46018.0561111111
-46022.13166666666
-46007.80888888888
-46047.21666666667
-46026.80055555556
-46023.12888888889
-46038.222222222226
-46013.31055555555
-46047.115555555574
-46023.52833333335
-46026.5988888889
-46034.65722222224
-46021.2477777778
-46036.94777777778
-46035.071666666634
-46023.0088888889
-46042.80722222221
-46035.50444444445
-46036.11666666666
-46016.272777777776
-46030.575
-46023.58111111113
-46037.630555555545
-46031.58666666666
-46021.11999999997
-46037.80666666666
-46025.48000000002
-46025.86722222223
-46013.41000000001
-46028.56888888889
-46035.10333333333
-46023.62444444443
-46052.86500000001
-46023.60111111111
-46050.08611111109
-46049.464444444464
-46032.5627777778
-46038.93722222223
-46040.35777777779
-46042.64222222222
-46041.40944444446
-46047.39722222222
-46032.78888888887
-46030.02611111111
-46035.845
-46038.217222222236
-46017.80999999999
-46032.60722222223
-46028.10999999997
-46052.889999999985
-46025.21555555555
-46049.78500000002
-46038.517222222225
-46036.59666666665
-46022.23333333332
-46009.81888888887
-46034.848333333335
-46026.89166666666
-46019.951111111106
-46042.51111111113
-46035.36944444443
-46029.34277777778
-46040.20222222223
-46043.75888888889
-46020.306111111124
-46046.37833333334
-46022.26388888892
-46043.33666666665
-46016.12777777779
-46022.42777777778
-46016.98166666668
-46014.35833333333
-46016.21388888888
-46004.72222222223
-46014.85944444443
-46046.01222222224
-46004.862222222226
-46025.12499999999
-46032.31333333333
-46029.996111111104
-46026.032222222224
-46029.11833333332
-46021.35166666668
-46008.99944444445
-46033.60722222221
-46019.93388888888
-46024.80666666666
-46044.386666666636
-46015.45111111113
-46041.462222222224
-46021.95722222223
-46048.87
-46043.69
-46043.85222222223
-46039.813333333324
-46038.20000000001
-46047.58166666668
-46005.39277777777
-46038.30555555554
-46033.306111111124
-46033.43500000002
-46049.37888888889
-46049.496666666666
-46042.479444444434
-46023.149999999994
-46012.09944444444
-46035.58277777779
-46021.821666666685
-46002.80055555556
-46033.90722222223
-46017.03499999999
-46036.28833333332
-46013.39944444443
-46030.14666666664
-46032.03611111111
-46039.63388888891
-46023.79444444442
-46018.621111111104
-46014.42666666671
-46027.46222222223
-46028.67444444444
-46045.12333333332
-46037.80833333335
-46041.09055555557
-46027.27888888889
-46016.14999999998
-46044.72111111109
-46044.66222222221
-46036.37000000001
-46043.9038888889
-46048.75833333334
-46005.08055555557
-46045.65388888885
-46037.86999999998
-46039.143888888895
-46060.54888888887
-46041.001111111116
-46030.25277777777
-46049.12277777781
-46022.46166666665
-46033.16333333331
-46044.54388888886
-46038.92444444445
-46045.23666666667
-46042.14277777779
-46010.91222222221
-46041.72000000001
-46018.818333333336
-46032.88111111113
-46028.00833333334
-46034.94555555556
-46036.986111111095
-46030.590000000004
-46044.38333333332
-46034.10999999999
-46046.06555555556
-46046.76555555554
-46039.1488888889
-46060.85888888887
-46034.35722222223
-46036.703888888886
-46044.44888888889
-46025.74944444445
-46032.080000000016
-46028.03333333334
-46037.89333333331
-46040.773888888914
-46038.833333333336
-46018.82722222223
-46032.511666666665
-46041.26388888889
-46015.94722222221
-46021.68166666667
-46031.26555555556
-46040.640555555576
-46019.297222222216
-46045.72666666668
-46024.561111111136
-46034.485
-46038.29
-46028.00000000003
-46033.27777777776
-46050.2266666667
-46055.70166666667
-46045.215000000004
-46037.872777777775
-46028.182777777794
-46040.92666666665
-46026.80333333334
-46042.6872222222
-46032.42277777777
-46038.833888888905
-46028.005
-46057.00611111111
-46027.17666666667
-46040.83888888889
-46026.34333333332
-46034.88444444445
-46040.82611111109
-46037.90722222224
-46037.09333333332
-46038.44999999999
-46039.49333333335
-46051.02944444445
-46054.8461111111
-46026.48555555555
-46020.34833333332
-46033.33555555553
-46051.223333333335
-46033.18166666666
-46043.80611111112
-46038.172777777785
-46037.01166666665
-46037.414444444454
-46032.8211111111
-46017.89611111108
-46052.47277777779
-46024.18444444444
-46033.76555555557
-46047.782222222224
-46034.95777777778
-46039.04111111113
-46035.08055555557
-46026.593333333374
-46027.1472222222
-46042.33500000002
-46037.58944444445
-46056.552777777775
-46038.20666666664
-46036.89833333334
-46040.246111111104
-46021.91555555553
-46033.53111111112
-46041.54777777781
-46026.3638888889
-46033.9261111111
-46044.22277777777
-46042.31388888887
-46040.955000000016
-46030.86944444441
-46053.524999999994
-46017.957777777774
-46047.54611111111
-46038.178333333344
-46030.921666666676
-46041.41888888891
-46037.450555555566
-46013.36277777778
-46038.01166666666
-46030.17000000002
-46030.52333333332
-46048.47277777778
-46037.63777777776
-46043.52444444445
-46019.96833333332
-46035.915
-46019.12666666666
-46022.722222222226
-46026.11166666668
-46027.86
-46041.90833333331
-46013.91999999999
-46034.37277777778
-46021.42722222222
-46026.12833333332
-46051.72833333334
-46017.61888888888
-46059.289444444454
-46046.10833333334
-46043.58388888889
-46051.287777777776
-46035.87888888889
-46066.66944444445
-46039.24388888889
-46040.904444444466
-46038.81111111113
-46030.94444444447
-46031.83333333335
-46040.86611111112
-46029.49777777777
-46042.8827777778
-46026.79277777777
-46044.37777777779
-46028.93555555556
-46045.602777777785
-46026.01499999998
-46039.67111111109
-46044.57111111109
-46035.225555555575
-46055.94222222223
-46003.74
-46014.47277777778
-46027.2511111111
-46022.67166666667
-46046.90944444444
-46031.193333333336
-46031.043888888875
-46036.157777777786
-46031.772777777776
-46045.2338888889
-46041.83555555555
-46035.50277777778
-46034.37444444445
-46032.24611111112
-46019.56999999999
-46041.782222222195
-46022.84499999999
-46027.94222222223
-46043.31277777777
-46033.43388888888
-46031.13722222221
-46030.98888888889
-46034.36444444442
-46033.93499999999
-46034.495000000024
-46042.141666666685
-46021.496666666695
-46033.4311111111
-46015.281111111115
-46024.19444444447
-46029.05666666669
-46028.18333333335
-46032.51277777778
-46021.810000000005
-46028.19666666666
-46050.051666666666
-46037.220000000016
-46022.2661111111
-46051.41722222223
-46068.369444444455
-46042.29388888889
-46046.837222222246
-46023.55833333333
-46026.07722222224
-46045.96333333332
-46020.473333333335
-46027.4711111111
-46033.00166666667
-46033.72666666667
-46041.71722222223
-46012.10277777778
-46031.20555555553
-46026.52333333333
-46037.48666666666
-46027.64388888889
-46029.83222222222
-46041.586666666655
-46031.747222222206
-46045.15833333335
-46021.70277777777
-46025.93722222223
-46019.938333333324
-46014.31500000001
-46042.811111111114
-46045.00833333335
-46027.26499999999
-46017.892222222246
-46032.736666666686
-46037.56111111112
-46034.79222222223
-46041.761666666665
-46042.5488888889
-46031.96722222223
-46031.488333333335
-46019.84611111111
-46033.1877777778
-46029.79833333333
-46034.203888888886
-46009.91111111111
-46043.89833333334
-46053.47388888886
-46040.67611111114
-46045.335
-46024.90166666666
-46038.9011111111
-46035.06055555555
-46043.35277777774
-46023.71666666666
-46034.74277777778
-46060.63999999999
-46046.4888888889
-46045.956666666665
-46033.09388888888
-46051.127222222225
-46055.32888888887
-46027.88277777777
-46037.27888888889
-46035.56055555556
-46032.35777777778
-46037.457777777774
-46036.43000000001
-46038.93555555553
-46030.00611111112
-46041.485
-46048.683333333334
-46043.3888888889
-46046.31777777777
-46047.77555555556
-46051.713333333355
-46048.07444444445
-46050.39833333332
-46041.576111111106
-46039.48555555557
-46040.963888888895
-46044.56611111113
-46028.98666666667
-46035.14555555556
-46045.30722222221
-46042.92999999999
-46045.05611111111
-46036.90055555555
-46041.941666666666
-46027.94111111113
-46047.70055555554
-46025.762777777774
-46049.30833333333
-46044.777222222205
-46064.14388888887
-46028.06944444443
-46039.02833333336
-46018.54277777775
-46030.881666666675
-46035.841666666674
-46028.69666666669
-46026.69722222224
-46028.87166666665
-46041.02555555554
-46029.35833333335
-46054.25111111111
-46038.380000000005
-46035.13500000002
-46047.14388888891
-46050.60833333334
-46045.897777777776
-46040.31111111112
-46047.72777777778
-46030.098888888875
-46037.8938888889
-46032.18666666667
-46025.05944444444
-46031.837222222224
-46022.224444444444
-46050.07444444444
-46041.158333333304
-46037.18055555556
-46041.735555555555
-46022.168333333335
-46066.25166666667
-46043.911666666674
-46036.359444444446
-46031.97555555553
-46027.376666666656
-46034.062777777785
-46028.215555555566
-46020.75777777778
-46028.77222222221
-46023.54333333334
-46026.633333333346
-46031.672222222245
-46038.00833333335
-46014.03333333332
-46042.30444444444
-46011.212777777764
-46025.776111111125
-46040.415555555526
-46024.098888888875
-46026.485000000015
-46016.06777777777
-46028.967777777776
-46012.65055555558
-46043.730555555565
-46046.28444444443
-46012.21611111111
-46016.113333333335
-46003.920555555575
-46039.71444444444
-46026.14222222221
-46024.41388888889
-46056.573888888845
-46011.366666666676
-46033.00166666666
-46032.72444444443
-46020.56722222223
-46038.44555555555
-46044.774999999994
-46056.07611111111
-46038.943333333336
-46059.30055555556
-46049.19444444443
-46027.41833333333
-46024.05611111109
-46035.24611111112
-46035.313888888886
-46030.97444444445
-46022.91388888887
-46034.57611111111
-46017.21333333333
-46044.69055555559
-46031.785555555565
-46025.79222222221
-46043.76222222223
-46046.99944444446
-46044.706666666665
-46053.81500000002
-46042.1388888889
-46047.175
-46030.84722222223
-46024.195000000014
-46024.47999999998
-46032.952222222244
-46025.395555555566
-46041.92833333332
-46044.274999999994
-46031.19777777778
-46034.04777777776
-46037.740000000005
-46024.67333333333
-46027.78611111111
-46049.6727777778
-46031.55222222222
-46042.101111111115
-46033.68055555552
-46028.98499999999
-46038.16944444444
-46033.42055555555
-46049.63777777777
-46035.40722222221
-46016.294444444444
-46034.48722222221
-46011.92333333335
-46036.16055555556
-46037.82444444444
-46027.0
-46048.62666666666
-46043.072222222225
-46029.59277777777
-46033.083888888905
-46018.27777777778
-46031.229444444434
-46037.13333333334
-46029.83499999997
-46034.781666666684
-46025.90500000001
-46030.03388888889
-46042.189444444455
-46028.21833333331
-46032.7961111111
-46033.89666666665
-46029.55055555555
-46050.30944444444
-46049.4338888889
-46037.56388888891
-46049.08722222222
-46035.964444444464
-46026.93999999997
-46041.90722222223
-46034.16166666668
-46021.24277777779
-46027.59888888888
-46032.96777777778
-46038.60000000002
-46038.92555555557
-46029.3911111111
-46021.692777777775
-46029.313888888886
-46031.65999999999
-46026.55611111112
-46052.93499999999
-46058.224999999984
-46033.439999999995
-46050.68833333334
-46041.9238888889
-46013.684999999976
-46029.29500000002
-46010.607777777775
-46046.809444444436
-46043.845
-46035.356666666674
-46023.39777777779
-46029.425
-46020.357777777775
-46011.945
-46017.622777777804
-46025.73611111107
-46005.38277777778
-46029.52222222223
-46045.62777777781
-46027.2877777778
-46042.721666666665
-46034.83055555555
-46049.54111111111
-46025.21666666667
-46012.53611111112
-46049.09777777778
-46026.62111111111
-46043.987777777766
-46037.33222222221
-46055.82333333334
-46055.121666666666
-46047.13388888889
-46053.82111111112



The list of best values average 

-47603.09
-48113.99999999999
-48304.599999999984
-48396.30000000002
-48463.22999999998
-48503.01000000002
-48530.74000000001
-48548.310000000005
-48564.78999999999
-48583.19
-48591.67000000002
-48599.84000000002
-48606.42000000001
-48613.45000000003
-48612.310000000005
-48619.12999999999
-48623.00999999999
-48627.13999999999
-48628.21999999998
-48633.95999999999
-48636.05000000001
-48641.050000000025
-48642.78000000001
-48644.13000000001
-48647.590000000004
-48647.02000000002
-48650.689999999995
-48653.35999999998
-48653.37999999998
-48653.95999999999
-48655.93000000001
-48655.240000000005
-48659.840000000004
-48657.530000000006
-48660.39000000002
-48661.49000000001
-48661.03
-48661.04
-48663.22000000001
-48664.30999999999
-48662.27
-48663.88
-48665.21
-48667.75000000001
-48667.67000000001
-48668.49
-48667.03
-48668.27000000002
-48668.80999999999
-48667.54000000002
-48671.320000000014
-48671.56000000001
-48670.799999999996
-48669.02999999999
-48670.49000000001
-48671.81000000001
-48672.650000000016
-48672.54000000001
-48673.649999999994
-48672.61000000001
-48675.760000000024
-48676.57000000002
-48674.66000000001
-48675.60000000002
-48678.38000000001
-48675.680000000015
-48678.0
-48679.720000000016
-48679.42000000003
-48679.04
-48678.61000000001
-48681.710000000014
-48681.65000000001
-48678.77999999999
-48679.73
-48682.44999999999
-48683.570000000014
-48681.63000000002
-48681.63000000003
-48683.44000000001
-48683.770000000004
-48684.27000000002
-48684.820000000014
-48684.09000000001
-48684.310000000005
-48686.6
-48687.08
-48686.32
-48685.99
-48685.93000000002
-48688.20000000001
-48684.42000000001
-48686.12
-48686.69000000001
-48690.399999999994
-48687.33000000001
-48691.240000000005
-48689.25000000001
-48689.76999999999
-48687.57000000001
-48688.95000000001
-48688.16999999999
-48691.15999999998
-48689.05
-48690.17
-48690.829999999994
-48688.549999999996
-48688.91999999999
-48691.26999999998
-48689.90999999998
-48690.95
-48690.94999999999
-48689.329999999994
-48689.69
-48691.689999999995
-48691.50000000001
-48689.64
-48691.829999999994
-48692.43000000001
-48691.060000000005
-48690.43
-48692.87999999998
-48692.19999999999
-48692.97000000001
-48694.460000000014
-48694.34999999999
-48692.57000000001
-48694.63
-48692.389999999985
-48693.449999999975
-48693.779999999984
-48691.81999999999
-48693.880000000005
-48696.88000000003
-48693.479999999996
-48694.80999999999
-48694.87
-48695.15999999999
-48693.78000000001
-48694.66999999999
-48694.82999999999
-48695.19999999999
-48695.52999999998
-48696.67999999999
-48696.64
-48698.439999999995
-48696.28
-48696.62
-48697.16000000001
-48695.71999999999
-48695.56000000001
-48696.619999999995
-48697.69
-48698.81
-48699.67
-48697.25
-48698.31999999999
-48699.299999999974
-48699.88999999999
-48698.280000000006
-48698.14
-48697.569999999985
-48699.579999999994
-48699.60000000002
-48700.85
-48699.92999999999
-48700.11
-48698.88999999999
-48699.240000000005
-48698.99999999999
-48699.23999999999
-48699.96000000001
-48700.67000000001
-48696.07
-48699.29
-48700.27000000001
-48699.67000000001
-48697.87999999999
-48701.25000000001
-48700.2
-48700.70999999999
-48700.929999999986
-48699.820000000014
-48699.95000000001
-48700.93000000001
-48700.69999999998
-48701.87000000001
-48701.90000000001
-48702.320000000014
-48698.869999999995
-48702.14
-48702.9
-48702.60999999999
-48701.33000000001
-48702.57
-48702.2
-48701.369999999995
-48701.880000000005
-48702.00999999999
-48701.77
-48700.25000000001
-48702.26
-48701.78
-48701.06000000001
-48700.47000000001
-48700.369999999995
-48700.39999999999
-48701.22999999999
-48701.479999999996
-48702.67
-48702.42
-48703.320000000014
-48703.709999999985
-48703.09000000001
-48705.10000000001
-48700.12000000002
-48699.69
-48703.68
-48702.850000000006
-48704.369999999995
-48704.88
-48701.139999999985
-48703.40999999999
-48703.84999999999
-48703.38
-48702.729999999996
-48704.049999999996
-48702.93999999998
-48704.139999999985
-48703.090000000004
-48702.62999999999
-48701.56000000001
-48704.89999999998
-48705.09999999999
-48701.7
-48704.859999999986
-48703.429999999986
-48705.029999999984
-48704.60000000001
-48705.069999999985
-48702.64
-48704.5
-48704.779999999984
-48703.17999999998
-48705.00999999998
-48704.28999999998
-48704.09999999998
-48704.91
-48703.909999999996
-48704.57
-48705.59999999998
-48704.22999999999
-48705.70999999998
-48705.63999999998
-48704.529999999984
-48705.73999999997
-48706.94999999999
-48703.899999999994
-48705.82000000001
-48706.37
-48705.509999999995
-48704.51999999997
-48705.409999999974
-48706.24999999999
-48707.07999999999
-48706.219999999994
-48703.619999999995
-48704.099999999984
-48706.17999999998
-48706.63000000001
-48705.54999999998
-48705.959999999985
-48705.889999999985
-48706.54
-48704.57
-48704.449999999975
-48704.20999999999
-48707.04
-48704.80000000002
-48706.01
-48705.539999999986
-48706.729999999996
-48704.009999999995
-48705.97999999999
-48706.84999999998
-48706.67999999998
-48705.93999999998
-48706.02999999999
-48705.75
-48705.7
-48706.19999999999
-48705.33999999998
-48705.12999999997
-48706.80999999997
-48705.91999999999
-48705.789999999986
-48704.77999999998
-48706.519999999975
-48706.02999999999
-48705.58999999996
-48706.74999999999
-48706.24999999997
-48706.20999999999
-48707.24999999999
-48703.879999999976
-48704.939999999966
-48706.549999999996
-48706.60999999999
-48704.95999999997
-48704.92
-48705.73999999998
-48706.17999999997
-48705.859999999986
-48705.57999999998
-48705.889999999985
-48707.049999999974
-48705.539999999986
-48705.18999999999
-48706.00999999997
-48705.24000000001
-48705.21999999999
-48706.57
-48706.39999999999
-48704.16999999997
-48707.530000000006
-48706.549999999996
-48704.91999999999
-48708.279999999984
-48706.96999999999
-48704.72999999999
-48706.42999999998
-48706.66999999998
-48706.00999999999
-48707.37999999999
-48706.969999999965
-48705.90999999998
-48708.29999999998
-48705.78999999999
-48706.46000000001
-48706.18999999999
-48707.06999999998
-48705.26
-48706.47
-48707.59
-48705.94999999999
-48707.14999999999
-48706.920000000006
-48706.34999999999
-48707.039999999986
-48706.65000000001
-48704.86
-48707.31999999999
-48707.02000000001
-48706.39000000001
-48705.39999999999
-48706.46999999999
-48707.549999999996
-48706.31
-48707.91999999999
-48706.48
-48705.879999999976
-48706.80999999999
-48707.090000000004
-48705.20999999999
-48705.67999999999
-48707.999999999985
-48706.98999999999
-48706.53999999999
-48707.95
-48705.389999999985
-48706.26
-48708.15999999999
-48706.42
-48706.99999999998
-48707.089999999975
-48707.089999999975
-48707.53999999999
-48704.26999999999
-48704.77999999998
-48707.139999999985
-48708.44999999998
-48706.47999999999
-48707.02
-48705.48999999999
-48707.319999999985
-48706.9
-48706.46999999998
-48707.56999999999
-48708.32999999998
-48707.54999999999
-48704.50999999999
-48706.95
-48709.029999999984
-48706.049999999996
-48707.99
-48708.61999999999
-48706.909999999974
-48707.93999999998
-48708.439999999966
-48707.299999999996
-48708.15999999998
-48707.189999999995
-48707.72999999998
-48706.63999999999
-48708.34999999998
-48706.56999999997
-48706.93999999998
-48707.75999999998
-48708.59999999997
-48707.30999999998
-48708.199999999975
-48706.659999999974
-48707.799999999996
-48707.06
-48708.69999999998
-48707.73000000001
-48708.21999999998
-48708.61999999998
-48707.600000000006
-48708.46999999998
-48708.6
-48707.96999999999
-48708.66999999999
-48709.52999999996
-48708.35999999998
-48708.97999999998
-48708.22999999999
-48708.279999999984
-48707.709999999985
-48708.65000000001
-48707.82999999999
-48707.669999999984
-48709.68999999999
-48707.78999999998
-48707.549999999996
-48709.94999999998
-48709.62999999999
-48709.269999999975
-48707.04999999997
-48707.799999999974
-48709.38
-48708.03999999999
-48706.10999999998
-48707.23999999998
-48709.32999999998
-48708.4
-48708.71999999999
-48708.36
-48707.819999999985
-48706.469999999994
-48707.25999999998
-48707.389999999985
-48709.53999999999
-48708.92999999999
-48708.41999999999
-48707.45999999999
-48707.96
-48708.5
-48708.22
-48708.639999999985
-48709.799999999996
-48709.67
-48709.60999999998
-48709.43999999998
-48709.05999999999
-48709.47
-48708.79
-48709.609999999986
-48710.369999999966
-48708.89999999999
-48708.66
-48708.989999999976
-48708.03999999999
-48709.499999999985
-48709.279999999984
-48709.88
-48707.95999999999
-48710.2
-48709.77
-48708.5
-48710.97999999999
-48710.44000000001
-48710.81
-48710.029999999984
-48709.20999999999
-48709.509999999995
-48709.700000000004
-48709.54999999999
-48709.61999999999
-48708.81
-48708.71999999999
-48710.67
-48710.60999999998
-48707.59
-48709.779999999984
-48710.56
-48709.63999999999
-48709.73
-48710.57999999999
-48709.269999999975
-48710.170000000006
-48710.05999999999
-48709.98999999999
-48710.86
-48710.02999999999
-48709.36
-48710.13
-48710.89999999999
-48710.319999999985
-48709.47999999998
-48709.939999999995
-48710.19000000001
-48710.19999999999
-48709.47999999999
-48710.399999999994
-48711.10000000001
-48710.84
-48711.1
-48711.19
-48711.03999999999
-48711.16999999999
-48712.47999999999
-48711.77999999998
-48711.130000000005
-48712.23
-48711.31
-48711.75
-48711.73999999999
-48712.58999999998
-48711.810000000005
-48711.01999999999
-48712.249999999985
-48711.56
-48709.74
-48710.49999999999
-48710.19999999999
-48711.68999999999
-48710.47000000001
-48710.83
-48712.759999999995
-48712.49999999999
-48711.99
-48711.929999999986
-48709.529999999984
-48711.81999999999
-48710.920000000006
-48710.55999999999
-48711.51999999998
-48712.31999999998
-48711.57999999999
-48711.84
-48712.40999999999
-48713.43999999998
-48709.4
-48711.37
-48712.42000000001
-48712.15000000001
-48709.97999999999
-48711.39999999998
-48710.950000000004
-48713.030000000006
-48711.659999999996
-48711.29999999999
-48712.03999999998
-48710.26999999999
-48712.93000000001
-48711.409999999996
-48711.53
-48711.289999999986
-48712.01999999999
-48711.68999999999
-48712.0
-48711.73999999998
-48712.46
-48710.95999999999
-48711.46000000001
-48712.68
-48712.11000000002
-48711.99000000001
-48712.200000000004
-48712.60000000002
-48712.25999999999
-48712.049999999996
-48711.81000000002
-48712.45999999999
-48712.82000000001
-48710.530000000006
-48710.71999999999
-48712.06000000001
-48710.079999999994
-48712.10999999999
-48711.979999999996
-48711.79
-48712.38999999999
-48710.58000000002
-48712.430000000015
-48713.460000000014
-48712.850000000006
-48713.18000000002
-48712.68
-48712.02
-48712.18000000001
-48711.58999999999
-48712.45999999999
-48713.149999999994
-48710.889999999985
-48711.37000000001
-48712.34000000001
-48713.80999999999
-48712.439999999995
-48712.37999999998
-48712.59
-48712.50000000001
-48711.399999999994
-48711.57000000001
-48711.689999999995
-48713.65000000001
-48711.63
-48712.74
-48713.110000000015
-48713.2
-48712.22
-48712.51
-48714.299999999996
-48711.73999999999
-48711.329999999994
-48712.80999999998
-48712.889999999985
-48712.52
-48712.15000000001
-48711.00000000001
-48711.22000000001
-48712.62
-48713.520000000004
-48712.109999999986
-48712.66000000001
-48712.11
-48713.71
-48712.05
-48713.28999999999
-48712.329999999994
-48712.73000000002
-48712.810000000005
-48712.54000000001
-48713.03
-48712.94
-48712.57000000001
-48713.920000000006
-48713.409999999996
-48711.98
-48714.06
-48713.39
-48710.67999999999
-48712.96
-48712.36
-48712.420000000006
-48712.349999999984
-48712.87000000001
-48713.04999999999
-48713.87000000002
-48712.19000000001
-48711.83000000001
-48713.69000000002
-48713.20000000001
-48711.42
-48713.659999999996
-48712.52000000001
-48711.60000000001
-48712.05000000001
-48712.65999999999
-48712.98000000001
-48712.16
-48711.60999999999
-48713.48000000002
-48712.189999999995
-48711.48999999999
-48712.40999999999
-48712.62999999998
-48712.17000000001
-48711.92999999999
-48711.94999999999
-48711.280000000006
-48712.49
-48711.61
-48712.849999999984
-48712.89
-48710.30999999999
-48711.51
-48711.84
-48712.789999999986
-48711.91999999999
-48711.36000000001
-48712.64999999998
-48714.28999999998
-48712.50999999998
-48712.77999999999
-48712.219999999994
-48712.90999999999
-48712.99
-48713.01000000001
-48711.83999999999
-48713.16
-48711.82
-48712.829999999994
-48711.64999999998
-48712.54
-48711.840000000004
-48713.76999999998
-48710.67999999998
-48712.93000000001
-48713.840000000004
-48712.69000000001
-48712.020000000004
-48711.11000000001
-48712.47
-48712.65
-48711.65999999999
-48712.279999999984
-48712.03999999999
-48712.14999999999
-48711.12999999999
-48711.67999999999
-48712.599999999984
-48713.04999999999
-48710.56
-48713.560000000005
-48712.47999999999
-48712.31999999999
-48711.97999999999
-48713.06000000001
-48711.81999999999
-48711.94000000001
-48711.77
-48712.08000000001
-48711.80999999999
-48712.28000000001
-48711.84
-48711.740000000005
-48711.22
-48711.72000000001
-48711.7
-48711.86
-48709.85000000001
-48712.069999999985
-48711.75999999999
-48712.47
-48711.23
-48711.619999999995
-48711.170000000006
-48713.83999999999
-48711.93000000001
-48712.45
-48713.479999999996
-48712.37
-48711.84
-48712.66
-48712.37
-48711.68000000001
-48712.57000000001
-48713.36
-48711.54
-48712.520000000004
-48712.89000000002
-48711.59000000001
