----------Report of simulation of Path Integral Quantum Monte Carlo-----------
The number of considered Spin 110
The considered Annealing Duration 440
The considered Annealing Number 100
The considered T 1.0
The considered Gamma0 1.0
The considered Number Of Replica 18
The solution found [ 1 -1  1  1  1 -1  1 -1 -1 -1  1  1 -1  1  1  1  1  1  1 -1 -1 -1 -1 -1
 -1 -1 -1 -1 -1  1  1 -1 -1 -1 -1 -1 -1  1 -1  1 -1 -1  1 -1  1  1 -1  1
 -1 -1  1 -1 -1  1  1  1 -1 -1 -1 -1  1 -1  1 -1  1  1  1  1  1 -1  1  1
  1 -1 -1 -1 -1  1  1  1  1  1 -1 -1  1 -1 -1  1  1  1  1  1 -1 -1 -1 -1
  1  1  1 -1  1  1 -1  1  1 -1 -1  1  1 -1]
The value found -16747.0
The Success probability is 0.75
The average value is -16737.59
The total execution time is 3348.5373408794403
The average time for execution is 33.48537127971649
The average time for system update is 0.0758473860296336
The average time for replica update is 0.00421323207141173
The average time for spin update is 3.7999818010873156e-05
The list of values found 

-16700.0
-16747.0
-16747.0
-16747.0
-16700.0
-16747.0
-16738.0
-16747.0
-16700.0
-16747.0
-16747.0
-16747.0
-16747.0
-16747.0
-16694.0
-16692.0
-16681.0
-16747.0
-16747.0
-16747.0
-16747.0
-16747.0
-16747.0
-16747.0
-16747.0
-16747.0
-16747.0
-16747.0
-16747.0
-16747.0
-16736.0
-16747.0
-16738.0
-16747.0
-16700.0
-16747.0
-16747.0
-16747.0
-16747.0
-16747.0
-16747.0
-16747.0
-16747.0
-16747.0
-16747.0
-16738.0
-16747.0
-16738.0
-16741.0
-16747.0
-16747.0
-16747.0
-16747.0
-16747.0
-16747.0
-16747.0
-16747.0
-16747.0
-16747.0
-16747.0
-16747.0
-16747.0
-16747.0
-16747.0
-16747.0
-16747.0
-16747.0
-16694.0
-16694.0
-16747.0
-16738.0
-16747.0
-16747.0
-16747.0
-16747.0
-16747.0
-16747.0
-16747.0
-16747.0
-16694.0
-16694.0
-16694.0
-16747.0
-16747.0
-16747.0
-16681.0
-16747.0
-16747.0
-16747.0
-16742.0
-16747.0
-16681.0
-16738.0
-16747.0
-16694.0
-16747.0
-16747.0
-16694.0
-16747.0
-16747.0



The list of values first execution 

-15369.611111111111
-15432.0
-15471.777777777777
-15544.833333333334
-15526.388888888889
-15634.722222222223
-15623.666666666666
-15706.555555555555
-15724.333333333334
-15867.055555555555
-15940.5
-16027.611111111111
-16155.833333333334
-16162.388888888889
-16252.722222222223
-16345.166666666666
-16396.833333333332
-16453.88888888889
-16510.944444444445
-16550.61111111111
-16587.722222222223
-16598.055555555555
-16612.722222222223
-16611.166666666668
-16636.38888888889
-16637.5
-16652.555555555555
-16652.38888888889
-16671.055555555555
-16674.0
-16664.777777777777
-16670.333333333332
-16678.11111111111
-16676.444444444445
-16674.38888888889
-16679.944444444445
-16677.5
-16670.61111111111
-16670.833333333332
-16681.166666666668
-16676.444444444445
-16676.555555555555
-16679.722222222223
-16685.61111111111
-16680.38888888889
-16680.444444444445
-16681.777777777777
-16682.722222222223
-16687.777777777777
-16685.88888888889
-16685.333333333332
-16682.555555555555
-16682.88888888889
-16683.38888888889
-16683.666666666668
-16681.722222222223
-16681.722222222223
-16681.333333333332
-16682.38888888889
-16684.11111111111
-16685.11111111111
-16686.11111111111
-16684.833333333332
-16686.38888888889
-16688.055555555555
-16688.555555555555
-16687.88888888889
-16689.61111111111
-16690.777777777777
-16690.222222222223
-16691.0
-16690.88888888889
-16692.444444444445
-16692.38888888889
-16690.444444444445
-16690.61111111111
-16691.277777777777
-16691.055555555555
-16691.777777777777
-16693.11111111111
-16693.055555555555
-16692.166666666668
-16692.944444444445
-16691.944444444445
-16689.833333333332
-16690.88888888889
-16692.0
-16692.555555555555
-16691.166666666668
-16690.38888888889
-16692.277777777777
-16691.444444444445
-16692.444444444445
-16693.555555555555
-16693.333333333332
-16693.222222222223
-16692.055555555555
-16691.777777777777
-16692.61111111111
-16692.277777777777
-16692.333333333332
-16690.38888888889
-16692.166666666668
-16691.722222222223
-16690.722222222223
-16692.222222222223
-16693.11111111111
-16692.88888888889
-16692.11111111111
-16693.0
-16693.0
-16693.0
-16693.0
-16693.0
-16693.0
-16693.0
-16693.0
-16693.0
-16693.0
-16693.0
-16693.0
-16693.0
-16693.0
-16693.0
-16693.0
-16693.0
-16693.0
-16693.0
-16693.0
-16693.0
-16693.0
-16693.0
-16693.0
-16693.0
-16693.0
-16693.0
-16693.0
-16693.0
-16693.0
-16693.0
-16693.0
-16693.0
-16693.0
-16693.0
-16693.0
-16693.0
-16693.0
-16693.0
-16693.0
-16693.0
-16693.0
-16693.0
-16693.0
-16693.0
-16693.0
-16693.0
-16693.0
-16693.0
-16693.0
-16693.0
-16693.0
-16693.0
-16693.0
-16693.0
-16693.0
-16693.0
-16693.0
-16693.0
-16693.0
-16693.0
-16693.0
-16693.0
-16693.0
-16693.0
-16693.0
-16693.0
-16693.0
-16693.0
-16693.0
-16693.0
-16693.0
-16693.0
-16693.0
-16693.0
-16693.0
-16693.0
-16693.0
-16693.0
-16693.0
-16693.0
-16693.0
-16693.0
-16693.0
-16693.0
-16693.0
-16693.0
-16693.0
-16693.0
-16693.0
-16693.0
-16693.0
-16693.0
-16693.0
-16693.0
-16693.0
-16693.0
-16693.0
-16693.0
-16693.0
-16693.0
-16693.0
-16693.0
-16693.0
-16693.0
-16693.0
-16693.0
-16693.0
-16693.0
-16693.0
-16693.0
-16693.0
-16693.0
-16693.0
-16693.0
-16693.0
-16693.0
-16693.0
-16693.0
-16693.0
-16693.0
-16693.0
-16693.0
-16693.0
-16693.0
-16693.0
-16693.0
-16693.0
-16693.0
-16693.0
-16693.0
-16693.0
-16693.0
-16693.0
-16693.0
-16693.0
-16693.0
-16693.0
-16693.0
-16693.0
-16693.0
-16693.0
-16693.0
-16693.0
-16693.0
-16693.0
-16693.0
-16693.0
-16693.0
-16693.0
-16693.0
-16693.0
-16693.0
-16693.0
-16693.0
-16693.0
-16693.0
-16693.0
-16693.0
-16693.0
-16693.0
-16693.0
-16693.0
-16693.0
-16693.0
-16693.0
-16693.0
-16693.0
-16693.0
-16693.0
-16693.0
-16693.0
-16693.0
-16693.0
-16693.0
-16693.0
-16693.0
-16693.0
-16693.0
-16693.0
-16693.0
-16693.0
-16693.0
-16693.0
-16693.0
-16693.0
-16693.0
-16693.0
-16693.0
-16693.0
-16693.0
-16693.0
-16693.0
-16693.0
-16693.0
-16693.0
-16693.0
-16693.0
-16693.0
-16693.0
-16693.0
-16693.0
-16693.0
-16693.0
-16693.0
-16693.0
-16693.0
-16693.0
-16693.0
-16693.0
-16693.0
-16693.0
-16693.0
-16693.0
-16693.0
-16693.0
-16693.0
-16693.0
-16693.0
-16693.0
-16693.0
-16693.0
-16693.0
-16693.0
-16693.0
-16693.0
-16693.0
-16693.0
-16693.0
-16693.0
-16693.0
-16693.0
-16693.0
-16693.0
-16693.0
-16693.0
-16693.0
-16693.0
-16693.0
-16693.0
-16693.0
-16693.0
-16693.0
-16693.0
-16693.0
-16693.0
-16693.0
-16693.0
-16693.0
-16693.0
-16693.0
-16693.0
-16693.0
-16693.0
-16693.0
-16693.0
-16693.0
-16693.0
-16693.0
-16693.0
-16693.0
-16693.0
-16693.0
-16693.0
-16693.0
-16693.0
-16693.0
-16693.0
-16693.0
-16693.0
-16693.0
-16693.0
-16693.0
-16693.0
-16693.0
-16693.0
-16693.0
-16693.0
-16693.0
-16693.0
-16693.0
-16693.0
-16693.0
-16693.0
-16693.0
-16693.0
-16693.0
-16693.0
-16693.0
-16693.0
-16693.0
-16693.0
-16693.0
-16693.0
-16693.0
-16693.0
-16693.0
-16693.0
-16693.0
-16693.0
-16693.0
-16693.0
-16693.0
-16693.0
-16693.0
-16693.0
-16693.0
-16693.0
-16693.0
-16693.0
-16693.0
-16693.0
-16693.0
-16693.0
-16693.0
-16693.0
-16693.0
-16693.0
-16693.0
-16693.0
-16693.0
-16693.0
-16693.0
-16693.0
-16693.0
-16693.0
-16693.0
-16693.0
-16693.0
-16693.0
-16693.0



The list of best values first execution 

-15836.0
-15683.0
-15774.0
-15711.0
-15744.0
-15855.0
-15817.0
-15906.0
-16052.0
-16041.0
-16182.0
-16246.0
-16357.0
-16449.0
-16494.0
-16597.0
-16576.0
-16629.0
-16651.0
-16664.0
-16639.0
-16673.0
-16665.0
-16666.0
-16691.0
-16680.0
-16687.0
-16694.0
-16700.0
-16692.0
-16692.0
-16693.0
-16694.0
-16698.0
-16698.0
-16698.0
-16698.0
-16692.0
-16692.0
-16698.0
-16694.0
-16692.0
-16694.0
-16694.0
-16694.0
-16692.0
-16693.0
-16692.0
-16694.0
-16694.0
-16694.0
-16694.0
-16694.0
-16692.0
-16694.0
-16692.0
-16693.0
-16693.0
-16694.0
-16693.0
-16694.0
-16694.0
-16694.0
-16694.0
-16694.0
-16694.0
-16694.0
-16694.0
-16694.0
-16694.0
-16694.0
-16694.0
-16694.0
-16694.0
-16694.0
-16694.0
-16694.0
-16694.0
-16694.0
-16694.0
-16694.0
-16694.0
-16694.0
-16694.0
-16694.0
-16694.0
-16694.0
-16694.0
-16694.0
-16694.0
-16694.0
-16694.0
-16694.0
-16694.0
-16694.0
-16694.0
-16694.0
-16694.0
-16694.0
-16694.0
-16694.0
-16694.0
-16694.0
-16694.0
-16694.0
-16694.0
-16694.0
-16694.0
-16693.0
-16693.0
-16693.0
-16693.0
-16693.0
-16693.0
-16693.0
-16693.0
-16693.0
-16693.0
-16693.0
-16693.0
-16693.0
-16693.0
-16693.0
-16693.0
-16693.0
-16693.0
-16693.0
-16693.0
-16693.0
-16693.0
-16693.0
-16693.0
-16693.0
-16693.0
-16693.0
-16693.0
-16693.0
-16693.0
-16693.0
-16693.0
-16693.0
-16693.0
-16693.0
-16693.0
-16693.0
-16693.0
-16693.0
-16693.0
-16693.0
-16693.0
-16693.0
-16693.0
-16693.0
-16693.0
-16693.0
-16693.0
-16693.0
-16693.0
-16693.0
-16693.0
-16693.0
-16693.0
-16693.0
-16693.0
-16693.0
-16693.0
-16693.0
-16693.0
-16693.0
-16693.0
-16693.0
-16693.0
-16693.0
-16693.0
-16693.0
-16693.0
-16693.0
-16693.0
-16693.0
-16693.0
-16693.0
-16693.0
-16693.0
-16693.0
-16693.0
-16693.0
-16693.0
-16693.0
-16693.0
-16693.0
-16693.0
-16693.0
-16693.0
-16693.0
-16693.0
-16693.0
-16693.0
-16693.0
-16693.0
-16693.0
-16693.0
-16693.0
-16693.0
-16693.0
-16693.0
-16693.0
-16693.0
-16693.0
-16693.0
-16693.0
-16693.0
-16693.0
-16693.0
-16693.0
-16693.0
-16693.0
-16693.0
-16693.0
-16693.0
-16693.0
-16693.0
-16693.0
-16693.0
-16693.0
-16693.0
-16693.0
-16693.0
-16693.0
-16693.0
-16693.0
-16693.0
-16693.0
-16693.0
-16693.0
-16693.0
-16693.0
-16693.0
-16693.0
-16693.0
-16693.0
-16693.0
-16693.0
-16693.0
-16693.0
-16693.0
-16693.0
-16693.0
-16693.0
-16693.0
-16693.0
-16693.0
-16693.0
-16693.0
-16693.0
-16693.0
-16693.0
-16693.0
-16693.0
-16693.0
-16693.0
-16693.0
-16693.0
-16693.0
-16693.0
-16693.0
-16693.0
-16693.0
-16693.0
-16693.0
-16693.0
-16693.0
-16693.0
-16693.0
-16693.0
-16693.0
-16693.0
-16693.0
-16693.0
-16693.0
-16693.0
-16693.0
-16693.0
-16693.0
-16693.0
-16693.0
-16693.0
-16693.0
-16693.0
-16693.0
-16693.0
-16693.0
-16693.0
-16693.0
-16693.0
-16693.0
-16693.0
-16693.0
-16693.0
-16693.0
-16693.0
-16693.0
-16693.0
-16693.0
-16693.0
-16693.0
-16693.0
-16693.0
-16693.0
-16693.0
-16693.0
-16693.0
-16693.0
-16693.0
-16693.0
-16693.0
-16693.0
-16693.0
-16693.0
-16693.0
-16693.0
-16693.0
-16693.0
-16693.0
-16693.0
-16693.0
-16693.0
-16693.0
-16693.0
-16693.0
-16693.0
-16693.0
-16693.0
-16693.0
-16693.0
-16693.0
-16693.0
-16693.0
-16693.0
-16693.0
-16693.0
-16693.0
-16693.0
-16693.0
-16693.0
-16693.0
-16693.0
-16693.0
-16693.0
-16693.0
-16693.0
-16693.0
-16693.0
-16693.0
-16693.0
-16693.0
-16693.0
-16693.0
-16693.0
-16693.0
-16693.0
-16693.0
-16693.0
-16693.0
-16693.0
-16693.0
-16693.0
-16693.0
-16693.0
-16693.0
-16693.0
-16693.0
-16693.0
-16693.0
-16693.0
-16693.0
-16693.0
-16693.0
-16693.0
-16693.0
-16693.0
-16693.0
-16693.0
-16693.0
-16693.0
-16693.0
-16693.0
-16693.0
-16693.0
-16693.0
-16693.0
-16693.0
-16693.0
-16693.0
-16693.0
-16693.0
-16693.0
-16693.0
-16693.0
-16693.0
-16693.0
-16693.0
-16693.0
-16693.0
-16693.0
-16693.0
-16693.0
-16693.0
-16693.0
-16693.0
-16693.0
-16693.0
-16693.0
-16693.0
-16693.0
-16693.0
-16693.0
-16693.0
-16693.0
-16693.0
-16693.0
-16693.0
-16693.0
-16693.0
-16693.0
-16693.0
-16693.0
-16693.0
-16693.0
-16693.0
-16693.0
-16693.0
-16693.0
-16693.0
-16693.0
-16693.0
-16693.0
-16693.0
-16693.0
-16693.0
-16693.0



The list of values average 

-15419.942777777775
-15455.585555555554
-15497.40666666666
-15542.257222222222
-15589.836111111112
-15651.921666666674
-15706.577777777778
-15754.527222222221
-15817.83444444445
-15884.909444444444
-15959.949444444439
-16042.24333333333
-16115.947222222223
-16190.241666666667
-16264.886111111111
-16335.500555555556
-16386.336111111108
-16434.467777777776
-16477.414444444446
-16507.896111111113
-16534.217777777776
-16554.003888888885
-16574.769444444442
-16592.225000000002
-16604.968888888892
-16615.55055555555
-16623.726111111115
-16633.332777777778
-16640.27722222222
-16647.537222222225
-16655.13388888889
-16659.851111111115
-16665.438888888886
-16671.177777777782
-16674.942222222227
-16678.25333333333
-16681.916666666664
-16684.981666666663
-16687.88611111111
-16690.166666666668
-16693.304999999993
-16695.90333333333
-16698.755555555552
-16700.724444444444
-16702.66222222221
-16704.205000000005
-16706.04333333332
-16707.59944444444
-16708.226111111107
-16709.431111111113
-16710.811666666657
-16711.856666666656
-16712.95166666666
-16714.619999999995
-16715.617777777774
-16716.90722222222
-16717.688333333328
-16718.657777777775
-16719.534444444445
-16720.31055555555
-16721.31222222222
-16721.924444444438
-16721.998333333322
-16722.78666666666
-16723.300555555546
-16723.62777777777
-16723.541111111103
-16724.03666666666
-16724.39999999999
-16724.719444444436
-16724.90666666666
-16724.949999999986
-16724.9311111111
-16725.60888888888
-16725.59277777777
-16725.598333333324
-16725.636666666658
-16726.43833333332
-16726.249444444442
-16726.432222222218
-16726.579999999987
-16726.84999999999
-16726.94055555555
-16726.846111111103
-16727.0361111111
-16727.06833333333
-16727.335555555546
-16727.41388888888
-16727.372777777775
-16727.611111111095
-16727.700555555548
-16727.842222222214
-16728.043888888882
-16728.170555555545
-16728.16444444444
-16728.28333333333
-16728.287222222218
-16728.23388888888
-16728.367777777767
-16728.537777777765
-16728.639999999992
-16728.696111111098
-16728.585555555546
-16728.860555555548
-16728.91333333332
-16728.89888888888
-16729.04388888889
-16729.09499999999
-16729.004444444436
-16729.027777777766
-16729.199999999993
-16729.02666666666
-16729.29888888888
-16729.108888888884
-16729.35555555555
-16729.347777777766
-16729.186666666654
-16729.36499999999
-16729.31666666666
-16729.30666666665
-16729.341666666656
-16729.40777777777
-16729.404444444437
-16729.439444444433
-16729.42888888888
-16729.618888888883
-16729.64444444444
-16729.594999999994
-16729.624444444442
-16729.57888888888
-16729.56277777776
-16729.635555555546
-16729.715555555544
-16729.682777777765
-16729.732222222217
-16729.772777777773
-16729.86555555554
-16729.8361111111
-16729.84888888888
-16729.866666666654
-16729.890555555547
-16729.90944444443
-16729.85388888888
-16729.95999999999
-16729.87833333332
-16729.85777777777
-16729.889444444434
-16729.896111111102
-16729.947777777772
-16729.956111111103
-16729.90388888888
-16729.8911111111
-16729.962777777768
-16729.99388888888
-16729.981666666656
-16730.001666666656
-16730.07888888888
-16730.002777777765
-16730.01333333332
-16730.019444444435
-16730.043888888882
-16729.9761111111
-16730.053333333326
-16730.091666666653
-16730.038333333327
-16730.060555555545
-16730.04277777777
-16730.10666666666
-16730.06722222221
-16730.06666666666
-16730.108333333326
-16730.142777777768
-16730.117222222212
-16730.138333333318
-16730.126666666652
-16730.129999999994
-16730.164444444436
-16730.174444444434
-16730.156666666648
-16730.1611111111
-16730.218333333327
-16730.219999999987
-16730.21499999999
-16730.19999999999
-16730.20944444443
-16730.178333333322
-16730.170555555545
-16730.171111111096
-16730.164999999997
-16730.187222222212
-16730.190555555542
-16730.21333333332
-16730.247222222213
-16730.28388888888
-16730.24499999999
-16730.244444444434
-16730.26333333332
-16730.2361111111
-16730.251111111105
-16730.287777777765
-16730.299999999992
-16730.28388888888
-16730.272777777765
-16730.220555555545
-16730.214999999986
-16730.282222222213
-16730.30777777777
-16730.261666666658
-16730.233333333326
-16730.30388888888
-16730.28722222221
-16730.26777777777
-16730.292777777766
-16730.27888888887
-16730.299999999996
-16730.28388888888
-16730.29388888888
-16730.28666666666
-16730.272777777773
-16730.308333333323
-16730.307777777765
-16730.3411111111
-16730.305555555544
-16730.312222222212
-16730.304999999993
-16730.31166666665
-16730.314444444433
-16730.298888888876
-16730.306666666653
-16730.301111111105
-16730.304999999986
-16730.2961111111
-16730.35333333332
-16730.34222222221
-16730.349999999995
-16730.31888888888
-16730.332222222212
-16730.30666666666
-16730.30166666666
-16730.336666666655
-16730.353888888883
-16730.34499999999
-16730.343333333327
-16730.329444444433
-16730.332777777763
-16730.308333333323
-16730.331111111103
-16730.33888888888
-16730.31055555554
-16730.29722222221
-16730.3161111111
-16730.32055555555
-16730.327777777766
-16730.32722222221
-16730.349999999988
-16730.322777777765
-16730.32833333332
-16730.331666666658
-16730.31722222221
-16730.33999999999
-16730.3311111111
-16730.34277777777
-16730.347777777766
-16730.355555555543
-16730.341666666656
-16730.381666666657
-16730.362777777766
-16730.373333333322
-16730.351666666655
-16730.352777777767
-16730.33499999999
-16730.38055555555
-16730.36222222221
-16730.37666666665
-16730.36888888888
-16730.35999999999
-16730.390555555543
-16730.363333333324
-16730.3711111111
-16730.37222222221
-16730.367222222216
-16730.359444444435
-16730.39999999999
-16730.362777777762
-16730.390555555547
-16730.382222222208
-16730.38999999999
-16730.375555555547
-16730.38388888888
-16730.366666666658
-16730.385555555546
-16730.390555555547
-16730.383333333324
-16730.386111111096
-16730.405555555546
-16730.392222222214
-16730.3761111111
-16730.384444444437
-16730.38277777777
-16730.38055555555
-16730.379444444432
-16730.39222222221
-16730.40888888888
-16730.391111111105
-16730.401666666658
-16730.378888888878
-16730.418333333324
-16730.399444444436
-16730.39555555555
-16730.40888888888
-16730.39499999999
-16730.391666666656
-16730.40888888888
-16730.39666666666
-16730.401666666658
-16730.39388888888
-16730.396111111102
-16730.36999999999
-16730.377777777765
-16730.40222222221
-16730.388333333318
-16730.399444444432
-16730.395555555544
-16730.407777777767
-16730.399444444436
-16730.40499999999
-16730.379444444432
-16730.39333333332
-16730.393888888877
-16730.384999999987
-16730.39722222221
-16730.404444444433
-16730.387777777767
-16730.40388888888
-16730.37833333332
-16730.412222222214
-16730.40055555554
-16730.407777777767
-16730.39499999999
-16730.413333333323
-16730.4061111111
-16730.410555555547
-16730.386111111104
-16730.40666666666
-16730.398333333324
-16730.416111111106
-16730.3961111111
-16730.398888888878
-16730.384444444437
-16730.381111111103
-16730.374444444435
-16730.404444444437
-16730.3811111111
-16730.38055555554
-16730.353333333325
-16730.382222222215
-16730.370555555546
-16730.377222222214
-16730.38999999999
-16730.39388888888
-16730.390555555547
-16730.400555555545
-16730.39388888888
-16730.39499999999
-16730.37722222221
-16730.389444444434
-16730.377222222207
-16730.393888888877
-16730.389999999992
-16730.39777777777
-16730.383333333324
-16730.377777777765
-16730.38999999999
-16730.40166666666
-16730.386666666658
-16730.389999999992
-16730.389444444438
-16730.39388888888
-16730.378888888878
-16730.40277777777
-16730.395555555548
-16730.393888888884
-16730.398333333324
-16730.391666666656
-16730.39777777777
-16730.40055555554
-16730.39777777777
-16730.404444444433
-16730.39777777777
-16730.399444444432
-16730.392222222214
-16730.406111111104
-16730.39499999999
-16730.407777777767
-16730.39777777777
-16730.41277777777
-16730.401666666654
-16730.419444444437
-16730.404999999995
-16730.416111111103
-16730.4111111111
-16730.408333333326
-16730.39888888888
-16730.418333333328
-16730.414444444436
-16730.407777777767
-16730.396666666653
-16730.402222222212
-16730.407777777767
-16730.399444444436
-16730.396666666657
-16730.402777777766
-16730.390555555547
-16730.421666666654
-16730.401666666654
-16730.40888888888
-16730.422777777767
-16730.409444444434
-16730.416111111103
-16730.413888888877
-16730.40555555555
-16730.389999999992
-16730.412222222214
-16730.408333333322
-16730.407222222213
-16730.40722222221
-16730.41222222221
-16730.409444444434
-16730.420555555545
-16730.40888888888
-16730.406666666655
-16730.39999999999
-16730.41222222221
-16730.402777777766
-16730.405555555546
-16730.392222222214
-16730.407222222213
-16730.413333333323
-16730.41499999999
-16730.40888888888



The list of best values average 

-15698.86
-15698.11
-15741.109999999995
-15784.289999999994
-15835.720000000001
-15894.089999999998
-15947.519999999999
-16000.09
-16063.979999999994
-16140.839999999998
-16198.999999999998
-16285.9
-16345.879999999994
-16409.959999999992
-16478.520000000004
-16532.839999999997
-16578.51
-16617.15
-16637.56
-16655.8
-16669.43
-16678.330000000005
-16689.4
-16698.460000000003
-16704.229999999996
-16705.469999999994
-16712.899999999994
-16715.469999999998
-16718.339999999993
-16720.099999999995
-16722.550000000003
-16724.41
-16725.59
-16725.43999999999
-16727.239999999994
-16728.139999999996
-16729.8
-16731.45999999999
-16730.959999999992
-16732.169999999995
-16732.999999999993
-16733.709999999992
-16733.53999999999
-16734.34999999999
-16734.619999999988
-16735.03999999999
-16735.169999999987
-16735.23999999998
-16735.439999999988
-16735.389999999985
-16735.639999999985
-16735.619999999988
-16735.509999999987
-16735.77999999998
-16736.169999999984
-16736.329999999984
-16736.069999999985
-16736.359999999986
-16736.339999999986
-16736.459999999985
-16736.699999999986
-16736.539999999983
-16736.579999999984
-16736.499999999985
-16736.589999999986
-16736.499999999985
-16736.659999999985
-16736.509999999987
-16736.639999999985
-16736.599999999984
-16736.769999999986
-16736.649999999983
-16736.719999999987
-16736.629999999983
-16736.629999999983
-16736.619999999984
-16736.679999999986
-16736.649999999987
-16736.669999999984
-16736.649999999983
-16736.639999999985
-16736.759999999984
-16736.719999999983
-16736.749999999985
-16736.819999999985
-16736.749999999985
-16736.779999999984
-16736.779999999984
-16736.779999999984
-16736.869999999984
-16736.849999999984
-16736.859999999982
-16736.879999999983
-16736.839999999982
-16736.799999999985
-16736.859999999982
-16736.879999999983
-16736.79999999998
-16736.759999999984
-16736.779999999984
-16736.81999999998
-16736.79999999998
-16736.829999999984
-16736.81999999998
-16736.839999999982
-16736.839999999982
-16736.839999999982
-16736.79999999998
-16736.809999999983
-16736.809999999983
-16736.809999999983
-16736.809999999983
-16736.809999999983
-16736.809999999983
-16736.789999999983
-16736.809999999983
-16736.809999999983
-16736.79999999998
-16736.809999999983
-16736.829999999984
-16736.809999999983
-16736.809999999983
-16736.809999999983
-16736.809999999983
-16736.79999999998
-16736.79999999998
-16736.809999999983
-16736.88999999998
-16736.79999999998
-16736.79999999998
-16736.79999999998
-16736.809999999983
-16736.809999999983
-16736.809999999983
-16736.809999999983
-16736.809999999983
-16736.789999999983
-16736.789999999983
-16736.789999999983
-16736.789999999983
-16736.789999999983
-16736.789999999983
-16736.809999999983
-16736.809999999983
-16736.809999999983
-16736.79999999998
-16736.79999999998
-16736.809999999983
-16736.809999999983
-16736.809999999983
-16736.809999999983
-16736.809999999983
-16736.809999999983
-16736.809999999983
-16736.809999999983
-16736.809999999983
-16736.809999999983
-16736.809999999983
-16736.809999999983
-16736.809999999983
-16736.809999999983
-16736.809999999983
-16736.809999999983
-16736.809999999983
-16736.809999999983
-16736.789999999983
-16736.809999999983
-16736.809999999983
-16736.809999999983
-16736.809999999983
-16736.809999999983
-16736.809999999983
-16736.809999999983
-16736.809999999983
-16736.809999999983
-16736.809999999983
-16736.809999999983
-16736.809999999983
-16736.809999999983
-16736.809999999983
-16736.809999999983
-16736.809999999983
-16736.829999999984
-16736.839999999982
-16736.809999999983
-16736.809999999983
-16736.809999999983
-16736.809999999983
-16736.809999999983
-16736.809999999983
-16736.809999999983
-16736.809999999983
-16736.809999999983
-16736.809999999983
-16736.809999999983
-16736.809999999983
-16736.809999999983
-16736.809999999983
-16736.809999999983
-16736.799999999985
-16736.809999999983
-16736.809999999983
-16736.799999999985
-16736.809999999983
-16736.809999999983
-16736.809999999983
-16736.809999999983
-16736.809999999983
-16736.809999999983
-16736.809999999983
-16736.809999999983
-16736.809999999983
-16736.809999999983
-16736.809999999983
-16736.809999999983
-16736.809999999983
-16736.809999999983
-16736.809999999983
-16736.809999999983
-16736.809999999983
-16736.809999999983
-16736.809999999983
-16736.809999999983
-16736.809999999983
-16736.809999999983
-16736.809999999983
-16736.809999999983
-16736.809999999983
-16736.809999999983
-16736.809999999983
-16736.809999999983
-16736.809999999983
-16736.809999999983
-16736.809999999983
-16736.809999999983
-16736.809999999983
-16736.809999999983
-16736.809999999983
-16736.809999999983
-16736.809999999983
-16736.809999999983
-16736.809999999983
-16736.809999999983
-16736.809999999983
-16736.809999999983
-16736.809999999983
-16736.809999999983
-16736.809999999983
-16736.809999999983
-16736.809999999983
-16736.789999999983
-16736.809999999983
-16736.809999999983
-16736.809999999983
-16736.809999999983
-16736.809999999983
-16736.809999999983
-16736.809999999983
-16736.809999999983
-16736.809999999983
-16736.809999999983
-16736.829999999984
-16736.839999999982
-16736.809999999983
-16736.809999999983
-16736.809999999983
-16736.809999999983
-16736.809999999983
-16736.809999999983
-16736.789999999983
-16736.809999999983
-16736.809999999983
-16736.809999999983
-16736.829999999984
-16736.839999999982
-16736.809999999983
-16736.809999999983
-16736.809999999983
-16736.809999999983
-16736.809999999983
-16736.809999999983
-16736.809999999983
-16736.809999999983
-16736.809999999983
-16736.809999999983
-16736.809999999983
-16736.809999999983
-16736.809999999983
-16736.809999999983
-16736.809999999983
-16736.809999999983
-16736.809999999983
-16736.809999999983
-16736.809999999983
-16736.809999999983
-16736.809999999983
-16736.809999999983
-16736.809999999983
-16736.809999999983
-16736.809999999983
-16736.809999999983
-16736.809999999983
-16736.809999999983
-16736.809999999983
-16736.809999999983
-16736.809999999983
-16736.809999999983
-16736.809999999983
-16736.809999999983
-16736.809999999983
-16736.809999999983
-16736.809999999983
-16736.809999999983
-16736.809999999983
-16736.809999999983
-16736.809999999983
-16736.809999999983
-16736.789999999983
-16736.809999999983
-16736.809999999983
-16736.809999999983
-16736.809999999983
-16736.809999999983
-16736.809999999983
-16736.809999999983
-16736.809999999983
-16736.809999999983
-16736.809999999983
-16736.809999999983
-16736.809999999983
-16736.809999999983
-16736.809999999983
-16736.809999999983
-16736.809999999983
-16736.809999999983
-16736.809999999983
-16736.809999999983
-16736.809999999983
-16736.809999999983
-16736.809999999983
-16736.809999999983
-16736.809999999983
-16736.809999999983
-16736.809999999983
-16736.809999999983
-16736.809999999983
-16736.809999999983
-16736.809999999983
-16736.809999999983
-16736.809999999983
-16736.809999999983
-16736.809999999983
-16736.809999999983
-16736.809999999983
-16736.809999999983
-16736.809999999983
-16736.809999999983
-16736.809999999983
-16736.809999999983
-16736.809999999983
-16736.809999999983
-16736.809999999983
-16736.809999999983
-16736.809999999983
-16736.809999999983
-16736.809999999983
-16736.809999999983
-16736.809999999983
-16736.809999999983
-16736.809999999983
-16736.809999999983
-16736.809999999983
-16736.809999999983
-16736.809999999983
-16736.809999999983
-16736.809999999983
-16736.809999999983
-16736.809999999983
-16736.809999999983
-16736.809999999983
-16736.809999999983
-16736.809999999983
-16736.809999999983
-16736.809999999983
-16736.809999999983
-16736.809999999983
-16736.809999999983
-16736.809999999983
-16736.809999999983
-16736.809999999983
-16736.809999999983
-16736.809999999983
-16736.809999999983
-16736.809999999983
-16736.809999999983
-16736.809999999983
-16736.809999999983
-16736.809999999983
-16736.809999999983
-16736.809999999983
-16736.809999999983
-16736.809999999983
-16736.809999999983
-16736.809999999983
-16736.809999999983
-16736.809999999983
-16736.809999999983
-16736.809999999983
-16736.809999999983
-16736.809999999983
-16736.809999999983
-16736.809999999983
-16736.809999999983
-16736.809999999983
-16736.809999999983
-16736.809999999983
-16736.809999999983
-16736.809999999983
-16736.809999999983
-16736.809999999983
-16736.809999999983
-16736.809999999983
-16736.809999999983
-16736.809999999983
-16736.809999999983
-16736.809999999983
-16736.809999999983
-16736.809999999983
-16736.809999999983
-16736.809999999983
-16736.809999999983
-16736.809999999983
-16736.809999999983
-16736.809999999983
-16736.809999999983
-16736.809999999983
-16736.809999999983
-16736.809999999983
-16736.809999999983
-16736.809999999983
