----------Report of simulation of Quantum Population Annealing-----------
The number of considered Spin 108
The considered Annealing Duration 432
The considered Annealing Number 100
The considered T 1.0
The considered Gamma0 1.0
The considered Number Of Replica 3
The considered Number Of System 6
The solution found [-1. -1. -1. -1. -1.  1.  1.  1.  1.  1.  1. -1. -1. -1.  1.  1. -1. -1.
  1.  1.  1.  1. -1. -1. -1. -1.  1.  1. -1.  1. -1. -1.  1. -1.  1. -1.
  1. -1.  1. -1.  1.  1. -1.  1.  1. -1. -1.  1.  1. -1. -1.  1.  1. -1.
  1. -1. -1. -1. -1. -1.  1. -1.  1.  1.  1. -1. -1.  1.  1. -1. -1. -1.
  1.  1.  1.  1. -1. -1. -1. -1. -1. -1.  1. -1. -1.  1. -1. -1. -1.  1.
  1. -1.  1.  1. -1.  1.  1. -1.  1. -1.  1.  1.  1.  1.  1. -1.  1.  1.]
The value found -15670.0
The Success probability is 0.38
The average value is -15660.63
The total execution time is 3117.5463774204254
The average time for execution is 31.175461208820344
The average time for all systems update is 0.07190741824883001
The average time for system update is 0.01195692910824293
The average time for replica update is 0.0039850386140155205
The average time for spin update is 3.660142676093705e-05
The list of values found 

-15649.0
-15655.0
-15670.0
-15655.0
-15655.0
-15670.0
-15670.0
-15657.0
-15655.0
-15670.0
-15670.0
-15670.0
-15655.0
-15649.0
-15670.0
-15659.0
-15655.0
-15670.0
-15655.0
-15670.0
-15655.0
-15670.0
-15670.0
-15670.0
-15655.0
-15655.0
-15655.0
-15670.0
-15670.0
-15655.0
-15655.0
-15655.0
-15670.0
-15655.0
-15670.0
-15655.0
-15655.0
-15655.0
-15655.0
-15655.0
-15670.0
-15670.0
-15655.0
-15655.0
-15655.0
-15670.0
-15655.0
-15655.0
-15651.0
-15655.0
-15655.0
-15670.0
-15655.0
-15655.0
-15670.0
-15657.0
-15670.0
-15670.0
-15655.0
-15670.0
-15655.0
-15655.0
-15655.0
-15670.0
-15655.0
-15655.0
-15670.0
-15655.0
-15655.0
-15660.0
-15670.0
-15655.0
-15651.0
-15655.0
-15655.0
-15670.0
-15670.0
-15655.0
-15655.0
-15655.0
-15655.0
-15670.0
-15655.0
-15670.0
-15655.0
-15670.0
-15655.0
-15670.0
-15670.0
-15670.0
-15670.0
-15655.0
-15655.0
-15670.0
-15655.0
-15655.0
-15655.0
-15670.0
-15655.0
-15655.0



The list of values first execution 

-14394.833333333334
-14404.222222222223
-14518.777777777777
-14568.777777777777
-14540.611111111111
-14631.444444444445
-14645.166666666666
-14611.833333333334
-14667.333333333334
-14719.777777777777
-14769.888888888889
-14853.777777777777
-14780.666666666666
-14847.166666666666
-14924.277777777777
-14915.611111111111
-14932.277777777777
-15024.333333333334
-14987.777777777777
-15065.166666666666
-15078.111111111111
-15164.444444444445
-15098.444444444445
-15157.222222222223
-15213.722222222223
-15200.277777777777
-15181.166666666666
-15217.555555555555
-15260.111111111111
-15292.888888888889
-15284.388888888889
-15349.0
-15304.222222222223
-15339.277777777777
-15329.611111111111
-15368.166666666666
-15358.555555555555
-15401.333333333334
-15368.666666666666
-15410.111111111111
-15428.666666666666
-15438.388888888889
-15494.222222222223
-15502.5
-15481.611111111111
-15451.944444444445
-15476.666666666666
-15492.0
-15495.777777777777
-15523.222222222223
-15551.277777777777
-15524.0
-15522.222222222223
-15512.0
-15501.722222222223
-15522.722222222223
-15506.555555555555
-15517.333333333334
-15537.444444444445
-15521.444444444445
-15530.555555555555
-15552.055555555555
-15529.611111111111
-15533.944444444445
-15530.111111111111
-15580.222222222223
-15560.444444444445
-15562.666666666666
-15574.222222222223
-15571.722222222223
-15573.388888888889
-15581.166666666666
-15572.944444444445
-15557.777777777777
-15562.5
-15575.944444444445
-15571.611111111111
-15597.722222222223
-15591.5
-15591.277777777777
-15590.166666666666
-15598.722222222223
-15593.277777777777
-15615.055555555555
-15606.888888888889
-15598.833333333334
-15602.722222222223
-15609.5
-15608.833333333334
-15599.055555555555
-15603.0
-15608.555555555555
-15605.888888888889
-15602.388888888889
-15615.111111111111
-15614.166666666666
-15616.722222222223
-15611.666666666666
-15617.388888888889
-15611.277777777777
-15612.166666666666
-15611.444444444445
-15614.722222222223
-15604.944444444445
-15613.166666666666
-15603.777777777777
-15617.944444444445
-15614.777777777777
-15609.666666666666
-15598.0
-15599.888888888889
-15605.055555555555
-15614.777777777777
-15615.555555555555
-15609.777777777777
-15620.5
-15625.333333333334
-15628.055555555555
-15626.833333333334
-15628.388888888889
-15624.944444444445
-15634.333333333334
-15638.666666666666
-15638.722222222223
-15636.166666666666
-15639.611111111111
-15641.5
-15644.111111111111
-15642.0
-15636.166666666666
-15642.777777777777
-15641.722222222223
-15645.0
-15642.333333333334
-15642.944444444445
-15645.777777777777
-15641.333333333334
-15634.944444444445
-15637.388888888889
-15638.333333333334
-15636.333333333334
-15634.777777777777
-15639.777777777777
-15646.944444444445
-15644.777777777777
-15645.777777777777
-15645.277777777777
-15644.222222222223
-15641.333333333334
-15645.222222222223
-15643.166666666666
-15647.388888888889
-15644.055555555555
-15646.0
-15645.722222222223
-15643.166666666666
-15639.055555555555
-15641.333333333334
-15644.444444444445
-15645.5
-15647.333333333334
-15647.5
-15646.611111111111
-15645.333333333334
-15642.444444444445
-15642.444444444445
-15638.388888888889
-15637.888888888889
-15639.444444444445
-15642.055555555555
-15639.111111111111
-15639.166666666666
-15637.166666666666
-15640.722222222223
-15640.5
-15640.5
-15640.333333333334
-15640.333333333334
-15641.166666666666
-15640.222222222223
-15641.166666666666
-15643.388888888889
-15643.777777777777
-15643.444444444445
-15643.944444444445
-15645.444444444445
-15645.166666666666
-15646.222222222223
-15645.055555555555
-15645.666666666666
-15645.055555555555
-15645.222222222223
-15645.277777777777
-15645.333333333334
-15647.055555555555
-15647.833333333334
-15646.444444444445
-15643.388888888889
-15646.833333333334
-15647.444444444445
-15647.166666666666
-15645.5
-15644.333333333334
-15646.277777777777
-15647.222222222223
-15646.722222222223
-15648.666666666666
-15648.444444444445
-15646.944444444445
-15646.444444444445
-15648.166666666666
-15648.722222222223
-15647.166666666666
-15646.777777777777
-15646.944444444445
-15647.5
-15646.555555555555
-15645.777777777777
-15647.055555555555
-15646.833333333334
-15648.111111111111
-15647.944444444445
-15646.666666666666
-15647.666666666666
-15647.611111111111
-15647.166666666666
-15648.166666666666
-15647.888888888889
-15648.166666666666
-15647.055555555555
-15648.055555555555
-15647.0
-15647.055555555555
-15648.333333333334
-15647.666666666666
-15647.5
-15647.333333333334
-15647.666666666666
-15648.111111111111
-15648.333333333334
-15648.111111111111
-15647.611111111111
-15648.0
-15648.555555555555
-15647.944444444445
-15647.888888888889
-15647.833333333334
-15648.0
-15647.777777777777
-15646.277777777777
-15646.777777777777
-15646.333333333334
-15646.555555555555
-15646.222222222223
-15647.388888888889
-15648.777777777777
-15647.555555555555
-15647.555555555555
-15648.777777777777
-15648.722222222223
-15647.555555555555
-15647.777777777777
-15648.222222222223
-15648.666666666666
-15648.666666666666
-15648.111111111111
-15648.777777777777
-15647.333333333334
-15647.388888888889
-15647.388888888889
-15647.888888888889
-15648.555555555555
-15648.555555555555
-15648.611111111111
-15648.333333333334
-15648.722222222223
-15648.555555555555
-15648.611111111111
-15648.166666666666
-15648.277777777777
-15648.888888888889
-15648.111111111111
-15647.222222222223
-15648.0
-15648.888888888889
-15648.333333333334
-15648.666666666666
-15648.5
-15648.444444444445
-15648.777777777777
-15648.444444444445
-15648.277777777777
-15648.166666666666
-15648.388888888889
-15648.111111111111
-15648.5
-15648.555555555555
-15648.777777777777
-15648.777777777777
-15648.5
-15648.388888888889
-15648.777777777777
-15648.555555555555
-15648.0
-15648.166666666666
-15648.555555555555
-15648.666666666666
-15648.333333333334
-15648.277777777777
-15648.444444444445
-15647.833333333334
-15648.333333333334
-15647.111111111111
-15648.166666666666
-15648.166666666666
-15648.555555555555
-15648.888888888889
-15648.5
-15648.666666666666
-15648.111111111111
-15648.5
-15648.666666666666
-15648.777777777777
-15648.444444444445
-15647.833333333334
-15648.0
-15648.111111111111
-15648.388888888889
-15648.555555555555
-15648.388888888889
-15648.444444444445
-15647.888888888889
-15648.777777777777
-15648.222222222223
-15648.555555555555
-15648.333333333334
-15647.444444444445
-15648.611111111111
-15648.722222222223
-15648.555555555555
-15648.888888888889
-15648.277777777777
-15648.277777777777
-15648.388888888889
-15648.222222222223
-15648.555555555555
-15648.555555555555
-15648.888888888889
-15648.888888888889
-15648.777777777777
-15649.0
-15648.444444444445
-15648.555555555555
-15648.888888888889
-15648.277777777777
-15648.666666666666
-15648.888888888889
-15648.777777777777
-15648.888888888889
-15648.111111111111
-15648.777777777777
-15649.0
-15649.0
-15648.388888888889
-15648.666666666666
-15648.888888888889
-15648.666666666666
-15648.388888888889
-15648.444444444445
-15648.611111111111
-15648.611111111111
-15648.888888888889
-15648.166666666666
-15648.777777777777
-15648.888888888889
-15648.666666666666
-15648.888888888889
-15648.777777777777
-15648.888888888889
-15648.777777777777
-15648.888888888889
-15648.777777777777
-15648.0
-15648.333333333334
-15648.777777777777
-15648.777777777777
-15648.444444444445
-15648.611111111111
-15648.777777777777
-15648.888888888889
-15648.722222222223
-15648.888888888889
-15648.722222222223
-15648.777777777777
-15649.0
-15648.555555555555
-15648.611111111111
-15648.666666666666
-15648.666666666666
-15648.666666666666
-15648.777777777777
-15648.666666666666
-15648.666666666666
-15649.0
-15648.611111111111
-15648.777777777777
-15648.888888888889
-15648.666666666666
-15648.666666666666
-15649.0
-15648.666666666666
-15648.611111111111
-15648.777777777777
-15648.888888888889
-15648.444444444445
-15649.0
-15648.444444444445
-15649.0
-15649.0
-15648.5
-15648.666666666666
-15648.777777777777
-15648.777777777777
-15648.611111111111
-15648.666666666666
-15648.888888888889
-15648.5
-15648.222222222223
-15648.888888888889
-15648.777777777777
-15648.666666666666
-15648.333333333334



The list of best values first execution 

-14625.0
-14667.0
-14727.0
-14888.0
-14745.0
-14835.0
-14807.0
-14761.0
-14913.0
-14979.0
-14928.0
-15037.0
-14987.0
-15149.0
-15280.0
-15151.0
-15099.0
-15313.0
-15279.0
-15292.0
-15310.0
-15293.0
-15380.0
-15280.0
-15432.0
-15370.0
-15465.0
-15383.0
-15445.0
-15520.0
-15536.0
-15463.0
-15477.0
-15496.0
-15502.0
-15472.0
-15521.0
-15558.0
-15513.0
-15531.0
-15554.0
-15567.0
-15590.0
-15592.0
-15612.0
-15576.0
-15576.0
-15572.0
-15598.0
-15583.0
-15619.0
-15602.0
-15614.0
-15592.0
-15612.0
-15631.0
-15606.0
-15577.0
-15597.0
-15601.0
-15608.0
-15606.0
-15614.0
-15592.0
-15586.0
-15625.0
-15617.0
-15621.0
-15624.0
-15621.0
-15632.0
-15635.0
-15647.0
-15629.0
-15632.0
-15630.0
-15621.0
-15626.0
-15631.0
-15639.0
-15635.0
-15641.0
-15643.0
-15633.0
-15633.0
-15632.0
-15635.0
-15633.0
-15635.0
-15635.0
-15631.0
-15649.0
-15631.0
-15626.0
-15632.0
-15635.0
-15635.0
-15635.0
-15631.0
-15631.0
-15635.0
-15632.0
-15631.0
-15634.0
-15644.0
-15649.0
-15649.0
-15635.0
-15632.0
-15641.0
-15638.0
-15643.0
-15642.0
-15647.0
-15641.0
-15649.0
-15649.0
-15649.0
-15649.0
-15649.0
-15649.0
-15649.0
-15649.0
-15649.0
-15649.0
-15649.0
-15649.0
-15649.0
-15649.0
-15649.0
-15649.0
-15649.0
-15649.0
-15649.0
-15649.0
-15649.0
-15649.0
-15649.0
-15649.0
-15649.0
-15649.0
-15649.0
-15649.0
-15649.0
-15649.0
-15649.0
-15649.0
-15649.0
-15649.0
-15649.0
-15649.0
-15649.0
-15649.0
-15649.0
-15649.0
-15649.0
-15649.0
-15649.0
-15649.0
-15649.0
-15649.0
-15649.0
-15649.0
-15649.0
-15649.0
-15649.0
-15649.0
-15649.0
-15641.0
-15649.0
-15649.0
-15649.0
-15643.0
-15643.0
-15643.0
-15649.0
-15649.0
-15649.0
-15649.0
-15649.0
-15649.0
-15649.0
-15649.0
-15649.0
-15649.0
-15649.0
-15649.0
-15649.0
-15649.0
-15649.0
-15649.0
-15649.0
-15649.0
-15649.0
-15649.0
-15649.0
-15649.0
-15649.0
-15649.0
-15649.0
-15649.0
-15649.0
-15649.0
-15649.0
-15649.0
-15649.0
-15649.0
-15649.0
-15649.0
-15649.0
-15649.0
-15649.0
-15649.0
-15649.0
-15649.0
-15649.0
-15649.0
-15649.0
-15649.0
-15649.0
-15649.0
-15649.0
-15649.0
-15649.0
-15649.0
-15649.0
-15649.0
-15649.0
-15649.0
-15649.0
-15649.0
-15649.0
-15649.0
-15649.0
-15649.0
-15649.0
-15649.0
-15649.0
-15649.0
-15649.0
-15649.0
-15649.0
-15649.0
-15649.0
-15649.0
-15649.0
-15649.0
-15649.0
-15649.0
-15649.0
-15649.0
-15649.0
-15649.0
-15649.0
-15649.0
-15649.0
-15649.0
-15649.0
-15649.0
-15649.0
-15649.0
-15649.0
-15649.0
-15649.0
-15649.0
-15649.0
-15649.0
-15649.0
-15649.0
-15649.0
-15649.0
-15649.0
-15649.0
-15649.0
-15649.0
-15649.0
-15649.0
-15649.0
-15649.0
-15649.0
-15649.0
-15649.0
-15649.0
-15649.0
-15649.0
-15649.0
-15649.0
-15649.0
-15649.0
-15649.0
-15649.0
-15649.0
-15649.0
-15649.0
-15649.0
-15649.0
-15649.0
-15649.0
-15649.0
-15649.0
-15649.0
-15649.0
-15649.0
-15649.0
-15649.0
-15649.0
-15649.0
-15649.0
-15649.0
-15649.0
-15649.0
-15649.0
-15649.0
-15649.0
-15649.0
-15649.0
-15649.0
-15649.0
-15649.0
-15649.0
-15649.0
-15649.0
-15649.0
-15649.0
-15649.0
-15649.0
-15649.0
-15649.0
-15649.0
-15649.0
-15649.0
-15649.0
-15649.0
-15649.0
-15649.0
-15649.0
-15649.0
-15649.0
-15649.0
-15649.0
-15649.0
-15649.0
-15649.0
-15649.0
-15649.0
-15649.0
-15649.0
-15649.0
-15649.0
-15649.0
-15649.0
-15649.0
-15649.0
-15649.0
-15649.0
-15649.0
-15649.0
-15649.0
-15649.0
-15649.0
-15649.0
-15649.0
-15649.0
-15649.0
-15649.0
-15649.0
-15649.0
-15649.0
-15649.0
-15649.0
-15649.0
-15649.0
-15649.0
-15649.0
-15649.0
-15649.0
-15649.0
-15649.0
-15649.0
-15649.0
-15649.0
-15649.0
-15649.0
-15649.0
-15649.0
-15649.0
-15649.0
-15649.0
-15649.0
-15649.0
-15649.0
-15649.0
-15649.0
-15649.0
-15649.0
-15649.0
-15649.0
-15649.0
-15649.0
-15649.0
-15649.0
-15649.0
-15649.0
-15649.0
-15649.0
-15649.0
-15649.0
-15649.0
-15649.0
-15649.0
-15649.0
-15649.0
-15649.0
-15649.0
-15649.0
-15649.0
-15649.0
-15649.0
-15649.0
-15649.0
-15649.0
-15649.0
-15649.0
-15649.0
-15649.0
-15649.0
-15649.0
-15649.0
-15649.0
-15649.0
-15649.0
-15649.0



The list of values average 

-14382.356111111114
-14437.773888888889
-14486.24055555555
-14534.15722222222
-14566.090555555555
-14595.476111111115
-14635.427777777777
-14661.848333333328
-14686.474999999999
-14717.09277777778
-14745.575000000004
-14774.378888888888
-14815.94777777777
-14843.235555555562
-14880.556111111113
-14900.564999999999
-14936.767222222223
-14963.913888888883
-15001.794999999998
-15030.268888888888
-15062.00611111112
-15086.932777777778
-15116.357222222221
-15142.95
-15170.116666666661
-15187.404444444439
-15215.201666666668
-15242.13944444444
-15261.662222222223
-15277.212777777779
-15296.601111111111
-15314.624444444447
-15332.913333333336
-15352.466666666667
-15361.896111111113
-15376.655555555562
-15395.94388888889
-15409.169999999991
-15421.270555555553
-15431.05777777778
-15448.454444444436
-15458.005555555552
-15464.20166666667
-15471.878333333329
-15480.82666666667
-15487.505555555555
-15494.506666666668
-15502.908333333326
-15510.461666666664
-15514.526666666668
-15520.618333333336
-15524.766666666666
-15529.733888888892
-15533.098888888893
-15537.972222222219
-15543.406666666664
-15547.854999999996
-15552.742222222225
-15555.033333333331
-15560.779444444439
-15562.855555555554
-15566.389999999998
-15569.228333333334
-15572.995000000003
-15574.813333333332
-15577.213888888893
-15577.311111111116
-15579.480555555554
-15582.503333333332
-15585.949999999995
-15588.522777777773
-15588.978888888887
-15592.389999999998
-15592.893333333335
-15595.509444444451
-15597.187222222223
-15600.849444444442
-15599.869999999999
-15601.28333333333
-15601.874444444447
-15603.537777777778
-15605.053333333326
-15605.791666666668
-15607.490000000003
-15608.562222222221
-15610.098888888886
-15612.526111111109
-15612.54888888889
-15613.629999999996
-15615.69444444445
-15616.508888888891
-15617.505
-15618.038888888888
-15619.275555555558
-15621.757777777777
-15621.652777777783
-15621.498333333335
-15622.666666666668
-15625.685555555552
-15625.80722222222
-15626.00722222222
-15627.169444444442
-15627.926666666664
-15629.018888888882
-15628.713333333333
-15629.178333333335
-15629.412777777778
-15630.10611111111
-15630.25388888889
-15631.190555555555
-15630.645000000004
-15630.587777777779
-15631.85333333333
-15632.726666666673
-15632.841666666669
-15634.296111111105
-15634.901111111109
-15635.149444444445
-15635.546666666667
-15636.22111111111
-15636.178888888886
-15636.425555555552
-15636.992222222229
-15636.896666666662
-15636.873333333342
-15637.352222222216
-15637.207222222223
-15638.01388888889
-15638.66
-15638.074999999992
-15639.045555555562
-15639.483333333335
-15639.956666666661
-15639.658333333338
-15640.422222222227
-15640.158888888885
-15639.762222222233
-15640.376666666662
-15640.745555555553
-15640.904444444448
-15641.227777777784
-15642.096666666665
-15642.623333333331
-15642.934444444449
-15643.39277777777
-15643.271666666671
-15643.244444444445
-15643.788888888883
-15643.83944444444
-15643.439444444437
-15644.182777777785
-15644.065555555566
-15643.974999999999
-15644.28277777778
-15644.361666666662
-15644.900555555554
-15645.442222222217
-15645.236666666662
-15645.272777777778
-15645.175555555556
-15645.727777777776
-15645.467222222222
-15645.801666666663
-15646.058333333338
-15646.286666666665
-15646.254444444445
-15646.330000000002
-15646.508333333335
-15646.668333333333
-15646.810000000005
-15646.655555555555
-15646.349999999999
-15646.822222222223
-15647.148888888885
-15647.151666666668
-15647.474999999995
-15647.322777777783
-15647.793888888891
-15647.76833333333
-15648.102777777778
-15647.849444444439
-15648.06444444445
-15648.671666666665
-15648.839444444442
-15649.125555555553
-15649.084999999994
-15649.31277777778
-15649.165555555555
-15649.248888888891
-15649.099444444442
-15649.216111111107
-15649.378333333341
-15649.253333333329
-15649.650555555556
-15649.791111111113
-15649.831111111112
-15649.795000000002
-15649.967777777778
-15649.795555555553
-15649.763333333338
-15650.021666666666
-15649.920000000002
-15649.815000000004
-15649.87944444444
-15650.05055555556
-15650.004444444445
-15649.976666666673
-15650.06833333334
-15650.107777777774
-15650.279444444448
-15650.376111111113
-15650.236666666662
-15650.21611111111
-15650.596666666665
-15650.857222222216
-15650.92111111111
-15650.838888888897
-15650.617777777772
-15650.846111111112
-15650.712777777779
-15650.805000000004
-15651.197222222223
-15651.095
-15650.878888888894
-15651.133888888891
-15651.167777777777
-15651.234444444439
-15651.173888888885
-15651.097777777775
-15651.157777777777
-15651.14
-15651.147222222222
-15651.286666666665
-15651.378888888892
-15651.268333333335
-15651.287777777768
-15651.43444444444
-15651.267222222219
-15651.134999999998
-15651.308333333332
-15651.396666666671
-15651.563333333337
-15651.475555555553
-15651.618333333334
-15651.789999999999
-15651.532777777775
-15651.572222222227
-15651.67666666667
-15651.65666666667
-15651.773333333334
-15651.714999999998
-15651.790555555559
-15651.647777777784
-15651.585555555555
-15651.727777777773
-15651.815555555557
-15651.898333333336
-15652.043333333335
-15651.961111111113
-15651.80444444445
-15651.889444444443
-15651.91
-15651.97333333333
-15651.782777777778
-15651.858333333332
-15652.007222222222
-15651.97444444445
-15651.888333333338
-15651.874444444444
-15651.93444444445
-15651.993333333337
-15652.207777777783
-15652.251111111109
-15652.36111111111
-15652.261111111107
-15652.180000000002
-15652.309444444445
-15652.352777777778
-15652.432222222222
-15652.347777777779
-15652.443888888887
-15652.370555555557
-15652.390555555552
-15652.234444444448
-15652.371666666671
-15652.35888888889
-15652.351111111111
-15652.35666666667
-15652.35222222222
-15652.399444444443
-15652.319444444447
-15652.258333333333
-15652.373333333331
-15652.395555555559
-15652.377777777781
-15652.329444444445
-15652.235000000004
-15652.409444444445
-15652.315
-15652.37611111111
-15652.557222222216
-15652.506666666664
-15652.518888888895
-15652.488888888887
-15652.551666666664
-15652.55055555555
-15652.507222222226
-15652.481666666667
-15652.625555555556
-15652.614444444447
-15652.639444444445
-15652.629444444445
-15652.66888888888
-15652.65
-15652.7461111111
-15652.69888888889
-15652.706666666667
-15652.531111111111
-15652.578888888886
-15652.645000000002
-15652.742777777785
-15652.607222222226
-15652.709444444446
-15652.781111111108
-15652.818888888887
-15652.76333333333
-15652.785000000003
-15652.695000000005
-15652.742222222223
-15652.751111111113
-15652.648333333336
-15652.853888888892
-15652.775555555558
-15652.890555555556
-15652.91166666667
-15652.675
-15652.866666666674
-15652.869999999999
-15652.994999999995
-15652.926666666664
-15653.04388888889
-15653.094444444452
-15653.005555555554
-15653.018333333343
-15653.056111111107
-15653.006666666675
-15652.966666666664
-15653.017222222228
-15653.071666666674
-15652.916111111112
-15652.94944444444
-15652.998888888891
-15652.970555555557
-15652.972777777775
-15652.953333333338
-15652.86277777778
-15653.075000000008
-15652.959444444446
-15652.998888888884
-15652.98277777778
-15653.055555555557
-15653.106666666668
-15653.016666666668
-15653.103888888894
-15653.059444444449
-15653.05777777777
-15653.04277777778
-15653.085555555557
-15653.07722222222
-15653.182222222225
-15653.155000000002
-15653.189444444448
-15653.202777777771
-15653.205555555554
-15653.195555555549
-15653.247777777777
-15653.263888888892
-15653.245555555553
-15653.268888888888
-15653.253888888892
-15653.193333333336
-15653.231666666676
-15653.334999999995
-15653.332777777776
-15653.335555555554
-15653.249999999989
-15653.28388888889
-15653.314444444448
-15653.260000000004
-15653.30166666667
-15653.218333333338
-15653.354444444436
-15653.27833333333
-15653.354444444445
-15653.352222222222
-15653.269999999999
-15653.34277777778
-15653.321666666665
-15653.361666666662
-15653.336111111106
-15653.32444444444
-15653.20222222222
-15653.255000000006
-15653.3
-15653.30833333334
-15653.338333333335
-15653.296666666667
-15653.293333333339
-15653.195555555552
-15653.24222222222
-15653.233333333335
-15653.30888888889
-15653.32555555556
-15653.335
-15653.411666666665
-15653.400555555558
-15653.371111111122
-15653.373888888893
-15653.339999999997
-15653.348333333332
-15653.316666666673
-15653.380555555561
-15653.380000000005
-15653.375000000004
-15653.420555555558
-15653.431666666667
-15653.368333333332
-15653.373888888897
-15653.409444444449
-15653.484444444448
-15653.481666666667
-15653.481666666681



The list of best values average 

-14654.280000000008
-14680.960000000001
-14719.529999999997
-14763.350000000002
-14792.140000000007
-14826.220000000001
-14859.259999999997
-14893.629999999996
-14912.249999999998
-14949.109999999993
-14970.170000000002
-14995.920000000006
-15049.58
-15069.720000000005
-15117.810000000001
-15132.829999999994
-15167.490000000003
-15194.26
-15223.74
-15260.52
-15289.910000000005
-15320.55
-15330.760000000002
-15362.269999999995
-15386.879999999994
-15397.800000000001
-15422.229999999992
-15443.329999999998
-15458.399999999998
-15470.06
-15472.409999999994
-15491.030000000006
-15511.760000000004
-15518.34
-15525.650000000001
-15531.99
-15543.789999999999
-15554.61
-15562.020000000004
-15567.170000000006
-15578.459999999995
-15584.549999999992
-15584.010000000002
-15593.479999999998
-15597.879999999997
-15597.819999999998
-15599.360000000006
-15608.409999999996
-15609.589999999997
-15607.059999999994
-15613.600000000004
-15612.680000000006
-15616.990000000002
-15618.140000000005
-15619.080000000002
-15622.039999999999
-15624.420000000007
-15624.00000000001
-15627.450000000003
-15629.710000000001
-15632.030000000004
-15631.68
-15635.610000000004
-15635.039999999999
-15637.260000000006
-15638.690000000006
-15638.110000000004
-15637.989999999993
-15640.709999999997
-15641.1
-15642.629999999996
-15641.45
-15643.490000000002
-15644.41
-15645.469999999996
-15645.540000000005
-15645.95
-15646.83
-15645.99
-15646.329999999998
-15647.609999999997
-15647.530000000004
-15647.799999999996
-15649.339999999993
-15650.379999999997
-15650.149999999996
-15650.849999999995
-15650.369999999999
-15651.179999999998
-15652.629999999997
-15651.989999999993
-15651.550000000001
-15651.259999999997
-15652.869999999999
-15652.519999999995
-15652.660000000002
-15652.869999999999
-15653.439999999999
-15653.730000000003
-15654.09
-15654.399999999998
-15653.839999999987
-15654.699999999997
-15655.229999999994
-15655.459999999995
-15655.289999999994
-15655.589999999995
-15655.27
-15655.149999999994
-15654.759999999993
-15654.739999999996
-15654.579999999994
-15654.929999999998
-15656.069999999994
-15655.749999999996
-15656.589999999991
-15655.019999999999
-15656.349999999995
-15656.819999999998
-15657.220000000001
-15657.369999999999
-15656.959999999997
-15657.570000000002
-15657.070000000002
-15657.439999999999
-15656.580000000002
-15656.61
-15657.039999999999
-15656.909999999994
-15656.640000000003
-15656.570000000003
-15656.859999999991
-15656.919999999996
-15657.39
-15657.239999999993
-15657.159999999998
-15657.649999999998
-15657.809999999996
-15657.440000000004
-15657.399999999992
-15657.310000000001
-15657.949999999993
-15658.239999999994
-15658.720000000001
-15658.570000000002
-15657.999999999998
-15657.749999999998
-15657.929999999997
-15657.919999999995
-15657.899999999994
-15657.650000000001
-15658.019999999991
-15658.199999999995
-15658.139999999998
-15657.829999999996
-15657.989999999998
-15658.119999999995
-15658.039999999999
-15657.949999999997
-15658.089999999997
-15658.219999999996
-15658.149999999998
-15658.41999999999
-15658.129999999994
-15658.399999999994
-15658.249999999995
-15657.809999999994
-15658.289999999999
-15658.38
-15658.239999999996
-15658.509999999997
-15658.399999999992
-15658.049999999994
-15658.259999999991
-15658.399999999994
-15658.529999999999
-15658.230000000003
-15658.39
-15658.66
-15658.919999999993
-15658.899999999996
-15658.839999999998
-15658.849999999993
-15659.239999999996
-15659.079999999993
-15659.039999999995
-15658.909999999994
-15658.849999999995
-15659.019999999997
-15658.909999999996
-15659.0
-15658.979999999992
-15659.039999999999
-15658.949999999997
-15658.729999999996
-15658.869999999994
-15658.999999999993
-15658.979999999992
-15659.169999999993
-15659.209999999997
-15659.159999999994
-15659.01
-15659.050000000001
-15659.039999999999
-15658.959999999997
-15658.999999999995
-15658.939999999997
-15659.019999999999
-15659.179999999997
-15659.119999999999
-15659.15
-15658.949999999999
-15659.029999999997
-15658.979999999996
-15659.209999999997
-15659.079999999996
-15659.21
-15659.32
-15659.229999999996
-15659.219999999996
-15659.190000000002
-15659.199999999999
-15659.319999999996
-15659.27
-15659.289999999999
-15659.269999999995
-15659.369999999997
-15659.339999999997
-15659.509999999997
-15659.26
-15659.289999999995
-15659.299999999996
-15659.289999999999
-15659.32
-15659.289999999997
-15659.439999999999
-15659.339999999997
-15659.459999999997
-15659.479999999996
-15659.549999999996
-15659.549999999997
-15659.529999999999
-15659.559999999996
-15659.409999999996
-15659.489999999996
-15659.479999999996
-15659.489999999994
-15659.369999999997
-15659.55
-15659.559999999998
-15659.599999999999
-15659.529999999995
-15659.509999999997
-15659.519999999995
-15659.509999999995
-15659.489999999998
-15659.509999999997
-15659.619999999995
-15659.559999999998
-15659.579999999996
-15659.629999999996
-15659.629999999996
-15659.679999999995
-15659.569999999992
-15659.569999999994
-15659.549999999996
-15659.449999999993
-15659.439999999993
-15659.499999999995
-15659.489999999996
-15659.449999999997
-15659.479999999996
-15659.469999999996
-15659.429999999997
-15659.409999999994
-15659.439999999995
-15659.519999999997
-15659.449999999995
-15659.549999999996
-15659.549999999997
-15659.619999999994
-15659.489999999994
-15659.439999999993
-15659.539999999992
-15659.459999999995
-15659.439999999993
-15659.579999999993
-15659.519999999993
-15659.53999999999
-15659.459999999992
-15659.27999999999
-15659.429999999993
-15659.48999999999
-15659.40999999999
-15659.419999999993
-15659.469999999994
-15659.489999999994
-15659.349999999991
-15659.45999999999
-15659.419999999991
-15659.39999999999
-15659.409999999993
-15659.40999999999
-15659.409999999994
-15659.399999999992
-15659.419999999996
-15659.429999999993
-15659.419999999996
-15659.389999999992
-15659.349999999995
-15659.469999999994
-15659.319999999994
-15659.329999999993
-15659.409999999993
-15659.389999999992
-15659.38999999999
-15659.359999999993
-15659.47999999999
-15659.369999999992
-15659.389999999992
-15659.319999999989
-15659.319999999989
-15659.33999999999
-15659.33999999999
-15659.319999999987
-15659.379999999988
-15659.36999999999
-15659.399999999989
-15659.379999999988
-15659.41999999999
-15659.319999999989
-15659.349999999993
-15659.32999999999
-15659.319999999992
-15659.329999999993
-15659.229999999994
-15659.259999999993
-15659.369999999994
-15659.339999999991
-15659.309999999992
-15659.429999999991
-15659.459999999992
-15659.329999999994
-15659.369999999994
-15659.389999999992
-15659.339999999991
-15659.459999999994
-15659.369999999992
-15659.369999999992
-15659.389999999992
-15659.339999999993
-15659.369999999995
-15659.439999999993
-15659.399999999994
-15659.519999999993
-15659.389999999994
-15659.359999999995
-15659.379999999994
-15659.379999999994
-15659.389999999992
-15659.409999999994
-15659.359999999995
-15659.239999999994
-15659.389999999998
-15659.349999999995
-15659.289999999994
-15659.249999999993
-15659.319999999992
-15659.509999999995
-15659.489999999994
-15659.469999999994
-15659.489999999994
-15659.489999999994
-15659.489999999994
-15659.479999999994
-15659.489999999994
-15659.499999999995
-15659.559999999994
-15659.459999999995
-15659.459999999994
-15659.469999999992
-15659.469999999992
-15659.479999999992
-15659.47999999999
-15659.459999999994
-15659.499999999995
-15659.499999999993
-15659.499999999995
-15659.509999999993
-15659.549999999992
-15659.529999999992
-15659.499999999993
-15659.509999999995
-15659.499999999995
-15659.549999999994
-15659.549999999994
-15659.549999999994
-15659.539999999995
-15659.519999999993
-15659.439999999995
-15659.439999999993
-15659.429999999995
-15659.419999999995
-15659.449999999995
-15659.489999999994
-15659.539999999994
-15659.499999999993
-15659.499999999993
-15659.469999999996
-15659.449999999995
-15659.429999999995
-15659.449999999995
-15659.429999999995
-15659.379999999994
-15659.439999999993
-15659.499999999993
-15659.549999999994
-15659.539999999992
-15659.569999999992
-15659.569999999992
-15659.529999999992
-15659.519999999991
-15659.489999999993
-15659.519999999991
-15659.519999999991
-15659.469999999994
-15659.499999999993
-15659.529999999992
-15659.479999999992
-15659.479999999992
-15659.479999999992
-15659.549999999992
