----------Report of simulation of Path Integral Quantum Monte Carlo-----------
The number of considered Spin 121
The considered Annealing Duration 484
The considered Annealing Number 100
The considered T 1.0
The considered Gamma0 1.0
The considered Number Of Replica 18
The solution found [-1 -1 -1 -1  1 -1  1 -1  1  1  1 -1  1  1 -1 -1  1  1  1 -1  1  1 -1  1
  1 -1  1 -1  1 -1  1 -1 -1 -1  1  1 -1  1 -1  1  1 -1 -1 -1  1 -1  1  1
  1 -1 -1 -1 -1 -1  1 -1  1  1 -1  1 -1 -1  1  1  1  1 -1  1  1 -1  1 -1
 -1 -1  1  1  1 -1 -1  1  1  1 -1 -1  1 -1 -1  1 -1  1  1 -1 -1  1  1  1
  1 -1 -1 -1 -1 -1 -1  1 -1  1  1  1  1 -1  1 -1 -1  1 -1  1 -1 -1 -1 -1
  1]
The value found -19708.0
The Success probability is 0.23
The average value is -19687.84
The total execution time is 3925.1356666088104
The average time for execution is 39.25135456085205
The average time for system update is 0.08088475649514475
The average time for replica update is 0.004493213530742761
The average time for spin update is 3.6867146546954894e-05
The list of values found 

-19688.0
-19666.0
-19672.0
-19688.0
-19698.0
-19672.0
-19676.0
-19683.0
-19688.0
-19688.0
-19708.0
-19683.0
-19684.0
-19682.0
-19698.0
-19683.0
-19682.0
-19673.0
-19683.0
-19666.0
-19698.0
-19686.0
-19698.0
-19698.0
-19708.0
-19683.0
-19682.0
-19708.0
-19708.0
-19642.0
-19682.0
-19708.0
-19698.0
-19708.0
-19698.0
-19675.0
-19683.0
-19668.0
-19683.0
-19676.0
-19678.0
-19688.0
-19688.0
-19666.0
-19708.0
-19708.0
-19698.0
-19682.0
-19682.0
-19708.0
-19688.0
-19708.0
-19708.0
-19708.0
-19708.0
-19708.0
-19683.0
-19708.0
-19708.0
-19708.0
-19675.0
-19688.0
-19672.0
-19683.0
-19657.0
-19683.0
-19688.0
-19638.0
-19662.0
-19682.0
-19683.0
-19683.0
-19708.0
-19672.0
-19698.0
-19688.0
-19688.0
-19682.0
-19708.0
-19683.0
-19708.0
-19708.0
-19682.0
-19688.0
-19688.0
-19667.0
-19667.0
-19688.0
-19686.0
-19692.0
-19682.0
-19708.0
-19682.0
-19683.0
-19698.0
-19683.0
-19683.0
-19708.0
-19688.0
-19682.0



The list of values first execution 

-18181.055555555555
-18241.277777777777
-18333.61111111111
-18336.11111111111
-18457.61111111111
-18468.88888888889
-18526.055555555555
-18550.166666666668
-18605.11111111111
-18775.88888888889
-18822.0
-18941.555555555555
-19011.833333333332
-19082.833333333332
-19164.38888888889
-19242.555555555555
-19212.5
-19305.666666666668
-19381.333333333332
-19406.61111111111
-19457.222222222223
-19498.277777777777
-19535.88888888889
-19524.38888888889
-19530.944444444445
-19553.5
-19540.166666666668
-19590.11111111111
-19603.222222222223
-19597.333333333332
-19601.444444444445
-19611.88888888889
-19626.944444444445
-19625.5
-19632.555555555555
-19625.555555555555
-19642.88888888889
-19646.166666666668
-19652.61111111111
-19667.88888888889
-19669.166666666668
-19670.222222222223
-19678.38888888889
-19675.555555555555
-19679.333333333332
-19680.833333333332
-19681.88888888889
-19679.88888888889
-19677.0
-19675.166666666668
-19680.61111111111
-19681.88888888889
-19681.555555555555
-19679.777777777777
-19677.38888888889
-19678.11111111111
-19678.166666666668
-19676.166666666668
-19680.277777777777
-19681.666666666668
-19681.055555555555
-19681.555555555555
-19677.0
-19679.0
-19681.333333333332
-19680.833333333332
-19683.5
-19687.055555555555
-19688.0
-19688.0
-19688.0
-19688.0
-19688.0
-19688.0
-19688.0
-19688.0
-19688.0
-19688.0
-19688.0
-19688.0
-19688.0
-19688.0
-19688.0
-19688.0
-19688.0
-19688.0
-19688.0
-19688.0
-19688.0
-19688.0
-19688.0
-19688.0
-19688.0
-19688.0
-19688.0
-19688.0
-19688.0
-19688.0
-19688.0
-19688.0
-19688.0
-19688.0
-19688.0
-19688.0
-19688.0
-19688.0
-19688.0
-19688.0
-19688.0
-19688.0
-19688.0
-19688.0
-19688.0
-19688.0
-19688.0
-19688.0
-19688.0
-19688.0
-19688.0
-19688.0
-19688.0
-19688.0
-19688.0
-19688.0
-19688.0
-19688.0
-19688.0
-19688.0
-19688.0
-19688.0
-19688.0
-19688.0
-19688.0
-19688.0
-19688.0
-19688.0
-19688.0
-19688.0
-19688.0
-19688.0
-19688.0
-19688.0
-19688.0
-19688.0
-19688.0
-19688.0
-19688.0
-19688.0
-19688.0
-19688.0
-19688.0
-19688.0
-19688.0
-19688.0
-19688.0
-19688.0
-19688.0
-19688.0
-19688.0
-19688.0
-19688.0
-19688.0
-19688.0
-19688.0
-19688.0
-19688.0
-19688.0
-19688.0
-19688.0
-19688.0
-19688.0
-19688.0
-19688.0
-19688.0
-19688.0
-19688.0
-19688.0
-19688.0
-19688.0
-19688.0
-19688.0
-19688.0
-19688.0
-19688.0
-19688.0
-19688.0
-19688.0
-19688.0
-19688.0
-19688.0
-19688.0
-19688.0
-19688.0
-19688.0
-19688.0
-19688.0
-19688.0
-19688.0
-19688.0
-19688.0
-19688.0
-19688.0
-19688.0
-19688.0
-19688.0
-19688.0
-19688.0
-19688.0
-19688.0
-19688.0
-19688.0
-19688.0
-19688.0
-19688.0
-19688.0
-19688.0
-19688.0
-19688.0
-19688.0
-19688.0
-19688.0
-19688.0
-19688.0
-19688.0
-19688.0
-19688.0
-19688.0
-19688.0
-19688.0
-19688.0
-19688.0
-19688.0
-19688.0
-19688.0
-19688.0
-19688.0
-19688.0
-19688.0
-19688.0
-19688.0
-19688.0
-19688.0
-19688.0
-19688.0
-19688.0
-19688.0
-19688.0
-19688.0
-19688.0
-19688.0
-19688.0
-19688.0
-19688.0
-19688.0
-19688.0
-19688.0
-19688.0
-19688.0
-19688.0
-19688.0
-19688.0
-19688.0
-19688.0
-19688.0
-19688.0
-19688.0
-19688.0
-19688.0
-19688.0
-19688.0
-19688.0
-19688.0
-19688.0
-19688.0
-19688.0
-19688.0
-19688.0
-19688.0
-19688.0
-19688.0
-19688.0
-19688.0
-19688.0
-19688.0
-19688.0
-19688.0
-19688.0
-19688.0
-19688.0
-19688.0
-19688.0
-19688.0
-19688.0
-19688.0
-19688.0
-19688.0
-19688.0
-19688.0
-19688.0
-19688.0
-19688.0
-19688.0
-19688.0
-19688.0
-19688.0
-19688.0
-19688.0
-19688.0
-19688.0
-19688.0
-19688.0
-19688.0
-19688.0
-19688.0
-19688.0
-19688.0
-19688.0
-19688.0
-19688.0
-19688.0
-19688.0
-19688.0
-19688.0
-19688.0
-19688.0
-19688.0
-19688.0
-19688.0
-19688.0
-19688.0
-19688.0
-19688.0
-19688.0
-19688.0
-19688.0
-19688.0
-19688.0
-19688.0
-19688.0
-19688.0
-19688.0
-19688.0
-19688.0
-19688.0
-19688.0
-19688.0
-19688.0
-19688.0
-19688.0
-19688.0
-19688.0
-19688.0
-19688.0
-19688.0
-19688.0
-19688.0
-19688.0
-19688.0
-19688.0
-19688.0
-19688.0
-19688.0
-19688.0
-19688.0
-19688.0
-19688.0
-19688.0
-19688.0
-19688.0
-19688.0
-19688.0
-19688.0
-19688.0
-19688.0
-19688.0
-19688.0
-19688.0
-19688.0
-19688.0
-19688.0
-19688.0
-19688.0
-19688.0
-19688.0
-19688.0
-19688.0
-19688.0
-19688.0
-19688.0
-19688.0
-19688.0
-19688.0
-19688.0
-19688.0
-19688.0
-19688.0
-19688.0
-19688.0
-19688.0
-19688.0
-19688.0
-19688.0
-19688.0
-19688.0
-19688.0
-19688.0
-19688.0
-19688.0
-19688.0
-19688.0
-19688.0
-19688.0
-19688.0
-19688.0
-19688.0
-19688.0
-19688.0
-19688.0
-19688.0
-19688.0
-19688.0
-19688.0
-19688.0
-19688.0
-19688.0
-19688.0
-19688.0
-19688.0
-19688.0
-19688.0
-19688.0
-19688.0
-19688.0
-19688.0
-19688.0
-19688.0
-19688.0
-19688.0
-19688.0
-19688.0
-19688.0
-19688.0
-19688.0
-19688.0
-19688.0
-19688.0
-19688.0
-19688.0
-19688.0
-19688.0
-19688.0
-19688.0
-19688.0
-19688.0
-19688.0
-19688.0
-19688.0
-19688.0
-19688.0
-19688.0
-19688.0
-19688.0
-19688.0
-19688.0
-19688.0
-19688.0
-19688.0
-19688.0
-19688.0
-19688.0
-19688.0
-19688.0
-19688.0
-19688.0
-19688.0
-19688.0
-19688.0
-19688.0
-19688.0
-19688.0
-19688.0
-19688.0
-19688.0
-19688.0



The list of best values first execution 

-18412.0
-18458.0
-18659.0
-18550.0
-18683.0
-18707.0
-18792.0
-18783.0
-18947.0
-18965.0
-19158.0
-19200.0
-19244.0
-19372.0
-19439.0
-19418.0
-19396.0
-19549.0
-19521.0
-19565.0
-19598.0
-19625.0
-19653.0
-19639.0
-19667.0
-19681.0
-19673.0
-19682.0
-19685.0
-19678.0
-19682.0
-19688.0
-19688.0
-19682.0
-19688.0
-19682.0
-19683.0
-19682.0
-19669.0
-19685.0
-19688.0
-19688.0
-19685.0
-19685.0
-19688.0
-19688.0
-19688.0
-19688.0
-19685.0
-19688.0
-19688.0
-19688.0
-19688.0
-19688.0
-19688.0
-19685.0
-19688.0
-19685.0
-19688.0
-19688.0
-19688.0
-19688.0
-19688.0
-19688.0
-19688.0
-19688.0
-19688.0
-19688.0
-19688.0
-19688.0
-19688.0
-19688.0
-19688.0
-19688.0
-19688.0
-19688.0
-19688.0
-19688.0
-19688.0
-19688.0
-19688.0
-19688.0
-19688.0
-19688.0
-19688.0
-19688.0
-19688.0
-19688.0
-19688.0
-19688.0
-19688.0
-19688.0
-19688.0
-19688.0
-19688.0
-19688.0
-19688.0
-19688.0
-19688.0
-19688.0
-19688.0
-19688.0
-19688.0
-19688.0
-19688.0
-19688.0
-19688.0
-19688.0
-19688.0
-19688.0
-19688.0
-19688.0
-19688.0
-19688.0
-19688.0
-19688.0
-19688.0
-19688.0
-19688.0
-19688.0
-19688.0
-19688.0
-19688.0
-19688.0
-19688.0
-19688.0
-19688.0
-19688.0
-19688.0
-19688.0
-19688.0
-19688.0
-19688.0
-19688.0
-19688.0
-19688.0
-19688.0
-19688.0
-19688.0
-19688.0
-19688.0
-19688.0
-19688.0
-19688.0
-19688.0
-19688.0
-19688.0
-19688.0
-19688.0
-19688.0
-19688.0
-19688.0
-19688.0
-19688.0
-19688.0
-19688.0
-19688.0
-19688.0
-19688.0
-19688.0
-19688.0
-19688.0
-19688.0
-19688.0
-19688.0
-19688.0
-19688.0
-19688.0
-19688.0
-19688.0
-19688.0
-19688.0
-19688.0
-19688.0
-19688.0
-19688.0
-19688.0
-19688.0
-19688.0
-19688.0
-19688.0
-19688.0
-19688.0
-19688.0
-19688.0
-19688.0
-19688.0
-19688.0
-19688.0
-19688.0
-19688.0
-19688.0
-19688.0
-19688.0
-19688.0
-19688.0
-19688.0
-19688.0
-19688.0
-19688.0
-19688.0
-19688.0
-19688.0
-19688.0
-19688.0
-19688.0
-19688.0
-19688.0
-19688.0
-19688.0
-19688.0
-19688.0
-19688.0
-19688.0
-19688.0
-19688.0
-19688.0
-19688.0
-19688.0
-19688.0
-19688.0
-19688.0
-19688.0
-19688.0
-19688.0
-19688.0
-19688.0
-19688.0
-19688.0
-19688.0
-19688.0
-19688.0
-19688.0
-19688.0
-19688.0
-19688.0
-19688.0
-19688.0
-19688.0
-19688.0
-19688.0
-19688.0
-19688.0
-19688.0
-19688.0
-19688.0
-19688.0
-19688.0
-19688.0
-19688.0
-19688.0
-19688.0
-19688.0
-19688.0
-19688.0
-19688.0
-19688.0
-19688.0
-19688.0
-19688.0
-19688.0
-19688.0
-19688.0
-19688.0
-19688.0
-19688.0
-19688.0
-19688.0
-19688.0
-19688.0
-19688.0
-19688.0
-19688.0
-19688.0
-19688.0
-19688.0
-19688.0
-19688.0
-19688.0
-19688.0
-19688.0
-19688.0
-19688.0
-19688.0
-19688.0
-19688.0
-19688.0
-19688.0
-19688.0
-19688.0
-19688.0
-19688.0
-19688.0
-19688.0
-19688.0
-19688.0
-19688.0
-19688.0
-19688.0
-19688.0
-19688.0
-19688.0
-19688.0
-19688.0
-19688.0
-19688.0
-19688.0
-19688.0
-19688.0
-19688.0
-19688.0
-19688.0
-19688.0
-19688.0
-19688.0
-19688.0
-19688.0
-19688.0
-19688.0
-19688.0
-19688.0
-19688.0
-19688.0
-19688.0
-19688.0
-19688.0
-19688.0
-19688.0
-19688.0
-19688.0
-19688.0
-19688.0
-19688.0
-19688.0
-19688.0
-19688.0
-19688.0
-19688.0
-19688.0
-19688.0
-19688.0
-19688.0
-19688.0
-19688.0
-19688.0
-19688.0
-19688.0
-19688.0
-19688.0
-19688.0
-19688.0
-19688.0
-19688.0
-19688.0
-19688.0
-19688.0
-19688.0
-19688.0
-19688.0
-19688.0
-19688.0
-19688.0
-19688.0
-19688.0
-19688.0
-19688.0
-19688.0
-19688.0
-19688.0
-19688.0
-19688.0
-19688.0
-19688.0
-19688.0
-19688.0
-19688.0
-19688.0
-19688.0
-19688.0
-19688.0
-19688.0
-19688.0
-19688.0
-19688.0
-19688.0
-19688.0
-19688.0
-19688.0
-19688.0
-19688.0
-19688.0
-19688.0
-19688.0
-19688.0
-19688.0
-19688.0
-19688.0
-19688.0
-19688.0
-19688.0
-19688.0
-19688.0
-19688.0
-19688.0
-19688.0
-19688.0
-19688.0
-19688.0
-19688.0
-19688.0
-19688.0
-19688.0
-19688.0
-19688.0
-19688.0
-19688.0
-19688.0
-19688.0
-19688.0
-19688.0
-19688.0
-19688.0
-19688.0
-19688.0
-19688.0
-19688.0
-19688.0
-19688.0
-19688.0
-19688.0
-19688.0
-19688.0
-19688.0
-19688.0
-19688.0
-19688.0
-19688.0
-19688.0
-19688.0
-19688.0
-19688.0
-19688.0
-19688.0
-19688.0
-19688.0
-19688.0
-19688.0
-19688.0
-19688.0
-19688.0
-19688.0
-19688.0
-19688.0
-19688.0
-19688.0
-19688.0
-19688.0
-19688.0
-19688.0
-19688.0
-19688.0
-19688.0
-19688.0
-19688.0
-19688.0
-19688.0
-19688.0
-19688.0
-19688.0
-19688.0
-19688.0
-19688.0
-19688.0
-19688.0
-19688.0
-19688.0
-19688.0
-19688.0
-19688.0
-19688.0
-19688.0
-19688.0
-19688.0
-19688.0



The list of values average 

-18237.885555555556
-18280.213333333333
-18327.264444444434
-18380.408888888887
-18431.242777777778
-18485.471666666668
-18546.669444444455
-18614.907222222228
-18676.12111111111
-18743.31388888889
-18816.617222222227
-18893.500555555554
-18975.820555555558
-19049.01166666666
-19116.997222222224
-19177.6138888889
-19240.022777777787
-19291.053888888888
-19336.380555555555
-19374.486666666664
-19407.31888888889
-19433.163888888885
-19461.46166666667
-19480.001111111105
-19501.453888888893
-19518.29444444444
-19528.954444444447
-19541.267777777768
-19555.238333333327
-19566.51166666667
-19573.36555555555
-19581.13055555555
-19589.99166666667
-19595.877222222218
-19603.38666666667
-19607.911111111112
-19611.87333333333
-19616.18499999999
-19623.239999999998
-19626.742777777778
-19630.40499999999
-19633.806666666664
-19638.76777777777
-19641.407777777793
-19643.912777777776
-19644.95555555556
-19647.505555555555
-19650.101666666655
-19652.18222222222
-19654.53833333333
-19656.415555555548
-19658.632222222222
-19660.518333333333
-19662.33444444445
-19663.28222222222
-19664.22166666667
-19665.13722222222
-19666.241666666676
-19666.87388888889
-19667.670000000006
-19669.309444444447
-19669.444444444445
-19670.66333333334
-19671.324444444446
-19671.852222222227
-19672.338333333326
-19672.987777777784
-19673.182222222218
-19673.805555555555
-19674.318888888887
-19675.02833333333
-19675.484444444442
-19676.037777777776
-19676.54388888888
-19677.00333333333
-19677.288888888885
-19677.232222222225
-19677.362777777777
-19677.834999999995
-19678.336111111115
-19678.82555555556
-19679.030555555546
-19679.246666666662
-19679.4111111111
-19679.467222222214
-19679.556666666664
-19679.65722222222
-19680.056666666664
-19680.24333333333
-19680.598333333328
-19680.305555555555
-19680.369999999995
-19680.807222222214
-19680.700000000004
-19680.902777777774
-19681.07222222222
-19681.217222222218
-19681.138888888894
-19681.204999999998
-19681.07444444444
-19681.39388888888
-19681.550000000007
-19681.800555555554
-19681.77944444444
-19681.798888888883
-19681.906666666662
-19681.838888888888
-19681.769444444442
-19681.941111111104
-19682.14944444444
-19681.97777777777
-19682.089444444446
-19682.236666666664
-19682.229444444438
-19682.26777777777
-19682.25833333333
-19682.416111111103
-19682.475555555553
-19682.611111111095
-19682.56166666666
-19682.650555555556
-19682.546111111107
-19682.607777777775
-19682.651666666665
-19682.775555555552
-19682.64555555555
-19682.722777777773
-19682.79055555555
-19682.940555555557
-19682.938888888886
-19682.890555555547
-19682.921666666665
-19683.025555555556
-19683.008888888886
-19682.963888888884
-19682.98722222222
-19683.074999999993
-19683.121111111108
-19683.080555555545
-19683.08555555555
-19683.121666666666
-19683.22611111111
-19683.17888888889
-19683.340555555555
-19683.277777777774
-19683.221111111106
-19683.31055555554
-19683.308333333334
-19683.23666666666
-19683.374444444446
-19683.42333333333
-19683.343888888885
-19683.48111111111
-19683.387222222216
-19683.376111111113
-19683.386111111107
-19683.38055555555
-19683.442222222217
-19683.334444444437
-19683.418888888886
-19683.426666666666
-19683.433333333334
-19683.445555555554
-19683.558333333323
-19683.54444444444
-19683.633333333328
-19683.604444444434
-19683.55555555555
-19683.512777777774
-19683.557222222218
-19683.598333333335
-19683.621666666666
-19683.59833333333
-19683.635555555553
-19683.626111111105
-19683.688888888886
-19683.60999999999
-19683.65944444444
-19683.68833333333
-19683.657222222213
-19683.66
-19683.664444444443
-19683.710555555554
-19683.69888888888
-19683.682222222218
-19683.649444444432
-19683.62611111111
-19683.67611111111
-19683.67444444444
-19683.73055555555
-19683.690555555546
-19683.70499999999
-19683.66166666667
-19683.67666666666
-19683.717777777776
-19683.681666666656
-19683.700555555548
-19683.65555555555
-19683.678888888888
-19683.683888888885
-19683.692222222217
-19683.722777777773
-19683.710000000003
-19683.732777777772
-19683.719999999994
-19683.676666666655
-19683.692222222224
-19683.709999999995
-19683.717222222218
-19683.793333333328
-19683.73666666666
-19683.755555555552
-19683.755
-19683.790555555548
-19683.751666666663
-19683.769999999997
-19683.754999999997
-19683.69611111111
-19683.74777777777
-19683.78833333333
-19683.778888888883
-19683.752222222218
-19683.769444444442
-19683.75555555555
-19683.74388888889
-19683.79055555555
-19683.76111111111
-19683.817222222217
-19683.807222222218
-19683.792222222222
-19683.806666666667
-19683.799999999996
-19683.827777777773
-19683.81555555555
-19683.84555555555
-19683.818333333333
-19683.83166666666
-19683.831111111107
-19683.831666666665
-19683.821666666663
-19683.804999999997
-19683.825555555555
-19683.816111111104
-19683.80499999999
-19683.828333333324
-19683.84555555555
-19683.85722222221
-19683.839999999993
-19683.86055555555
-19683.851666666666
-19683.82722222222
-19683.822777777776
-19683.860555555555
-19683.85888888888
-19683.853888888887
-19683.85555555555
-19683.86388888888
-19683.870555555553
-19683.844999999994
-19683.862777777773
-19683.873888888887
-19683.863888888885
-19683.850555555553
-19683.863888888885
-19683.82833333333
-19683.842222222214
-19683.85777777778
-19683.85611111111
-19683.872777777775
-19683.877777777772
-19683.88944444444
-19683.889999999996
-19683.88444444444
-19683.89722222222
-19683.886111111107
-19683.88833333333
-19683.869999999995
-19683.87888888888
-19683.862222222222
-19683.867777777774
-19683.866111111107
-19683.886111111107
-19683.869999999995
-19683.888333333325
-19683.885555555553
-19683.894999999997
-19683.873888888884
-19683.867222222216
-19683.870555555553
-19683.86055555555
-19683.85777777778
-19683.872222222217
-19683.862222222215
-19683.852777777774
-19683.86666666666
-19683.87722222222
-19683.878333333327
-19683.87611111111
-19683.85722222222
-19683.868333333332
-19683.880555555552
-19683.88944444444
-19683.88111111111
-19683.90055555555
-19683.864999999998
-19683.875555555547
-19683.873888888887
-19683.874444444442
-19683.86388888889
-19683.889999999996
-19683.882222222215
-19683.881111111103
-19683.885555555546
-19683.887222222216
-19683.89055555555
-19683.890555555554
-19683.88055555555
-19683.888888888883
-19683.87944444444
-19683.89666666666
-19683.871666666662
-19683.87166666666
-19683.87222222222
-19683.88944444444
-19683.87499999999
-19683.887222222216
-19683.87166666666
-19683.888333333325
-19683.89555555555
-19683.88833333333
-19683.888888888883
-19683.87833333333
-19683.909999999993
-19683.889999999996
-19683.90444444444
-19683.91277777777
-19683.899444444443
-19683.89333333333
-19683.9111111111
-19683.89666666666
-19683.906666666662
-19683.89944444444
-19683.902222222216
-19683.89888888889
-19683.88055555555
-19683.887777777774
-19683.896666666664
-19683.892777777775
-19683.897777777773
-19683.884444444444
-19683.894999999997
-19683.871666666666
-19683.87833333333
-19683.881666666668
-19683.85722222222
-19683.881666666664
-19683.917777777777
-19683.90444444444
-19683.902222222223
-19683.90833333333
-19683.908333333333
-19683.90777777778
-19683.916111111113
-19683.914444444443
-19683.914444444443
-19683.91777777778
-19683.916666666664
-19683.925
-19683.91611111111
-19683.91944444444
-19683.925
-19683.917777777773
-19683.91222222222
-19683.924999999996
-19683.918888888882
-19683.914999999994
-19683.91833333333
-19683.912777777776
-19683.909999999996
-19683.93055555555
-19683.919444444444
-19683.923888888883
-19683.89888888889
-19683.924999999996
-19683.919999999995
-19683.924999999996
-19683.939999999995
-19683.91222222222
-19683.91444444444
-19683.926666666663
-19683.908888888884
-19683.909999999993
-19683.914444444443
-19683.91944444444
-19683.92166666666
-19683.89055555555
-19683.914999999997
-19683.908888888887
-19683.912777777776
-19683.931666666664
-19683.901111111107
-19683.91388888888
-19683.929999999993
-19683.91722222222
-19683.91888888889
-19683.93722222222
-19683.91444444444
-19683.91722222222
-19683.918333333328
-19683.922777777774
-19683.931111111106
-19683.91833333333
-19683.924444444438
-19683.923888888883
-19683.935555555552
-19683.934444444443
-19683.927222222217
-19683.92611111111
-19683.918333333328
-19683.92166666666
-19683.912222222218
-19683.92777777777
-19683.914999999994
-19683.92611111111
-19683.92166666666
-19683.923888888883
-19683.93055555555
-19683.918888888886
-19683.932222222218
-19683.912222222218
-19683.911111111105
-19683.912222222218
-19683.926666666663
-19683.91944444444
-19683.91888888889
-19683.92111111111
-19683.921666666658
-19683.926666666663
-19683.917777777773
-19683.92333333333
-19683.906111111104
-19683.926666666663
-19683.924999999992
-19683.928888888884
-19683.924999999992
-19683.93666666666
-19683.92944444444
-19683.92555555555
-19683.91055555555
-19683.923888888883
-19683.91444444444
-19683.929999999997
-19683.92333333333
-19683.924999999996
-19683.904999999995
-19683.932222222218
-19683.921111111107
-19683.921111111107
-19683.940555555553
-19683.920555555553
-19683.933888888885
-19683.92944444444
-19683.922222222212
-19683.93055555555
-19683.931666666664
-19683.918888888882
-19683.929999999993
-19683.924999999996
-19683.928888888884
-19683.93166666666
-19683.91999999999
-19683.921111111107
-19683.92944444444
-19683.923888888887
-19683.931666666664
-19683.919999999995
-19683.926666666663
-19683.93166666666
-19683.913333333327
-19683.92333333333
-19683.929444444442
-19683.924444444438
-19683.93444444444
-19683.923888888887



The list of best values average 

-18521.229999999996
-18555.72
-18590.43
-18639.440000000006
-18688.65
-18745.389999999996
-18816.489999999998
-18883.48
-18942.070000000007
-19003.379999999994
-19088.56
-19155.350000000006
-19226.470000000005
-19290.02000000001
-19337.07
-19392.729999999996
-19434.199999999993
-19472.780000000002
-19514.40000000001
-19537.02
-19556.28999999999
-19570.96999999999
-19590.42
-19604.93
-19615.499999999993
-19620.130000000005
-19628.690000000002
-19634.719999999998
-19642.56
-19649.18
-19653.74999999999
-19657.150000000012
-19662.74000000001
-19664.089999999993
-19666.960000000003
-19668.69000000001
-19669.47
-19670.800000000003
-19673.59
-19674.42000000001
-19676.05
-19676.920000000006
-19678.659999999996
-19679.179999999993
-19680.38999999999
-19681.260000000002
-19681.14
-19681.93
-19682.749999999993
-19683.029999999995
-19683.8
-19684.559999999994
-19684.319999999996
-19684.719999999998
-19684.679999999997
-19684.949999999993
-19685.129999999994
-19685.299999999996
-19685.789999999997
-19685.440000000002
-19685.78
-19685.769999999997
-19685.869999999995
-19685.639999999996
-19685.929999999997
-19686.099999999995
-19685.99
-19686.11
-19686.309999999994
-19686.209999999992
-19686.25999999999
-19686.42999999999
-19686.46999999999
-19686.469999999987
-19686.399999999994
-19686.42
-19686.429999999997
-19686.569999999996
-19686.569999999996
-19686.76
-19686.75
-19686.730000000003
-19686.78
-19686.8
-19686.91
-19686.84
-19686.809999999998
-19686.609999999997
-19686.75
-19686.739999999998
-19686.899999999998
-19686.84
-19686.87
-19686.85
-19686.850000000002
-19686.76
-19686.82
-19686.8
-19686.82
-19686.81
-19686.91
-19686.89
-19686.87
-19686.84
-19686.829999999998
-19686.85
-19686.89
-19686.989999999998
-19687.019999999997
-19687.099999999995
-19687.099999999995
-19687.079999999994
-19686.969999999998
-19686.94
-19686.979999999996
-19686.969999999998
-19686.949999999997
-19686.879999999997
-19686.899999999998
-19686.959999999995
-19686.989999999998
-19686.949999999997
-19687.029999999995
-19687.039999999997
-19687.049999999996
-19687.039999999997
-19687.029999999995
-19687.029999999995
-19687.049999999996
-19687.029999999995
-19687.029999999995
-19686.939999999995
-19687.079999999994
-19687.089999999993
-19687.059999999994
-19687.039999999994
-19687.089999999993
-19687.029999999995
-19687.049999999996
-19687.079999999994
-19687.049999999996
-19687.079999999994
-19687.079999999994
-19687.079999999994
-19687.079999999994
-19687.079999999994
-19687.019999999997
-19687.019999999997
-19686.979999999996
-19686.979999999996
-19686.979999999996
-19686.979999999996
-19687.039999999997
-19686.979999999996
-19686.979999999996
-19687.029999999995
-19687.019999999997
-19686.989999999998
-19687.019999999997
-19686.989999999998
-19687.019999999997
-19686.949999999997
-19687.049999999996
-19687.049999999996
-19687.049999999996
-19686.989999999998
-19686.989999999998
-19686.989999999998
-19686.989999999998
-19686.949999999997
-19687.049999999996
-19687.049999999996
-19687.079999999994
-19687.079999999994
-19687.079999999994
-19687.079999999994
-19687.079999999994
-19687.079999999994
-19687.079999999994
-19687.079999999994
-19687.079999999994
-19687.079999999994
-19687.079999999994
-19687.079999999994
-19687.079999999994
-19687.079999999994
-19687.019999999997
-19687.019999999997
-19686.979999999996
-19687.079999999994
-19687.079999999994
-19687.079999999994
-19687.079999999994
-19687.079999999994
-19687.049999999996
-19687.049999999996
-19687.039999999997
-19687.029999999995
-19687.039999999997
-19687.039999999997
-19687.039999999997
-19687.039999999997
-19687.039999999997
-19687.029999999995
-19687.039999999997
-19687.039999999997
-19687.049999999996
-19687.079999999994
-19687.079999999994
-19687.079999999994
-19687.079999999994
-19687.019999999997
-19687.019999999997
-19687.019999999997
-19687.019999999997
-19686.989999999998
-19686.989999999998
-19686.989999999998
-19687.079999999994
-19687.019999999997
-19686.989999999998
-19687.019999999997
-19687.019999999997
-19686.989999999998
-19687.019999999997
-19687.019999999997
-19687.019999999997
-19687.019999999997
-19687.019999999997
-19687.019999999997
-19687.079999999994
-19687.019999999997
-19687.019999999997
-19687.019999999997
-19687.019999999997
-19687.019999999997
-19687.019999999997
-19687.079999999994
-19687.019999999997
-19687.019999999997
-19687.019999999997
-19687.019999999997
-19686.979999999996
-19686.979999999996
-19687.019999999997
-19687.079999999994
-19687.079999999994
-19687.079999999994
-19687.079999999994
-19687.079999999994
-19687.079999999994
-19687.079999999994
-19687.079999999994
-19687.079999999994
-19687.079999999994
-19687.079999999994
-19687.079999999994
-19687.079999999994
-19687.079999999994
-19687.079999999994
-19687.079999999994
-19687.079999999994
-19687.079999999994
-19687.079999999994
-19687.079999999994
-19687.079999999994
-19687.079999999994
-19687.079999999994
-19687.079999999994
-19687.079999999994
-19687.079999999994
-19687.079999999994
-19687.079999999994
-19687.079999999994
-19687.079999999994
-19687.079999999994
-19687.079999999994
-19687.079999999994
-19687.079999999994
-19687.079999999994
-19687.079999999994
-19687.049999999996
-19687.039999999997
-19687.039999999997
-19687.039999999997
-19687.039999999997
-19687.039999999997
-19687.039999999997
-19687.039999999997
-19687.029999999995
-19687.039999999997
-19687.039999999997
-19687.039999999997
-19687.039999999997
-19687.039999999997
-19687.039999999997
-19687.039999999997
-19687.039999999997
-19687.029999999995
-19687.039999999997
-19687.039999999997
-19687.039999999997
-19687.039999999997
-19687.039999999997
-19687.039999999997
-19687.039999999997
-19687.039999999997
-19687.039999999997
-19687.039999999997
-19687.039999999997
-19687.039999999997
-19687.039999999997
-19687.039999999997
-19687.039999999997
-19687.029999999995
-19687.039999999997
-19687.039999999997
-19687.039999999997
-19687.039999999997
-19687.039999999997
-19687.039999999997
-19687.039999999997
-19687.039999999997
-19687.039999999997
-19687.039999999997
-19687.039999999997
-19686.979999999996
-19686.979999999996
-19686.979999999996
-19686.979999999996
-19686.979999999996
-19686.979999999996
-19686.979999999996
-19686.979999999996
-19687.039999999997
-19686.979999999996
-19686.979999999996
-19686.979999999996
-19686.979999999996
-19686.979999999996
-19686.969999999998
-19686.979999999996
-19686.979999999996
-19686.979999999996
-19686.979999999996
-19686.979999999996
-19686.979999999996
-19686.979999999996
-19686.979999999996
-19686.969999999998
-19686.979999999996
-19687.039999999997
-19686.979999999996
-19686.979999999996
-19686.939999999995
-19687.039999999997
-19687.039999999997
-19687.039999999997
-19687.039999999997
-19687.039999999997
-19687.039999999997
-19687.039999999997
-19687.039999999997
-19687.039999999997
-19687.039999999997
-19687.039999999997
-19687.039999999997
-19687.039999999997
-19687.039999999997
-19687.039999999997
-19687.039999999997
-19687.039999999997
-19687.039999999997
-19687.039999999997
-19687.039999999997
-19687.039999999997
-19687.039999999997
-19687.039999999997
-19687.039999999997
-19687.039999999997
-19687.039999999997
-19687.039999999997
-19687.039999999997
-19687.039999999997
-19687.039999999997
-19687.039999999997
-19687.039999999997
-19687.039999999997
-19687.039999999997
-19687.039999999997
-19687.039999999997
-19687.039999999997
-19687.039999999997
-19687.039999999997
-19687.039999999997
-19687.039999999997
-19687.039999999997
-19687.039999999997
-19687.039999999997
-19687.039999999997
-19687.039999999997
-19687.039999999997
-19687.039999999997
-19687.039999999997
-19687.039999999997
-19687.039999999997
-19687.039999999997
-19687.039999999997
-19687.039999999997
-19687.039999999997
-19687.039999999997
-19687.039999999997
-19687.039999999997
-19687.039999999997
-19687.039999999997
-19687.039999999997
-19687.039999999997
-19687.039999999997
-19687.039999999997
-19687.039999999997
-19687.039999999997
-19687.039999999997
-19687.039999999997
-19687.039999999997
-19687.039999999997
-19687.039999999997
-19687.039999999997
-19687.039999999997
-19687.039999999997
-19687.039999999997
-19687.039999999997
-19687.039999999997
-19687.039999999997
-19687.039999999997
-19687.039999999997
-19687.039999999997
-19687.039999999997
-19687.039999999997
-19687.039999999997
-19687.039999999997
-19687.039999999997
-19687.039999999997
-19687.039999999997
-19687.039999999997
-19687.039999999997
-19687.039999999997
-19687.039999999997
-19687.039999999997
-19687.039999999997
-19687.039999999997
-19687.039999999997
-19687.039999999997
-19687.039999999997
-19687.039999999997
-19687.039999999997
-19687.039999999997
-19687.039999999997
-19687.029999999995
-19687.039999999997
-19687.039999999997
-19687.039999999997
-19687.039999999997
-19687.039999999997
-19687.039999999997
-19687.039999999997
-19687.039999999997
-19687.039999999997
-19687.039999999997
-19687.039999999997
-19687.039999999997
-19687.039999999997
-19687.039999999997
-19687.039999999997
-19687.039999999997
-19687.039999999997
-19687.039999999997
-19687.039999999997
-19687.039999999997
-19687.039999999997
-19687.039999999997
-19687.039999999997
-19687.039999999997
-19687.039999999997
-19687.039999999997
